6328.09375 2032
7081.0751953125 2259
7095.59423828125 771
7112.396484375 1543
7311.22900390625 2241
7501.3818359375 1964
7516.63525390625 1625
7535.21435546875 2693
7616.13916015625 222
7656.7529296875 258
7691.384765625 281
7710.1142578125 506
7827.55615234375 582
7849.69189453125 724
7859.95654296875 879
7921.79541015625 1003
7948.5361328125 1171
8018.3037109375 1182
8019.61279296875 1588
8028.18408203125 1685
8032.8876953125 1758
8061.482421875 2300
8063.26708984375 2310
8078.095703125 2705
8078.095703125 2845
8090.73828125 2916
8167.646484375 1446
8188.3466796875 87
8193.3837890625 251
8205.171875 527
8235.939453125 529
8255.638671875 625
8283.0107421875 641
8284.74609375 693
8383.419921875 873
8383.7353515625 881
8386.38671875 928
8409.666015625 1133
8421.33203125 1283
8430.55859375 1318
8436.9560546875 1346
8450.33984375 1417
8453.5947265625 1720
8483.6796875 1987
8496.4482421875 2226
8553.830078125 2296
8594.5048828125 2515
8646.3125 2572
8660.4580078125 2669
8666.640625 2728
8693.978515625 2734
8718.4033203125 2746
8721.17578125 2852
8726.12890625 2866
8736.671875 2915
8747.037109375 2949
8767.2880859375 377
8784.4912109375 2281
8789.05859375 160
8814.466796875 1
8832.5361328125 425
8869.18359375 446
8906.5185546875 800
8937.744140625 918
8986.232421875 953
8988.5302734375 985
8999.50390625 986
9008.48828125 1008
9028.5576171875 1043
9054.5703125 1270
9083.50390625 1317
9089.037109375 1435
9093.03515625 1548
9099.388671875 1606
9119.9814453125 1661
9127.9482421875 1712
9139.232421875 2010
9146.9189453125 2088
9153.087890625 2365
9163.9365234375 2410
9167.748046875 2414
9179.7138671875 2482
9179.7138671875 2560
9183.1513671875 2781
9183.509765625 2820
9184.12109375 997
9296.134765625 1781
9312.47265625 81
9315.1787109375 229
9330.908203125 440
9351.9951171875 548
9388.490234375 611
9397.8642578125 826
9422.41015625 834
9422.6875 848
9456.02734375 871
9457.5068359375 893
9469.9140625 1231
9476.1181640625 1256
9476.705078125 1315
9477.5732421875 1458
9478.244140625 1550
9480.646484375 1671
9495.0478515625 1711
9503.5146484375 1815
9505.7685546875 1893
9558.759765625 2312
9582.8564453125 2324
9591.75390625 2385
9592.9814453125 2447
9602.947265625 2562
9622.873046875 2610
9629.4140625 2622
9631.2216796875 2853
9641.923828125 2924
9646.9775390625 2927
9653.46875 2239
9658.0947265625 1362
9658.234375 1926
9695.4111328125 2997
9712.916015625 254
9715.7841796875 388
9741.72265625 465
9744.2607421875 498
9749.794921875 520
9787.025390625 962
9809.984375 981
9827.369140625 1156
9829.8876953125 1652
9871.765625 2205
9882.1455078125 2339
9889.8857421875 2417
9904.861328125 2494
9924.9892578125 2687
9934.2265625 1122
9940.26953125 1670
9945.2080078125 264
9945.978515625 2173
9974.2587890625 1646
9977.62109375 2396
9980.0751953125 49
9984.31640625 189
10009.3720703125 261
10014.0517578125 263
10027.447265625 430
10028.7001953125 831
10035.6591796875 899
10043.0126953125 1123
10048.248046875 1169
10052.35546875 1350
10073.8974609375 1405
10077.4111328125 1512
10096.3671875 1750
10119.4853515625 1769
10119.5615234375 1908
10144.8583984375 1966
10148.4462890625 1982
10152.2607421875 1993
10152.7880859375 2094
10163.44921875 2126
10179.744140625 2141
10206.0703125 2171
10207.1396484375 2174
10218.45703125 2177
10278.25390625 2237
10296.83984375 2367
10298.1484375 2536
10301.3671875 2542
10305.8076171875 2582
10305.849609375 2675
10307.580078125 2703
10313.6708984375 1873
10320.6875 2107
10327.3642578125 1281
10329.330078125 455
10341.572265625 470
10344.1376953125 902
10356.8232421875 926
10359.142578125 967
10363.462890625 1104
10384.0048828125 1225
10391.26953125 1286
10426.57421875 1506
10431.6767578125 1516
10434.8720703125 1599
10454.26953125 1779
10506.42578125 1848
10558.2763671875 1867
10562.943359375 1883
10566.228515625 2063
10609.3876953125 2210
10628.572265625 2246
10668.4375 2285
10671.625 2361
10673.650390625 2686
10695.15625 2700
10706.880859375 88
10708.8203125 586
10718.2841796875 136
10729.6123046875 1471
10744.73828125 226
10771.935546875 296
10793.634765625 1197
10799.4990234375 1666
10800.708984375 2511
10802.0078125 101
10814.0302734375 215
10821.6171875 549
10825.703125 550
10826.6298828125 573
10828.609375 1136
10829.24609375 1199
10833.7470703125 1530
10838.716796875 1581
10880.4892578125 1640
10882.7412109375 1688
10884.21875 1968
10889.078125 2526
10889.94140625 2571
10892.962890625 2983
10900.84765625 1787
10922.900390625 602
10924.1943359375 1146
10925.62890625 253
10937.291015625 342
10941.517578125 843
10945.978515625 1233
10947.6787109375 1335
10980.3662109375 1394
11006.5478515625 1737
11006.7275390625 1784
11011.53515625 1950
11041.166015625 2025
11044.482421875 2473
11049.3447265625 2518
11063.2607421875 999
11063.2607421875 1056
11074.330078125 1900
11080.77734375 1304
11081.28125 1326
11081.28125 2967
11102.2373046875 1329
11108.8974609375 50
11124.896484375 318
11125.201171875 389
11135.0458984375 478
11135.1875 491
11157.576171875 580
11159.0 599
11159.3671875 890
11163.7158203125 896
11165.732421875 909
11175.8359375 919
11184.8251953125 995
11187.1484375 1273
11207.0439453125 1342
11222.953125 1430
11223.5166015625 1495
11225.0693359375 1568
11235.27734375 1583
11236.59765625 1764
11245.61328125 1774
11246.94140625 2065
11250.69140625 2117
11257.001953125 2181
11260.73828125 2268
11261.166015625 2465
11265.7080078125 2664
11278.1162109375 2760
11290.3544921875 2764
11297.0458984375 2938
11322.10546875 2943
11344.3779296875 1860
11357.4677734375 2880
11359.5283203125 1333
11384.05859375 2631
11388.865234375 146
11394.14453125 1538
11401.037109375 21
11416.26953125 34
11418.6357421875 200
11428.998046875 288
11432.5888671875 336
11457.52734375 385
11471.162109375 517
11484.6474609375 546
11491.4072265625 609
11508.6181640625 614
11510.5234375 683
11511.6259765625 686
11513.490234375 769
11520.302734375 1097
11532.552734375 1221
11597.08984375 1322
11598.7333984375 1359
11602.3369140625 1376
11613.5302734375 1686
11626.775390625 1854
11629.5849609375 2513
11643.7470703125 2553
11676.517578125 2650
11716.728515625 2672
11753.27734375 2911
11757.080078125 78
11771.267578125 2713
11773.490234375 2800
11777.65234375 2651
11782.140625 2970
11783.2958984375 1045
11784.396484375 1068
11850.7666015625 2078
11860.4228515625 884
11867.2255859375 886
11887.0302734375 1028
11891.6513671875 1845
11898.7578125 1932
11932.943359375 2489
11954.787109375 90
11958.59375 153
11960.9111328125 240
11969.3955078125 256
11972.201171875 531
11985.8095703125 644
11989.7099609375 706
11991.90625 775
11992.091796875 1163
12016.7421875 1483
12044.4384765625 2114
12046.2978515625 2379
12054.525390625 2424
12085.4169921875 2433
12089.50390625 2435
12092.736328125 2442
12094.2275390625 2683
12106.251953125 2811
12165.376953125 2176
12231.689453125 169
12239.9677734375 2207
12250.603515625 1144
12258.69921875 2180
12262.982421875 73
12272.736328125 663
12272.779296875 677
12276.3564453125 756
12278.9892578125 925
12286.203125 927
12294.7890625 946
12298.099609375 996
12300.7548828125 1141
12301.44140625 1202
12309.9912109375 1251
12324.1240234375 1457
12332.0966796875 1502
12374.697265625 1591
12404.57421875 1733
12413.345703125 1735
12415.7763671875 1919
12419.8056640625 1933
12427.146484375 1955
12441.7705078125 2002
12447.580078125 2335
12475.689453125 2341
12482.748046875 2565
12483.25 2695
12487.4306640625 2763
12515.9970703125 2840
12528.3798828125 2422
12530.935546875 1020
12533.3369140625 640
12540.8466796875 59
12545.5546875 177
12558.6201171875 191
12571.28125 575
12572.046875 687
12575.8984375 934
12580.2734375 1119
12586.701171875 1529
12587.0712890625 1697
12601.4052734375 1810
12626.72265625 1831
12632.451171875 2354
12651.603515625 2528
12652.521484375 2679
12654.5322265625 2712
12657.73046875 2747
12660.955078125 2809
12665.470703125 2821
12668.474609375 2842
12681.3525390625 2860
12695.162109375 2906
12713.3935546875 2994
12719.232421875 186
12744.5419921875 223
12746.05859375 1594
12764.1533203125 410
12769.78515625 631
12782.681640625 132
12811.2333984375 2576
12820.001953125 1282
12826.69921875 488
12843.080078125 869
12843.80859375 2059
12852.26953125 787
12857.8583984375 904
12859.4853515625 137
12873.4345703125 275
12878.6044921875 328
12887.357421875 333
12891.3408203125 392
12901.291015625 407
12914.1943359375 489
12918.1123046875 680
12923.876953125 1022
12925.6044921875 1290
12939.6357421875 1358
12959.333984375 1607
12970.1982421875 1653
12973.181640625 2024
12981.974609375 2184
12988.03515625 2221
12988.4111328125 2394
12998.3974609375 2427
13001.6337890625 2517
13002.9306640625 2655
13029.6015625 2704
13040.712890625 2900
13051.7333984375 2946
13054.8916015625 459
13064.91796875 1408
13066.7294921875 1339
13068.3359375 22
13084.744140625 45
13086.962890625 300
13101.03515625 812
13123.724609375 922
13136.048828125 947
13140.8515625 975
13153.7490234375 1001
13163.6884765625 1095
13187.0419921875 1275
13199.814453125 1664
13217.6240234375 1708
13220.4267578125 1763
13224.5615234375 1766
13240.0927734375 1889
13247.439453125 2077
13253.2412109375 2082
13258.931640625 2131
13280.9658203125 2315
13326.056640625 2317
13330.830078125 2409
13336.091796875 2608
13346.599609375 2616
13365.2841796875 2649
13382.810546875 2819
13390.4580078125 2862
13392.99609375 1164
13419.5947265625 2213
13426.587890625 1050
13442.4912109375 979
13453.521484375 1562
13482.79296875 1597
13483.5732421875 2334
13486.45703125 587
13495.5439453125 630
13525.109375 777
13526.6728515625 1012
13527.9990234375 1064
13538.1787109375 1082
13543.46484375 1462
13554.0126953125 1501
13564.2421875 1654
13566.9306640625 1800
13566.9306640625 2656
13567.28515625 2884
13567.7119140625 1416
13568.0732421875 1575
13587.5703125 2889
13587.689453125 445
13592.5234375 30
13618.76953125 2484
13623.611328125 38
13628.76171875 40
13630.8193359375 76
13645.578125 77
13650.0869140625 108
13670.74609375 164
13736.3125 211
13738.4375 225
13756.2021484375 376
13760.1181640625 437
13760.63671875 510
13770.9443359375 646
13786.384765625 671
13800.3837890625 738
13808.9599609375 770
13811.8896484375 1434
13840.2841796875 1610
13845.373046875 1662
13857.41015625 1709
13895.25 1998
13905.513671875 2166
13906.8154296875 2220
13917.806640625 2238
13943.623046875 2255
13976.67578125 2345
13986.685546875 2510
13988.890625 2581
13988.9091796875 2607
13998.17578125 2807
14035.802734375 1015
14040.10546875 1984
14063.60546875 1258
14065.912109375 2555
14070.3974609375 1147
14079.80078125 865
14083.7099609375 939
14137.2138671875 1497
14147.32421875 2630
14163.224609375 2752
14179.5302734375 457
14216.97265625 309
14221.6806640625 316
14226.728515625 483
14256.5771484375 484
14265.0888671875 633
14286.4150390625 1026
14306.0361328125 1036
14323.634765625 1176
14329.95703125 1423
14340.490234375 1485
14346.6943359375 1590
14346.9013671875 1702
14350.828125 1759
14368.8408203125 1818
14371.6884765625 1958
14374.3564453125 1963
14377.1875 1977
14392.9375 2053
14396.7529296875 2056
14405.2900390625 2125
14407.158203125 2304
14410.763671875 2356
14417.6181640625 2477
14419.048828125 2533
14463.017578125 2732
14470.921875 2948
14473.5478515625 1601
14489.435546875 2256
14504.748046875 2104
14527.90625 284
14538.6435546875 182
14545.380859375 916
14562.7529296875 1667
14577.7939453125 1852
14588.6708984375 727
14597.8544921875 2036
14647.708984375 2772
14666.47265625 130
14735.0283203125 219
14743.001953125 394
14770.2646484375 405
14771.162109375 634
14789.0791015625 856
14802.2763671875 983
14812.5068359375 1117
14813.26171875 1386
14815.9599609375 1791
14819.931640625 1991
14822.19921875 2060
14822.19921875 2215
14826.0458984375 2314
14838.873046875 2440
14879.7666015625 2467
14886.5087890625 2618
14894.4404296875 2648
14917.98828125 2694
14958.1494140625 1772
14978.181640625 818
14993.5087890625 2907
15001.634765625 660
15007.599609375 1168
15010.6015625 1145
15016.466796875 1476
15020.84375 1618
15021.7900390625 655
15030.232421875 1592
15039.5849609375 2120
15080.974609375 2557
15101.34765625 112
15102.63671875 350
15118.630859375 356
15122.802734375 448
15188.39453125 1500
15202.1640625 1526
15213.607421875 1587
15223.443359375 1881
15223.458984375 1943
15240.26171875 1962
15243.7802734375 1995
15281.806640625 2075
15282.5986328125 2118
15286.697265625 2309
15286.7099609375 2418
15300.02734375 2516
15320.3388671875 2588
15320.7041015625 2605
15324.4560546875 2623
15333.1708984375 2937
15355.6376953125 1005
15363.8046875 110
15397.982421875 2360
15400.9140625 121
15407.05078125 1046
15416.958984375 298
15431.736328125 372
15445.931640625 492
15456.97265625 752
15521.6708984375 838
15528.8095703125 903
15546.4921875 1034
15561.4658203125 1128
15562.7353515625 1187
15571.80078125 1437
15582.841796875 1488
15592.8740234375 1534
15595.291015625 1657
15599.623046875 1678
15615.94921875 1824
15627.3896484375 1826
15654.81640625 1941
15692.515625 1997
15696.1875 2318
15711.29296875 2327
15728.123046875 2362
15730.5390625 2404
15760.9765625 2453
15765.5283203125 2458
15772.130859375 2496
15819.6298828125 2696
15828.8203125 2722
15847.6357421875 2796
15857.9296875 2584
15863.8447265625 2872
15894.9755859375 2589
15936.12890625 2135
15965.3134765625 1802
15985.80859375 1853
15994.376953125 1892
15999.552734375 1580
16022.888671875 25
16036.626953125 72
16040.751953125 343
16054.359375 710
16063.328125 755
16081.0029296875 885
16082.1416015625 1683
16132.712890625 1776
16141.59765625 1972
16166.490234375 2047
16175.384765625 2138
16189.3271484375 2185
16226.0166015625 2344
16277.9990234375 2545
16291.9892578125 2573
16338.423828125 2855
16344.701171875 2159
16389.658203125 1067
16422.587890625 371
16435.109375 243
16435.3984375 1301
16435.736328125 311
16446.20703125 426
16456.58984375 648
16465.5 720
16468.4609375 792
16474.470703125 940
16474.8671875 1006
16492.5703125 1032
16495.841796875 1160
16562.9765625 1189
16604.546875 2183
16612.912109375 2190
16628.7578125 2301
16636.8125 1459
16639.099609375 1649
16654.228515625 353
16711.025390625 2706
16760.35546875 1511
16772.0078125 1778
16807.72265625 329
16811.5234375 731
16815.146484375 1400
16840.404296875 2070
16883.181640625 1480
16884.732421875 1714
16886.408203125 249
16891.029296875 94
16957.78125 2823
16966.431640625 471
16991.056640625 473
17003.26171875 747
17003.6484375 915
17005.19140625 921
17006.97265625 993
17149.58203125 1072
17240.4375 1415
17242.640625 1541
17279.349609375 1746
17305.5 1949
17369.603515625 2079
17422.03125 2219
17422.337890625 2258
17426.693359375 2413
17429.00390625 2628
17441.74609375 2828
17520.029296875 2903
17523.984375 2996
17534.548828125 204
17546.228515625 1247
17609.787109375 1410
17619.791015625 1888
17632.177734375 1214
17664.419921875 1658
17671.1484375 2587
17711.9609375 380
17734.638671875 688
17749.958984375 1761
17782.890625 66
17809.490234375 127
17819.603515625 179
17833.7890625 855
17856.755859375 1198
17916.84765625 1250
17917.990234375 1507
17954.2578125 1558
17967.916015625 2007
17976.439453125 2092
17987.78125 2231
18031.591796875 2384
18031.591796875 2457
18048.85546875 2544
18065.974609375 2717
18094.53125 2774
18115.55859375 2794
18150.26171875 2909
18286.583984375 972
18305.509765625 1138
18310.99609375 1442
18325.4296875 1137
18358.74609375 102
18392.06640625 667
18396.736328125 1935
18555.15234375 2352
18563.2890625 2887
18585.22265625 427
18605.431640625 1533
18698.681640625 170
18709.177734375 262
18712.5078125 306
18769.232421875 596
18807.80859375 805
18815.78515625 849
18851.681640625 850
18862.708984375 965
18867.9453125 976
18914.4765625 1058
18932.998046875 1403
18937.41796875 1645
18968.8515625 1999
18970.087890625 2292
18990.10546875 2392
19045.796875 2403
19060.197265625 2497
19061.412109375 2524
19066.890625 2601
19115.455078125 2652
19144.041015625 2657
19153.337890625 2761
19160.9375 2839
19181.220703125 2939
19181.513671875 2984
19462.98828125 1027
19498.03125 622
19520.912109375 417
19525.84765625 450
19540.3671875 690
19557.703125 969
19562.251953125 982
19601.84375 1040
19632.20703125 1078
19674.078125 1083
19708.11328125 1382
19857.232421875 1391
19893.453125 1486
19970.828125 1503
20007.40234375 1547
20029.076171875 1561
20051.4921875 1965
20109.27734375 2026
20162.470703125 2066
20233.896484375 2182
20260.216796875 2245
20303.265625 2460
20328.80078125 2466
20399.28125 2540
20447.025390625 2593
20465.951171875 2632
20480.44140625 2753
20491.638671875 2759
20527.1171875 2793
20569.904296875 2925
20591.330078125 2152
20657.765625 762
20665.12890625 2757
20686.416015625 37
20763.66796875 1624
20769.623046875 1271
20787.2421875 2370
20832.8125 2895
20896.841796875 2411
20900.123046875 67
21003.7734375 150
21104.40625 171
21110.423828125 195
21120.83203125 363
21132.275390625 522
21176.619140625 657
21258.130859375 701
21306.380859375 760
21347.291015625 811
21373.625 874
21422.673828125 875
21450.67578125 1002
21499.462890625 1007
21546.1484375 1023
21551.775390625 1356
21592.9765625 1378
21640.208984375 1489
21696.953125 1629
21699.169921875 2721
21736.01953125 1811
21785.328125 2701
21921.4375 421
21923.470703125 1440
22124.841796875 2337
22142.908203125 2531
22153.212890625 18
22166.373046875 29
22186.708984375 31
22379.912109375 104
22412.62890625 274
22510.107421875 321
22584.36328125 370
22734.646484375 375
22780.859375 562
22879.435546875 914
22897.771484375 944
22922.615234375 1672
23119.51171875 1684
23135.91796875 1825
23200.296875 1846
23301.41015625 1960
23330.94140625 1976
23468.23046875 2006
23476.16015625 2319
23476.16015625 2405
23529.423828125 2550
23756.576171875 2606
23760.609375 2768
23868.2890625 1081
23884.310546875 1780
23929.935546875 16
24061.07421875 28
24131.44140625 125
24292.408203125 212
24365.203125 265
24367.435546875 295
24392.470703125 360
24735.423828125 364
25035.16015625 937
25193.951171875 1077
25306.48828125 1101
25383.98828125 1241
25692.0859375 1243
25750.546875 1307
25830.27734375 1343
25956.587890625 1404
26135.59765625 1418
26237.16796875 1585
26257.658203125 1719
26590.658203125 1822
27029.0390625 2009
28563.849609375 2164
28792.88671875 2214
29848.361328125 2250
32705.97265625 2263
33532.87890625 2342
33875.68359375 2359
38172.6328125 2547
