5584.5595703125 160
7364.02587890625 1
7725.85302734375 425
7746.4326171875 446
7940.7529296875 800
7955.4755859375 918
8145.0439453125 953
8151.2861328125 985
8359.9619140625 986
8365.9892578125 1008
8433.6435546875 1043
8569.740234375 1270
8676.02734375 1317
8775.865234375 1435
8782.1455078125 1548
8802.025390625 1606
8941.541015625 1661
8964.7646484375 1712
8995.6435546875 2010
9057.0361328125 2088
9075.9931640625 2365
9084.451171875 2410
9094.4150390625 2414
9115.50390625 2482
9145.1689453125 2560
9238.5068359375 2781
9239.7529296875 2820
9285.0537109375 997
9350.677734375 1446
9370.4345703125 87
9379.806640625 251
9404.1572265625 527
9423.392578125 529
9450.2998046875 625
9494.2373046875 641
9494.5966796875 693
9501.9521484375 873
9555.82421875 881
9568.75 928
9619.1259765625 1133
9738.4189453125 1283
9740.1806640625 1318
9765.3115234375 1346
9771.234375 1417
9830.255859375 1720
9858.3154296875 1987
9906.009765625 2226
9923.0712890625 2296
9940.7626953125 2515
10007.15234375 2572
10027.74609375 2669
10036.7099609375 2728
10038.90234375 2734
10048.1220703125 2746
10059.3330078125 2852
10073.896484375 2866
10148.44921875 2915
10154.693359375 2949
10158.7119140625 377
10165.783203125 2281
10223.0712890625 1781
10232.375 81
10275.6044921875 229
10298.7265625 440
10314.6123046875 548
10431.9267578125 611
10517.986328125 826
10521.7919921875 834
10522.755859375 848
10526.953125 871
10527.5107421875 893
10561.099609375 1231
10588.96484375 1256
10593.1328125 1315
10629.482421875 1458
10638.1787109375 1550
10673.2783203125 1671
10678.3056640625 1711
10694.0859375 1815
10697.0087890625 1893
10706.44921875 2312
10726.0205078125 2324
10742.1796875 2385
10753.583984375 2447
10798.98046875 2562
10799.189453125 2610
10814.5732421875 2622
10836.74609375 2853
10841.10546875 2924
10855.701171875 2927
10855.701171875 2239
10882.755859375 1362
10883.037109375 1926
10890.69921875 2997
10903.501953125 254
10910.8623046875 388
10935.5576171875 465
10958.59375 498
10974.029296875 520
10980.6826171875 962
10982.921875 981
10987.1669921875 1156
11003.673828125 1652
11006.6806640625 2205
11017.3896484375 2339
11033.388671875 2417
11033.740234375 2494
11042.7890625 2687
11077.1083984375 1122
11096.1875 1670
11096.833984375 264
11096.869140625 2173
11096.869140625 1646
11102.2939453125 2396
11109.15625 49
11118.8857421875 189
11141.650390625 261
11152.3515625 263
11162.2431640625 430
11163.1171875 831
11173.4990234375 899
11176.322265625 1123
11180.775390625 1169
11211.5439453125 1350
11216.7333984375 1405
11219.6591796875 1512
11223.869140625 1750
11237.9423828125 1769
11247.5634765625 1908
11255.6015625 1966
11263.095703125 1982
11271.0654296875 1993
11271.59375 2094
11290.900390625 2126
11317.54296875 2141
11323.00390625 2171
11354.435546875 2174
11368.8916015625 2177
11374.474609375 2237
11383.69140625 2367
11383.71875 2536
11392.548828125 2542
11393.6640625 2582
11399.59375 2675
11403.078125 2703
11475.009765625 1873
11476.3935546875 2107
11490.4697265625 1281
11491.205078125 455
11495.1904296875 470
11516.1748046875 902
11524.4013671875 926
11566.091796875 967
11568.7236328125 1104
11578.154296875 1225
11585.68359375 1286
11587.21484375 1506
11609.037109375 1516
11637.421875 1599
11648.892578125 1779
11651.841796875 1848
11683.6865234375 1867
11709.830078125 1883
11714.162109375 2063
11715.73046875 2210
11724.0947265625 2246
11730.322265625 2285
11736.57421875 2361
11750.6904296875 2686
11754.3125 2700
11757.373046875 88
11764.3486328125 586
11770.37109375 136
11780.833984375 1471
11794.0634765625 226
11794.2568359375 296
11819.3046875 1197
11824.349609375 1666
11831.001953125 2511
11852.669921875 101
11866.7294921875 215
11880.9619140625 549
11890.09375 550
11895.92578125 573
11897.318359375 1136
11898.3994140625 1199
11958.0263671875 1530
11958.20703125 1581
11970.6650390625 1640
11976.3056640625 1688
11987.21875 1968
11990.5380859375 2526
11992.9609375 2571
12015.5 2983
12064.40625 1787
12081.3271484375 602
12085.935546875 1146
12096.134765625 253
12099.28125 342
12099.28125 843
12197.876953125 1233
12202.23828125 1335
12239.009765625 1394
12241.3896484375 1737
12266.4580078125 1784
12276.9404296875 1950
12297.244140625 2025
12304.662109375 2473
12311.1708984375 2518
12323.2041015625 999
12343.21875 1056
12368.791015625 1900
12381.888671875 1304
12399.865234375 1326
12410.76953125 2967
12432.341796875 1329
12438.955078125 50
12442.3359375 318
12462.5615234375 389
12467.458984375 478
12483.6142578125 491
12499.267578125 580
12533.66015625 599
12545.978515625 890
12561.2890625 896
12561.84375 909
12582.4169921875 919
12585.845703125 995
12621.037109375 1273
12634.638671875 1342
12640.140625 1430
12668.58984375 1495
12672.005859375 1568
12673.1708984375 1583
12673.390625 1764
12679.388671875 1774
12698.5458984375 2065
12700.421875 2117
12700.455078125 2181
12702.0009765625 2268
12709.125 2465
12725.6494140625 2664
12733.05078125 2760
12735.423828125 2764
12738.369140625 2938
12754.95703125 2943
12755.189453125 1860
12759.591796875 2880
12760.8486328125 1333
12772.5546875 2631
12776.8359375 146
12784.220703125 1538
12799.3291015625 21
12826.625 34
12828.630859375 200
12836.1328125 288
12837.501953125 336
12838.8544921875 385
12839.3759765625 517
12861.666015625 546
12881.3798828125 609
12935.171875 614
12940.724609375 683
12954.8623046875 686
13008.81640625 769
13009.4609375 1097
13017.498046875 1221
13020.150390625 1322
13025.4248046875 1359
13027.990234375 1376
13037.103515625 1686
13044.3984375 1854
13066.7119140625 2513
13078.5595703125 2553
13081.0439453125 2650
13092.1708984375 2672
13095.1767578125 2911
13097.6728515625 78
13109.494140625 2713
13125.294921875 2800
13170.8076171875 2651
13173.79296875 2970
13176.2392578125 1045
13183.509765625 1068
13203.087890625 2078
13203.7490234375 884
13204.4892578125 886
13268.400390625 1028
13272.97265625 1845
13279.998046875 1932
13284.96875 2489
13307.869140625 90
13324.482421875 153
13334.01953125 240
13354.5703125 256
13357.7822265625 531
13360.14453125 644
13364.337890625 706
13377.900390625 775
13394.3017578125 1163
13405.1220703125 1483
13407.48046875 2114
13419.400390625 2379
13421.560546875 2424
13425.306640625 2433
13447.0185546875 2435
13447.6396484375 2442
13448.1669921875 2683
13467.44921875 2811
13474.59375 2176
13499.32421875 169
13513.0283203125 2207
13521.255859375 1144
13528.7080078125 2180
13532.6142578125 73
13544.14453125 663
13549.8837890625 677
13553.427734375 756
13580.802734375 925
13587.923828125 927
13588.40234375 946
13591.974609375 996
13596.5732421875 1141
13622.296875 1202
13629.599609375 1251
13630.69921875 1457
13651.6259765625 1502
13694.125 1591
13697.5830078125 1733
13699.7138671875 1735
13708.1923828125 1919
13708.99609375 1933
13709.791015625 1955
13716.84375 2002
13719.2890625 2335
13724.16796875 2341
13740.240234375 2565
13743.84765625 2695
13746.2978515625 2763
13757.16015625 2840
13757.5625 2422
13763.9091796875 1020
13800.5703125 640
13835.58984375 59
13851.9990234375 177
13851.9990234375 191
13866.548828125 575
13873.5947265625 687
13876.6796875 934
13879.21484375 1119
13881.126953125 1529
13883.150390625 1697
13940.7431640625 1810
13953.1083984375 1831
13956.1826171875 2354
13976.119140625 2528
13980.28515625 2679
13983.8515625 2712
13989.3291015625 2747
13989.353515625 2809
13992.939453125 2821
14000.8671875 2842
14008.033203125 2860
14026.8271484375 2906
14040.1513671875 2994
14042.732421875 186
14044.2001953125 223
14046.671875 1594
14049.494140625 410
14051.0537109375 631
14054.400390625 132
14055.953125 2576
14060.1201171875 1282
14069.1494140625 488
14076.583984375 869
14078.7890625 2059
14080.865234375 787
14120.26953125 904
14134.69921875 137
14144.138671875 275
14145.1708984375 328
14152.2001953125 333
14166.61328125 392
14204.322265625 407
14223.970703125 489
14224.8525390625 680
14228.875 1022
14251.1298828125 1290
14252.65625 1358
14260.427734375 1607
14280.4375 1653
14281.33203125 2024
14311.865234375 2184
14316.09375 2221
14321.9443359375 2394
14323.9306640625 2427
14346.5029296875 2517
14346.818359375 2655
14365.4912109375 2704
14376.958984375 2900
14381.150390625 2946
14381.564453125 459
14387.6875 1408
14391.4814453125 1339
14399.9541015625 22
14415.287109375 45
14418.23046875 300
14427.2822265625 812
14435.802734375 922
14440.67578125 947
14444.373046875 975
14450.1953125 1001
14455.3994140625 1095
14476.251953125 1275
14479.54296875 1664
14481.923828125 1708
14482.853515625 1763
14491.9072265625 1766
14496.0966796875 1889
14498.7978515625 2077
14500.564453125 2082
14501.8369140625 2131
14503.775390625 2315
14505.5029296875 2317
14520.7451171875 2409
14520.8427734375 2608
14537.009765625 2616
14541.65234375 2649
14550.4345703125 2819
14551.62109375 2862
14565.283203125 1164
14586.7841796875 2213
14601.015625 1050
14612.865234375 979
14665.0791015625 1562
14672.40625 1597
14673.86328125 2334
14683.599609375 587
14707.1806640625 630
14709.94140625 777
14719.5390625 1012
14745.681640625 1064
14746.1259765625 1082
14754.4013671875 1462
14784.6953125 1501
14785.5703125 1654
14809.4658203125 1800
14813.544921875 2656
14828.0791015625 2884
14839.076171875 1416
14839.3623046875 1575
14855.2724609375 2889
14875.1650390625 445
14885.1552734375 30
14897.814453125 2484
14898.923828125 38
14906.203125 40
14909.04296875 76
14958.5185546875 77
14961.62109375 108
14970.7177734375 164
14975.625 211
14977.40234375 225
14994.771484375 376
15010.51953125 437
15017.33984375 510
15041.115234375 646
15044.908203125 671
15048.2119140625 738
15053.521484375 770
15058.4296875 1434
15061.216796875 1610
15062.40234375 1662
15072.666015625 1709
15077.373046875 1998
15086.3896484375 2166
15086.828125 2220
15098.3388671875 2238
15098.8388671875 2255
15109.8935546875 2345
15120.7607421875 2510
15135.53515625 2581
15157.65234375 2607
15162.162109375 2807
15174.36328125 1015
15174.810546875 1984
15193.767578125 1258
15204.5263671875 2555
15210.384765625 1147
15213.5712890625 865
15214.44921875 939
15238.666015625 1497
15242.9248046875 2630
15255.66015625 2752
15272.55078125 457
15278.20703125 309
15288.525390625 316
15301.2802734375 483
15301.2802734375 484
15308.26171875 633
15309.462890625 1026
15322.55859375 1036
15322.55859375 1176
15323.0927734375 1423
15348.0830078125 1485
15355.869140625 1590
15357.646484375 1702
15359.1748046875 1759
15365.119140625 1818
15366.11328125 1958
15393.197265625 1963
15421.8046875 1977
15422.638671875 2053
15424.25 2056
15443.7197265625 2125
15449.8115234375 2304
15458.224609375 2356
15462.8564453125 2477
15479.73828125 2533
15482.7509765625 2732
15513.34765625 2948
15519.6708984375 1601
15537.986328125 2256
15540.1064453125 2104
15551.6689453125 284
15551.9375 182
15566.2578125 916
15576.365234375 1667
15579.017578125 1852
15581.8671875 727
15583.408203125 2036
15599.6328125 2772
15605.0048828125 130
15616.271484375 219
15617.484375 394
15655.607421875 405
15658.5234375 634
15671.931640625 856
15677.1103515625 983
15695.3583984375 1117
15705.82421875 1386
15709.7470703125 1791
15718.8173828125 1991
15725.9345703125 2060
15731.685546875 2215
15747.55859375 2314
15751.328125 2440
15765.6767578125 2467
15787.4990234375 2618
15790.744140625 2648
15790.9716796875 2694
15807.625 1772
15859.6845703125 818
15859.763671875 2907
15863.3955078125 660
15870.6220703125 1168
15884.046875 1145
15891.744140625 1476
15904.3310546875 1618
15912.14453125 655
15915.3837890625 1592
15937.5869140625 2120
15941.87109375 2557
15952.1650390625 112
15987.279296875 350
15993.0146484375 356
16020.181640625 448
16021.4296875 1500
16044.5322265625 1526
16050.9267578125 1587
16051.251953125 1881
16064.5126953125 1943
16088.775390625 1962
16140.4736328125 1995
16171.00390625 2075
16181.1220703125 2118
16206.7763671875 2309
16209.0859375 2418
16212.833984375 2516
16224.4130859375 2588
16251.7822265625 2605
16263.767578125 2623
16307.548828125 2937
16311.3388671875 1005
16324.263671875 110
16337.111328125 2360
16347.0361328125 121
16371.958984375 1046
16375.986328125 298
16377.068359375 372
16409.251953125 492
16418.875 752
16423.142578125 838
16445.548828125 903
16447.09765625 1034
16467.767578125 1128
16483.076171875 1187
16492.390625 1437
16496.400390625 1488
16504.98046875 1534
16508.396484375 1657
16514.583984375 1678
16541.3984375 1824
16555.8515625 1826
16556.046875 1941
16564.802734375 1997
16608.20703125 2318
16624.92578125 2327
16626.44921875 2362
16634.6640625 2404
16667.734375 2453
16697.435546875 2458
16709.86328125 2496
16712.51953125 2696
16724.541015625 2722
16724.541015625 2796
16725.31640625 2584
16734.125 2872
16748.56640625 2589
16764.16015625 2135
16803.2265625 1802
16814.626953125 1853
16831.01171875 1892
16841.283203125 1580
16941.673828125 25
16956.78515625 72
16957.5078125 343
16959.119140625 710
16978.23828125 755
17002.34765625 885
17035.11328125 1683
17044.1171875 1776
17085.8359375 1972
17087.478515625 2047
17088.892578125 2138
17092.716796875 2185
17101.712890625 2344
17105.029296875 2545
17134.044921875 2573
17140.02734375 2855
17145.1171875 2159
17172.17578125 1067
17175.751953125 371
17183.599609375 243
17211.546875 1301
17225.314453125 311
17228.927734375 426
17230.29296875 648
17285.26953125 720
17288.30078125 792
17291.2578125 940
17298.7578125 1006
17316.8828125 1032
17359.978515625 1160
17362.125 1189
17362.5859375 2183
17404.490234375 2190
17441.6796875 2301
17453.26171875 1459
17455.103515625 1649
17476.44921875 353
17479.333984375 2706
17480.47265625 1511
17483.380859375 1778
17501.52734375 329
17533.37890625 731
17536.064453125 1400
17550.533203125 2070
17550.7109375 1480
17555.509765625 1714
17558.974609375 249
17569.498046875 94
17576.404296875 2823
17580.986328125 471
17632.775390625 473
17664.642578125 747
17667.9453125 915
17672.517578125 921
17693.62890625 993
17770.962890625 1072
17781.083984375 1415
17785.4453125 1541
17818.97265625 1746
17830.357421875 1949
17834.77734375 2079
17836.056640625 2219
17876.8125 2258
17879.181640625 2413
17895.4765625 2628
17896.111328125 2828
17896.87890625 2903
17899.287109375 2996
17903.42578125 204
17926.11328125 1247
17938.865234375 1410
17954.650390625 1888
17958.08984375 1214
17968.8671875 1658
17970.76171875 2587
18013.3359375 380
18041.716796875 688
18082.31640625 1761
18087.130859375 66
18094.412109375 127
18130.365234375 179
18132.677734375 855
18167.01171875 1198
18187.884765625 1250
18291.802734375 1507
18313.791015625 1558
18320.14453125 2007
18322.5859375 2092
18324.716796875 2231
18328.96875 2384
18372.0859375 2457
18379.775390625 2544
18385.89453125 2717
18422.697265625 2774
18430.74609375 2794
18453.279296875 2909
18505.16796875 972
18531.935546875 1138
18535.48046875 1442
18539.77734375 1137
18561.90234375 102
18566.28125 667
18573.162109375 1935
18591.88671875 2352
18610.595703125 2887
18644.98046875 427
18645.69921875 1533
18673.14453125 170
18682.4453125 262
18685.224609375 306
18717.10546875 596
18830.955078125 805
18836.818359375 849
18849.0390625 850
18873.1953125 965
18897.9921875 976
18903.916015625 1058
18906.236328125 1403
18913.64453125 1645
18933.388671875 1999
18933.4765625 2292
18933.876953125 2392
18938.48046875 2403
18999.47265625 2497
19040.939453125 2524
19069.294921875 2601
19075.73046875 2652
19089.318359375 2657
19120.171875 2761
19142.6015625 2839
19145.826171875 2939
19183.755859375 2984
19187.015625 1027
19232.52734375 622
19241.796875 417
19258.49609375 450
19267.708984375 690
19309.275390625 969
19380.951171875 982
19385.2734375 1040
19396.37109375 1078
19401.0 1083
19445.908203125 1382
19454.619140625 1391
19478.91796875 1486
19493.203125 1503
19521.984375 1547
19550.322265625 1561
19558.529296875 1965
19599.38671875 2026
19601.1171875 2066
19647.51953125 2182
19658.0078125 2245
19687.34765625 2460
19762.05859375 2466
19811.513671875 2540
19813.66015625 2593
19822.7109375 2632
19835.4140625 2753
19872.484375 2759
19878.76953125 2793
19892.58984375 2925
19893.240234375 2152
19967.396484375 762
20000.63671875 2757
20019.642578125 37
20038.568359375 1624
20058.73046875 1271
20102.005859375 2370
20135.26171875 2895
20142.98046875 2411
20188.10546875 67
20203.21875 150
20291.453125 171
20336.451171875 195
20342.578125 363
20351.86328125 522
20379.337890625 657
20384.62109375 701
20421.97265625 760
20477.5390625 811
20723.552734375 874
20767.603515625 875
20901.615234375 1002
20906.564453125 1007
20944.13671875 1023
20970.52734375 1356
20995.43359375 1378
21004.3515625 1489
21038.984375 1629
21053.13671875 2721
21097.13671875 2032
21145.046875 2259
21149.8515625 771
21163.04296875 1543
21242.92578125 2241
21310.927734375 1964
21362.78125 1625
21364.9453125 2693
21373.0625 222
21390.822265625 258
21446.015625 281
21495.494140625 506
21517.6875 582
21643.576171875 724
21751.1015625 879
21764.166015625 1003
21849.65234375 1171
21885.154296875 1182
21932.345703125 1588
21965.494140625 1685
21983.224609375 1758
22180.724609375 2300
22219.328125 2310
22283.39453125 2705
22287.30859375 2845
22307.8125 2916
22368.25 1811
22403.736328125 2701
22460.91015625 421
22464.6328125 1440
22493.859375 2337
22594.8125 2531
22596.16796875 18
22599.69921875 29
22727.046875 31
22770.650390625 104
22846.21484375 274
22907.861328125 321
22912.23046875 370
22947.41796875 375
23098.48828125 562
23225.3515625 914
23258.71484375 944
23286.0703125 1672
23339.33984375 1684
23469.962890625 1825
23642.474609375 1846
23674.5390625 1960
23724.73046875 1976
23968.875 2006
24082.00390625 2319
24264.7109375 2405
24415.919921875 2550
24570.537109375 2606
24716.314453125 2768
24740.04296875 1081
24832.33984375 1780
24878.37890625 16
25131.1640625 28
25409.623046875 125
25498.61328125 212
25504.0234375 265
25524.5234375 295
25579.13671875 360
25624.314453125 364
25894.67578125 937
25923.8125 1077
26166.30859375 1101
26292.65625 1241
26321.560546875 1243
26413.74609375 1307
26513.572265625 1343
27106.64453125 1404
27300.00390625 1418
27372.392578125 1585
27615.71484375 1719
28020.521484375 1822
28608.9375 2009
28850.9765625 2164
29168.98046875 2214
29311.041015625 2250
30129.537109375 2263
30358.87109375 2342
31846.412109375 2359
32141.384765625 2547
