4802.23193359375 1781
4807.1025390625 81
5514.10791015625 229
5874.494140625 440
5886.69482421875 548
6040.328125 611
6236.6201171875 826
6306.2734375 834
6581.7080078125 848
6654.943359375 871
6680.57080078125 893
6706.97802734375 1231
6726.16064453125 1256
6798.68896484375 1315
6800.8564453125 1458
6863.1787109375 1550
6889.6337890625 1671
6902.4921875 1711
7061.1494140625 1815
7099.31396484375 1893
7125.19384765625 2312
7148.30078125 2324
7261.59619140625 2385
7324.3037109375 2447
7420.25048828125 2562
7429.07080078125 2610
7435.7802734375 2622
7437.07421875 2853
7452.76171875 2924
7453.03564453125 2927
7518.373046875 2239
7616.3623046875 1446
7681.400390625 87
7742.345703125 251
7780.3095703125 527
7783.60595703125 529
7804.79248046875 625
7878.8544921875 641
7881.2578125 693
7897.97705078125 873
7904.7373046875 881
7944.3173828125 928
7968.75537109375 1133
7992.7509765625 1283
8020.521484375 1318
8083.22265625 1346
8099.92578125 1417
8100.06982421875 1720
8135.92529296875 1987
8156.75 2226
8156.75390625 2296
8159.34765625 2515
8217.5625 2572
8233.400390625 2669
8235.134765625 2728
8244.875 2734
8278.7373046875 2746
8279.984375 2852
8355.37890625 2866
8360.0986328125 2915
8377.0908203125 2949
8390.154296875 377
8391.865234375 2281
8408.650390625 160
8426.5654296875 1
8499.7109375 425
8553.6728515625 446
8652.21875 800
8717.9912109375 918
8719.3916015625 953
8746.662109375 985
8748.548828125 986
8765.6923828125 1008
8808.27734375 1043
8812.962890625 1270
8819.12890625 1317
8821.779296875 1435
8827.921875 1548
8837.189453125 1606
8908.6923828125 1661
8929.537109375 1712
8951.30078125 2010
8962.947265625 2088
8987.720703125 2365
8991.1435546875 2410
8995.5283203125 2414
9008.4443359375 2482
9024.33203125 2560
9030.482421875 2781
9040.6591796875 2820
9040.9091796875 997
9040.9091796875 1362
9052.9248046875 1926
9110.3603515625 2997
9138.3798828125 254
9185.0458984375 388
9224.421875 465
9239.85546875 498
9272.28515625 520
9273.40234375 962
9277.337890625 981
9281.30078125 1156
9329.7734375 1652
9391.7021484375 2205
9438.0849609375 2339
9444.4169921875 2417
9475.39453125 2494
9494.9765625 2687
9540.650390625 1122
9542.33203125 1670
9542.51171875 264
9560.8671875 2173
9563.021484375 1646
9574.353515625 2396
9587.451171875 49
9593.1875 189
9620.9482421875 261
9637.6884765625 263
9652.216796875 430
9662.7568359375 831
9671.8037109375 899
9678.658203125 1123
9681.693359375 1169
9715.8994140625 1350
9722.498046875 1405
9726.623046875 1512
9767.1044921875 1750
9797.1396484375 1769
9834.279296875 1908
9853.7529296875 1966
9857.40234375 1982
9872.34765625 1993
9885.9052734375 2094
9893.724609375 2126
9952.4453125 2141
9954.548828125 2171
9958.083984375 2174
9964.142578125 2177
9991.505859375 2237
10001.056640625 2367
10002.009765625 2536
10008.4599609375 2542
10020.4404296875 2582
10041.5029296875 2675
10062.875 2703
10078.3896484375 1873
10092.255859375 2107
10095.4326171875 1281
10096.939453125 455
10123.43359375 470
10127.701171875 902
10127.701171875 926
10140.783203125 967
10158.689453125 1104
10182.08984375 1225
10182.5859375 1286
10196.392578125 1506
10219.68359375 1516
10236.669921875 1599
10255.8125 1779
10259.5927734375 1848
10264.6640625 1867
10266.20703125 1883
10268.576171875 2063
10288.9111328125 2210
10332.31640625 2246
10335.7958984375 2285
10350.7119140625 2361
10354.443359375 2686
10358.1162109375 2700
10358.5869140625 88
10368.6083984375 586
10388.0888671875 136
10401.4814453125 1471
10410.0087890625 226
10412.1650390625 296
10413.7548828125 1197
10429.357421875 1666
10433.5859375 2511
10443.7216796875 101
10479.775390625 215
10488.623046875 549
10502.1826171875 550
10502.6572265625 573
10514.73828125 1136
10529.779296875 1199
10586.5390625 1530
10594.8154296875 1581
10607.1328125 1640
10610.2294921875 1688
10621.38671875 1968
10660.6494140625 2526
10666.3828125 2571
10676.9443359375 2983
10678.16015625 1787
10685.8515625 602
10690.7861328125 1146
10703.212890625 253
10708.181640625 342
10726.3974609375 843
10731.859375 1233
10731.92578125 1335
10735.2568359375 1394
10748.359375 1737
10750.75390625 1784
10751.677734375 1950
10757.150390625 2025
10768.142578125 2473
10775.2646484375 2518
10775.671875 999
10780.50390625 1056
10793.236328125 1900
10836.701171875 1304
10861.24609375 1326
10882.111328125 2967
10882.3984375 1329
10905.2607421875 50
10926.3994140625 318
10940.3173828125 389
10959.591796875 478
10960.466796875 491
10979.849609375 580
10991.2578125 599
10999.7392578125 890
11005.798828125 896
11028.720703125 909
11032.57421875 919
11054.3876953125 995
11064.2265625 1273
11066.091796875 1342
11076.251953125 1430
11088.779296875 1495
11109.095703125 1568
11126.8681640625 1583
11129.55859375 1764
11131.7939453125 1774
11133.8017578125 2065
11147.5927734375 2117
11149.771484375 2181
11152.6669921875 2268
11155.1318359375 2465
11155.7607421875 2664
11168.501953125 2760
11179.9609375 2764
11201.2978515625 2938
11212.0673828125 2943
11236.76953125 1860
11237.6220703125 2880
11243.19921875 1333
11279.5 2631
11309.9482421875 146
11317.68359375 1538
11345.73828125 21
11359.609375 34
11363.6025390625 200
11389.1884765625 288
11389.33203125 336
11390.275390625 385
11406.35546875 517
11410.478515625 546
11415.8310546875 609
11417.025390625 614
11422.708984375 683
11429.109375 686
11468.068359375 769
11472.078125 1097
11488.119140625 1221
11518.3515625 1322
11530.3076171875 1359
11536.68359375 1376
11550.423828125 1686
11553.365234375 1854
11560.5419921875 2513
11575.1240234375 2553
11597.404296875 2650
11598.4296875 2672
11615.912109375 2911
11616.685546875 78
11619.5498046875 2713
11620.943359375 2800
11637.9111328125 2651
11638.392578125 2970
11656.849609375 1045
11659.0322265625 1068
11675.20703125 2078
11691.513671875 884
11707.96484375 886
11710.873046875 1028
11726.8154296875 1845
11744.1748046875 1932
11752.134765625 2489
11754.3115234375 90
11755.7734375 153
11773.798828125 240
11784.7744140625 256
11790.98046875 531
11803.525390625 644
11815.275390625 706
11821.7890625 775
11822.6611328125 1163
11824.396484375 1483
11828.841796875 2114
11854.19140625 2379
11883.22265625 2424
11886.806640625 2433
11887.9638671875 2435
11937.54296875 2442
11939.6943359375 2683
11945.306640625 2811
11958.7646484375 2176
11967.0185546875 169
11974.9462890625 2207
11990.271484375 1144
11999.869140625 2180
12007.7666015625 73
12011.7890625 663
12020.9599609375 677
12021.005859375 756
12029.4228515625 925
12041.9609375 927
12049.564453125 946
12106.109375 996
12108.5185546875 1141
12124.703125 1202
12126.6201171875 1251
12130.435546875 1457
12132.84375 1502
12144.5576171875 1591
12148.244140625 1733
12170.92578125 1735
12179.6640625 1919
12180.2216796875 1933
12180.2216796875 1955
12184.203125 2002
12185.9033203125 2335
12202.990234375 2341
12206.7705078125 2565
12215.728515625 2695
12218.6982421875 2763
12228.05078125 2840
12232.68359375 2422
12237.5751953125 1020
12237.5751953125 640
12248.287109375 59
12262.5712890625 177
12273.58984375 191
12283.537109375 575
12303.5771484375 687
12308.6904296875 934
12317.8310546875 1119
12319.3759765625 1529
12336.265625 1697
12341.2197265625 1810
12343.29296875 1831
12350.8876953125 2354
12357.7255859375 2528
12359.7060546875 2679
12369.576171875 2712
12401.6083984375 2747
12406.1943359375 2809
12421.7685546875 2821
12426.48828125 2842
12426.490234375 2860
12435.6875 2906
12457.373046875 2994
12460.55078125 186
12461.73828125 223
12478.74609375 1594
12487.390625 410
12497.3193359375 631
12506.00390625 132
12514.3173828125 2576
12525.6748046875 1282
12530.4609375 488
12559.962890625 869
12563.0068359375 2059
12567.2021484375 787
12573.4609375 904
12575.873046875 137
12591.7177734375 275
12591.7177734375 328
12600.1396484375 333
12603.35546875 392
12605.0673828125 407
12611.009765625 489
12617.775390625 680
12636.890625 1022
12637.1494140625 1290
12645.1484375 1358
12670.765625 1607
12692.4375 1653
12702.462890625 2024
12707.984375 2184
12741.9384765625 2221
12745.58984375 2394
12747.8046875 2427
12751.33203125 2517
12764.609375 2655
12766.072265625 2704
12772.958984375 2900
12810.5087890625 2946
12812.421875 459
12819.74609375 1408
12821.7841796875 1339
12821.806640625 22
12839.490234375 45
12851.0908203125 300
12875.1416015625 812
12882.1865234375 922
12896.46875 947
12908.3935546875 975
12941.5966796875 1001
12942.3857421875 1095
12948.248046875 1275
12955.8310546875 1664
12960.7080078125 1708
12964.7568359375 1763
12970.4228515625 1766
12974.6123046875 1889
13000.7197265625 2077
13018.42578125 2082
13019.529296875 2131
13029.9033203125 2315
13052.591796875 2317
13074.3515625 2409
13074.5986328125 2608
13085.90234375 2616
13096.1806640625 2649
13099.0615234375 2819
13117.4755859375 2862
13125.92578125 1164
13136.2490234375 2213
13145.279296875 1050
13147.6796875 979
13151.62109375 1562
13171.75 1597
13176.169921875 2334
13180.1005859375 587
13217.1728515625 630
13217.84375 777
13229.07421875 1012
13234.654296875 1064
13267.83984375 1082
13274.8955078125 1462
13288.5556640625 1501
13304.2158203125 1654
13309.931640625 1800
13317.748046875 2656
13324.1943359375 2884
13324.3310546875 1416
13325.3515625 1575
13345.314453125 2889
13371.6201171875 445
13398.240234375 30
13398.5947265625 2484
13407.7314453125 38
13414.107421875 40
13416.451171875 76
13418.9150390625 77
13420.662109375 108
13439.927734375 164
13450.107421875 211
13455.091796875 225
13462.552734375 376
13469.73828125 437
13484.720703125 510
13494.3017578125 646
13505.2509765625 671
13531.859375 738
13556.4921875 770
13572.263671875 1434
13597.548828125 1610
13601.4775390625 1662
13618.49609375 1709
13618.8876953125 1998
13625.8388671875 2166
13629.634765625 2220
13630.404296875 2238
13642.599609375 2255
13644.505859375 2345
13655.59375 2510
13690.052734375 2581
13690.8369140625 2607
13691.34765625 2807
13704.599609375 1015
13714.5625 1984
13721.759765625 1258
13722.884765625 2555
13725.671875 1147
13731.7490234375 865
13745.8798828125 939
13769.0869140625 1497
13781.0263671875 2630
13781.9091796875 2752
13814.0048828125 457
13822.0595703125 309
13825.552734375 316
13827.3330078125 483
13833.369140625 484
13833.5390625 633
13837.150390625 1026
13839.25390625 1036
13866.859375 1176
13870.796875 1423
13880.65625 1485
13889.2685546875 1590
13891.146484375 1702
13898.625 1759
13901.58203125 1818
13905.1357421875 1958
13910.99609375 1963
13919.888671875 1977
13952.22265625 2053
13959.23046875 2056
13961.98046875 2125
13968.705078125 2304
13975.2509765625 2356
14012.0517578125 2477
14018.3525390625 2533
14032.841796875 2732
14052.912109375 2948
14054.2646484375 1601
14064.7939453125 2256
14076.3837890625 2104
14082.9990234375 284
14086.4296875 182
14124.82421875 916
14132.29296875 1667
14139.4072265625 1852
14147.416015625 727
14147.416015625 2036
14148.521484375 2772
14170.212890625 130
14171.126953125 219
14189.349609375 394
14190.978515625 405
14205.0078125 634
14222.2265625 856
14246.2900390625 983
14283.93359375 1117
14287.533203125 1386
14294.09375 1791
14321.11328125 1991
14325.0888671875 2060
14335.1103515625 2215
14351.216796875 2314
14351.666015625 2440
14364.2333984375 2467
14371.986328125 2618
14372.6611328125 2648
14373.3896484375 2694
14423.857421875 1772
14426.849609375 818
14429.1875 2907
14436.3271484375 660
14442.056640625 1168
14471.7763671875 1145
14480.853515625 1476
14486.6435546875 1618
14512.8203125 655
14518.0830078125 1592
14527.923828125 2120
14565.26953125 2557
14614.9248046875 112
14626.267578125 350
14636.7685546875 356
14644.3232421875 448
14660.72265625 1500
14672.65234375 1526
14681.6064453125 1587
14687.4658203125 1881
14702.6650390625 1943
14704.7548828125 1962
14712.0126953125 1995
14714.6337890625 2075
14718.748046875 2118
14721.1650390625 2309
14723.0322265625 2418
14742.30859375 2516
14785.2392578125 2588
14808.0576171875 2605
14815.921875 2623
14822.69140625 2937
14830.501953125 1005
14839.6650390625 110
14850.2333984375 2360
14854.9765625 121
14863.1884765625 1046
14908.7412109375 298
14917.5 372
14945.7080078125 492
14963.474609375 752
14995.76171875 838
14996.576171875 903
15010.1015625 1034
15095.072265625 1128
15095.7763671875 1187
15095.9453125 1437
15102.19140625 1488
15102.4931640625 1534
15102.70703125 1657
15107.5615234375 1678
15123.171875 1824
15143.6328125 1826
15153.6953125 1941
15174.197265625 1997
15178.0478515625 2318
15184.708984375 2327
15186.0263671875 2362
15191.5986328125 2404
15231.978515625 2453
15235.4716796875 2458
15242.9287109375 2496
15259.26953125 2696
15268.423828125 2722
15270.3916015625 2796
15286.0302734375 2584
15295.15625 2872
15315.341796875 2589
15345.2763671875 2135
15346.16015625 1802
15352.759765625 1853
15420.1923828125 1892
15468.91015625 1580
15485.02734375 25
15499.9111328125 72
15509.0224609375 343
15516.845703125 710
15519.943359375 755
15538.119140625 885
15555.55859375 1683
15570.875 1776
15606.3173828125 1972
15608.67578125 2047
15617.869140625 2138
15630.08984375 2185
15644.3076171875 2344
15678.76953125 2545
15727.6669921875 2573
15803.666015625 2855
15804.9501953125 2159
15842.7109375 1067
15849.73828125 371
15859.1357421875 243
15859.5703125 1301
15876.8779296875 311
15880.609375 426
15888.6474609375 648
15895.919921875 720
15899.208984375 792
15908.6640625 940
15930.193359375 1006
15969.76953125 1032
15993.078125 1160
16026.361328125 1189
16029.888671875 2183
16038.2548828125 2190
16088.7841796875 2301
16108.8974609375 1459
16137.28515625 1649
16146.697265625 353
16152.09375 2706
16168.560546875 1511
16195.333984375 1778
16199.0390625 329
16221.498046875 731
16233.3046875 1400
16235.8232421875 2070
16243.59375 1480
16261.099609375 1714
16275.5625 249
16287.6005859375 94
16293.0556640625 2823
16333.55859375 471
16339.0576171875 473
16354.3701171875 747
16385.75 915
16388.912109375 921
16391.142578125 993
16398.947265625 1072
16408.857421875 1415
16414.40234375 1541
16422.8828125 1746
16425.5234375 1949
16428.00390625 2079
16428.533203125 2219
16461.228515625 2258
16471.73828125 2413
16473.091796875 2628
16489.09375 2828
16518.537109375 2903
16530.353515625 2996
16582.611328125 204
16649.892578125 1247
16678.947265625 1410
16702.572265625 1888
16708.271484375 1214
16746.91796875 1658
16757.158203125 2587
16827.515625 380
16846.37890625 688
16887.357421875 1761
16890.16015625 66
16943.6171875 127
16956.068359375 179
16969.884765625 855
16970.775390625 1198
16976.63671875 1250
17001.607421875 1507
17093.28125 1558
17095.94140625 2007
17137.23046875 2092
17156.185546875 2231
17156.796875 2384
17185.251953125 2457
17189.197265625 2544
17195.19140625 2717
17236.185546875 2774
17243.185546875 2794
17270.119140625 2909
17289.2421875 972
17323.13671875 1138
17388.388671875 1442
17416.41015625 1137
17426.205078125 102
17454.2109375 667
17485.173828125 1935
17487.228515625 2352
17498.072265625 2887
17504.798828125 427
17528.759765625 1533
17556.587890625 170
17560.1796875 262
17568.033203125 306
17578.107421875 596
17592.734375 805
17603.16796875 849
17618.419921875 850
17649.05078125 965
17710.7578125 976
17712.62890625 1058
17713.158203125 1403
17735.72265625 1645
17745.5390625 1999
17864.37890625 2292
17922.28125 2392
17935.56640625 2403
17943.79296875 2497
17950.59765625 2524
17981.998046875 2601
17986.611328125 2652
17993.140625 2657
17997.3359375 2761
18015.240234375 2839
18017.48046875 2939
18034.974609375 2984
18064.103515625 1027
18069.4765625 622
18100.49609375 417
18183.056640625 450
18202.93359375 690
18225.556640625 969
18230.38671875 982
18233.228515625 1040
18274.103515625 1078
18276.21484375 1083
18289.025390625 1382
18298.609375 1391
18314.658203125 1486
18462.87890625 1503
18504.607421875 1547
18523.64453125 1561
18530.6953125 1965
18537.5 2026
18549.7734375 2066
18556.126953125 2182
18565.572265625 2245
18635.947265625 2460
18638.736328125 2466
18654.98828125 2540
18660.095703125 2593
18696.46875 2632
18751.513671875 2753
18763.892578125 2759
18849.52734375 2793
18868.69921875 2925
19049.810546875 2152
19055.447265625 762
19065.255859375 2757
19097.462890625 37
19287.966796875 1624
19369.3828125 1271
19369.7890625 2370
19385.267578125 2895
19477.84765625 2411
19481.25390625 67
19548.48046875 150
19578.1171875 171
19630.666015625 195
19637.638671875 363
19712.62890625 522
19724.943359375 657
19824.0390625 701
19848.8046875 760
19856.33984375 811
19938.3984375 874
20017.4765625 875
20149.962890625 1002
20200.20703125 1007
20248.306640625 1023
20290.330078125 1356
20365.08984375 1378
20372.95703125 1489
20394.7578125 1629
20429.59375 2721
20483.087890625 2032
20483.087890625 2259
20585.978515625 771
20609.7890625 1543
20952.00390625 2241
21012.490234375 1964
21069.28515625 1625
21087.82421875 2693
21122.974609375 222
21126.76171875 258
21345.037109375 281
21484.9296875 506
21499.4140625 582
21555.13671875 724
21633.947265625 879
21637.35546875 1003
21649.978515625 1171
21679.48046875 1182
21699.767578125 1588
21752.51171875 1685
21829.279296875 1758
21959.240234375 2300
22037.3984375 2310
22089.466796875 2705
22102.759765625 2845
22112.126953125 2916
22210.447265625 1811
22214.294921875 2701
22221.22265625 421
22223.744140625 1440
22223.744140625 2337
22318.490234375 2531
22329.1171875 18
22459.0859375 29
22510.49609375 31
22722.16015625 104
22943.140625 274
22988.982421875 321
23241.693359375 370
23267.177734375 375
23276.55859375 562
23388.201171875 914
23508.009765625 944
23581.466796875 1672
23638.392578125 1684
23797.2421875 1825
23828.830078125 1846
23852.849609375 1960
23864.724609375 1976
23922.09765625 2006
24005.9609375 2319
24020.734375 2405
24059.21875 2550
24193.4453125 2606
24221.732421875 2768
24265.74609375 1081
24515.787109375 1780
24519.55859375 16
24866.986328125 28
24885.744140625 125
24887.0390625 212
24926.73046875 265
24948.6875 295
25626.8984375 360
25734.98046875 364
26177.94140625 937
26201.32421875 1077
26481.65625 1101
26586.4453125 1241
26609.462890625 1243
26921.693359375 1307
26958.12890625 1343
27804.462890625 1404
27918.986328125 1418
28536.54296875 1585
28717.4609375 1719
29011.208984375 1822
29307.607421875 2009
29350.87109375 2164
29391.16015625 2214
29535.30078125 2250
31046.005859375 2263
31918.51171875 2342
31939.201171875 2359
34275.72265625 2547
