844.926025390625 1081
1028.1982421875 1780
1149.924072265625 16
1150.453125 28
1160.2099609375 125
1279.16064453125 212
1436.1015625 265
1522.8170166015625 295
1532.809814453125 360
1550.0009765625 364
1606.231689453125 937
1637.46630859375 1077
1754.79443359375 1101
1796.52978515625 1241
1923.3660888671875 1243
1997.51513671875 1307
2074.040771484375 1343
2201.285888671875 1404
2396.28076171875 1418
2515.37646484375 1585
2572.974853515625 1719
2596.93701171875 1822
2741.387451171875 2009
2755.98046875 2164
2764.730712890625 2214
2764.730712890625 2250
2838.84326171875 2263
2845.612548828125 2342
2956.4453125 2359
3067.419921875 2547
3075.718505859375 1446
3120.77392578125 87
3125.764892578125 251
3274.3232421875 527
3283.91357421875 529
3405.870849609375 625
3513.6611328125 641
3630.51220703125 693
3650.37353515625 873
3797.9169921875 881
3996.4892578125 928
4003.36962890625 1133
4123.70751953125 1283
4178.15625 1318
4339.15283203125 1346
4382.560546875 1417
4473.8916015625 1720
4522.9658203125 1987
4583.88623046875 2226
4597.5498046875 2296
4652.39794921875 2515
4658.84130859375 2572
4916.53564453125 2669
5100.21484375 2728
5134.1513671875 2734
5624.982421875 2746
5677.07373046875 2852
5731.2421875 2866
5748.07177734375 2915
5748.72265625 2949
6108.6708984375 377
6190.79833984375 2281
6296.275390625 160
6344.84130859375 1
6354.2724609375 425
6432.078125 446
6600.501953125 800
6660.62841796875 918
6693.505859375 953
6851.43310546875 985
6917.74267578125 986
7093.755859375 1008
7094.140625 1043
7224.109375 1270
7334.423828125 1317
7384.77685546875 1435
7489.8076171875 1548
7584.8173828125 1606
7668.47900390625 1661
7674.11328125 1712
7767.32958984375 2010
7900.13525390625 2088
7957.81689453125 2365
7974.0234375 2410
8071.30126953125 2414
8181.2392578125 2482
8282.455078125 2560
8361.9091796875 2781
8388.12109375 2820
8598.4755859375 997
8637.349609375 1781
8656.8466796875 81
8665.7109375 229
8706.1796875 440
8840.1162109375 548
8884.1455078125 611
8917.6318359375 826
9020.4794921875 834
9026.48046875 848
9113.484375 871
9279.72265625 893
9484.83203125 1231
9489.9716796875 1256
9536.2900390625 1315
9650.3291015625 1458
9653.6953125 1550
9772.658203125 1671
9782.60546875 1711
9787.9140625 1815
9864.3427734375 1893
9931.12109375 2312
10021.36328125 2324
10087.91796875 2385
10098.08203125 2447
10102.2109375 2562
10238.36328125 2610
10261.96875 2622
10269.8154296875 2853
10316.87109375 2924
10376.3896484375 2927
10406.4609375 2239
10418.755859375 1362
10482.373046875 1926
10586.2060546875 2997
10613.5556640625 254
10631.8134765625 388
10635.3916015625 465
10644.080078125 498
10692.3310546875 520
10722.1357421875 962
10894.81640625 981
10926.18359375 1156
10940.7265625 1652
10943.9306640625 2205
11011.8310546875 2339
11116.2763671875 2417
11142.1259765625 2494
11208.572265625 2687
11251.8017578125 1122
11309.36328125 1670
11315.4794921875 264
11325.5869140625 2173
11329.255859375 1646
11331.3583984375 2396
11385.265625 49
11407.498046875 189
11530.23828125 261
11611.677734375 263
11703.607421875 430
11736.6982421875 831
11773.7578125 899
11836.466796875 1123
11842.0732421875 1169
11845.369140625 1350
11847.9638671875 1405
11870.736328125 1512
11873.61328125 1750
11922.4833984375 1769
11989.4755859375 1908
12002.06640625 1966
12084.3701171875 1982
12093.9541015625 1993
12094.5654296875 2094
12140.0869140625 2126
12145.2919921875 2141
12154.4296875 2171
12175.6611328125 2174
12176.162109375 2177
12219.380859375 2237
12227.380859375 2367
12245.1416015625 2536
12283.7412109375 2542
12399.1328125 2582
12427.373046875 2675
12442.88671875 2703
12461.6162109375 1873
12504.724609375 2107
12529.64453125 1281
12537.556640625 455
12541.5908203125 470
12592.5693359375 902
12598.341796875 926
12607.0654296875 967
12629.9375 1104
12659.8984375 1225
12679.8349609375 1286
12733.6044921875 1506
12792.984375 1516
12842.3173828125 1599
12845.28515625 1779
12853.9873046875 1848
12860.8759765625 1867
12866.375 1883
12892.1298828125 2063
12906.7568359375 2210
12923.412109375 2246
12938.81640625 2285
12955.548828125 2361
12964.2333984375 2686
12999.41015625 2700
13001.8828125 88
13028.2998046875 586
13065.23046875 136
13085.4384765625 1471
13085.7705078125 226
13094.0009765625 296
13106.67578125 1197
13116.0673828125 1666
13117.5439453125 2511
13124.447265625 101
13205.1455078125 215
13217.5400390625 549
13233.3134765625 550
13277.548828125 573
13286.5478515625 1136
13298.154296875 1199
13334.0791015625 1530
13334.6015625 1581
13413.220703125 1640
13432.5595703125 1688
13473.2939453125 1968
13483.197265625 2526
13522.986328125 2571
13569.5556640625 2983
13592.1455078125 1787
13614.40625 602
13641.8916015625 1146
13651.1884765625 253
13656.3271484375 342
13670.08984375 843
13692.908203125 1233
13724.08203125 1335
13741.8515625 1394
13762.9228515625 1737
13765.56640625 1784
13782.51953125 1950
13811.548828125 2025
13817.7890625 2473
13848.392578125 2518
13849.1494140625 999
13855.486328125 1056
13855.759765625 1900
13879.1865234375 1304
13897.0029296875 1326
13908.6201171875 2967
13910.23828125 1329
13934.193359375 50
13970.51171875 318
13987.8056640625 389
13996.6845703125 478
14001.875 491
14008.501953125 580
14013.7734375 599
14039.5625 890
14071.259765625 896
14076.533203125 909
14104.7783203125 919
14106.119140625 995
14115.0888671875 1273
14128.44921875 1342
14136.8349609375 1430
14153.8974609375 1495
14157.5146484375 1568
14174.845703125 1583
14177.6689453125 1764
14182.8515625 1774
14206.642578125 2065
14232.8779296875 2117
14236.0009765625 2181
14254.27734375 2268
14268.822265625 2465
14270.9794921875 2664
14275.6240234375 2760
14337.810546875 2764
14384.138671875 2938
14396.296875 2943
14407.2841796875 1860
14413.5966796875 2880
14430.9765625 1333
14436.740234375 2631
14450.6796875 146
14469.9130859375 1538
14504.4990234375 21
14511.603515625 34
14521.4384765625 200
14523.9072265625 288
14561.494140625 336
14563.62109375 385
14569.2705078125 517
14575.4638671875 546
14576.609375 609
14581.4443359375 614
14585.9013671875 683
14610.2919921875 686
14631.916015625 769
14632.1337890625 1097
14662.810546875 1221
14666.935546875 1322
14670.796875 1359
14675.7802734375 1376
14676.2158203125 1686
14695.5244140625 1854
14745.0283203125 2513
14757.896484375 2553
14793.05859375 2650
14798.8486328125 2672
14804.6630859375 2911
14813.025390625 78
14879.7490234375 2713
14882.111328125 2800
14889.62890625 2651
14949.9033203125 2970
14977.5234375 1045
14994.8408203125 1068
14996.3759765625 2078
15019.4072265625 884
15043.0 886
15077.4892578125 1028
15077.4892578125 1845
15083.8896484375 1932
15094.689453125 2489
15110.267578125 90
15113.3681640625 153
15120.5478515625 240
15123.85546875 256
15132.1640625 531
15137.2333984375 644
15176.021484375 706
15177.5947265625 775
15188.64453125 1163
15195.56640625 1483
15205.4228515625 2114
15256.9765625 2379
15258.326171875 2424
15277.41015625 2433
15278.376953125 2435
15287.4150390625 2442
15288.267578125 2683
15303.5712890625 2811
15318.77734375 2176
15382.337890625 169
15383.4384765625 2207
15424.9423828125 1144
15431.80859375 2180
15462.603515625 73
15473.6630859375 663
15483.33203125 677
15491.8095703125 756
15497.35546875 925
15530.767578125 927
15535.9248046875 946
15537.21875 996
15538.9482421875 1141
15544.705078125 1202
15582.52734375 1251
15600.9794921875 1457
15631.1005859375 1502
15658.205078125 1591
15659.18359375 1733
15664.431640625 1735
15689.931640625 1919
15703.19921875 1933
15725.6435546875 1955
15737.3427734375 2002
15768.912109375 2335
15820.2119140625 2341
15823.83203125 2565
15833.5126953125 2695
15837.1923828125 2763
15872.970703125 2840
15874.4560546875 2422
15914.865234375 1020
15917.7607421875 640
15931.3271484375 59
15938.6884765625 177
15964.552734375 191
15967.3056640625 575
15975.3271484375 687
15979.076171875 934
15987.5419921875 1119
15987.705078125 1529
15989.4501953125 1697
15991.96484375 1810
16024.177734375 1831
16044.4501953125 2354
16068.7177734375 2528
16074.8369140625 2679
16132.7509765625 2712
16139.775390625 2747
16140.646484375 2809
16161.0869140625 2821
16168.263671875 2842
16176.5302734375 2860
16188.65625 2906
16188.802734375 2994
16213.2978515625 186
16219.13671875 223
16220.0576171875 1594
16220.595703125 410
16237.5625 631
16240.51953125 132
16249.66015625 2576
16257.37109375 1282
16279.1650390625 488
16285.1943359375 869
16286.580078125 2059
16294.6552734375 787
16298.54296875 904
16325.5771484375 137
16325.8447265625 275
16327.3896484375 328
16336.3203125 333
16344.5556640625 392
16369.625 407
16386.333984375 489
16410.306640625 680
16410.34765625 1022
16432.638671875 1290
16447.8125 1358
16451.86328125 1607
16463.43359375 1653
16478.357421875 2024
16491.896484375 2184
16501.037109375 2221
16502.16015625 2394
16507.42578125 2427
16535.052734375 2517
16546.203125 2655
16549.701171875 2704
16560.626953125 2900
16575.3984375 2946
16599.5859375 459
16649.51953125 1408
16661.107421875 1339
16697.6171875 22
16704.6875 45
16719.283203125 300
16720.251953125 812
16720.59375 922
16739.23046875 947
16739.23046875 975
16741.43359375 1001
16743.154296875 1095
16748.03515625 1275
16764.703125 1664
16784.28515625 1708
16788.24609375 1763
16801.6171875 1766
16828.013671875 1889
16853.240234375 2077
16868.58984375 2082
16872.048828125 2131
16888.947265625 2315
16893.95703125 2317
16896.380859375 2409
16931.505859375 2608
16934.732421875 2616
16935.34765625 2649
16938.58984375 2819
16946.505859375 2862
16951.48828125 1164
16960.4296875 2213
16998.109375 1050
17022.337890625 979
17041.236328125 1562
17056.71484375 1597
17058.29296875 2334
17080.2265625 587
17091.703125 630
17106.634765625 777
17107.919921875 1012
17152.61328125 1064
17154.982421875 1082
17156.310546875 1462
17156.6171875 1501
17175.8359375 1654
17178.107421875 1800
17180.205078125 2656
17239.599609375 2884
17251.255859375 1416
17262.71484375 1575
17280.318359375 2889
17285.7890625 445
17291.99609375 30
17323.5625 2484
17370.458984375 38
17376.775390625 40
17399.94921875 76
17431.837890625 77
17448.53125 108
17459.0703125 164
17471.87890625 211
17474.37890625 225
17506.619140625 376
17508.9375 437
17530.482421875 510
17532.11328125 646
17542.431640625 671
17552.732421875 738
17556.2734375 770
17584.32421875 1434
17584.58203125 1610
17638.45703125 1662
17647.212890625 1709
17666.333984375 1998
17695.61328125 2166
17719.99609375 2220
17735.25390625 2238
17736.869140625 2255
17751.5390625 2345
17767.63671875 2510
17775.310546875 2581
17787.65625 2607
17792.548828125 2807
17813.640625 1015
17814.09765625 1984
17816.662109375 1258
17829.326171875 2555
17836.7890625 1147
17850.94921875 865
17875.669921875 939
17885.724609375 1497
17900.0390625 2630
17901.580078125 2752
17903.130859375 457
17904.2890625 309
17916.845703125 316
17929.693359375 483
17942.171875 484
17965.83203125 633
17968.056640625 1026
18019.267578125 1036
18019.3203125 1176
18045.634765625 1423
18092.908203125 1485
18095.9609375 1590
18127.828125 1702
18150.77734375 1759
18151.359375 1818
18155.466796875 1958
18166.87109375 1963
18171.943359375 1977
18186.435546875 2053
18200.955078125 2056
18216.322265625 2125
18240.3671875 2304
18297.240234375 2356
18328.361328125 2477
18348.97265625 2533
18358.873046875 2732
18387.830078125 2948
18403.77734375 1601
18437.482421875 2256
18439.52734375 2104
18441.46484375 284
18465.37890625 182
18466.48046875 916
18468.599609375 1667
18487.14453125 1852
18489.66015625 727
18507.994140625 2036
18526.576171875 2772
18553.203125 130
18553.203125 219
18578.205078125 394
18579.333984375 405
18602.5625 634
18604.533203125 856
18607.736328125 983
18611.828125 1117
18616.763671875 1386
18619.966796875 1791
18654.103515625 1991
18669.326171875 2060
18682.533203125 2215
18711.96484375 2314
18744.341796875 2440
18794.431640625 2467
18798.021484375 2618
18837.810546875 2648
18840.572265625 2694
18846.92578125 1772
18854.638671875 818
18870.427734375 2907
18880.986328125 660
18888.71484375 1168
18913.4296875 1145
18919.369140625 1476
18926.47265625 1618
18931.787109375 655
18935.35546875 1592
18935.62109375 2120
18952.3671875 2557
18955.208984375 112
18965.9765625 350
18967.2421875 356
18973.224609375 448
18979.998046875 1500
19003.21875 1526
19009.392578125 1587
19017.61328125 1881
19027.00390625 1943
19030.83984375 1962
19041.57421875 1995
19058.87109375 2075
19083.712890625 2118
19089.77734375 2309
19097.708984375 2418
19097.845703125 2516
19141.521484375 2588
19163.169921875 2605
19172.74609375 2623
19237.4453125 2937
19291.08203125 1005
19295.62109375 110
19338.734375 2360
19340.244140625 121
19412.8828125 1046
19431.412109375 298
19466.525390625 372
19475.294921875 492
19488.41015625 752
19513.23828125 838
19545.681640625 903
19570.130859375 1034
19588.384765625 1128
19663.96875 1187
19685.42578125 1437
19696.732421875 1488
19697.658203125 1534
19697.81640625 1657
19707.720703125 1678
19709.455078125 1824
19721.185546875 1826
19755.337890625 1941
19760.431640625 1997
19837.123046875 2318
19851.548828125 2327
19912.5 2362
19914.451171875 2404
19938.046875 2453
19960.5859375 2458
19963.859375 2496
19983.048828125 2696
19986.537109375 2722
20002.658203125 2796
20018.89453125 2584
20035.912109375 2872
20138.48046875 2589
20164.794921875 2135
20166.974609375 1802
20167.705078125 1853
20167.705078125 1892
20195.951171875 1580
20205.03515625 25
20222.05078125 72
20234.337890625 343
20291.962890625 710
20298.556640625 755
20313.72265625 885
20355.037109375 1683
20357.4296875 1776
20366.111328125 1972
20397.275390625 2047
20402.966796875 2138
20417.18359375 2185
20445.302734375 2344
20452.4453125 2545
20537.525390625 2573
20541.353515625 2855
20555.69921875 2159
20588.384765625 1067
20600.79296875 371
20606.197265625 243
20613.8828125 1301
20633.62890625 311
20678.109375 426
20681.841796875 648
20741.2109375 720
20769.447265625 792
20772.34765625 940
20773.640625 1006
20778.908203125 1032
20791.55859375 1160
20829.294921875 1189
20838.005859375 2183
20850.638671875 2190
20861.84375 2301
20866.52734375 1459
20912.294921875 1649
20913.25 353
20990.134765625 2706
21014.150390625 1511
21021.908203125 1778
21041.40234375 329
21069.201171875 731
21081.3828125 1400
21090.654296875 2070
21124.552734375 1480
21167.7734375 1714
21178.841796875 249
21200.419921875 94
21221.52734375 2823
21226.193359375 471
21232.552734375 473
21269.0546875 747
21307.0390625 915
21320.208984375 921
21340.08984375 993
21358.259765625 1072
21358.3515625 1415
21397.490234375 1541
21402.259765625 1746
21411.1171875 1949
21498.732421875 2079
21511.330078125 2219
21520.546875 2258
21546.505859375 2413
21558.05859375 2628
21577.83203125 2828
21598.796875 2903
21605.564453125 2996
21622.115234375 204
21648.771484375 1247
21657.875 1410
21672.37890625 1888
21683.22265625 1214
21683.458984375 1658
21691.0234375 2587
21708.095703125 380
21708.609375 688
21728.669921875 1761
21742.767578125 66
21747.12890625 127
21775.6015625 179
21792.990234375 855
21807.57421875 1198
21816.265625 1250
21847.03515625 1507
21859.84765625 1558
21880.564453125 2007
21880.564453125 2092
21887.064453125 2231
22012.18359375 2384
22015.0625 2457
22059.93359375 2544
22092.865234375 2717
22108.2109375 2774
22139.03515625 2794
22151.69921875 2909
22162.791015625 972
22168.419921875 1138
22180.28515625 1442
22195.41796875 1137
22200.064453125 102
22207.955078125 667
22297.5 1935
22326.01953125 2352
22351.8125 2887
22360.302734375 427
22395.314453125 1533
22454.482421875 170
22460.9296875 262
22487.734375 306
22503.76953125 596
22513.20703125 805
22553.619140625 849
22563.5859375 850
22589.3984375 965
22601.0 976
22604.96875 1058
22683.650390625 1403
22714.056640625 1645
22721.86328125 1999
22742.95703125 2292
22752.748046875 2392
22811.47265625 2403
22855.6953125 2497
22905.0 2524
22905.0 2601
23001.802734375 2652
23046.724609375 2657
23070.568359375 2761
23092.5859375 2839
23093.029296875 2939
23112.13671875 2984
23140.931640625 1027
23206.462890625 622
23278.607421875 417
23285.498046875 450
23312.9609375 690
23337.818359375 969
23353.7578125 982
23360.275390625 1040
23368.45703125 1078
23396.326171875 1083
23473.130859375 1382
23497.87109375 1391
23505.58203125 1486
23512.189453125 1503
23560.44921875 1547
23568.578125 1561
23651.443359375 1965
23672.85546875 2026
23674.7890625 2066
23715.611328125 2182
23793.86328125 2245
23831.814453125 2460
23866.884765625 2466
23874.3828125 2540
23885.806640625 2593
23914.734375 2632
23922.330078125 2753
23939.7890625 2759
23963.1328125 2793
24015.626953125 2925
24036.77734375 2152
24037.859375 762
24075.646484375 2757
24081.880859375 37
24196.25 1624
24211.197265625 1271
24238.296875 2370
24280.080078125 2895
24297.630859375 2411
24367.59375 67
24391.44921875 150
24403.697265625 171
24455.5546875 195
24459.978515625 363
24464.171875 522
24555.560546875 657
24556.34375 701
24573.107421875 760
24607.087890625 811
24613.236328125 874
24620.7578125 875
24645.017578125 1002
24649.0703125 1007
24679.552734375 1023
24701.345703125 1356
24722.75390625 1378
24737.33203125 1489
24756.158203125 1629
24765.51953125 2721
24836.81640625 2032
24882.02734375 2259
24949.82421875 771
25005.62890625 1543
25065.6328125 2241
25072.216796875 1964
25197.796875 1625
25312.240234375 2693
25322.69921875 222
25345.51171875 258
25596.64453125 281
25679.529296875 506
25833.2109375 582
25838.376953125 724
25946.736328125 879
26147.76953125 1003
26272.306640625 1171
26284.623046875 1182
26289.890625 1588
26577.3984375 1685
26579.4609375 1758
26682.36328125 2300
26717.798828125 2310
26795.72265625 2705
26977.326171875 2845
27182.373046875 2916
27186.8046875 1811
27471.59765625 2701
27490.5546875 421
27505.32421875 1440
27631.4453125 2337
28006.95703125 2531
28036.05859375 18
28087.966796875 29
28226.716796875 31
28257.0625 104
28749.458984375 274
28766.91015625 321
28918.912109375 370
28921.484375 375
28975.373046875 562
29081.22265625 914
29178.21875 944
29213.5 1672
29421.267578125 1684
29721.16796875 1825
30368.669921875 1846
30404.49609375 1960
30973.0546875 1976
31199.900390625 2006
32152.07421875 2319
32740.103515625 2405
32987.26953125 2550
33384.35546875 2606
38708.10546875 2768
