1918.75146484375 1362
2079.64990234375 1926
2192.00634765625 2997
2268.3837890625 254
2622.020751953125 388
2644.380126953125 465
2665.84228515625 498
3087.75146484375 520
3185.38818359375 962
3211.29052734375 981
3284.626953125 1156
3387.15283203125 1652
3613.6259765625 2205
3868.041015625 2339
4007.23486328125 2417
4244.41357421875 2494
4292.43603515625 2687
4340.26708984375 1122
4363.7412109375 1670
4370.482421875 264
4391.2001953125 2173
4588.5908203125 1446
4634.32763671875 87
4698.57421875 251
4960.4033203125 527
4969.8427734375 529
5008.8125 625
5088.59033203125 641
5228.40576171875 693
5321.99609375 873
5326.16552734375 881
5552.72509765625 928
5564.654296875 1133
5565.7734375 1283
5622.3173828125 1318
5622.3173828125 1346
5724.5322265625 1417
6011.9814453125 1720
6051.39501953125 1987
6395.3828125 2226
6403.96826171875 2296
6453.57421875 2515
6494.9296875 2572
6671.03173828125 2669
7066.5263671875 2728
7176.8212890625 2734
7235.3154296875 2746
7260.3779296875 2852
7466.5537109375 2866
7482.18408203125 2915
7486.53076171875 2949
7494.328125 377
7501.50146484375 2281
7659.228515625 160
7666.98291015625 1
7710.09716796875 425
7849.623046875 446
7885.765625 800
7892.0107421875 918
8051.6181640625 953
8066.53466796875 985
8100.89306640625 986
8109.3671875 1008
8121.18017578125 1043
8165.13623046875 1270
8310.31640625 1317
8415.0712890625 1435
8429.8994140625 1548
8673.57421875 1606
9008.34765625 1661
9075.3525390625 1712
9108.033203125 2010
9172.115234375 2088
9534.1513671875 2365
9605.20703125 2410
9639.27734375 2414
9673.109375 2482
9728.310546875 2560
9848.970703125 2781
9852.0830078125 2820
9929.623046875 997
10045.1767578125 1781
10110.8251953125 81
10218.50390625 229
10297.388671875 440
10303.22265625 548
10314.453125 611
10411.7861328125 826
10418.79296875 834
10460.7392578125 848
10469.4541015625 871
10514.7001953125 893
10571.2998046875 1231
10571.2998046875 1256
10632.5009765625 1315
10692.685546875 1458
10756.7109375 1550
10769.0595703125 1671
10835.81640625 1711
10846.251953125 1815
10940.408203125 1893
10990.23046875 2312
11044.080078125 2324
11054.0546875 2385
11193.015625 2447
11224.1162109375 2562
11263.015625 2610
11313.9599609375 2622
11326.1123046875 2853
11418.08984375 2924
11430.5888671875 2927
11451.9462890625 2239
11463.630859375 1646
11509.619140625 2396
11527.9990234375 49
11638.9228515625 189
11726.7412109375 261
11768.8642578125 263
11775.8974609375 430
11776.5810546875 831
11784.3759765625 899
11788.205078125 1123
11806.7763671875 1169
12000.1259765625 1350
12023.1484375 1405
12057.064453125 1512
12079.15234375 1750
12107.2939453125 1769
12143.107421875 1908
12164.4375 1966
12166.6845703125 1982
12168.630859375 1993
12240.283203125 2094
12265.1787109375 2126
12270.865234375 2141
12286.232421875 2171
12302.4521484375 2174
12346.0107421875 2177
12386.330078125 2237
12387.76953125 2367
12397.2666015625 2536
12416.5615234375 2542
12450.66015625 2582
12496.0830078125 2675
12533.44921875 2703
12541.5634765625 1873
12551.0751953125 2107
12590.556640625 1281
12620.68359375 455
12659.16015625 470
12772.837890625 902
12800.4140625 926
12801.3515625 967
12820.162109375 1104
12837.375 1225
12840.57421875 1286
12859.1875 1506
12909.6123046875 1516
12915.763671875 1599
12927.251953125 1779
12933.57421875 1848
12948.0224609375 1867
12963.458984375 1883
12963.458984375 2063
12971.6162109375 2210
12991.2705078125 2246
13003.9951171875 2285
13022.8271484375 2361
13042.1796875 2686
13055.5390625 2700
13080.9296875 88
13099.025390625 586
13100.2236328125 136
13119.7939453125 1471
13122.3818359375 226
13123.712890625 296
13160.5322265625 1197
13177.380859375 1666
13186.4814453125 2511
13192.41796875 101
13232.5234375 215
13236.373046875 549
13266.8037109375 550
13313.6083984375 573
13322.1201171875 1136
13334.90234375 1199
13335.09765625 1530
13357.4423828125 1581
13359.7705078125 1640
13389.474609375 1688
13389.6474609375 1968
13396.9228515625 2526
13401.6591796875 2571
13412.66796875 2983
13469.13671875 1787
13477.181640625 602
13480.0205078125 1146
13484.388671875 253
13541.31640625 342
13637.201171875 843
13674.7509765625 1233
13708.609375 1335
13725.3955078125 1394
13780.2080078125 1737
13794.1826171875 1784
13799.8798828125 1950
13836.91015625 2025
13845.8359375 2473
13863.2880859375 2518
13910.876953125 999
13917.4130859375 1056
13919.13671875 1900
13942.8564453125 1304
13944.142578125 1326
13954.53125 2967
14016.986328125 1329
14027.375 50
14039.9287109375 318
14048.40234375 389
14050.91015625 478
14055.0390625 491
14068.2890625 580
14084.91015625 599
14109.1015625 890
14111.2216796875 896
14111.3505859375 909
14129.091796875 919
14158.283203125 995
14177.318359375 1273
14179.6494140625 1342
14191.123046875 1430
14242.9375 1495
14285.1865234375 1568
14328.2470703125 1583
14330.76171875 1764
14332.1171875 1774
14360.3623046875 2065
14373.984375 2117
14382.84375 2181
14388.3291015625 2268
14389.2509765625 2465
14420.0439453125 2664
14421.2373046875 2760
14421.2373046875 2764
14435.48828125 2938
14487.05859375 2943
14487.529296875 1860
14497.626953125 2880
14501.2314453125 1333
14501.71875 2631
14534.59765625 146
14550.6962890625 1538
14606.208984375 21
14614.255859375 34
14650.3115234375 200
14656.3662109375 288
14680.5283203125 336
14684.19921875 385
14684.345703125 517
14687.3994140625 546
14692.8212890625 609
14707.0263671875 614
14725.9052734375 683
14749.564453125 686
14760.01171875 769
14788.9990234375 1097
14823.607421875 1221
14825.869140625 1322
14828.544921875 1359
14829.4599609375 1376
14842.087890625 1686
14847.94140625 1854
14850.5732421875 2513
14884.9111328125 2553
14906.2109375 2650
14947.185546875 2672
14957.5048828125 2911
14959.4560546875 78
14967.0078125 2713
14968.12109375 2800
14970.642578125 2651
14979.41796875 2970
14988.91796875 1045
14993.203125 1068
15027.6005859375 2078
15035.9775390625 884
15042.828125 886
15051.236328125 1028
15060.224609375 1845
15066.0556640625 1932
15072.7841796875 2489
15090.931640625 90
15093.560546875 153
15121.580078125 240
15123.76171875 256
15124.0751953125 531
15134.171875 644
15136.3173828125 706
15137.01171875 775
15146.1015625 1163
15152.263671875 1483
15154.607421875 2114
15229.03125 2379
15239.2158203125 2424
15255.173828125 2433
15272.798828125 2435
15274.052734375 2442
15290.216796875 2683
15308.376953125 2811
15346.763671875 2176
15352.2236328125 169
15360.201171875 2207
15394.6591796875 1144
15416.6123046875 2180
15424.615234375 73
15450.9384765625 663
15463.5205078125 677
15481.2578125 756
15483.419921875 925
15491.57421875 927
15514.00390625 946
15514.00390625 996
15571.6064453125 1141
15588.8525390625 1202
15589.8740234375 1251
15640.3896484375 1457
15686.0576171875 1502
15687.31640625 1591
15704.927734375 1733
15726.2431640625 1735
15730.8427734375 1919
15738.0830078125 1933
15739.0048828125 1955
15757.712890625 2002
15766.2001953125 2335
15766.23828125 2341
15769.142578125 2565
15797.02734375 2695
15802.529296875 2763
15804.130859375 2840
15805.806640625 2422
15808.6572265625 1020
15828.45703125 640
15835.376953125 59
15854.0703125 177
15866.408203125 191
15896.283203125 575
15900.1298828125 687
15903.1064453125 934
15913.27734375 1119
15915.94921875 1529
15937.7138671875 1697
15969.150390625 1810
15976.2421875 1831
16005.3818359375 2354
16007.08203125 2528
16007.9501953125 2679
16016.193359375 2712
16018.005859375 2747
16023.392578125 2809
16049.5673828125 2821
16084.478515625 2842
16089.40234375 2860
16127.41015625 2906
16129.9189453125 2994
16130.1552734375 186
16150.41015625 223
16165.458984375 1594
16203.556640625 410
16210.5869140625 631
16228.232421875 132
16229.35546875 2576
16257.37890625 1282
16263.544921875 488
16292.3818359375 869
16308.3115234375 2059
16308.61328125 787
16313.5712890625 904
16332.666015625 137
16364.5576171875 275
16387.115234375 328
16414.966796875 333
16422.48828125 392
16469.505859375 407
16486.125 489
16570.30859375 680
16619.689453125 1022
16630.63671875 1290
16634.212890625 1358
16637.0859375 1607
16652.154296875 1653
16663.0546875 2024
16680.990234375 2184
16685.533203125 2221
16710.634765625 2394
16719.302734375 2427
16727.61328125 2517
16790.994140625 2655
16803.021484375 2704
16841.484375 2900
16843.880859375 2946
16855.10546875 459
16917.62109375 1408
16934.91796875 1339
16938.125 22
16965.7109375 45
16980.546875 300
16983.728515625 812
17028.537109375 922
17059.482421875 947
17085.7734375 975
17095.533203125 1001
17105.43359375 1095
17114.4296875 1275
17131.318359375 1664
17186.376953125 1708
17219.126953125 1763
17247.39453125 1766
17249.330078125 1889
17256.162109375 2077
17258.65625 2082
17288.2734375 2131
17307.78515625 2315
17321.05859375 2317
17322.265625 2409
17324.30078125 2608
17332.916015625 2616
17333.95703125 2649
17345.1015625 2819
17353.568359375 2862
17356.322265625 1164
17358.64453125 2213
17359.7421875 1050
17382.515625 979
17385.77734375 1562
17411.046875 1597
17418.09765625 2334
17429.29296875 587
17435.771484375 630
17452.486328125 777
17468.79296875 1012
17482.359375 1064
17485.580078125 1082
17487.494140625 1462
17495.716796875 1501
17499.5 1654
17510.8046875 1800
17519.44921875 2656
17521.94140625 2884
17539.21875 1416
17556.375 1575
17561.712890625 2889
17583.17578125 445
17589.77734375 30
17619.42578125 2484
17648.4765625 38
17666.04296875 40
17667.80078125 76
17672.185546875 77
17691.09375 108
17697.0625 164
17713.123046875 211
17727.142578125 225
17733.5625 376
17740.982421875 437
17743.115234375 510
17747.25 646
17749.50390625 671
17754.37109375 738
17763.75 770
17767.6953125 1434
17774.00390625 1610
17776.931640625 1662
17784.880859375 1709
17800.5390625 1998
17808.125 2166
17810.181640625 2220
17812.1796875 2238
17813.521484375 2255
17829.25390625 2345
17829.388671875 2510
17844.33203125 2581
17855.3046875 2607
17911.75390625 2807
17925.0703125 1015
17926.43359375 1984
17971.419921875 1258
17978.830078125 2555
17979.822265625 1147
17985.642578125 865
17986.763671875 939
18006.3515625 1497
18028.900390625 2630
18052.537109375 2752
18062.37109375 457
18096.83203125 309
18136.576171875 316
18149.82421875 483
18154.880859375 484
18161.490234375 633
18163.55078125 1026
18165.859375 1036
18182.125 1176
18188.63671875 1423
18215.1953125 1485
18224.978515625 1590
18225.103515625 1702
18278.6328125 1759
18334.359375 1818
18352.96484375 1958
18387.193359375 1963
18395.05859375 1977
18401.6015625 2053
18426.82421875 2056
18484.3984375 2125
18494.556640625 2304
18502.03515625 2356
18504.125 2477
18525.0 2533
18533.431640625 2732
18560.69140625 2948
18575.787109375 1601
18589.39453125 2256
18605.0859375 2104
18616.732421875 284
18619.314453125 182
18641.921875 916
18645.248046875 1667
18661.8671875 1852
18708.068359375 727
18722.27734375 2036
18761.38671875 2772
18766.388671875 130
18772.3828125 219
18803.251953125 394
18813.77734375 405
18818.78515625 634
18829.490234375 856
18865.9921875 983
18882.2890625 1117
18887.46484375 1386
18893.236328125 1791
18903.927734375 1991
18908.302734375 2060
18915.17578125 2215
18915.591796875 2314
18929.15625 2440
18936.826171875 2467
18952.57421875 2618
18990.54296875 2648
19001.611328125 2694
19013.083984375 1772
19016.4453125 818
19022.046875 2907
19039.4921875 660
19054.408203125 1168
19078.703125 1145
19089.484375 1476
19094.005859375 1618
19096.07421875 655
19109.501953125 1592
19150.89453125 2120
19181.85546875 2557
19216.861328125 112
19249.306640625 350
19256.22265625 356
19277.78515625 448
19284.591796875 1500
19350.06640625 1526
19358.404296875 1587
19363.384765625 1881
19374.830078125 1943
19387.05859375 1962
19394.517578125 1995
19417.638671875 2075
19441.1171875 2118
19454.517578125 2309
19465.66796875 2418
19471.279296875 2516
19482.96484375 2588
19483.740234375 2605
19516.25390625 2623
19518.232421875 2937
19567.392578125 1005
19567.63671875 110
19570.478515625 2360
19574.52734375 121
19576.59765625 1046
19577.9609375 298
19603.48828125 372
19642.4453125 492
19674.41015625 752
19693.06640625 838
19700.4921875 903
19707.232421875 1034
19709.982421875 1128
19804.939453125 1187
19813.107421875 1437
19817.76953125 1488
19820.431640625 1534
19847.23828125 1657
19849.99609375 1678
19878.083984375 1824
19901.193359375 1826
19924.0703125 1941
19925.890625 1997
19995.96484375 2318
19999.13671875 2327
20021.08984375 2362
20026.935546875 2404
20115.1796875 2453
20117.849609375 2458
20123.6328125 2496
20165.416015625 2696
20172.62890625 2722
20173.85546875 2796
20182.01171875 2584
20192.271484375 2872
20192.82421875 2589
20213.1796875 2135
20248.900390625 1802
20266.439453125 1853
20285.501953125 1892
20301.716796875 1580
20324.970703125 25
20354.67578125 72
20381.12890625 343
20395.2265625 710
20426.6953125 755
20458.380859375 885
20474.1875 1683
20476.50390625 1776
20484.88671875 1972
20499.513671875 2047
20503.134765625 2138
20535.865234375 2185
20571.33203125 2344
20600.041015625 2545
20600.57421875 2573
20602.3984375 2855
20623.818359375 2159
20649.75 1067
20755.49609375 371
20756.724609375 243
20773.38671875 1301
20788.310546875 311
20792.755859375 426
20875.234375 648
20883.509765625 720
20898.85546875 792
20975.544921875 940
20995.138671875 1006
21019.609375 1032
21072.650390625 1160
21080.6484375 1189
21116.46484375 2183
21139.38671875 2190
21146.6484375 2301
21154.427734375 1459
21155.955078125 1649
21209.1875 353
21215.810546875 2706
21218.587890625 1511
21239.06640625 1778
21240.03125 329
21243.474609375 731
21333.88671875 1400
21372.931640625 2070
21398.662109375 1480
21455.6796875 1714
21465.7734375 249
21528.3203125 94
21529.078125 2823
21551.732421875 471
21561.201171875 473
21588.728515625 747
21597.30078125 915
21614.0 921
21622.474609375 993
21634.765625 1072
21651.392578125 1415
21661.501953125 1541
21718.93359375 1746
21828.90625 1949
21831.548828125 2079
21894.267578125 2219
21906.078125 2258
21934.97265625 2413
21958.94140625 2628
21965.142578125 2828
21998.763671875 2903
22007.65625 2996
22115.625 204
22131.94140625 1247
22144.369140625 1410
22144.384765625 1888
22148.224609375 1214
22175.63671875 1658
22254.859375 2587
22254.89453125 380
22272.619140625 688
22324.8671875 1761
22332.64453125 66
22384.314453125 127
22388.9921875 179
22412.01171875 855
22428.150390625 1198
22442.373046875 1250
22478.318359375 1507
22590.1796875 1558
22649.369140625 2007
22651.22265625 2092
22659.93359375 2231
22685.974609375 2384
22794.869140625 2457
22807.357421875 2544
22914.162109375 2717
22943.732421875 2774
22982.228515625 2794
23006.7890625 2909
23010.5859375 972
23027.107421875 1138
23028.998046875 1442
23036.91796875 1137
23054.095703125 102
23088.546875 667
23093.212890625 1935
23115.423828125 2352
23120.97265625 2887
23229.3203125 427
23243.484375 1533
23275.796875 170
23282.72265625 262
23326.103515625 306
23333.505859375 596
23371.07421875 805
23418.484375 849
23426.0859375 850
23493.1328125 965
23495.52734375 976
23516.6796875 1058
23545.154296875 1403
23555.646484375 1645
23572.5703125 1999
23667.763671875 2292
23672.73828125 2392
23687.04296875 2403
23705.927734375 2497
23746.0625 2524
23753.642578125 2601
23761.94140625 2652
23781.599609375 2657
23794.40625 2761
23861.90625 2839
23875.75390625 2939
23890.0078125 2984
23892.951171875 1027
23957.0859375 622
24030.431640625 417
24076.548828125 450
24131.642578125 690
24178.595703125 969
24180.98046875 982
24208.546875 1040
24245.01953125 1078
24267.6484375 1083
24283.716796875 1382
24309.958984375 1391
24348.33984375 1486
24348.59375 1503
24426.5859375 1547
24464.685546875 1561
24469.638671875 1965
24474.798828125 2026
24477.78125 2066
24713.251953125 2182
24724.064453125 2245
24737.0234375 2460
24737.287109375 2466
24750.46875 2540
24754.54296875 2593
24823.59765625 2632
24823.59765625 2753
24936.822265625 2759
24960.244140625 2793
24974.341796875 2925
25023.3046875 2152
25067.546875 762
25101.17578125 2757
25128.248046875 37
25188.98828125 1624
25210.646484375 1271
25266.498046875 2370
25339.052734375 2895
25609.140625 2411
25628.392578125 67
25764.6796875 150
25830.576171875 171
25835.326171875 195
25856.01953125 363
26010.46484375 522
26015.890625 657
26027.98828125 701
26040.11328125 760
26044.396484375 811
26073.662109375 874
26141.033203125 875
26147.34375 1002
26153.59375 1007
26158.37109375 1023
26167.85546875 1356
26208.3125 1378
26314.111328125 1489
26343.625 1629
26379.453125 2721
26433.41015625 2032
26529.650390625 2259
26581.27734375 771
26590.41796875 1543
26599.5859375 2241
26706.9140625 1964
26782.896484375 1625
26855.404296875 2693
26867.38671875 222
26900.375 258
26955.451171875 281
26955.625 506
26958.76953125 582
27042.689453125 724
27049.171875 879
27170.5234375 1003
27270.486328125 1171
27390.10546875 1182
27445.939453125 1588
27452.95703125 1685
27480.361328125 1758
27489.017578125 2300
27501.130859375 2310
27609.119140625 2705
27761.306640625 2845
27802.982421875 2916
27841.66015625 1811
27865.24609375 2701
28051.51953125 421
28140.9140625 1440
28201.57421875 2337
28243.443359375 2531
28260.486328125 18
28279.85546875 29
28385.4453125 31
28415.908203125 104
28436.171875 274
28553.708984375 321
28659.21875 370
28670.8984375 375
28682.1015625 562
28749.03515625 914
28785.70703125 944
28795.513671875 1672
28910.935546875 1684
28926.5703125 1825
29041.265625 1846
29061.7890625 1960
29101.314453125 1976
29202.056640625 2006
29211.462890625 2319
29272.056640625 2405
29284.28125 2550
29357.814453125 2606
29470.849609375 2768
29510.46484375 1081
29556.185546875 1780
29576.408203125 16
29591.748046875 28
29767.6796875 125
29806.4609375 212
29821.181640625 265
29842.625 295
29847.51953125 360
29847.51953125 364
29989.51953125 937
30120.712890625 1077
30201.89453125 1101
30639.85546875 1241
30825.359375 1243
31511.005859375 1307
31778.216796875 1343
31819.76171875 1404
32065.654296875 1418
32290.484375 1585
32699.791015625 1719
32896.078125 1822
33828.45703125 2009
33982.93359375 2164
34150.0 2214
34253.56640625 2250
34530.859375 2263
35839.8671875 2342
37064.82421875 2359
39297.6953125 2547
