3655.102294921875 1333
4130.07470703125 2631
4210.6142578125 146
4242.271484375 1538
4488.50830078125 21
4491.2626953125 34
4684.35400390625 200
4929.19482421875 288
5090.46923828125 336
5144.44580078125 385
5252.2099609375 517
5264.4951171875 546
5288.00927734375 609
5330.08349609375 614
5353.603515625 683
5379.72314453125 686
5541.74560546875 769
5568.4150390625 1097
5608.15234375 1221
5630.1484375 1322
5728.482421875 1359
5747.6904296875 1376
5767.35498046875 1686
5851.1201171875 1854
6026.1796875 2513
6043.1572265625 2553
6174.4560546875 2650
6195.26123046875 2672
6259.052734375 2911
6277.013671875 78
6349.57666015625 2713
6353.4638671875 2800
6391.587890625 2651
6458.03125 2970
6481.56396484375 1045
6658.11474609375 1068
6754.03173828125 1446
6833.328125 87
6958.0927734375 251
7028.70703125 527
7056.8505859375 529
7070.64453125 625
7219.77490234375 641
7219.77490234375 693
7242.771484375 873
7258.87548828125 881
7307.75390625 928
7319.07666015625 1133
7320.8994140625 1283
7340.9853515625 1318
7393.375 1346
7421.408203125 1417
7547.4345703125 1720
7610.13671875 1987
7677.232421875 2226
7701.421875 2296
7723.5693359375 2515
7723.5693359375 2572
7724.9599609375 2669
7759.83154296875 2728
7796.125 2734
7878.22607421875 2746
7903.82666015625 2852
7949.478515625 2866
7962.486328125 2915
8060.427734375 2949
8199.6884765625 377
8202.462890625 2281
8293.7197265625 160
8300.74609375 1
8303.623046875 425
8320.2138671875 446
8372.8330078125 800
8408.0595703125 918
8413.18359375 953
8456.93359375 985
8486.875 986
8494.6220703125 1008
8544.50390625 1043
8551.8037109375 1270
8592.5048828125 1317
8651.0791015625 1435
8679.880859375 1548
8679.904296875 1606
8717.478515625 1661
8758.8623046875 1712
8775.419921875 2010
8775.9833984375 2088
8791.2119140625 2365
8803.8251953125 2410
8826.9501953125 2414
8865.6484375 2482
8869.423828125 2560
8892.150390625 2781
8924.3486328125 2820
8959.3515625 997
9095.849609375 1781
9166.3017578125 81
9185.7412109375 229
9228.85546875 440
9230.5625 548
9248.5048828125 611
9325.8203125 826
9331.7451171875 834
9343.5771484375 848
9353.24609375 871
9361.330078125 893
9382.2197265625 1231
9452.880859375 1256
9490.84375 1315
9501.5849609375 1458
9508.59765625 1550
9523.8369140625 1671
9554.0185546875 1711
9619.7744140625 1815
9652.9404296875 1893
9668.296875 2312
9700.3447265625 2324
9704.5966796875 2385
9724.646484375 2447
9736.111328125 2562
9744.005859375 2610
9752.2783203125 2622
9795.84375 2853
9800.00390625 2924
9813.796875 2927
9850.8154296875 2239
9882.0537109375 1362
9897.8564453125 1926
9897.8564453125 2997
9900.615234375 254
9987.697265625 388
10020.1884765625 465
10060.1513671875 498
10082.3486328125 520
10112.353515625 962
10160.84765625 981
10161.748046875 1156
10162.8701171875 1652
10163.0849609375 2205
10167.529296875 2339
10201.931640625 2417
10204.1044921875 2494
10253.822265625 2687
10261.3125 1122
10286.6162109375 1670
10298.185546875 264
10354.0703125 2173
10369.9404296875 1646
10375.103515625 2396
10376.3701171875 49
10467.8056640625 189
10588.0380859375 261
10622.7998046875 263
10681.0048828125 430
10682.001953125 831
10682.265625 899
10706.7861328125 1123
10729.619140625 1169
10759.4755859375 1350
10761.025390625 1405
10766.388671875 1512
10770.47265625 1750
10889.5927734375 1769
10894.53125 1908
10938.5361328125 1966
10963.416015625 1982
10967.814453125 1993
10998.14453125 2094
10999.4609375 2126
11021.7158203125 2141
11052.8583984375 2171
11112.677734375 2174
11174.5751953125 2177
11191.921875 2237
11194.3564453125 2367
11201.392578125 2536
11260.2421875 2542
11293.82421875 2582
11301.3564453125 2675
11313.46484375 2703
11342.1513671875 1873
11360.79296875 2107
11456.23046875 1281
11456.66015625 455
11481.5322265625 470
11496.509765625 902
11509.896484375 926
11566.421875 967
11598.88671875 1104
11643.19921875 1225
11683.267578125 1286
11683.373046875 1506
11689.6328125 1516
11694.94921875 1599
11709.53125 1779
11713.5791015625 1848
11736.87890625 1867
11742.337890625 1883
11746.5634765625 2063
11758.138671875 2210
11796.662109375 2246
11806.4267578125 2285
11809.2392578125 2361
11810.435546875 2686
11812.7119140625 2700
11815.478515625 88
11830.7568359375 586
11838.8291015625 136
11869.03125 1471
11883.0439453125 226
11889.578125 296
11911.169921875 1197
11952.3330078125 1666
11955.552734375 2511
11976.802734375 101
12009.416015625 215
12013.9208984375 549
12027.94921875 550
12041.900390625 573
12067.484375 1136
12084.1748046875 1199
12086.287109375 1530
12121.35546875 1581
12130.818359375 1640
12143.1103515625 1688
12184.623046875 1968
12187.427734375 2526
12231.18359375 2571
12291.0498046875 2983
12310.41015625 1787
12312.541015625 602
12327.9912109375 1146
12375.4326171875 253
12386.716796875 342
12416.408203125 843
12422.5625 1233
12469.34375 1335
12481.34765625 1394
12520.09765625 1737
12520.60546875 1784
12539.353515625 1950
12543.8154296875 2025
12543.8154296875 2473
12552.8876953125 2518
12561.123046875 999
12565.130859375 1056
12572.705078125 1900
12584.4345703125 1304
12592.21875 1326
12595.7353515625 2967
12596.0791015625 1329
12611.13671875 50
12620.080078125 318
12627.650390625 389
12649.6865234375 478
12651.369140625 491
12675.05078125 580
12707.091796875 599
12708.423828125 890
12721.2109375 896
12724.0009765625 909
12729.888671875 919
12732.9091796875 995
12743.2470703125 1273
12774.9599609375 1342
12790.6279296875 1430
12798.998046875 1495
12811.078125 1568
12830.8291015625 1583
12872.7568359375 1764
12901.0712890625 1774
12908.796875 2065
12915.142578125 2117
12943.6337890625 2181
12960.44921875 2268
12973.4228515625 2465
12990.705078125 2664
12995.482421875 2760
13000.8037109375 2764
13005.4580078125 2938
13011.0966796875 2943
13039.681640625 1860
13057.125 2880
13069.7412109375 2078
13098.1796875 884
13101.0654296875 886
13148.728515625 1028
13164.0966796875 1845
13167.4609375 1932
13178.7509765625 2489
13182.365234375 90
13212.1005859375 153
13212.162109375 240
13213.3251953125 256
13231.87890625 531
13242.98046875 644
13263.43359375 706
13265.935546875 775
13271.849609375 1163
13294.388671875 1483
13295.685546875 2114
13299.59375 2379
13304.9580078125 2424
13309.5166015625 2433
13317.3251953125 2435
13324.9208984375 2442
13325.6123046875 2683
13331.28515625 2811
13336.640625 2176
13377.3359375 169
13389.728515625 2207
13414.447265625 1144
13420.634765625 2180
13429.9921875 73
13435.0166015625 663
13462.5107421875 677
13467.6875 756
13495.2353515625 925
13524.810546875 927
13563.513671875 946
13585.060546875 996
13586.8603515625 1141
13639.03125 1202
13654.7763671875 1251
13662.4462890625 1457
13664.3154296875 1502
13665.373046875 1591
13694.892578125 1733
13741.81640625 1735
13758.9619140625 1919
13769.51171875 1933
13770.0361328125 1955
13796.2939453125 2002
13804.61328125 2335
13805.1630859375 2341
13834.01171875 2565
13846.376953125 2695
13868.521484375 2763
13875.80859375 2840
13888.5859375 2422
13889.3486328125 1020
13898.1884765625 640
13903.662109375 59
13903.880859375 177
13927.5322265625 191
13942.94140625 575
13943.5390625 687
13943.833984375 934
13946.880859375 1119
13960.572265625 1529
13973.2578125 1697
13988.359375 1810
14002.7275390625 1831
14004.505859375 2354
14021.6025390625 2528
14030.384765625 2679
14047.30078125 2712
14084.69921875 2747
14086.904296875 2809
14092.126953125 2821
14097.0595703125 2842
14111.546875 2860
14113.271484375 2906
14131.2109375 2994
14131.3359375 186
14144.380859375 223
14213.3955078125 1594
14217.65625 410
14232.65234375 631
14237.1474609375 132
14248.408203125 2576
14250.1953125 1282
14254.732421875 488
14257.705078125 869
14258.6943359375 2059
14264.955078125 787
14291.451171875 904
14305.19921875 137
14322.7314453125 275
14323.4677734375 328
14333.544921875 333
14341.0185546875 392
14354.138671875 407
14357.5546875 489
14361.6484375 680
14363.435546875 1022
14390.197265625 1290
14393.52734375 1358
14394.4013671875 1607
14422.1455078125 1653
14424.1748046875 2024
14427.87109375 2184
14444.888671875 2221
14459.638671875 2394
14468.4755859375 2427
14484.6611328125 2517
14528.66015625 2655
14565.12890625 2704
14568.9560546875 2900
14585.435546875 2946
14588.8974609375 459
14630.25390625 1408
14636.4501953125 1339
14642.48046875 22
14643.279296875 45
14647.021484375 300
14648.8017578125 812
14657.18359375 922
14673.46875 947
14686.7158203125 975
14686.93359375 1001
14689.5361328125 1095
14702.2294921875 1275
14709.5849609375 1664
14725.5361328125 1708
14738.236328125 1763
14739.9765625 1766
14755.578125 1889
14758.2197265625 2077
14766.4384765625 2082
14810.0380859375 2131
14813.6513671875 2315
14818.611328125 2317
14837.6240234375 2409
14849.134765625 2608
14861.94921875 2616
14878.7529296875 2649
14957.5751953125 2819
14972.3681640625 2862
14977.939453125 1164
14986.86328125 2213
14993.14453125 1050
14996.712890625 979
15045.2421875 1562
15046.6103515625 1597
15056.005859375 2334
15062.7578125 587
15088.681640625 630
15089.552734375 777
15098.6748046875 1012
15114.1171875 1064
15116.296875 1082
15141.919921875 1462
15152.83984375 1501
15154.8076171875 1654
15158.5390625 1800
15163.859375 2656
15172.1630859375 2884
15175.669921875 1416
15198.4169921875 1575
15242.6337890625 2889
15263.390625 445
15291.8701171875 30
15298.625 2484
15304.4228515625 38
15305.076171875 40
15319.361328125 76
15341.7685546875 77
15357.7841796875 108
15358.5927734375 164
15367.8974609375 211
15369.41015625 225
15381.6484375 376
15401.056640625 437
15454.6650390625 510
15468.4873046875 646
15477.611328125 671
15577.0849609375 738
15594.765625 770
15597.31640625 1434
15635.865234375 1610
15652.8369140625 1662
15665.728515625 1709
15668.33203125 1998
15673.296875 2166
15680.197265625 2220
15691.58984375 2238
15716.185546875 2255
15738.0693359375 2345
15755.607421875 2510
15777.8408203125 2581
15779.7470703125 2607
15782.5205078125 2807
15784.439453125 1015
15802.14453125 1984
15804.1904296875 1258
15810.2080078125 2555
15819.48828125 1147
15850.0849609375 865
15853.44140625 939
15858.677734375 1497
15926.66796875 2630
15936.96875 2752
15940.689453125 457
15951.49609375 309
15971.3779296875 316
15983.419921875 483
15984.9541015625 484
15990.828125 633
16002.390625 1026
16020.326171875 1036
16022.67578125 1176
16025.4990234375 1423
16035.1044921875 1485
16047.3828125 1590
16092.39453125 1702
16102.611328125 1759
16107.0078125 1818
16129.046875 1958
16135.2822265625 1963
16143.1298828125 1977
16180.6123046875 2053
16180.6552734375 2056
16198.89453125 2125
16200.0283203125 2304
16205.828125 2356
16207.857421875 2477
16241.2802734375 2533
16265.41796875 2732
16293.662109375 2948
16341.4912109375 1601
16344.5458984375 2256
16351.8388671875 2104
16363.48046875 284
16383.4765625 182
16398.400390625 916
16411.7109375 1667
16414.73828125 1852
16434.90625 727
16435.62890625 2036
16466.33984375 2772
16466.443359375 130
16475.33203125 219
16476.2734375 394
16480.041015625 405
16488.513671875 634
16515.064453125 856
16530.09765625 983
16534.21875 1117
16561.38671875 1386
16565.8828125 1791
16566.03125 1991
16582.93359375 2060
16584.94140625 2215
16587.125 2314
16636.728515625 2440
16711.712890625 2467
16716.84765625 2618
16718.484375 2648
16718.734375 2694
16731.1953125 1772
16752.25390625 818
16760.384765625 2907
16783.109375 660
16795.6875 1168
16800.189453125 1145
16803.5625 1476
16808.099609375 1618
16808.421875 655
16821.828125 1592
16836.109375 2120
16844.748046875 2557
16853.169921875 112
16874.20703125 350
16883.244140625 356
16893.69921875 448
16942.720703125 1500
16963.04296875 1526
16969.9765625 1587
16973.2890625 1881
16986.080078125 1943
17029.083984375 1962
17077.703125 1995
17097.5390625 2075
17104.576171875 2118
17121.578125 2309
17133.978515625 2418
17134.177734375 2516
17146.802734375 2588
17161.5625 2605
17166.630859375 2623
17175.546875 2937
17188.333984375 1005
17196.330078125 110
17198.025390625 2360
17212.1796875 121
17224.185546875 1046
17247.595703125 298
17267.125 372
17326.1953125 492
17371.05078125 752
17378.361328125 838
17435.455078125 903
17437.74609375 1034
17479.576171875 1128
17484.73046875 1187
17499.66796875 1437
17508.73046875 1488
17524.685546875 1534
17541.5625 1657
17549.333984375 1678
17550.076171875 1824
17564.193359375 1826
17566.365234375 1941
17590.857421875 1997
17623.376953125 2318
17631.564453125 2327
17633.90234375 2362
17639.650390625 2404
17657.529296875 2453
17666.603515625 2458
17674.986328125 2496
17683.689453125 2696
17692.640625 2722
17704.419921875 2796
17723.64453125 2584
17727.25390625 2872
17729.591796875 2589
17741.1640625 2135
17744.283203125 1802
17755.896484375 1853
17767.5234375 1892
17818.076171875 1580
17862.15625 25
17884.8125 72
17922.310546875 343
17928.76953125 710
17954.54296875 755
18012.6328125 885
18047.443359375 1683
18047.716796875 1776
18122.8671875 1972
18178.66015625 2047
18180.224609375 2138
18196.96875 2185
18207.890625 2344
18228.59375 2545
18231.90234375 2573
18240.134765625 2855
18260.087890625 2159
18283.4375 1067
18295.537109375 371
18296.638671875 243
18306.52734375 1301
18307.16015625 311
18317.791015625 426
18326.83203125 648
18329.142578125 720
18382.818359375 792
18451.74609375 940
18510.255859375 1006
18540.625 1032
18560.666015625 1160
18580.61328125 1189
18592.83203125 2183
18625.955078125 2190
18631.626953125 2301
18637.046875 1459
18692.765625 1649
18708.23046875 353
18747.75 2706
18750.53125 1511
18755.486328125 1778
18787.921875 329
18793.94921875 731
18811.181640625 1400
18853.66796875 2070
18854.162109375 1480
18866.162109375 1714
18884.37890625 249
18911.271484375 94
18965.3671875 2823
18972.40625 471
18981.263671875 473
19000.357421875 747
19033.53515625 915
19049.416015625 921
19055.373046875 993
19102.982421875 1072
19134.169921875 1415
19150.47265625 1541
19151.85546875 1746
19235.3515625 1949
19240.45703125 2079
19267.513671875 2219
19282.251953125 2258
19335.015625 2413
19373.958984375 2628
19385.3203125 2828
19393.466796875 2903
19429.068359375 2996
19481.58984375 204
19497.59765625 1247
19533.623046875 1410
19573.431640625 1888
19591.482421875 1214
19601.12109375 1658
19603.830078125 2587
19615.443359375 380
19658.3203125 688
19742.0 1761
19744.34375 66
19749.625 127
19760.154296875 179
19779.83984375 855
19793.89453125 1198
19816.5078125 1250
19817.76171875 1507
19858.759765625 1558
19932.80859375 2007
19951.68359375 2092
19955.08203125 2231
19962.337890625 2384
20045.111328125 2457
20068.353515625 2544
20092.16796875 2717
20160.814453125 2774
20175.748046875 2794
20228.20703125 2909
20253.03515625 972
20292.244140625 1138
20303.61328125 1442
20373.802734375 1137
20391.193359375 102
20420.74609375 667
20421.845703125 1935
20444.16796875 2352
20505.7109375 2887
20554.94140625 427
20560.302734375 1533
20602.40234375 170
20604.30078125 262
20667.693359375 306
20693.623046875 596
20694.712890625 805
20723.083984375 849
20750.8203125 850
20761.599609375 965
20785.44140625 976
20806.333984375 1058
20858.947265625 1403
20969.791015625 1645
21010.892578125 1999
21022.53125 2292
21037.865234375 2392
21064.783203125 2403
21345.5078125 2497
21350.6328125 2524
21436.20703125 2601
21438.515625 2652
21442.84375 2657
21512.04296875 2761
21520.673828125 2839
21536.9609375 2939
21644.419921875 2984
21652.45703125 1027
21660.921875 622
21669.01171875 417
21685.619140625 450
21719.951171875 690
21837.0390625 969
21859.62890625 982
21892.5390625 1040
21915.419921875 1078
21988.322265625 1083
22001.48046875 1382
22014.67578125 1391
22063.421875 1486
22070.958984375 1503
22094.982421875 1547
22099.361328125 1561
22129.716796875 1965
22140.228515625 2026
22150.0546875 2066
22179.916015625 2182
22216.216796875 2245
22238.04296875 2460
22257.36328125 2466
22272.31640625 2540
22283.255859375 2593
22324.18359375 2632
22426.703125 2753
22449.5546875 2759
22563.376953125 2793
22582.935546875 2925
22588.197265625 2152
22588.197265625 762
22596.57421875 2757
22598.63671875 37
22609.38671875 1624
22654.1875 1271
22683.6171875 2370
22793.775390625 2895
22833.48828125 2411
22865.841796875 67
22916.5703125 150
22967.5859375 171
22986.986328125 195
23157.580078125 363
23189.12890625 522
23200.68359375 657
23254.69921875 701
23377.146484375 760
23380.630859375 811
23383.650390625 874
23411.916015625 875
23412.154296875 1002
23413.27734375 1007
23417.990234375 1023
23446.828125 1356
23448.169921875 1378
23451.541015625 1489
23477.576171875 1629
23486.125 2721
23505.01171875 2032
23656.40234375 2259
23762.34375 771
23814.33203125 1543
23817.609375 2241
23838.1796875 1964
23884.041015625 1625
23912.42578125 2693
23948.41015625 222
23963.81640625 258
23993.546875 281
24011.7578125 506
24026.833984375 582
24052.1640625 724
24067.921875 879
24118.17578125 1003
24250.69140625 1171
24424.634765625 1182
24430.55859375 1588
24692.572265625 1685
24761.88671875 1758
24873.55078125 2300
24957.263671875 2310
25116.173828125 2705
25142.443359375 2845
25158.4921875 2916
25260.765625 1811
25294.51171875 2701
25341.10546875 421
25385.05078125 1440
25441.47265625 2337
25466.224609375 2531
25641.166015625 18
25659.302734375 29
25667.8828125 31
25671.71484375 104
25692.546875 274
25720.59765625 321
25723.998046875 370
25786.6640625 375
25818.685546875 562
25842.259765625 914
25842.666015625 944
25848.76953125 1672
25852.693359375 1684
25885.283203125 1825
25951.853515625 1846
25998.18359375 1960
26004.08203125 1976
26144.59375 2006
26174.0625 2319
26278.240234375 2405
26373.62890625 2550
26416.099609375 2606
26476.79296875 2768
26518.365234375 1081
26602.498046875 1780
26796.234375 16
26796.234375 28
26931.705078125 125
27171.64453125 212
27248.775390625 265
27413.619140625 295
27530.927734375 360
27802.5 364
27828.123046875 937
28287.22265625 1077
28458.0625 1101
28586.4453125 1241
28817.3828125 1243
28870.0 1307
29386.25 1343
29426.091796875 1404
29698.72265625 1418
29948.26171875 1585
30192.51171875 1719
30388.98046875 1822
30511.611328125 2009
30736.55078125 2164
30898.681640625 2214
31833.82421875 2250
33445.6875 2263
33711.26171875 2342
35606.6171875 2359
35939.984375 2547
