5022.8037109375 1281
5026.69873046875 455
5266.48828125 470
5356.6845703125 902
5387.37451171875 926
5771.1474609375 967
5961.5654296875 1104
5975.416015625 1225
5998.611328125 1286
6042.48486328125 1506
6082.5244140625 1516
6118.669921875 1599
6128.2451171875 1779
6139.26025390625 1848
6410.7275390625 1867
6477.30126953125 1883
6555.12109375 2063
6601.796875 2210
6695.828125 2246
6724.546875 2285
6740.435546875 2361
6748.0146484375 2686
6782.10302734375 2700
6812.58935546875 88
6832.20068359375 586
6864.29248046875 136
6918.1640625 1471
6921.8369140625 226
6994.3251953125 296
6995.361328125 1197
7033.443359375 1666
7053.5224609375 1446
7067.4462890625 87
7069.5947265625 251
7151.03759765625 527
7222.10009765625 529
7251.34619140625 625
7471.08447265625 641
7471.69921875 693
7518.14794921875 873
7534.0166015625 881
7636.22900390625 928
7713.5576171875 1133
7820.28564453125 1283
7861.1591796875 1318
7897.455078125 1346
7926.78515625 1417
7934.7138671875 1720
7945.091796875 1987
8095.68896484375 2226
8097.3974609375 2296
8115.373046875 2515
8175.16650390625 2572
8263.2783203125 2669
8295.712890625 2728
8301.580078125 2734
8304.3134765625 2746
8328.14453125 2852
8346.302734375 2866
8426.7236328125 2915
8437.408203125 2949
8455.9326171875 377
8511.3125 2281
8527.080078125 160
8539.2197265625 1
8553.1435546875 425
8573.439453125 446
8719.9697265625 800
8769.59375 918
8865.0712890625 953
8891.712890625 985
8999.5771484375 986
9042.1357421875 1008
9074.5390625 1043
9142.4580078125 1270
9202.263671875 1317
9205.3916015625 1435
9256.4189453125 1548
9275.6015625 1606
9288.6015625 1661
9361.51171875 1712
9431.7919921875 2010
9578.421875 2088
9701.8212890625 2365
9734.75 2410
9748.7470703125 2414
9767.7109375 2482
9774.0751953125 2560
9829.978515625 2781
9861.4990234375 2820
9877.2216796875 997
9888.6884765625 1781
10027.1904296875 81
10031.90234375 229
10090.818359375 440
10099.349609375 548
10103.9658203125 611
10182.7724609375 826
10284.30859375 834
10291.341796875 848
10297.0205078125 871
10331.0576171875 893
10345.0869140625 1231
10367.365234375 1256
10406.7841796875 1315
10433.1611328125 1458
10453.73828125 1550
10480.087890625 1671
10507.8701171875 1711
10520.75 1815
10534.7392578125 1893
10572.412109375 2312
10612.255859375 2324
10660.52734375 2385
10725.8603515625 2447
10744.9423828125 2562
10765.8203125 2610
10860.470703125 2622
10864.001953125 2853
10900.736328125 2924
10910.017578125 2927
10946.5283203125 2239
10954.9697265625 1362
11014.08984375 1926
11030.5888671875 2997
11175.34765625 254
11179.517578125 388
11179.517578125 465
11221.8330078125 498
11226.0390625 520
11316.041015625 962
11326.3486328125 981
11334.3310546875 1156
11338.90625 1652
11340.4951171875 2205
11359.2607421875 2339
11371.7421875 2417
11374.3251953125 2494
11379.5419921875 2687
11386.88671875 1122
11407.9931640625 1670
11407.9931640625 264
11413.7314453125 2173
11421.857421875 1646
11438.2099609375 2396
11524.876953125 49
11547.8662109375 189
11549.197265625 261
11593.845703125 263
11600.66015625 430
11612.8935546875 831
11634.9140625 899
11636.84375 1123
11639.939453125 1169
11655.220703125 1350
11795.568359375 1405
11903.341796875 1512
11926.431640625 1750
11965.7412109375 1769
12014.5068359375 1908
12024.9697265625 1966
12225.763671875 1982
12226.7734375 1993
12227.091796875 2094
12234.4150390625 2126
12258.57421875 2141
12276.9453125 2171
12307.146484375 2174
12319.39453125 2177
12350.63671875 2237
12366.2333984375 2367
12388.7255859375 2536
12400.06640625 2542
12400.341796875 2582
12425.3447265625 2675
12430.6259765625 2703
12474.775390625 1873
12510.787109375 2107
12546.474609375 2511
12567.822265625 101
12600.234375 215
12603.296875 549
12616.48046875 550
12648.3193359375 573
12661.607421875 1136
12671.0556640625 1199
12704.744140625 1530
12724.751953125 1581
12764.0400390625 1640
12767.212890625 1688
12781.4658203125 1968
12828.587890625 2526
12847.484375 2571
12854.41796875 2983
12865.072265625 1787
12925.8896484375 602
12932.0068359375 1146
12940.5693359375 253
12964.861328125 342
12996.4501953125 843
13050.7138671875 1233
13072.888671875 1335
13084.650390625 1394
13110.6962890625 1737
13112.1220703125 1784
13118.125 1950
13127.1875 2025
13152.48046875 2473
13168.91015625 2518
13173.0830078125 999
13177.533203125 1056
13187.5966796875 1900
13189.7626953125 1304
13213.2607421875 1326
13308.23828125 2967
13310.837890625 1329
13318.498046875 50
13347.3134765625 318
13352.7578125 389
13447.4111328125 478
13459.111328125 491
13470.787109375 580
13491.3828125 599
13527.4658203125 890
13549.884765625 896
13557.171875 909
13563.7421875 919
13582.00390625 995
13622.716796875 1273
13647.9775390625 1342
13650.345703125 1430
13672.4453125 1495
13684.41796875 1568
13700.9287109375 1583
13701.9013671875 1764
13739.23046875 1774
13784.4912109375 2065
13817.11328125 2117
13823.2880859375 2181
13866.419921875 2268
13869.474609375 2465
13876.59765625 2664
13881.56640625 2760
13884.626953125 2764
13897.4521484375 2938
13898.1591796875 2943
13958.21484375 1860
13982.8974609375 2880
13986.1669921875 1333
13994.1669921875 2631
14007.94140625 146
14014.357421875 1538
14015.890625 21
14015.9755859375 34
14073.041015625 200
14104.845703125 288
14111.8916015625 336
14116.9814453125 385
14201.3857421875 517
14219.66015625 546
14228.626953125 609
14230.7734375 614
14241.4501953125 683
14245.44921875 686
14263.734375 769
14298.45703125 1097
14304.38671875 1221
14310.025390625 1322
14313.201171875 1359
14315.8154296875 1376
14332.2431640625 1686
14334.072265625 1854
14337.869140625 2513
14393.2998046875 2553
14401.3134765625 2650
14412.5390625 2672
14426.1943359375 2911
14438.87109375 78
14447.564453125 2713
14457.072265625 2800
14478.544921875 2651
14484.734375 2970
14507.98046875 1045
14517.705078125 1068
14524.9423828125 2078
14546.650390625 884
14548.685546875 886
14574.154296875 1028
14592.703125 1845
14626.052734375 1932
14686.6298828125 2489
14688.28125 90
14714.232421875 153
14724.134765625 240
14744.1083984375 256
14746.0830078125 531
14785.87109375 644
14797.4404296875 706
14803.525390625 775
14808.1328125 1163
14813.5947265625 1483
14819.4130859375 2114
14822.623046875 2379
14849.583984375 2424
14881.1650390625 2433
14897.990234375 2435
14958.20703125 2442
14962.095703125 2683
14995.5439453125 2811
14996.7412109375 2176
15003.31640625 169
15024.177734375 2207
15032.0859375 1144
15065.88671875 2180
15073.6328125 73
15083.3623046875 663
15091.046875 677
15113.2109375 756
15148.42578125 925
15150.6328125 927
15155.7841796875 946
15170.486328125 996
15179.322265625 1141
15180.84375 1202
15233.6337890625 1251
15244.755859375 1457
15278.4326171875 1502
15292.5009765625 1591
15299.61328125 1733
15318.76171875 1735
15339.4765625 1919
15404.6123046875 1933
15434.947265625 1955
15459.8232421875 2002
15460.39453125 2335
15462.228515625 2341
15478.7197265625 2565
15483.6103515625 2695
15491.326171875 2763
15496.603515625 2840
15499.052734375 2422
15504.1611328125 1020
15523.2705078125 640
15532.2646484375 59
15553.5771484375 177
15562.0302734375 191
15566.7822265625 575
15572.828125 687
15572.94140625 934
15597.8544921875 1119
15601.5302734375 1529
15624.771484375 1697
15641.931640625 1810
15658.169921875 1831
15658.2861328125 2354
15680.4765625 2528
15696.2353515625 2679
15699.916015625 2712
15703.1416015625 2747
15704.38671875 2809
15712.6982421875 2821
15732.79296875 2842
15754.38671875 2860
15759.833984375 2906
15761.03125 2994
15772.826171875 186
15788.4775390625 223
15823.6748046875 1594
15825.4140625 410
15828.5869140625 631
15830.1865234375 132
15835.5498046875 2576
15835.5498046875 1282
15844.79296875 488
15847.546875 869
15854.115234375 2059
15855.57421875 787
15866.3193359375 904
15890.541015625 137
15892.669921875 275
15920.29296875 328
15932.7998046875 333
15963.6220703125 392
15974.8134765625 407
15976.837890625 489
15982.53515625 680
15982.53515625 1022
16000.6796875 1290
16048.1826171875 1358
16052.0107421875 1607
16063.54296875 1653
16073.240234375 2024
16082.068359375 2184
16082.353515625 2221
16093.8759765625 2394
16100.4990234375 2427
16108.6220703125 2517
16112.716796875 2655
16121.455078125 2704
16125.513671875 2900
16138.4267578125 2946
16149.7490234375 459
16190.2109375 1408
16190.791015625 1339
16209.2734375 22
16218.5859375 45
16231.6455078125 300
16233.4501953125 812
16237.6142578125 922
16259.16796875 947
16261.6044921875 975
16278.0205078125 1001
16327.4140625 1095
16339.6982421875 1275
16344.705078125 1664
16352.595703125 1708
16355.7001953125 1763
16365.6376953125 1766
16373.677734375 1889
16422.7734375 2077
16440.74609375 2082
16448.130859375 2131
16456.84765625 2315
16476.83984375 2317
16483.546875 2409
16504.583984375 2608
16521.720703125 2616
16526.42578125 2649
16536.603515625 2819
16546.51171875 2862
16552.22265625 1164
16568.353515625 2213
16577.220703125 1050
16580.8515625 979
16590.447265625 1562
16625.603515625 1597
16632.9375 2334
16641.201171875 587
16677.6953125 630
16681.150390625 777
16683.8125 1012
16745.607421875 1064
16749.322265625 1082
16760.595703125 1462
16762.994140625 1501
16764.078125 1654
16773.908203125 1800
16777.205078125 2656
16792.533203125 2884
16806.134765625 1416
16810.341796875 1575
16810.361328125 2889
16828.375 445
16844.94921875 30
16847.953125 2484
16879.44921875 38
16881.5078125 40
16883.091796875 76
16887.92578125 77
16889.552734375 108
16893.259765625 164
16894.712890625 211
16899.296875 225
16903.32421875 376
16906.3984375 437
16912.791015625 510
16922.86328125 646
16952.0625 671
16961.751953125 738
16976.90625 770
16982.173828125 1434
17023.703125 1610
17023.875 1662
17046.650390625 1709
17048.078125 1998
17055.685546875 2166
17065.71484375 2220
17076.7734375 2238
17089.919921875 2255
17121.259765625 2345
17130.220703125 2510
17151.3671875 2581
17152.173828125 2607
17156.421875 2807
17165.443359375 1015
17184.0546875 1984
17218.662109375 1258
17270.611328125 2555
17296.037109375 1147
17297.021484375 865
17306.525390625 939
17335.841796875 1497
17357.8359375 2630
17369.93359375 2752
17372.9296875 457
17376.185546875 309
17392.0 316
17400.2265625 483
17409.861328125 484
17422.8515625 633
17436.08203125 1026
17441.818359375 1036
17445.9296875 1176
17453.95703125 1423
17463.892578125 1485
17469.92578125 1590
17470.8203125 1702
17478.458984375 1759
17483.595703125 1818
17485.40234375 1958
17489.251953125 1963
17512.619140625 1977
17527.783203125 2053
17557.3125 2056
17572.60546875 2125
17576.642578125 2304
17591.072265625 2356
17600.59375 2477
17619.68359375 2533
17634.1875 2732
17634.810546875 2948
17656.712890625 1601
17674.888671875 2256
17677.177734375 2104
17695.30078125 284
17751.8125 182
17755.404296875 916
17761.478515625 1667
17761.625 1852
17767.63671875 727
17772.3671875 2036
17778.9375 2772
17778.9375 130
17779.87890625 219
17796.900390625 394
17798.78515625 405
17808.087890625 634
17815.755859375 856
17815.84375 983
17841.421875 1117
17841.482421875 1386
17857.396484375 1791
17868.671875 1991
17870.560546875 2060
17872.310546875 2215
17877.75390625 2314
17906.240234375 2440
17907.755859375 2467
17908.1484375 2618
17930.30859375 2648
17942.421875 2694
17957.142578125 1772
17976.47265625 818
17993.271484375 2907
18015.58203125 660
18019.75390625 1168
18043.23046875 1145
18044.10546875 1476
18051.640625 1618
18054.513671875 655
18088.78515625 1592
18089.48828125 2120
18104.982421875 2557
18109.53515625 112
18130.17578125 350
18138.5703125 356
18141.232421875 448
18148.412109375 1500
18218.1953125 1526
18222.544921875 1587
18225.201171875 1881
18239.291015625 1943
18261.470703125 1962
18263.990234375 1995
18296.82421875 2075
18358.86328125 2118
18374.623046875 2309
18390.39453125 2418
18404.3984375 2516
18424.416015625 2588
18428.01171875 2605
18453.72265625 2623
18457.478515625 2937
18470.314453125 1005
18481.484375 110
18506.142578125 2360
18512.7734375 121
18517.02734375 1046
18528.71484375 298
18550.177734375 372
18564.05859375 492
18576.947265625 752
18579.8984375 838
18596.18359375 903
18604.662109375 1034
18624.138671875 1128
18662.734375 1187
18664.619140625 1437
18698.646484375 1488
18698.939453125 1534
18713.630859375 1657
18719.109375 1678
18733.248046875 1824
18738.375 1826
18739.390625 1941
18772.79296875 1997
18781.056640625 2318
18804.9375 2327
18805.607421875 2362
18821.177734375 2404
18848.896484375 2453
18870.619140625 2458
18896.20703125 2496
18897.943359375 2696
18899.078125 2722
18901.71484375 2796
18967.115234375 2584
18975.119140625 2872
18985.560546875 2589
18993.53515625 2135
19014.126953125 1802
19048.8125 1853
19055.0390625 1892
19079.318359375 1580
19086.82421875 25
19093.21875 72
19106.0234375 343
19142.541015625 710
19164.74609375 755
19176.48046875 885
19187.18359375 1683
19211.30859375 1776
19234.5859375 1972
19265.25390625 2047
19274.103515625 2138
19285.052734375 2185
19326.39453125 2344
19360.505859375 2545
19372.392578125 2573
19373.68359375 2855
19400.7265625 2159
19411.267578125 1067
19417.166015625 371
19417.419921875 243
19429.697265625 1301
19434.365234375 311
19445.69140625 426
19459.013671875 648
19464.61328125 720
19466.716796875 792
19488.173828125 940
19505.380859375 1006
19506.37109375 1032
19534.638671875 1160
19566.60546875 1189
19581.078125 2183
19596.119140625 2190
19614.29296875 2301
19638.19921875 1459
19644.171875 1649
19645.626953125 353
19656.21484375 2706
19684.9140625 1511
19687.919921875 1778
19695.6796875 329
19705.3125 731
19726.17578125 1400
19732.080078125 2070
19742.30078125 1480
19750.013671875 1714
19751.55859375 249
19774.78515625 94
19774.974609375 2823
19784.515625 471
19786.65234375 473
19789.001953125 747
19795.40625 915
19806.189453125 921
19810.158203125 993
19825.779296875 1072
19827.92578125 1415
19843.498046875 1541
19844.07421875 1746
19847.408203125 1949
19848.6328125 2079
19863.416015625 2219
19876.48046875 2258
19913.71875 2413
19927.828125 2628
19931.580078125 2828
19958.75 2903
19967.021484375 2996
19967.4921875 204
19974.318359375 1247
19977.986328125 1410
19989.326171875 1888
20006.8984375 1214
20010.666015625 1658
20027.681640625 2587
20029.359375 380
20033.455078125 688
20050.306640625 1761
20060.76171875 66
20082.689453125 127
20092.93359375 179
20097.08203125 855
20103.705078125 1198
20112.9453125 1250
20132.53515625 1507
20143.017578125 1558
20152.17578125 2007
20157.03515625 2092
20194.9453125 2231
20220.1875 2384
20230.68359375 2457
20246.2734375 2544
20276.556640625 2717
20278.03515625 2774
20280.734375 2794
20288.193359375 2909
20316.125 972
20320.021484375 1138
20320.33984375 1442
20324.15625 1137
20328.533203125 102
20351.501953125 667
20358.6953125 1935
20375.2421875 2352
20398.130859375 2887
20430.390625 427
20434.140625 1533
20457.8046875 170
20461.21484375 262
20479.630859375 306
20558.255859375 596
20562.748046875 805
20566.8515625 849
20584.041015625 850
20592.904296875 965
20593.501953125 976
20628.2265625 1058
20634.703125 1403
20654.048828125 1645
20668.068359375 1999
20681.568359375 2292
20696.9140625 2392
20723.16015625 2403
20748.498046875 2497
20780.203125 2524
20797.6796875 2601
20800.80859375 2652
20811.939453125 2657
20828.08203125 2761
20862.0234375 2839
20872.705078125 2939
20905.5625 2984
20910.712890625 1027
20915.013671875 622
20946.52734375 417
20956.484375 450
20957.87890625 690
20989.1875 969
21031.2890625 982
21057.169921875 1040
21074.41796875 1078
21085.9453125 1083
21123.525390625 1382
21128.982421875 1391
21128.982421875 1486
21163.400390625 1503
21165.908203125 1547
21290.07421875 1561
21301.86328125 1965
21339.3359375 2026
21345.1484375 2066
21355.09765625 2182
21363.80859375 2245
21393.091796875 2460
21415.37890625 2466
21483.69921875 2540
21495.662109375 2593
21580.33984375 2632
21633.908203125 2753
21647.41796875 2759
21649.013671875 2793
21656.943359375 2925
21684.56640625 2152
21691.484375 762
21693.853515625 2757
21709.9140625 37
21738.900390625 1624
21743.7734375 1271
21779.607421875 2370
21822.9609375 2895
21835.609375 2411
21855.685546875 67
21893.59765625 150
21960.0546875 171
21977.873046875 195
21997.998046875 363
22032.490234375 522
22058.935546875 657
22059.09765625 701
22090.767578125 760
22096.140625 811
22097.98046875 874
22112.765625 875
22154.8203125 1002
22166.81640625 1007
22260.076171875 1023
22290.177734375 1356
22309.958984375 1378
22343.421875 1489
22391.599609375 1629
22401.091796875 2721
22427.669921875 2032
22523.71484375 2259
22542.166015625 771
22563.439453125 1543
22578.802734375 2241
22609.03125 1964
22700.642578125 1625
22703.51953125 2693
22714.693359375 222
22763.724609375 258
22778.2734375 281
22821.064453125 506
22849.912109375 582
22859.90234375 724
22929.453125 879
22960.3671875 1003
23060.623046875 1171
23082.92578125 1182
23131.748046875 1588
23152.419921875 1685
23179.880859375 1758
23193.142578125 2300
23230.708984375 2310
23243.923828125 2705
23304.150390625 2845
23480.98828125 2916
23530.927734375 1811
23590.78125 2701
23657.4375 421
23693.0 1440
23696.25390625 2337
23728.13671875 2531
23780.26171875 18
23801.365234375 29
23861.46484375 31
23942.837890625 104
23970.7421875 274
24076.482421875 321
24101.33984375 370
24160.875 375
24175.505859375 562
24291.4609375 914
24345.443359375 944
24395.98828125 1672
24407.681640625 1684
24453.087890625 1825
24628.1171875 1846
24833.810546875 1960
24849.306640625 1976
24943.775390625 2006
25047.345703125 2319
25155.857421875 2405
25261.025390625 2550
25346.1484375 2606
25418.548828125 2768
25420.91015625 1081
25487.443359375 1780
25551.171875 16
25559.765625 28
25561.990234375 125
25788.060546875 212
25874.265625 265
26087.380859375 295
26133.005859375 360
26275.6796875 364
26310.1640625 937
26345.953125 1077
26517.888671875 1101
26579.001953125 1241
26651.71875 1243
26756.70703125 1307
27311.392578125 1343
27635.265625 1404
28547.556640625 1418
28646.1328125 1585
29109.376953125 1719
29321.52734375 1822
29476.0078125 2009
30010.1484375 2164
30238.33203125 2214
30466.5703125 2250
31087.123046875 2263
31389.98828125 2342
31566.8515625 2359
33552.6328125 2547
