4716.53125 1147
4828.04833984375 865
4908.28564453125 939
5207.53857421875 1497
5256.5380859375 2630
5351.2568359375 2752
5356.658203125 457
5387.927734375 309
5450.5244140625 316
5469.46533203125 483
5477.17431640625 484
5541.1806640625 633
5610.0888671875 1026
5668.970703125 1036
5686.51513671875 1176
5766.9033203125 1423
5789.19921875 1485
5795.8408203125 1590
5867.36474609375 1702
6004.20703125 1759
6042.30615234375 1818
6054.5107421875 1958
6064.18310546875 1963
6088.9697265625 1977
6119.03564453125 2053
6216.82763671875 2056
6318.71044921875 2125
6340.63134765625 2304
6348.4287109375 2356
6359.455078125 2477
6361.70654296875 2533
6374.2841796875 2732
6378.8466796875 2948
6446.490234375 1601
6459.5712890625 2256
6477.40185546875 2104
6538.8447265625 284
6562.41162109375 1446
6569.4775390625 87
6587.603515625 251
6603.58447265625 527
6667.10205078125 529
6711.65234375 625
6785.37890625 641
6826.10302734375 693
6845.78173828125 873
6893.4091796875 881
7081.68017578125 928
7090.25390625 1133
7176.04296875 1283
7182.8310546875 1318
7192.55908203125 1346
7248.20556640625 1417
7305.4990234375 1720
7313.03369140625 1987
7355.208984375 2226
7360.3701171875 2296
7400.412109375 2515
7401.94873046875 2572
7454.05615234375 2669
7495.7607421875 2728
7500.73681640625 2734
7515.7802734375 2746
7552.06396484375 2852
7595.26611328125 2866
7630.7861328125 2915
7639.5029296875 2949
7656.0634765625 377
7656.779296875 2281
7673.37158203125 160
7684.54150390625 1
7712.92822265625 425
7748.08447265625 446
7874.841796875 800
7894.74853515625 918
7907.89892578125 953
7934.6025390625 985
7937.15625 986
7943.2109375 1008
7959.7490234375 1043
7994.431640625 1270
7995.8056640625 1317
8013.2841796875 1435
8016.80419921875 1548
8020.88916015625 1606
8043.138671875 1661
8046.748046875 1712
8047.79443359375 2010
8102.0859375 2088
8105.84521484375 2365
8153.58984375 2410
8159.8671875 2414
8168.4052734375 2482
8185.37451171875 2560
8208.18359375 2781
8211.2724609375 2820
8220.5458984375 997
8225.33203125 1781
8244.150390625 81
8246.3681640625 229
8309.791015625 440
8321.419921875 548
8337.9267578125 611
8372.4951171875 826
8412.453125 834
8431.873046875 848
8433.2529296875 871
8434.5478515625 893
8440.82421875 1231
8460.3095703125 1256
8482.52734375 1315
8487.1015625 1458
8550.84765625 1550
8567.8095703125 1671
8605.53515625 1711
8616.25 1815
8618.826171875 1893
8690.8212890625 2312
8727.43359375 2324
8745.9208984375 2385
8753.0576171875 2447
8764.96484375 2562
8765.5283203125 2610
8780.5029296875 2622
8793.935546875 2853
8799.8564453125 2924
8843.8994140625 2927
8875.0634765625 2239
8884.072265625 1362
8884.08203125 1926
8924.9853515625 2997
8956.4541015625 254
8958.9873046875 388
8962.455078125 465
8963.80859375 498
9001.947265625 520
9043.919921875 962
9048.9375 981
9060.0615234375 1156
9066.208984375 1652
9077.4677734375 2205
9087.6962890625 2339
9122.54296875 2417
9122.54296875 2494
9157.44921875 2687
9168.783203125 1122
9180.294921875 1670
9210.46484375 264
9249.9794921875 2173
9261.3447265625 1646
9276.4765625 2396
9301.41796875 49
9301.41796875 189
9341.9287109375 261
9368.35546875 263
9376.65234375 430
9377.8037109375 831
9384.20703125 899
9425.5048828125 1123
9426.591796875 1169
9488.8212890625 1350
9489.01953125 1405
9544.044921875 1512
9557.548828125 1750
9563.6396484375 1769
9567.6591796875 1908
9574.2880859375 1966
9577.00390625 1982
9593.25 1993
9606.837890625 2094
9687.6015625 2126
9698.4931640625 2141
9737.5615234375 2171
9738.7890625 2174
9742.859375 2177
9746.513671875 2237
9768.5224609375 2367
9779.1630859375 2536
9785.400390625 2542
9794.435546875 2582
9821.6923828125 2675
9835.33203125 2703
9848.3916015625 1873
9851.857421875 2107
9856.578125 1281
9860.4375 455
9959.943359375 470
9980.95703125 902
9996.20703125 926
10028.4619140625 967
10031.97265625 1104
10034.546875 1225
10042.7080078125 1286
10059.9091796875 1506
10079.0712890625 1516
10096.408203125 1599
10096.6962890625 1779
10145.8720703125 1848
10162.2890625 1867
10163.3759765625 1883
10165.947265625 2063
10178.36328125 2210
10185.7666015625 2246
10186.3896484375 2285
10192.0009765625 2361
10210.59765625 2686
10236.28125 2700
10236.732421875 88
10253.2001953125 586
10257.1318359375 136
10275.1396484375 1471
10283.767578125 226
10285.712890625 296
10291.5546875 1197
10297.2919921875 1666
10336.3603515625 2511
10364.3232421875 101
10412.951171875 215
10438.568359375 549
10442.28515625 550
10443.142578125 573
10450.357421875 1136
10474.5830078125 1199
10477.7333984375 1530
10478.2021484375 1581
10502.955078125 1640
10504.2529296875 1688
10514.814453125 1968
10557.244140625 2526
10586.125 2571
10592.33984375 2983
10595.9052734375 1787
10610.9560546875 602
10617.5546875 1146
10636.3740234375 253
10642.2109375 342
10654.853515625 843
10659.259765625 1233
10663.5126953125 1335
10680.6865234375 1394
10683.98046875 1737
10692.310546875 1784
10693.009765625 1950
10693.1337890625 2025
10698.8603515625 2473
10702.564453125 2518
10704.7138671875 999
10706.0302734375 1056
10709.2783203125 1900
10731.1689453125 1304
10745.83984375 1326
10746.4638671875 2967
10747.9384765625 1329
10750.87890625 50
10795.515625 318
10798.3828125 389
10834.4033203125 478
10851.9814453125 491
10866.0478515625 580
10892.6845703125 599
10899.4619140625 890
10923.8974609375 896
10925.322265625 909
10933.5703125 919
10956.8486328125 995
10971.6025390625 1273
10980.2080078125 1342
10982.3701171875 1430
11015.16796875 1495
11019.06640625 1568
11024.5673828125 1583
11028.16015625 1764
11046.037109375 1774
11057.0185546875 2065
11065.3056640625 2117
11078.1982421875 2181
11101.2548828125 2268
11103.49609375 2465
11120.8837890625 2664
11141.9423828125 2760
11176.5546875 2764
11181.69921875 2938
11182.9892578125 2943
11186.826171875 1860
11218.220703125 2880
11219.0234375 1333
11267.1376953125 2631
11297.9267578125 146
11312.15625 1538
11314.994140625 21
11342.611328125 34
11373.828125 200
11381.9609375 288
11386.396484375 336
11396.501953125 385
11413.767578125 517
11425.2763671875 546
11433.11328125 609
11449.3935546875 614
11451.359375 683
11460.958984375 686
11462.775390625 769
11467.65234375 1097
11471.568359375 1221
11481.8798828125 1322
11496.89453125 1359
11499.78515625 1376
11501.39453125 1686
11505.6689453125 1854
11542.478515625 2513
11556.9814453125 2553
11558.5126953125 2650
11583.2890625 2672
11587.38671875 2911
11590.892578125 78
11642.5185546875 2713
11658.619140625 2800
11660.962890625 2651
11671.9287109375 2970
11674.0283203125 1045
11678.650390625 1068
11703.5859375 2078
11704.34765625 884
11710.6640625 886
11714.21484375 1028
11717.8671875 1845
11719.5859375 1932
11748.3505859375 2489
11749.462890625 90
11752.1455078125 153
11755.521484375 240
11760.2470703125 256
11762.4111328125 531
11777.4853515625 644
11792.6240234375 706
11792.7275390625 775
11793.7265625 1163
11817.0087890625 1483
11817.4326171875 2114
11831.53125 2379
11836.25390625 2424
11847.140625 2433
11854.728515625 2435
11858.701171875 2442
11867.2138671875 2683
11871.2041015625 2811
11872.388671875 2176
11891.74609375 169
11935.478515625 2207
11962.658203125 1144
11971.5830078125 2180
11999.087890625 73
12004.607421875 663
12006.4658203125 677
12010.19140625 756
12013.5908203125 925
12035.689453125 927
12070.826171875 946
12073.0400390625 996
12078.02734375 1141
12093.3505859375 1202
12104.9345703125 1251
12117.9130859375 1457
12131.03515625 1502
12134.92578125 1591
12142.98046875 1733
12145.6982421875 1735
12160.517578125 1919
12166.92578125 1933
12168.53515625 1955
12168.6416015625 2002
12170.5849609375 2335
12182.4716796875 2341
12187.6025390625 2565
12193.62890625 2695
12194.6298828125 2763
12207.490234375 2840
12223.046875 2422
12229.494140625 1020
12244.8466796875 640
12249.2568359375 59
12289.2431640625 177
12316.048828125 191
12337.6064453125 575
12372.119140625 687
12391.8349609375 934
12392.1708984375 1119
12415.865234375 1529
12418.32421875 1697
12429.822265625 1810
12466.65625 1831
12490.4404296875 2354
12497.2607421875 2528
12510.1513671875 2679
12518.7607421875 2712
12528.6875 2747
12541.486328125 2809
12548.978515625 2821
12550.1064453125 2842
12565.3173828125 2860
12595.66796875 2906
12596.1435546875 2994
12619.0654296875 186
12628.0732421875 223
12640.544921875 1594
12642.357421875 410
12648.93359375 631
12650.59375 132
12657.986328125 2576
12673.1875 1282
12673.580078125 488
12699.3369140625 869
12719.0537109375 2059
12722.3818359375 787
12726.8193359375 904
12735.4638671875 137
12736.8818359375 275
12738.30859375 328
12750.640625 333
12754.279296875 392
12771.9404296875 407
12778.671875 489
12790.576171875 680
12794.7705078125 1022
12798.09765625 1290
12801.8095703125 1358
12805.3095703125 1607
12835.806640625 1653
12861.826171875 2024
12866.1396484375 2184
12879.095703125 2221
12898.841796875 2394
12899.607421875 2427
12914.8369140625 2517
12915.4248046875 2655
12927.4287109375 2704
12934.904296875 2900
12949.5693359375 2946
12952.4921875 459
12959.634765625 1408
12963.4453125 1339
12983.951171875 22
12984.3095703125 45
13009.3603515625 300
13017.7587890625 812
13025.4873046875 922
13034.767578125 947
13038.9873046875 975
13048.666015625 1001
13143.0439453125 1095
13152.171875 1275
13154.8271484375 1664
13155.1171875 1708
13196.7294921875 1763
13199.5029296875 1766
13208.4697265625 1889
13209.2001953125 2077
13221.9912109375 2082
13235.11328125 2131
13245.974609375 2315
13259.662109375 2317
13261.7236328125 2409
13265.7060546875 2608
13277.970703125 2616
13281.3681640625 2649
13300.0234375 2819
13305.314453125 2862
13320.0703125 1164
13321.9345703125 2213
13329.7734375 1050
13340.9140625 979
13357.6025390625 1562
13363.6083984375 1597
13365.2998046875 2334
13381.0556640625 587
13381.80859375 630
13390.822265625 777
13391.603515625 1012
13394.7119140625 1064
13409.1845703125 1082
13415.9267578125 1462
13430.802734375 1501
13436.73046875 1654
13440.7099609375 1800
13450.119140625 2656
13462.56640625 2884
13473.396484375 1416
13498.0908203125 1575
13509.138671875 2889
13537.76171875 445
13542.955078125 30
13580.859375 2484
13612.533203125 38
13620.5947265625 40
13671.98046875 76
13681.4521484375 77
13698.6708984375 108
13701.671875 164
13702.8740234375 211
13713.3046875 225
13719.8095703125 376
13741.2470703125 437
13741.640625 510
13745.17578125 646
13749.66796875 671
13752.388671875 738
13759.939453125 770
13779.7080078125 1434
13784.3779296875 1610
13791.1005859375 1662
13796.3427734375 1709
13796.3427734375 1998
13796.5126953125 2166
13805.142578125 2220
13815.525390625 2238
13842.94140625 2255
13849.33984375 2345
13850.154296875 2510
13854.287109375 2581
13857.802734375 2607
13901.125 2807
13902.2421875 1015
13916.4375 1984
13952.84375 1258
13958.810546875 2555
13959.56640625 182
13969.6865234375 916
13977.365234375 1667
13977.8330078125 1852
13978.2890625 727
13980.8779296875 2036
13987.263671875 2772
13997.8955078125 130
13998.67578125 219
14024.69921875 394
14025.486328125 405
14030.0234375 634
14030.0859375 856
14030.0859375 983
14040.48828125 1117
14049.6845703125 1386
14049.6845703125 1791
14054.62890625 1991
14063.3427734375 2060
14078.37109375 2215
14089.1396484375 2314
14093.97265625 2440
14124.55859375 2467
14125.6201171875 2618
14145.236328125 2648
14161.783203125 2694
14165.029296875 1772
14169.53125 818
14171.298828125 2907
14180.154296875 660
14184.3251953125 1168
14192.3203125 1145
14229.263671875 1476
14232.884765625 1618
14233.287109375 655
14276.677734375 1592
14295.0576171875 2120
14335.587890625 2557
14358.384765625 112
14376.3642578125 350
14379.2822265625 356
14400.83984375 448
14402.91015625 1500
14416.541015625 1526
14432.78515625 1587
14433.6064453125 1881
14438.625 1943
14445.8798828125 1962
14463.1005859375 1995
14477.9697265625 2075
14520.7431640625 2118
14531.61328125 2309
14554.3486328125 2418
14565.3759765625 2516
14566.318359375 2588
14569.453125 2605
14579.650390625 2623
14589.15625 2937
14601.193359375 1005
14610.251953125 110
14615.669921875 2360
14632.314453125 121
14641.5712890625 1046
14646.7998046875 298
14652.794921875 372
14676.146484375 492
14686.439453125 752
14697.1455078125 838
14698.70703125 903
14699.3017578125 1034
14716.07421875 1128
14719.3671875 1187
14726.205078125 1437
14726.7763671875 1488
14748.70703125 1534
14794.232421875 1657
14810.8466796875 1678
14813.8603515625 1824
14815.740234375 1826
14836.041015625 1941
14855.4755859375 1997
14865.943359375 2318
14889.95703125 2327
14904.78515625 2362
14905.3662109375 2404
14913.583984375 2453
14914.2890625 2458
14957.41015625 2496
14957.830078125 2696
14967.0634765625 2722
14982.2314453125 2796
15007.83984375 2584
15016.232421875 2872
15016.232421875 2589
15024.0048828125 2135
15046.3837890625 1802
15046.75390625 1853
15060.8251953125 1892
15065.9521484375 1580
15071.232421875 25
15116.490234375 72
15132.498046875 343
15142.517578125 710
15168.390625 755
15170.0 885
15193.3076171875 1683
15204.400390625 1776
15208.53515625 1972
15281.4287109375 2047
15308.6494140625 2138
15319.1181640625 2185
15324.71484375 2344
15328.61328125 2545
15329.36328125 2573
15330.7421875 2855
15332.1494140625 2159
15343.6669921875 1067
15353.4560546875 371
15363.18359375 243
15399.1015625 1301
15410.7099609375 311
15436.1630859375 426
15460.3046875 648
15502.845703125 720
15527.8955078125 792
15600.732421875 940
15600.861328125 1006
15601.7314453125 1032
15604.337890625 1160
15607.38671875 1189
15635.1015625 2183
15639.48828125 2190
15692.4716796875 2301
15718.87109375 1459
15725.79296875 1649
15739.2978515625 353
15760.41015625 2706
15765.0986328125 1511
15785.28515625 1778
15807.341796875 329
15877.8115234375 731
15878.0419921875 1400
15888.6943359375 2070
15888.791015625 1480
15890.236328125 1714
15894.0654296875 249
15905.76171875 94
15921.7197265625 2823
15923.162109375 471
15933.744140625 473
15959.4375 747
15978.8125 915
15984.919921875 921
15990.419921875 993
16007.271484375 1072
16080.95703125 1415
16103.6279296875 1541
16108.85546875 1746
16110.7568359375 1949
16114.78125 2079
16116.9736328125 2219
16161.431640625 2258
16178.353515625 2413
16207.826171875 2628
16232.3271484375 2828
16235.1640625 2903
16240.798828125 2996
16279.0244140625 204
16283.0859375 1247
16291.1318359375 1410
16291.6220703125 1888
16334.6015625 1214
16370.162109375 1658
16385.205078125 2587
16414.59375 380
16421.359375 688
16427.810546875 1761
16438.421875 66
16443.40625 127
16456.39453125 179
16478.96875 855
16487.634765625 1198
16508.5625 1250
16551.416015625 1507
16561.994140625 1558
16580.01953125 2007
16587.890625 2092
16605.494140625 2231
16654.744140625 2384
16682.87890625 2457
16695.66796875 2544
16717.3984375 2717
16764.861328125 2774
16770.16015625 2794
16801.919921875 2909
16804.037109375 972
16819.970703125 1138
16847.42578125 1442
16856.7734375 1137
16893.5390625 102
16896.873046875 667
16959.6640625 1935
17028.173828125 2352
17066.654296875 2887
17099.935546875 427
17115.080078125 1533
17118.416015625 170
17137.630859375 262
17233.041015625 306
17251.587890625 596
17266.548828125 805
17269.44921875 849
17282.79296875 850
17289.15625 965
17443.64453125 976
17475.458984375 1058
17483.84375 1403
17524.587890625 1645
17528.45703125 1999
17579.53125 2292
17588.8671875 2392
17612.75390625 2403
17642.5859375 2497
17653.51171875 2524
17655.21875 2601
17671.27734375 2652
17734.17578125 2657
17737.90625 2761
17747.43359375 2839
17832.62109375 2939
17853.896484375 2984
17858.0859375 1027
17879.69921875 622
17890.51171875 417
17944.3828125 450
17951.80859375 690
18004.642578125 969
18037.240234375 982
18091.14453125 1040
18131.775390625 1078
18187.8046875 1083
18253.59765625 1382
18255.966796875 1391
18398.10546875 1486
18406.341796875 1503
18414.873046875 1547
18427.337890625 1561
18470.388671875 1965
18509.048828125 2026
18511.1015625 2066
18565.62890625 2182
18671.818359375 2245
18706.662109375 2460
18716.23828125 2466
18718.88671875 2540
18910.23828125 2593
18970.169921875 2632
19061.8515625 2753
19115.443359375 2759
19154.32421875 2793
19157.0 2925
19162.99609375 2152
19195.697265625 762
19220.5078125 2757
19226.888671875 37
19242.380859375 1624
19395.634765625 1271
19406.072265625 2370
19501.013671875 2895
19576.166015625 2411
19621.73046875 67
19631.404296875 150
19687.93359375 171
19777.59765625 195
19784.3125 363
19828.037109375 522
19842.91796875 657
19850.58984375 701
19857.509765625 760
19950.02734375 811
19956.091796875 874
20025.041015625 875
20037.404296875 1002
20068.353515625 1007
20086.8203125 1023
20129.5546875 1356
20147.732421875 1378
20201.46484375 1489
20204.228515625 1629
20205.25 2721
20229.17578125 2032
20242.18359375 2259
20273.25390625 771
20360.798828125 1543
20462.10546875 2241
20470.359375 1964
20501.91015625 1625
20655.662109375 2693
20775.38671875 222
20780.36328125 258
20962.365234375 281
21092.697265625 506
21107.947265625 582
21124.185546875 724
21125.49609375 879
21149.673828125 1003
21177.1796875 1171
21240.509765625 1182
21268.822265625 1588
21324.31640625 1685
21348.10546875 1758
21433.0625 2300
21556.1015625 2310
21590.90625 2705
21594.8671875 2845
21702.654296875 2916
21708.53125 1811
21740.888671875 2701
21779.662109375 421
21795.66015625 1440
21796.541015625 2337
21831.3984375 2531
21833.2734375 18
21871.462890625 29
21935.48828125 31
21986.38671875 104
22009.666015625 274
22009.68359375 321
22096.681640625 370
22192.443359375 375
22258.01171875 562
22351.107421875 914
22488.681640625 944
22673.900390625 1672
22693.11328125 1684
22726.775390625 1825
22739.275390625 1846
22975.109375 1960
22995.21484375 1976
23053.73828125 2006
23087.4765625 2319
23131.837890625 2405
23546.34765625 2550
23551.6953125 2606
23680.8203125 2768
23687.603515625 1081
23700.162109375 1780
23814.24609375 16
24029.837890625 28
24077.423828125 125
24347.646484375 212
24395.869140625 265
24619.7421875 295
24691.78515625 360
24722.796875 364
24781.9765625 937
24876.314453125 1077
25045.755859375 1101
25092.708984375 1241
25173.5390625 1243
25242.427734375 1307
25451.83203125 1343
25451.83203125 1404
25584.431640625 1418
26027.25 1585
26815.330078125 1719
27412.40625 1822
27518.505859375 2009
28082.564453125 2164
29512.47265625 2214
30608.94921875 2250
32238.36328125 2263
33242.38671875 2342
33252.7890625 2359
33418.8984375 2547
