4306.14501953125 1050
4611.2783203125 979
4685.0234375 1562
4717.75537109375 1597
4743.1396484375 2334
4908.0859375 587
4962.42041015625 630
5060.52587890625 777
5143.7548828125 1012
5274.4189453125 1064
5293.50830078125 1082
5405.83984375 1462
5421.53125 1501
5428.88720703125 1654
5477.06396484375 1800
5509.482421875 2656
5536.37060546875 2884
5601.43505859375 1416
5623.2021484375 1446
5633.583984375 87
5671.6142578125 251
5710.802734375 527
5776.8798828125 529
5796.68798828125 625
5828.6787109375 641
5897.6826171875 693
5937.19482421875 873
6011.083984375 881
6060.783203125 928
6115.43798828125 1133
6134.6005859375 1283
6136.3427734375 1318
6138.66650390625 1346
6144.4306640625 1417
6194.0634765625 1720
6194.70849609375 1987
6350.2626953125 2226
6369.8056640625 2296
6401.7568359375 2515
6403.45068359375 2572
6475.896484375 2669
6495.26708984375 2728
6496.2490234375 2734
6514.4482421875 2746
6523.90966796875 2852
6611.71826171875 2866
6617.8046875 2915
6737.8603515625 2949
6739.5478515625 377
6754.68359375 2281
6760.70751953125 160
6767.14306640625 1
6771.619140625 425
6782.43603515625 446
6825.58544921875 800
6829.5302734375 918
6835.54931640625 953
6897.7646484375 985
6901.1064453125 986
6939.5302734375 1008
6943.220703125 1043
6961.4443359375 1270
6972.1337890625 1317
7052.7646484375 1435
7057.25 1548
7064.826171875 1606
7097.27001953125 1661
7115.533203125 1712
7132.6064453125 2010
7198.90087890625 2088
7204.2470703125 2365
7227.921875 2410
7248.07373046875 2414
7312.92578125 2482
7348.34130859375 2560
7350.2529296875 2781
7353.53857421875 2820
7360.734375 997
7401.705078125 1781
7405.62646484375 81
7413.5048828125 229
7417.5546875 440
7419.0537109375 548
7441.189453125 611
7443.67626953125 826
7467.2919921875 834
7480.330078125 848
7489.1103515625 871
7511.1005859375 893
7537.267578125 1231
7564.1142578125 1256
7589.4638671875 1315
7629.2802734375 1458
7629.6787109375 1550
7629.73046875 1671
7630.61328125 1711
7651.060546875 1815
7682.02734375 1893
7694.88818359375 2312
7713.587890625 2324
7736.28271484375 2385
7756.9833984375 2447
7757.2978515625 2562
7766.4111328125 2610
7779.24267578125 2622
7791.12646484375 2853
7797.48095703125 2924
7828.224609375 2927
7901.52978515625 2239
7940.357421875 1362
7942.5078125 1926
7952.060546875 2997
7957.59765625 254
7977.7509765625 388
8027.318359375 465
8027.318359375 498
8057.71337890625 520
8072.44921875 962
8128.25537109375 981
8146.79833984375 1156
8163.4853515625 1652
8166.8564453125 2205
8170.0712890625 2339
8170.935546875 2417
8234.77734375 2494
8239.3203125 2687
8297.7421875 1122
8323.1552734375 1670
8331.98828125 264
8342.076171875 2173
8353.287109375 1646
8383.66796875 2396
8412.1572265625 49
8416.794921875 189
8418.404296875 261
8425.0810546875 263
8434.4326171875 430
8438.541015625 831
8452.8564453125 899
8464.6044921875 1123
8501.3232421875 1169
8521.9541015625 1350
8528.6455078125 1405
8542.20703125 1512
8557.28515625 1750
8586.9814453125 1769
8602.50390625 1908
8615.015625 1966
8631.1162109375 1982
8669.9892578125 1993
8671.4814453125 2094
8711.5205078125 2126
8723.841796875 2141
8778.6455078125 2171
8791.8505859375 2174
8793.2646484375 2177
8836.345703125 2237
8854.7646484375 2367
8868.919921875 2536
8894.1923828125 2542
8901.4619140625 2582
8906.95703125 2675
8915.259765625 2703
8915.599609375 1873
8916.080078125 2107
8954.9130859375 1281
8958.88671875 455
8966.5068359375 470
8990.4033203125 902
9051.14453125 926
9064.076171875 967
9077.5263671875 1104
9094.31640625 1225
9108.7783203125 1286
9115.7607421875 1506
9117.634765625 1516
9167.38671875 1599
9170.0615234375 1779
9218.291015625 1848
9232.7333984375 1867
9245.212890625 1883
9264.455078125 2063
9270.9365234375 2210
9284.296875 2246
9332.3369140625 2285
9333.9169921875 2361
9366.09765625 2686
9385.3671875 2700
9402.4423828125 88
9425.609375 586
9435.0654296875 136
9453.388671875 1471
9505.865234375 226
9506.458984375 296
9517.396484375 1197
9520.4853515625 1666
9533.017578125 2511
9545.6259765625 101
9548.9931640625 215
9602.8662109375 549
9607.9541015625 550
9626.59375 573
9634.9833984375 1136
9638.544921875 1199
9674.658203125 1530
9729.66015625 1581
9743.58203125 1640
9817.0830078125 1688
9825.263671875 1968
9891.2998046875 2526
9903.001953125 2571
9940.583984375 2983
9949.6552734375 1787
9969.51953125 602
9973.19140625 1146
10002.2578125 253
10003.8603515625 342
10022.361328125 843
10046.259765625 1233
10066.2822265625 1335
10071.4404296875 1394
10111.0263671875 1737
10116.421875 1784
10121.1640625 1950
10128.044921875 2025
10156.2001953125 2473
10161.7265625 2518
10162.095703125 999
10169.7109375 1056
10189.9013671875 1900
10212.3974609375 1304
10221.3203125 1326
10234.0810546875 2967
10251.6552734375 1329
10324.6337890625 50
10350.56640625 318
10362.650390625 389
10368.62109375 478
10372.3935546875 491
10426.681640625 580
10434.404296875 599
10435.4580078125 890
10441.5498046875 896
10454.037109375 909
10456.4970703125 919
10478.052734375 995
10505.1142578125 1273
10529.421875 1342
10530.0400390625 1430
10609.39453125 1495
10619.6572265625 1568
10639.86328125 1583
10676.126953125 1764
10676.541015625 1774
10680.720703125 2065
10681.98828125 2117
10692.96484375 2181
10706.525390625 2268
10748.8505859375 2465
10809.89453125 2664
10811.8330078125 2760
10834.408203125 2764
10856.16796875 2938
10857.86328125 2943
10857.86328125 1860
10891.337890625 2880
10894.298828125 1333
10941.908203125 2631
11010.4296875 146
11025.9609375 1538
11040.505859375 21
11052.216796875 34
11086.4306640625 200
11134.5205078125 288
11143.619140625 336
11155.76953125 385
11185.4345703125 517
11192.6171875 546
11205.1552734375 609
11216.48046875 614
11237.45703125 683
11241.86328125 686
11242.1474609375 769
11282.462890625 1097
11307.5576171875 1221
11314.40234375 1322
11347.361328125 1359
11371.1494140625 1376
11396.326171875 1686
11460.400390625 1854
11471.0205078125 2513
11475.259765625 2553
11581.65234375 2650
11629.876953125 2672
11642.96875 2911
11650.3193359375 78
11671.0625 2713
11715.482421875 2800
11743.1162109375 2651
11749.5537109375 2970
11758.501953125 1045
11763.087890625 1068
11930.9580078125 2078
11958.2470703125 884
11965.1171875 886
11971.6923828125 1028
11987.419921875 1845
11989.4150390625 1932
11996.7939453125 2489
12003.703125 90
12045.2099609375 153
12077.224609375 240
12109.14453125 256
12119.3681640625 531
12139.927734375 644
12145.095703125 706
12193.2421875 775
12196.216796875 1163
12198.0986328125 1483
12204.7666015625 2114
12205.6328125 2379
12242.3076171875 2424
12250.0087890625 2433
12252.974609375 2435
12263.8349609375 2442
12274.365234375 2683
12275.01171875 2811
12283.515625 2176
12328.79296875 169
12335.05859375 2207
12364.8984375 1144
12395.751953125 2180
12411.8896484375 73
12416.4892578125 663
12446.666015625 677
12517.3984375 756
12522.4921875 925
12524.3984375 927
12527.4248046875 946
12537.7978515625 996
12550.60546875 1141
12587.41015625 1202
12610.4033203125 1251
12610.43359375 1457
12611.6220703125 1502
12629.0439453125 1591
12676.98828125 1733
12718.8232421875 1735
12748.4130859375 1919
12767.03515625 1933
12770.1474609375 1955
12791.580078125 2002
12802.9287109375 2335
12804.6025390625 2341
12821.109375 2565
12906.330078125 2695
12932.20703125 2763
12948.365234375 2840
12954.537109375 2422
13000.90625 1020
13005.853515625 640
13014.615234375 59
13036.0087890625 177
13037.2021484375 191
13041.447265625 575
13045.7216796875 687
13049.96484375 934
13072.306640625 1119
13088.7470703125 1529
13092.5283203125 1697
13118.9677734375 1810
13131.1318359375 1831
13158.060546875 2354
13169.62109375 2528
13174.8095703125 2679
13239.7998046875 2712
13246.5302734375 2747
13259.6826171875 2809
13265.416015625 2821
13301.6953125 2842
13328.623046875 2860
13342.087890625 2906
13346.74609375 2994
13351.5830078125 186
13392.751953125 223
13397.66015625 1594
13406.015625 410
13440.1279296875 631
13473.8212890625 132
13506.341796875 2576
13511.1162109375 1282
13519.6064453125 488
13525.2578125 869
13536.953125 2059
13589.833984375 787
13591.0068359375 904
13592.892578125 137
13592.9208984375 275
13611.501953125 328
13637.3330078125 333
13653.3876953125 392
13660.724609375 407
13672.1767578125 489
13693.28515625 680
13733.2158203125 1022
13736.51171875 1290
13752.779296875 1358
13753.169921875 1607
13785.5068359375 1653
13808.6630859375 2024
13871.275390625 2184
13909.173828125 2221
13911.236328125 2394
13913.9013671875 2427
13919.548828125 2517
13929.470703125 2655
13977.63671875 2704
14031.259765625 2900
14048.537109375 2946
14074.33203125 459
14101.0439453125 1408
14143.3720703125 1339
14153.9111328125 22
14206.390625 45
14210.6171875 300
14235.2734375 812
14250.6806640625 922
14255.63671875 947
14257.5205078125 975
14260.76171875 1001
14267.2265625 1095
14321.5908203125 1275
14336.8330078125 1664
14336.8330078125 1708
14343.0234375 1763
14349.3955078125 1766
14359.154296875 1889
14364.7900390625 2077
14390.1337890625 2082
14415.05859375 2131
14422.376953125 2315
14456.4541015625 2317
14489.73828125 2409
14492.94921875 2608
14504.80078125 2616
14588.3515625 2649
14601.333984375 2819
14631.81640625 2862
14645.1240234375 1164
14651.794921875 2213
14661.7021484375 1575
14704.900390625 2889
14731.384765625 445
14746.611328125 30
14781.0341796875 2484
14785.1787109375 38
14800.2724609375 40
14806.3271484375 76
14828.1630859375 77
14898.1572265625 108
14937.537109375 164
14966.7841796875 211
14968.0390625 225
15028.7255859375 376
15056.6572265625 437
15066.0556640625 510
15081.5 646
15114.201171875 671
15136.392578125 738
15136.392578125 770
15145.439453125 1434
15200.591796875 1610
15209.7685546875 1662
15212.39453125 1709
15220.0234375 1998
15221.052734375 2166
15234.087890625 2220
15284.8486328125 2238
15293.0908203125 2255
15299.458984375 2345
15341.5625 2510
15352.619140625 2581
15352.619140625 2607
15373.91015625 2807
15394.5224609375 1015
15424.1748046875 1984
15426.2138671875 1258
15433.8525390625 2555
15467.90625 1147
15489.4560546875 865
15495.81640625 939
15536.6640625 1497
15573.8623046875 2630
15587.74609375 2752
15604.4072265625 457
15638.3662109375 309
15648.974609375 316
15701.212890625 483
15721.3017578125 484
15747.4580078125 633
15749.533203125 1026
15758.9482421875 1036
15787.3642578125 1176
15825.4931640625 1423
15829.0859375 1485
15840.8759765625 1590
15857.3330078125 1702
15912.779296875 1759
15916.119140625 1818
15919.1611328125 1958
15934.46484375 1963
15959.31640625 1977
15959.931640625 2053
15981.4248046875 2056
15992.8876953125 2125
16073.9755859375 2304
16119.380859375 2356
16143.1416015625 2477
16153.236328125 2533
16164.689453125 2732
16174.0703125 2948
16181.34375 1601
16181.91796875 2256
16219.3115234375 2104
16238.3828125 284
16238.6845703125 182
16265.095703125 916
16339.064453125 1667
16359.7880859375 1852
16379.2822265625 727
16444.8515625 2036
16462.64453125 2772
16509.87109375 130
16520.873046875 219
16546.7578125 394
16585.4375 405
16638.916015625 634
16653.939453125 856
16659.712890625 983
16677.248046875 1117
16700.7578125 1386
16731.24609375 1791
16745.16015625 1991
16751.6484375 2060
16803.80078125 2215
16807.287109375 2314
16807.640625 2440
16810.51953125 2467
16811.861328125 2618
16829.974609375 2648
16834.4140625 2694
16871.482421875 1772
16936.228515625 818
16937.607421875 2907
16958.751953125 660
16971.37109375 1168
16987.708984375 1145
17045.46875 1476
17052.484375 1618
17074.80078125 655
17121.85546875 1592
17128.609375 2120
17164.41015625 2557
17170.771484375 112
17185.16796875 350
17194.708984375 356
17205.611328125 448
17226.732421875 1500
17237.4375 1526
17269.236328125 1587
17272.923828125 1881
17282.787109375 1943
17296.244140625 1962
17316.193359375 1995
17322.6484375 2075
17327.658203125 2118
17385.751953125 2309
17466.8359375 2418
17501.548828125 2516
17511.09765625 2588
17540.91796875 2605
17548.888671875 2623
17585.482421875 2937
17596.115234375 1005
17608.49609375 110
17632.1796875 2360
17650.12890625 121
17650.599609375 1046
17653.78515625 298
17683.966796875 372
17729.216796875 492
17811.82421875 752
17836.220703125 838
17858.8828125 903
17872.126953125 1034
17894.83984375 1128
17898.373046875 1187
18022.951171875 1437
18031.041015625 1488
18043.103515625 1534
18043.32421875 1657
18060.228515625 1678
18067.087890625 1824
18078.9765625 1826
18098.3671875 1941
18102.1953125 1997
18117.66796875 2318
18132.310546875 2327
18132.416015625 2362
18139.90625 2404
18149.638671875 2453
18165.42578125 2458
18169.525390625 2496
18170.5703125 2696
18186.408203125 2722
18191.435546875 2796
18202.16015625 2584
18232.126953125 2872
18242.724609375 2589
18244.697265625 2135
18252.78515625 1802
18265.0390625 1853
18276.169921875 1892
18283.0703125 1580
18350.2421875 25
18361.56640625 72
18378.591796875 343
18402.876953125 710
18420.884765625 755
18450.4921875 885
18503.951171875 1683
18506.7421875 1776
18510.275390625 1972
18514.3046875 2047
18520.60546875 2138
18549.357421875 2185
18563.46875 2344
18616.55859375 2545
18657.287109375 2573
18660.953125 2855
18667.9296875 2159
18676.513671875 1067
18680.046875 371
18708.515625 243
18748.66015625 1301
18900.68359375 311
18916.30859375 426
18931.958984375 648
18951.83984375 720
18959.599609375 792
18993.548828125 940
19006.189453125 1006
19008.232421875 1032
19048.484375 1160
19073.4921875 1189
19127.00390625 2183
19135.79296875 2190
19171.67578125 2301
19195.90625 1459
19210.861328125 1649
19251.78515625 353
19321.1953125 2706
19325.38671875 1511
19328.953125 1778
19341.05859375 329
19344.5859375 731
19352.126953125 1400
19363.48828125 2070
19433.7734375 1480
19488.185546875 1714
19530.56640625 249
19548.779296875 94
19568.052734375 2823
19594.82421875 471
19602.16015625 473
19616.12109375 747
19650.85546875 915
19739.15234375 921
19757.109375 993
19758.169921875 1072
19761.716796875 1415
19768.7109375 1541
19777.0234375 1746
19827.291015625 1949
19831.82421875 2079
19854.25 2219
19882.048828125 2258
19957.37890625 2413
19967.337890625 2628
19971.6640625 2828
19977.34765625 2903
19986.412109375 2996
20002.0546875 204
20018.478515625 1247
20030.5078125 1410
20037.01953125 1888
20046.619140625 1214
20050.533203125 1658
20084.552734375 2587
20121.359375 380
20162.216796875 688
20177.66796875 1761
20191.025390625 66
20275.48046875 127
20283.87109375 179
20287.26171875 855
20287.87109375 1198
20306.337890625 1250
20308.158203125 1507
20344.595703125 1558
20364.2734375 2007
20374.54296875 2092
20401.50390625 2231
20414.8203125 2384
20419.5625 2457
20428.01953125 2544
20429.935546875 2717
20448.009765625 2774
20470.87890625 2794
20488.41015625 2909
20508.642578125 972
20538.3046875 1138
20562.6171875 1442
20575.115234375 1137
20638.220703125 102
20664.216796875 667
20678.08203125 1935
20686.869140625 2352
20718.001953125 2887
20718.001953125 427
20745.025390625 1533
20784.748046875 170
20801.21484375 262
20808.353515625 306
20817.05078125 596
20818.1796875 805
20823.087890625 849
20846.54296875 850
20852.794921875 965
20856.044921875 976
20858.630859375 1058
20931.880859375 1403
20957.048828125 1645
20968.150390625 1999
20970.873046875 2292
21025.9765625 2392
21043.77734375 2403
21050.408203125 2497
21063.392578125 2524
21067.1171875 2601
21086.072265625 2652
21133.98828125 2657
21143.533203125 2761
21145.150390625 2839
21150.296875 2939
21242.296875 2984
21246.244140625 1027
21269.896484375 622
21276.9140625 417
21285.16796875 450
21370.50390625 690
21431.400390625 969
21448.478515625 982
21452.859375 1040
21477.958984375 1078
21490.91015625 1083
21498.119140625 1382
21519.259765625 1391
21534.859375 1486
21576.541015625 1503
21578.26171875 1547
21600.025390625 1561
21617.04296875 1965
21622.8515625 2026
21635.177734375 2066
21673.1484375 2182
21682.212890625 2245
21746.376953125 2460
21806.4609375 2466
21811.298828125 2540
21820.423828125 2593
21825.626953125 2632
21830.76953125 2753
21850.095703125 2759
21888.921875 2793
21954.509765625 2925
22053.77734375 2152
22072.91796875 762
22074.943359375 2757
22086.38671875 37
22095.373046875 1624
22108.798828125 1271
22243.1015625 2370
22324.62109375 2895
22342.5078125 2411
22351.650390625 67
22358.984375 150
22435.607421875 171
22439.52734375 195
22471.998046875 363
22473.6171875 522
22574.30078125 657
22589.439453125 701
22628.25390625 760
22706.158203125 811
22732.58203125 874
22733.5234375 875
22743.73828125 1002
22759.318359375 1007
22784.83203125 1023
22806.296875 1356
22855.673828125 1378
22862.556640625 1489
22869.98828125 1629
22885.390625 2721
22905.693359375 2032
22918.939453125 2259
22937.9140625 771
22953.859375 1543
22964.798828125 2241
23029.955078125 1964
23043.162109375 1625
23052.07421875 2693
23072.861328125 222
23081.494140625 258
23181.201171875 281
23195.080078125 506
23224.95703125 582
23236.48828125 724
23244.6796875 879
23332.88671875 1003
23452.99609375 1171
23476.75 1182
23496.703125 1588
23506.09765625 1685
23539.060546875 1758
23620.044921875 2300
23719.32421875 2310
23745.296875 2705
23754.80859375 2845
23773.55859375 2916
23807.205078125 1811
23827.994140625 2701
23927.21875 421
23970.296875 1440
23991.1640625 2337
24070.2734375 2531
24080.376953125 18
24210.23828125 29
24249.91796875 31
24278.865234375 104
24319.74609375 274
24386.677734375 321
24416.302734375 370
24455.61328125 375
24469.541015625 562
24616.66796875 914
24730.72265625 944
24774.89453125 1672
24799.0546875 1684
24832.74609375 1825
24832.74609375 1846
24889.28125 1960
24937.087890625 1976
24970.546875 2006
24977.380859375 2319
24990.71875 2405
24996.453125 2550
25004.888671875 2606
25117.875 2768
25246.900390625 1081
25301.6484375 1780
25521.349609375 16
25587.33984375 28
25669.4609375 125
25728.744140625 212
25759.08203125 265
26079.287109375 295
26380.869140625 360
26587.009765625 364
26644.1875 937
26666.912109375 1077
26746.318359375 1101
26755.646484375 1241
26768.72265625 1243
26988.515625 1307
27013.095703125 1343
27355.361328125 1404
27642.5234375 1418
27650.01171875 1585
27987.7109375 1719
28097.5859375 1822
28174.064453125 2009
28360.041015625 2164
28834.08984375 2214
30189.67578125 2250
31589.55859375 2263
31639.888671875 2342
32164.890625 2359
38856.94921875 2547
