6136.35498046875 160
6379.1689453125 1
6830.787109375 425
7020.35498046875 446
7169.77978515625 800
7183.7607421875 918
7618.26708984375 953
7618.765625 985
7726.11767578125 986
7755.5537109375 1008
7800.17578125 1043
7823.134765625 1270
7856.40869140625 1317
7963.14794921875 1435
8029.60205078125 1548
8036.06201171875 1606
8050.900390625 1661
8067.8515625 1712
8085.69677734375 2010
8115.0244140625 2088
8172.14990234375 2365
8236.2724609375 2410
8321.041015625 2414
8373.15625 2482
8397.4189453125 2560
8399.056640625 2781
8486.9072265625 2820
8559.984375 997
8561.2724609375 1446
8640.4853515625 87
8708.291015625 251
8750.546875 527
8793.1328125 529
8813.3603515625 625
8832.828125 641
8834.0673828125 693
8844.56640625 873
8873.283203125 881
8903.3505859375 928
8908.275390625 1133
8909.7001953125 1283
8909.8984375 1318
8980.9169921875 1346
8983.1376953125 1417
8993.962890625 1720
9009.146484375 1987
9038.1328125 2226
9081.4970703125 2296
9101.0625 2515
9135.4296875 2572
9139.5986328125 2669
9143.9482421875 2728
9148.4609375 2734
9177.3603515625 2746
9181.7548828125 2852
9215.7177734375 2866
9246.0126953125 2915
9257.97265625 2949
9258.4267578125 377
9293.90234375 2281
9316.041015625 1781
9335.630859375 81
9335.630859375 229
9377.48046875 440
9442.2109375 548
9446.2236328125 611
9472.498046875 826
9518.85546875 834
9537.4892578125 848
9542.353515625 871
9569.890625 893
9575.169921875 1231
9591.134765625 1256
9602.21875 1315
9629.380859375 1458
9639.083984375 1550
9651.6337890625 1671
9661.958984375 1711
9683.109375 1815
9685.4072265625 1893
9725.89453125 2312
9727.5908203125 2324
9740.2177734375 2385
9746.7080078125 2447
9769.3193359375 2562
9774.37890625 2610
9870.62109375 2622
9876.0859375 2853
9876.0859375 2924
9890.9599609375 2927
9895.6103515625 2239
9908.1474609375 1362
9911.1337890625 1926
9912.06640625 2997
9927.2294921875 254
9953.3818359375 388
9955.7724609375 465
9959.451171875 498
9968.8916015625 520
9974.4326171875 962
9977.1513671875 981
10000.7578125 1156
10006.34765625 1652
10021.994140625 2205
10025.1513671875 2339
10030.69921875 2417
10031.767578125 2494
10034.8017578125 2687
10074.3671875 1122
10078.107421875 1670
10078.748046875 264
10086.6982421875 2173
10097.7724609375 1646
10137.0478515625 2396
10165.1806640625 49
10214.15234375 189
10228.41796875 261
10229.927734375 263
10240.8740234375 430
10253.79296875 831
10264.5869140625 899
10281.94921875 1123
10289.6240234375 1169
10313.806640625 1350
10324.5771484375 1405
10333.9248046875 1512
10363.6708984375 1750
10367.392578125 1769
10371.8544921875 1908
10380.953125 1966
10387.1416015625 1982
10410.591796875 1993
10413.5185546875 2094
10428.296875 2126
10432.73828125 2141
10435.0869140625 2171
10441.875 2174
10462.0859375 2177
10467.3310546875 2237
10477.5576171875 2367
10479.296875 2536
10481.14453125 2542
10505.03125 2582
10505.697265625 2675
10521.6376953125 2703
10535.388671875 1873
10537.1318359375 2107
10554.6611328125 1281
10562.078125 455
10567.8779296875 470
10588.7412109375 902
10608.951171875 926
10611.546875 967
10612.302734375 1104
10623.6748046875 1225
10632.8203125 1286
10654.8251953125 1506
10656.447265625 1516
10680.0419921875 1599
10681.6962890625 1779
10684.541015625 1848
10686.5888671875 1867
10701.2109375 1883
10704.291015625 2063
10715.828125 2210
10732.0869140625 2246
10742.173828125 2285
10744.974609375 2361
10748.5673828125 2686
10756.8544921875 2700
10765.869140625 88
10769.357421875 586
10769.52734375 136
10772.01953125 1471
10779.19140625 226
10779.82421875 296
10783.7294921875 1197
10793.025390625 1666
10802.5185546875 2511
10804.0654296875 101
10806.9453125 215
10816.369140625 549
10824.666015625 550
10835.1259765625 573
10843.3115234375 1136
10868.279296875 1199
10869.091796875 1530
10869.091796875 1581
10889.8447265625 1640
10894.2099609375 1688
10907.41015625 1968
10910.126953125 2526
10915.6611328125 2571
10917.2197265625 2983
10926.0986328125 1787
10927.9140625 602
10945.5126953125 1146
10952.216796875 253
10952.556640625 342
10958.0458984375 843
10971.3779296875 1233
10975.0 1335
10975.2978515625 1394
10978.7109375 1737
10980.4267578125 1784
10994.052734375 1950
10994.42578125 2025
10996.2783203125 2473
11001.0078125 2518
11003.5859375 999
11003.951171875 1056
11005.615234375 1900
11008.2900390625 1304
11022.9091796875 1326
11054.3701171875 2967
11059.8720703125 1329
11066.80859375 50
11076.6298828125 318
11076.7919921875 389
11080.4755859375 478
11098.6708984375 491
11104.2626953125 580
11107.0 599
11111.4765625 890
11120.8896484375 896
11139.4501953125 909
11144.1865234375 919
11150.8203125 995
11169.7509765625 1273
11187.052734375 1342
11196.3408203125 1430
11200.0458984375 1495
11204.6953125 1568
11208.5986328125 1583
11211.5087890625 1764
11212.423828125 1774
11219.2333984375 2065
11234.576171875 2117
11240.5166015625 2181
11262.1279296875 2268
11273.8486328125 2465
11275.26171875 2664
11279.205078125 2760
11285.9736328125 2764
11301.033203125 2938
11321.38671875 2943
11326.98828125 1860
11330.39453125 2880
11333.8193359375 1333
11338.4326171875 2631
11344.072265625 146
11346.349609375 1538
11353.2880859375 21
11353.55859375 34
11353.8486328125 200
11359.4609375 288
11368.89453125 336
11407.955078125 385
11413.6591796875 517
11432.029296875 546
11432.751953125 609
11433.828125 614
11447.7919921875 683
11451.556640625 686
11454.2568359375 769
11471.2138671875 1097
11473.861328125 1221
11479.0009765625 1322
11483.841796875 1359
11496.8408203125 1376
11498.0556640625 1686
11498.75 1854
11510.736328125 2513
11513.6435546875 2553
11515.912109375 2650
11552.685546875 2672
11555.578125 2911
11563.32421875 78
11572.841796875 2713
11592.853515625 2800
11594.599609375 2651
11598.5712890625 2970
11609.158203125 1045
11610.453125 1068
11615.62890625 2078
11625.4599609375 884
11628.40234375 886
11629.5478515625 1028
11660.55859375 1845
11662.830078125 1932
11672.5390625 2489
11681.505859375 90
11687.7021484375 153
11690.64453125 240
11696.6416015625 256
11709.5966796875 531
11710.0712890625 644
11735.3349609375 706
11740.400390625 775
11779.5302734375 1163
11779.884765625 1483
11791.0380859375 2114
11793.416015625 2379
11797.1787109375 2424
11797.1787109375 2433
11808.9150390625 2435
11818.5859375 2442
11821.515625 2683
11827.3447265625 2811
11828.1396484375 2176
11833.2412109375 169
11838.181640625 2207
11844.1015625 1144
11850.4482421875 2180
11854.9140625 73
11880.0009765625 663
11880.474609375 677
11882.6513671875 756
11883.939453125 925
11903.615234375 927
11941.9853515625 946
11944.595703125 996
11948.8486328125 1141
11950.8330078125 1202
11951.7451171875 1251
11961.9423828125 1457
11977.4560546875 1502
11980.830078125 1591
11985.935546875 1733
11990.830078125 1735
12012.3369140625 1919
12029.5263671875 1933
12034.6767578125 1955
12035.205078125 2002
12048.5546875 2335
12098.166015625 2341
12137.740234375 2565
12140.783203125 2695
12143.125 2763
12152.7119140625 2840
12157.1181640625 2422
12157.390625 1020
12164.302734375 640
12196.8408203125 59
12210.7587890625 177
12222.271484375 191
12231.1494140625 575
12234.3408203125 687
12234.4365234375 934
12243.0546875 1119
12262.9658203125 1529
12280.30859375 1697
12288.7421875 1810
12301.76953125 1831
12314.3515625 2354
12324.1513671875 2528
12324.791015625 2679
12325.037109375 2712
12334.43359375 2747
12339.3955078125 2809
12339.9921875 2821
12355.755859375 2842
12369.341796875 2860
12386.318359375 2906
12388.2880859375 2994
12388.3876953125 186
12403.3212890625 223
12416.0498046875 1594
12418.2392578125 410
12429.560546875 631
12432.51953125 132
12435.236328125 2576
12445.166015625 1282
12452.453125 488
12457.232421875 869
12461.44921875 2059
12477.662109375 787
12487.2646484375 904
12488.892578125 137
12500.3115234375 275
12507.443359375 328
12508.0322265625 333
12509.8330078125 392
12523.3388671875 407
12527.685546875 489
12531.9912109375 680
12534.142578125 1022
12542.9609375 1290
12551.625 1358
12567.8271484375 1607
12592.51953125 1653
12597.99609375 2024
12606.33203125 2184
12613.33984375 2221
12617.173828125 2394
12623.7802734375 2427
12627.35546875 2517
12630.828125 2655
12639.68359375 2704
12640.712890625 2900
12642.54296875 2946
12643.6435546875 459
12644.3623046875 1408
12656.86328125 1339
12666.095703125 22
12669.5546875 45
12670.3916015625 300
12675.3251953125 812
12679.904296875 922
12680.3857421875 947
12682.4873046875 975
12684.46875 1001
12685.521484375 1095
12693.9384765625 1275
12698.400390625 1664
12709.703125 1708
12710.2607421875 1763
12717.791015625 1766
12725.259765625 1889
12734.2265625 2077
12736.1181640625 2082
12740.50390625 2131
12758.1494140625 2315
12764.01953125 2317
12781.6669921875 2409
12791.884765625 2608
12816.9736328125 2616
12817.87109375 2649
12818.7236328125 2819
12831.3330078125 2862
12833.712890625 1164
12839.4853515625 2213
12842.283203125 1050
12846.4208984375 979
12854.115234375 1562
12865.009765625 1597
12867.78515625 2334
12873.2392578125 587
12891.1484375 630
12891.533203125 777
12910.724609375 1012
12920.216796875 1064
12921.267578125 1082
12927.6865234375 1462
12930.234375 1501
12938.6982421875 1654
12951.0166015625 1800
12954.0498046875 2656
12963.970703125 2884
12971.208984375 1416
12971.208984375 1575
12975.240234375 2889
12987.6171875 445
13003.005859375 30
13005.55859375 2484
13014.5380859375 38
13030.4462890625 40
13030.8388671875 76
13031.939453125 77
13038.7998046875 108
13039.755859375 164
13045.146484375 211
13046.7041015625 225
13049.7421875 376
13055.1650390625 437
13079.5 510
13081.8505859375 646
13082.2216796875 671
13090.431640625 738
13097.9140625 770
13100.2734375 1434
13101.1064453125 1610
13107.2880859375 1662
13126.5361328125 1709
13134.294921875 1998
13141.302734375 2166
13163.3271484375 2220
13168.9921875 2238
13170.177734375 2255
13173.4423828125 2345
13180.28125 2510
13190.923828125 2581
13193.3212890625 2607
13204.3896484375 2807
13211.0654296875 1015
13215.3662109375 1984
13220.861328125 1258
13238.416015625 2555
13241.5654296875 1147
13246.8369140625 865
13280.02734375 939
13288.8681640625 1497
13293.1640625 2630
13294.11328125 2752
13314.48046875 457
13325.2109375 309
13327.22265625 316
13331.595703125 483
13341.7685546875 484
13342.0029296875 633
13358.4560546875 1026
13367.865234375 1036
13373.6513671875 1176
13381.0458984375 1423
13382.3095703125 1485
13386.69140625 1590
13386.9921875 1702
13390.6455078125 1759
13395.7412109375 1818
13397.59765625 1958
13407.09375 1963
13410.884765625 1977
13424.4296875 2053
13460.0458984375 2056
13462.63671875 2125
13475.5673828125 2304
13523.279296875 2356
13529.625 2477
13530.3134765625 2533
13537.125 2732
13542.736328125 2948
13548.0517578125 1601
13555.16015625 2256
13556.57421875 2104
13560.4580078125 284
13561.46875 182
13567.7041015625 916
13578.6083984375 1667
13610.8017578125 1852
13613.4892578125 727
13626.9111328125 2036
13647.8134765625 2772
13656.015625 130
13659.103515625 219
13671.3583984375 394
13674.357421875 405
13680.30078125 634
13699.8681640625 856
13714.521484375 983
13730.978515625 1117
13734.900390625 1386
13739.8681640625 1791
13756.0556640625 1991
13763.388671875 2060
13767.568359375 2215
13779.9072265625 2314
13782.619140625 2440
13790.498046875 2467
13792.2666015625 2618
13792.71875 2648
13828.5205078125 2694
13851.6943359375 1772
13864.24609375 818
13881.4560546875 2907
13884.787109375 660
13899.1259765625 1168
13915.587890625 1145
13919.27734375 1476
13921.658203125 1618
13924.7900390625 655
13926.0556640625 1592
13932.87109375 2120
13958.6796875 2557
13969.4873046875 112
13975.4228515625 350
13999.763671875 356
14039.5009765625 448
14042.77734375 1500
14059.556640625 1526
14062.076171875 1587
14079.34375 1881
14089.26171875 1943
14093.74609375 1962
14145.837890625 1995
14147.9912109375 2075
14149.912109375 2118
14157.640625 2309
14174.0087890625 2418
14179.3544921875 2516
14182.978515625 2588
14187.013671875 2605
14187.1123046875 2623
14190.3798828125 2937
14193.9609375 1005
14206.509765625 110
14219.0546875 2360
14245.021484375 121
14252.48828125 1046
14253.787109375 298
14262.60546875 372
14269.49609375 492
14276.97265625 752
14298.65234375 838
14305.1162109375 903
14311.66796875 1034
14324.5595703125 1128
14343.4033203125 1187
14359.6064453125 1437
14360.2626953125 1488
14376.201171875 1534
14380.005859375 1657
14391.3984375 1678
14394.01171875 1824
14416.0009765625 1826
14422.3828125 1941
14426.1328125 1997
14430.375 2318
14434.9228515625 2327
14436.2294921875 2362
14440.8505859375 2404
14460.5322265625 2453
14463.2919921875 2458
14467.26171875 2496
14473.841796875 2696
14480.7392578125 2722
14494.4970703125 2796
14496.9248046875 2584
14508.84765625 2872
14515.33203125 2589
14546.92578125 2135
14549.650390625 1802
14550.2470703125 1853
14551.1787109375 1892
14556.267578125 1580
14558.916015625 25
14577.4833984375 72
14582.021484375 343
14615.3994140625 710
14623.7861328125 755
14623.8037109375 885
14623.8359375 1683
14633.8798828125 1776
14657.5009765625 1972
14658.193359375 2047
14662.9677734375 2138
14665.986328125 2185
14666.66015625 2344
14668.1162109375 2545
14672.6591796875 2573
14684.193359375 2855
14691.728515625 2159
14697.58203125 1067
14701.07421875 371
14721.3466796875 243
14726.9375 1301
14731.9638671875 311
14732.380859375 426
14735.9306640625 648
14744.2783203125 720
14755.814453125 792
14764.0986328125 940
14766.6640625 1006
14767.1435546875 1032
14769.087890625 1160
14789.0341796875 1189
14809.5244140625 2183
14814.345703125 2190
14820.3212890625 2301
14822.9658203125 1459
14825.1552734375 1649
14828.9130859375 353
14859.955078125 2706
14861.091796875 1511
14862.3740234375 1778
14862.3984375 329
14872.001953125 731
14875.880859375 1400
14885.525390625 2070
14891.560546875 1480
14895.7119140625 1714
14898.0615234375 249
14906.341796875 94
14939.466796875 2823
14960.1767578125 471
14966.884765625 473
14991.4130859375 747
14998.625 915
14998.837890625 921
15002.365234375 993
15026.6669921875 1072
15029.5126953125 1415
15037.111328125 1541
15040.48828125 1746
15044.140625 1949
15050.8271484375 2079
15055.8583984375 2219
15064.359375 2258
15064.359375 2413
15067.9921875 2628
15094.4970703125 2828
15097.2744140625 2903
15098.638671875 2996
15099.2041015625 204
15109.1240234375 1247
15134.109375 1410
15136.248046875 1888
15138.9482421875 1214
15150.38671875 1658
15183.099609375 2587
15185.4765625 380
15195.8916015625 688
15203.083984375 1761
15236.6201171875 66
15252.2490234375 127
15253.6953125 179
15255.27734375 855
15259.0986328125 1198
15264.1123046875 1250
15270.4931640625 1507
15309.365234375 1558
15318.005859375 2007
15320.99609375 2092
15353.841796875 2231
15364.1474609375 2384
15396.14453125 2457
15407.6298828125 2544
15426.599609375 2717
15430.41015625 2774
15432.6640625 2794
15448.6220703125 2909
15450.619140625 972
15471.931640625 1138
15490.4150390625 1442
15500.6904296875 1137
15504.12109375 102
15513.5400390625 667
15544.888671875 1935
15554.9208984375 2352
15554.9853515625 2887
15565.8544921875 427
15573.2529296875 1533
15573.333984375 170
15586.3642578125 262
15600.8525390625 306
15626.6923828125 596
15657.8642578125 805
15660.1201171875 849
15667.19921875 850
15668.349609375 965
15692.365234375 976
15695.283203125 1058
15710.2998046875 1403
15722.3642578125 1645
15730.1884765625 1999
15735.193359375 2292
15736.8935546875 2392
15747.5107421875 2403
15770.0390625 2497
15782.0263671875 2524
15782.3583984375 2601
15799.1376953125 2652
15804.640625 2657
15811.3671875 2761
15812.5849609375 2839
15831.9755859375 2939
15835.1044921875 2984
15841.59375 1027
15854.1044921875 622
15880.630859375 417
15886.765625 450
15916.7373046875 690
15935.99609375 969
15951.009765625 982
15952.755859375 1040
15983.8212890625 1078
15992.1572265625 1083
16010.953125 1382
16031.0361328125 1391
16051.4423828125 1486
16067.615234375 1503
16117.517578125 1547
16124.958984375 1561
16143.974609375 1965
16180.9521484375 2026
16194.6875 2066
16214.70703125 2182
16235.7724609375 2245
16254.7255859375 2460
16268.255859375 2466
16281.107421875 2540
16301.75390625 2593
16325.0556640625 2632
16340.4267578125 2753
16344.2177734375 2759
16360.0126953125 2793
16372.595703125 2925
16376.5634765625 2152
16394.724609375 762
16436.2109375 2757
16468.06640625 37
16478.84375 1624
16502.66015625 1271
16502.7421875 2370
16521.59765625 2895
16522.234375 2411
16539.265625 67
16539.453125 150
16568.2890625 171
16622.615234375 195
16643.1640625 363
16643.404296875 522
16681.62890625 657
16683.2265625 701
16703.650390625 760
16731.59765625 811
16736.51171875 874
16793.21875 875
16837.802734375 1002
16838.892578125 1007
16866.203125 1023
16875.521484375 1356
16884.95703125 1378
16891.71484375 1489
16905.384765625 1629
16925.892578125 2721
16925.892578125 2032
16931.91796875 2259
16933.7265625 771
16963.78515625 1543
16985.705078125 2241
17010.9453125 1964
17115.5625 1625
17242.958984375 2693
17282.451171875 222
17294.671875 258
17323.279296875 281
17401.90234375 506
17402.232421875 582
17412.125 724
17574.8125 879
17637.744140625 1003
17644.8984375 1171
17723.48828125 1182
17794.1328125 1588
17838.392578125 1685
17903.05859375 1758
17934.359375 2300
18009.716796875 2310
18037.7109375 2705
18043.763671875 2845
18109.109375 2916
18109.15234375 1811
18131.072265625 2701
18165.37890625 421
18349.853515625 1440
18394.138671875 2337
18413.966796875 2531
18548.595703125 18
18587.076171875 29
18686.25 31
18787.751953125 104
18817.494140625 274
18957.25 321
19002.662109375 370
19055.001953125 375
19064.619140625 562
19100.6796875 914
19101.92578125 944
19267.609375 1672
19295.6953125 1684
19361.80078125 1825
19363.212890625 1846
19622.75 1960
19669.1015625 1976
19705.580078125 2006
19838.322265625 2319
19966.43359375 2405
20143.697265625 2550
20149.537109375 2606
20182.349609375 2768
20304.9609375 1081
20561.763671875 1780
20572.80078125 16
20601.916015625 28
20792.095703125 125
20858.935546875 212
20909.60546875 265
21008.669921875 295
21158.26953125 360
21255.67578125 364
21311.626953125 937
21343.5390625 1077
21503.95703125 1101
21771.3125 1241
21794.10546875 1243
21902.02734375 1307
21931.564453125 1343
22327.384765625 1404
22426.84375 1418
22674.919921875 1585
23978.83984375 1719
24131.4453125 1822
24454.318359375 2009
24857.05078125 2164
24905.634765625 2214
24954.048828125 2250
26144.275390625 2263
27183.25390625 2342
27770.173828125 2359
29560.419921875 2547
