3536.63623046875 1168
3558.431396484375 1145
4485.35302734375 1476
4530.376953125 1618
4550.87548828125 655
4681.5087890625 1592
4717.4599609375 2120
4735.2509765625 2557
4766.8330078125 112
4766.83349609375 350
4836.38330078125 356
4867.86572265625 448
4919.373046875 1500
4986.0078125 1526
5092.3974609375 1587
5122.85693359375 1881
5122.85693359375 1943
5137.5634765625 1962
5270.740234375 1995
5416.22021484375 2075
5456.33935546875 2118
5461.4609375 2309
5518.24853515625 2418
5618.57861328125 2516
5633.55859375 2588
5638.12646484375 2605
5643.7265625 2623
5686.2294921875 2937
5714.16455078125 1005
5752.75146484375 110
5857.39013671875 2360
5862.73046875 121
5877.29736328125 1446
5931.498046875 87
5941.32763671875 251
5946.046875 527
5960.01904296875 529
5972.0361328125 625
6017.7314453125 641
6021.361328125 693
6082.962890625 873
6129.5556640625 881
6175.2451171875 928
6251.22216796875 1133
6257.322265625 1283
6314.00048828125 1318
6345.50390625 1346
6349.28369140625 1417
6393.78564453125 1720
6509.333984375 1987
6544.11328125 2226
6610.33056640625 2296
6612.2119140625 2515
6623.57080078125 2572
6644.65625 2669
6666.904296875 2728
6694.44287109375 2734
6702.30615234375 2746
6738.1171875 2852
6738.1171875 2866
6756.4609375 2915
6839.70361328125 2949
6903.35693359375 377
6918.5185546875 2281
6935.7919921875 160
6941.8330078125 1
6952.365234375 425
7011.8330078125 446
7036.2939453125 800
7041.4228515625 918
7043.3037109375 953
7057.291015625 985
7093.84375 986
7121.619140625 1008
7236.0498046875 1043
7267.9775390625 1270
7408.46826171875 1317
7470.80859375 1435
7498.6787109375 1548
7566.13916015625 1606
7611.4599609375 1661
7676.3359375 1712
7714.6640625 2010
7817.826171875 2088
7868.7265625 2365
7883.75244140625 2410
7938.5234375 2414
7964.5654296875 2482
7982.322265625 2560
7998.322265625 2781
8040.46533203125 2820
8074.5703125 997
8116.763671875 1781
8202.8466796875 81
8222.4091796875 229
8244.2021484375 440
8268.568359375 548
8388.6748046875 611
8442.16015625 826
8500.2431640625 834
8552.75390625 848
8580.1640625 871
8586.025390625 893
8618.9375 1231
8659.564453125 1256
8733.9052734375 1315
8752.4326171875 1458
8830.28125 1550
8839.6884765625 1671
8869.267578125 1711
8905.5166015625 1815
8906.037109375 1893
8955.0205078125 2312
9035.5703125 2324
9053.0439453125 2385
9054.77734375 2447
9060.28125 2562
9091.6611328125 2610
9260.8955078125 2622
9295.8994140625 2853
9298.9169921875 2924
9299.150390625 2927
9324.1455078125 2239
9335.59765625 1362
9371.66015625 1926
9441.794921875 2997
9466.44140625 254
9472.732421875 388
9511.9814453125 465
9551.626953125 498
9574.009765625 520
9623.7919921875 962
9680.2021484375 981
9741.6455078125 1156
9747.373046875 1652
9754.662109375 2205
9761.4052734375 2339
9783.078125 2417
9801.09375 2494
9855.6884765625 2687
9861.4599609375 1122
9864.314453125 1670
9893.1787109375 264
9914.3759765625 2173
9927.2265625 1646
9945.2822265625 2396
9957.4521484375 49
10012.357421875 189
10054.7265625 261
10064.52734375 263
10070.689453125 430
10070.9609375 831
10093.7421875 899
10096.6416015625 1123
10114.27734375 1169
10145.619140625 1350
10148.462890625 1405
10208.29296875 1512
10263.9501953125 1750
10269.2890625 1769
10272.5703125 1908
10299.7158203125 1966
10301.080078125 1982
10345.583984375 1993
10390.5234375 2094
10421.6279296875 2126
10429.7080078125 2141
10483.796875 2171
10495.2900390625 2174
10535.337890625 2177
10546.466796875 2237
10567.8857421875 2367
10598.2060546875 2536
10614.8828125 2542
10621.6298828125 2582
10631.37890625 2675
10655.361328125 2703
10660.603515625 1873
10689.9853515625 2107
10749.2666015625 1281
10759.6171875 455
10770.20703125 470
10797.7548828125 902
10814.3193359375 926
10839.87109375 967
10872.4755859375 1104
10912.388671875 1225
10943.802734375 1286
10959.361328125 1506
10969.271484375 1516
10978.2568359375 1599
11017.8583984375 1779
11041.03125 1848
11041.3818359375 1867
11057.7890625 1883
11062.0859375 2063
11090.3642578125 2210
11090.783203125 2246
11115.169921875 2285
11151.30859375 2361
11172.9013671875 2686
11176.1181640625 2700
11215.232421875 88
11230.873046875 586
11258.833984375 136
11290.6982421875 1471
11297.1591796875 226
11309.130859375 296
11316.0341796875 1197
11318.16015625 1666
11347.103515625 2511
11376.548828125 101
11377.7177734375 215
11389.44140625 549
11411.537109375 550
11418.177734375 573
11418.4931640625 1136
11430.0908203125 1199
11443.380859375 1530
11463.5302734375 1581
11475.884765625 1640
11489.529296875 1688
11490.8984375 1968
11513.01171875 2526
11515.5908203125 2571
11527.521484375 2983
11537.6318359375 1787
11588.287109375 602
11595.654296875 1146
11606.07421875 253
11648.7373046875 342
11659.5634765625 843
11684.2021484375 1233
11707.1953125 1335
11715.822265625 1394
11753.1005859375 1737
11755.7802734375 1784
11759.93359375 1950
11820.56640625 2025
11844.6220703125 2473
11900.5634765625 2518
11904.4912109375 999
11933.08984375 1056
11951.216796875 1900
11965.609375 1304
11981.31640625 1326
11988.1494140625 2967
12011.05859375 1329
12018.2783203125 50
12021.1982421875 318
12041.0234375 389
12049.013671875 478
12053.685546875 491
12086.0029296875 580
12095.3125 599
12101.3974609375 890
12124.076171875 896
12148.486328125 909
12191.2705078125 919
12212.1904296875 995
12222.6298828125 1273
12234.1630859375 1342
12242.716796875 1430
12244.3310546875 1495
12248.822265625 1568
12265.203125 1583
12265.203125 1764
12271.857421875 1774
12280.5849609375 2065
12282.5859375 2117
12314.791015625 2181
12328.2919921875 2268
12334.810546875 2465
12337.2978515625 2664
12360.466796875 2760
12369.490234375 2764
12374.064453125 2938
12378.51171875 2943
12385.5537109375 1860
12390.2265625 2880
12421.9931640625 1333
12449.080078125 2631
12458.5283203125 146
12459.0625 1538
12467.1484375 21
12471.6611328125 34
12482.7822265625 200
12484.044921875 288
12484.5712890625 336
12531.6611328125 385
12539.2431640625 517
12557.6279296875 546
12586.8076171875 609
12588.5146484375 614
12594.857421875 683
12595.1845703125 686
12598.1640625 769
12598.1640625 1097
12601.052734375 1221
12609.7333984375 1322
12616.5302734375 1359
12624.1240234375 1376
12629.794921875 1686
12631.287109375 1854
12631.41015625 2513
12651.89453125 2553
12667.0478515625 2650
12678.498046875 2672
12700.8359375 2911
12703.025390625 78
12709.8486328125 2713
12718.322265625 2800
12734.5595703125 2651
12736.576171875 2970
12736.8408203125 1045
12767.474609375 1068
12782.0703125 2078
12798.1328125 884
12811.9580078125 886
12825.5537109375 1028
12840.416015625 1845
12849.97265625 1932
12888.2666015625 2489
12899.029296875 90
12903.8671875 153
12905.26171875 240
12918.693359375 256
12933.4111328125 531
12936.484375 644
12947.283203125 706
12952.4912109375 775
12956.490234375 1163
12963.1982421875 1483
12996.0126953125 2114
13015.4443359375 2379
13032.708984375 2424
13040.96875 2433
13054.078125 2435
13058.7998046875 2442
13077.421875 2683
13077.7529296875 2811
13078.8271484375 2176
13094.4013671875 169
13122.08984375 2207
13141.365234375 1144
13142.4794921875 2180
13146.2734375 73
13148.353515625 663
13155.10546875 677
13157.6943359375 756
13159.3583984375 925
13161.7763671875 927
13168.376953125 946
13169.6416015625 996
13173.130859375 1141
13192.958984375 1202
13208.7421875 1251
13212.37109375 1457
13218.8359375 1502
13218.8359375 1591
13218.8359375 1733
13221.52734375 1735
13244.5419921875 1919
13262.3984375 1933
13265.06640625 1955
13275.5888671875 2002
13294.484375 2335
13297.7880859375 2341
13300.14453125 2565
13312.5087890625 2695
13319.373046875 2763
13334.685546875 2840
13336.40625 2422
13376.1875 1020
13379.0146484375 640
13382.5810546875 59
13383.66015625 177
13391.91796875 191
13401.95703125 575
13405.1455078125 687
13409.61328125 934
13411.3466796875 1119
13419.125 1529
13443.982421875 1697
13459.208984375 1810
13472.20703125 1831
13479.4794921875 2354
13489.3876953125 2528
13510.9794921875 2679
13524.865234375 2712
13528.1904296875 2747
13534.13671875 2809
13542.09375 2821
13543.625 2842
13550.3359375 2860
13554.2216796875 2906
13558.0654296875 2994
13559.892578125 186
13606.7626953125 223
13630.4873046875 1594
13655.677734375 410
13662.673828125 631
13672.16796875 132
13675.48828125 2576
13686.2490234375 1282
13687.630859375 488
13698.306640625 869
13699.34375 2059
13699.763671875 787
13723.4921875 904
13723.4921875 137
13730.134765625 275
13734.5263671875 328
13746.1376953125 333
13764.546875 392
13770.1044921875 407
13775.31640625 489
13776.46875 680
13784.8935546875 1022
13806.4423828125 1290
13831.404296875 1358
13832.1318359375 1607
13847.0244140625 1653
13851.359375 2024
13863.072265625 2184
13864.8369140625 2221
13866.349609375 2394
13876.9013671875 2427
13880.392578125 2517
13895.1328125 2655
13900.1005859375 2704
13912.595703125 2900
13916.3134765625 2946
13929.2451171875 459
13931.6884765625 1408
13941.494140625 1339
13954.5419921875 22
13955.4287109375 45
13962.2978515625 300
13969.6279296875 812
13991.4814453125 922
13991.986328125 947
14018.6640625 975
14023.2509765625 1001
14048.28125 1095
14062.3076171875 1275
14075.49609375 1664
14078.5908203125 1708
14103.42578125 1763
14107.46875 1766
14125.69921875 1889
14137.9228515625 2077
14142.9736328125 2082
14151.35546875 2131
14155.53515625 2315
14169.5537109375 2317
14181.5146484375 2409
14192.537109375 2608
14207.8876953125 2616
14208.9169921875 2649
14256.16015625 2819
14262.095703125 2862
14273.53515625 1164
14276.4326171875 2213
14276.921875 1050
14290.033203125 979
14314.576171875 1562
14352.2939453125 1597
14356.6533203125 2334
14367.21875 587
14381.6015625 630
14389.3359375 777
14395.7177734375 1012
14403.529296875 1064
14409.7958984375 1082
14411.9609375 1462
14436.900390625 1501
14438.6181640625 1654
14447.083984375 1800
14452.2880859375 2656
14461.9697265625 2884
14466.0595703125 1416
14468.6953125 1575
14473.2080078125 2889
14483.1318359375 445
14498.568359375 30
14511.9501953125 2484
14513.9384765625 38
14514.8369140625 40
14533.72265625 76
14544.599609375 77
14564.107421875 108
14566.072265625 164
14567.38671875 211
14569.5908203125 225
14620.1630859375 376
14622.4638671875 437
14630.609375 510
14640.1533203125 646
14653.447265625 671
14668.40625 738
14671.931640625 770
14692.1298828125 1434
14708.9169921875 1610
14710.265625 1662
14715.34765625 1709
14723.0576171875 1998
14723.4541015625 2166
14735.9423828125 2220
14756.4287109375 2238
14785.8486328125 2255
14798.3828125 2345
14798.470703125 2510
14803.87109375 2581
14808.8701171875 2607
14864.595703125 2807
14888.2587890625 1015
14897.328125 1984
14897.9599609375 1258
14898.369140625 2555
14906.5869140625 1147
14911.9951171875 865
14915.33203125 939
14926.857421875 1497
14928.33984375 2630
14931.9755859375 2752
14952.0537109375 457
14969.78515625 309
14977.29296875 316
14980.2890625 483
14985.2421875 484
14991.8828125 633
15020.990234375 1026
15023.671875 1036
15030.3544921875 1176
15031.9931640625 1423
15042.408203125 1485
15053.1923828125 1590
15062.6552734375 1702
15070.54296875 1759
15080.2705078125 1818
15096.4267578125 1958
15102.0361328125 1963
15110.6328125 1977
15127.9404296875 2053
15153.716796875 2056
15159.388671875 2125
15174.2080078125 2304
15193.857421875 2356
15197.48046875 2477
15199.615234375 2533
15207.75390625 2732
15225.2919921875 2948
15233.1923828125 1601
15235.232421875 2256
15241.0380859375 2104
15253.533203125 284
15292.94921875 182
15308.7978515625 916
15309.595703125 1667
15312.9970703125 1852
15337.5478515625 727
15338.1357421875 2036
15347.0166015625 2772
15347.654296875 130
15366.9697265625 219
15369.0458984375 394
15372.12890625 405
15409.564453125 634
15422.478515625 856
15432.9228515625 983
15450.8984375 1117
15456.9794921875 1386
15461.48046875 1791
15478.5693359375 1991
15485.7109375 2060
15495.8359375 2215
15520.103515625 2314
15526.0615234375 2440
15526.896484375 2467
15529.3759765625 2618
15531.798828125 2648
15533.7763671875 2694
15535.6669921875 1772
15538.0068359375 818
15557.96484375 2907
15564.32421875 660
15574.42578125 1046
15590.044921875 298
15590.6396484375 372
15610.794921875 492
15612.087890625 752
15616.29296875 838
15618.8876953125 903
15624.623046875 1034
15629.25 1128
15631.0078125 1187
15653.96875 1437
15657.4599609375 1488
15666.765625 1534
15669.7958984375 1657
15691.12109375 1678
15709.1787109375 1824
15729.4287109375 1826
15737.068359375 1941
15744.314453125 1997
15757.083984375 2318
15757.7861328125 2327
15760.6845703125 2362
15774.0341796875 2404
15794.953125 2453
15795.71484375 2458
15802.951171875 2496
15803.4697265625 2696
15812.9853515625 2722
15813.609375 2796
15836.0419921875 2584
15839.0595703125 2872
15860.0849609375 2589
15900.17578125 2135
15904.9326171875 1802
15923.2802734375 1853
15931.3251953125 1892
15960.2890625 1580
15984.2958984375 25
15990.91015625 72
15995.4072265625 343
15996.2099609375 710
16012.380859375 755
16013.181640625 885
16020.6953125 1683
16034.15625 1776
16039.6865234375 1972
16061.435546875 2047
16062.12890625 2138
16071.2548828125 2185
16106.0283203125 2344
16107.2822265625 2545
16110.8896484375 2573
16110.8896484375 2855
16115.75 2159
16127.671875 1067
16140.2109375 371
16157.6982421875 243
16165.337890625 1301
16167.46484375 311
16168.046875 426
16190.86328125 648
16193.1396484375 720
16195.3828125 792
16197.359375 940
16199.8154296875 1006
16216.716796875 1032
16247.31640625 1160
16255.7861328125 1189
16273.6396484375 2183
16288.9873046875 2190
16299.771484375 2301
16302.828125 1459
16335.091796875 1649
16339.54296875 353
16351.92578125 2706
16379.732421875 1511
16380.7841796875 1778
16386.525390625 329
16413.482421875 731
16416.560546875 1400
16442.65234375 2070
16451.412109375 1480
16462.83984375 1714
16469.931640625 249
16485.85546875 94
16504.169921875 2823
16506.58984375 471
16514.75390625 473
16542.447265625 747
16547.0078125 915
16556.90234375 921
16557.57421875 993
16560.84765625 1072
16580.94140625 1415
16597.830078125 1541
16617.666015625 1746
16619.978515625 1949
16629.318359375 2079
16653.822265625 2219
16655.98046875 2258
16674.51171875 2413
16675.28515625 2628
16682.9453125 2828
16685.947265625 2903
16693.447265625 2996
16700.15234375 204
16722.060546875 1247
16726.46484375 1410
16729.08203125 1888
16734.763671875 1214
16748.625 1658
16827.9609375 2587
16833.181640625 380
16836.412109375 688
16849.984375 1761
16886.380859375 66
16899.796875 127
16947.544921875 179
17014.771484375 855
17026.603515625 1198
17053.244140625 1250
17062.751953125 1507
17073.509765625 1558
17092.763671875 2007
17093.998046875 2092
17100.60546875 2231
17149.091796875 2384
17187.96875 2457
17200.16796875 2544
17200.41015625 2717
17210.474609375 2774
17218.544921875 2794
17229.3203125 2909
17246.2734375 972
17273.69921875 1138
17305.25 1442
17310.0234375 1137
17314.79296875 102
17321.38671875 667
17322.751953125 1935
17325.001953125 2352
17327.392578125 2887
17334.939453125 427
17373.953125 1533
17437.642578125 170
17457.23046875 262
17494.69921875 306
17507.302734375 596
17553.43359375 805
17577.552734375 849
17603.62890625 850
17617.6796875 965
17617.828125 976
17620.685546875 1058
17625.23828125 1403
17785.302734375 1645
17817.34375 1999
17821.515625 2292
17825.177734375 2392
17825.5625 2403
17854.66796875 2497
17864.140625 2524
17915.720703125 2601
17923.4765625 2652
17956.5390625 2657
17961.486328125 2761
17989.146484375 2839
18007.0859375 2939
18007.884765625 2984
18017.337890625 1027
18045.6640625 622
18110.603515625 417
18114.83984375 450
18123.27734375 690
18140.947265625 969
18142.873046875 982
18148.43359375 1040
18149.142578125 1078
18159.603515625 1083
18160.408203125 1382
18184.87109375 1391
18191.9765625 1486
18196.0234375 1503
18246.359375 1547
18252.9453125 1561
18254.47265625 1965
18272.822265625 2026
18294.880859375 2066
18296.876953125 2182
18297.91796875 2245
18305.630859375 2460
18319.453125 2466
18353.533203125 2540
18432.314453125 2593
18454.419921875 2632
18461.05078125 2753
18465.419921875 2759
18487.439453125 2793
18498.412109375 2925
18550.0078125 2152
18551.19921875 762
18559.359375 2757
18583.765625 37
18586.30078125 1624
18596.001953125 1271
18639.8984375 2370
18678.447265625 2895
18691.884765625 2411
18699.703125 67
18723.396484375 150
18739.560546875 171
18750.4140625 195
18763.240234375 363
18776.59765625 522
18789.58984375 657
18813.810546875 701
18946.59765625 760
18963.6484375 811
18967.333984375 874
18971.3125 875
19067.8671875 1002
19161.53515625 1007
19164.751953125 1023
19201.708984375 1356
19209.0390625 1378
19215.23046875 1489
19215.23046875 1629
19220.857421875 2721
19252.771484375 2032
19294.099609375 2259
19350.2890625 771
19363.3828125 1543
19367.7734375 2241
19367.7734375 1964
19545.1875 1625
19591.1171875 2693
19594.455078125 222
19615.81640625 258
19673.009765625 281
19723.84375 506
19741.357421875 582
19789.623046875 724
19790.720703125 879
19793.80859375 1003
19861.01953125 1171
19952.20703125 1182
19952.501953125 1588
19997.69921875 1685
20009.22265625 1758
20025.8359375 2300
20041.384765625 2310
20138.27734375 2705
20150.05078125 2845
20159.390625 2916
20182.08203125 1811
20182.22265625 2701
20187.310546875 421
20259.52734375 1440
20260.759765625 2337
20295.78125 2531
20452.513671875 18
20495.822265625 29
20630.9921875 31
20704.78515625 104
20717.154296875 274
20740.50390625 321
20761.943359375 370
20771.134765625 375
20884.689453125 562
20903.482421875 914
21028.69140625 944
21103.654296875 1672
21186.779296875 1684
21211.796875 1825
21263.341796875 1846
21373.5703125 1960
21396.732421875 1976
21666.501953125 2006
21680.88671875 2319
21732.595703125 2405
21795.01953125 2550
21926.75390625 2606
21948.919921875 2768
21966.912109375 1081
22004.37890625 1780
22144.990234375 16
22227.9375 28
22241.6015625 125
22401.14453125 212
22579.884765625 265
22621.38671875 295
22669.396484375 360
22690.146484375 364
22945.015625 937
22983.287109375 1077
23020.78125 1101
23061.5625 1241
23224.3984375 1243
23887.8515625 1307
24440.046875 1343
24504.03515625 1404
24773.404296875 1418
24913.796875 1585
25137.798828125 1719
25466.404296875 1822
25735.439453125 2009
26308.62890625 2164
26624.625 2214
26987.150390625 2250
27443.154296875 2263
27903.63671875 2342
28814.791015625 2359
32931.77734375 2547
