4863.2392578125 2159
5070.77978515625 1067
5198.9658203125 371
5919.2587890625 243
6010.3271484375 1301
6237.056640625 311
6275.22802734375 426
6287.18017578125 648
6308.490234375 720
6312.21826171875 792
6314.5830078125 940
6487.0908203125 1006
6503.83740234375 1032
6632.2724609375 1160
6642.36865234375 1189
6718.8642578125 2183
6750.8369140625 2190
6751.3349609375 2301
6798.4716796875 1459
6887.48486328125 1649
6903.10205078125 353
7033.68994140625 2706
7110.1552734375 1446
7138.7265625 87
7146.0859375 251
7156.6875 527
7159.7080078125 529
7208.10791015625 625
7236.24755859375 641
7366.5439453125 693
7390.71923828125 873
7408.177734375 881
7431.794921875 928
7431.794921875 1133
7478.6240234375 1283
7525.642578125 1318
7596.23828125 1346
7606.634765625 1417
7720.98486328125 1720
7756.23486328125 1987
7759.962890625 2226
7934.27001953125 2296
7965.388671875 2515
7975.47119140625 2572
8003.83740234375 2669
8038.87109375 2728
8089.20556640625 2734
8093.29443359375 2746
8099.66162109375 2852
8136.8486328125 2866
8142.0068359375 2915
8189.02587890625 2949
8214.45703125 377
8217.1953125 2281
8218.4775390625 160
8222.482421875 1
8288.638671875 425
8325.349609375 446
8352.86328125 800
8359.998046875 918
8366.7431640625 953
8375.908203125 985
8416.00390625 986
8430.8466796875 1008
8500.2080078125 1043
8500.720703125 1270
8530.875 1317
8545.4892578125 1435
8548.9765625 1548
8557.5341796875 1606
8564.70703125 1661
8580.3291015625 1712
8582.6240234375 2010
8593.783203125 2088
8628.0166015625 2365
8642.314453125 2410
8649.86328125 2414
8650.87109375 2482
8661.2890625 2560
8700.2119140625 2781
8721.5771484375 2820
8722.169921875 997
8738.8486328125 1781
8743.7978515625 81
8752.5390625 229
8770.953125 440
8782.404296875 548
8790.2919921875 611
8803.4267578125 826
8827.900390625 834
8830.3515625 848
8843.9287109375 871
8850.7236328125 893
8858.1953125 1231
8904.68359375 1256
8911.814453125 1315
8919.7294921875 1458
8927.158203125 1550
8941.4453125 1671
8972.044921875 1711
8992.4462890625 1815
9025.939453125 1893
9088.3173828125 2312
9124.439453125 2324
9125.91015625 2385
9153.67578125 2447
9159.34375 2562
9196.888671875 2610
9199.7607421875 2622
9227.17578125 2853
9228.6552734375 2924
9230.5439453125 2927
9237.6943359375 2239
9260.4423828125 1362
9266.03125 1926
9283.9365234375 2997
9301.197265625 254
9314.208984375 388
9323.4541015625 465
9373.0390625 498
9414.1953125 520
9416.5673828125 962
9424.35546875 981
9427.2578125 1156
9434.078125 1652
9466.6259765625 2205
9492.1298828125 2339
9510.185546875 2417
9523.873046875 2494
9563.6962890625 2687
9601.57421875 1122
9607.5380859375 1670
9622.2265625 264
9625.1640625 2173
9626.21484375 1646
9632.39453125 2396
9672.822265625 49
9676.927734375 189
9683.9326171875 261
9696.01171875 263
9708.046875 430
9736.142578125 831
9753.2587890625 899
9758.474609375 1123
9770.28515625 1169
9784.173828125 1350
9785.6220703125 1405
9810.75390625 1512
9824.3544921875 1750
9865.4130859375 1769
9868.0771484375 1908
9886.65625 1966
9909.4970703125 1982
9933.814453125 1993
9944.8125 2094
9956.4755859375 2126
9976.1884765625 2141
9981.4912109375 2171
9993.529296875 2174
9998.291015625 2177
10002.12109375 2237
10017.1279296875 2367
10041.8564453125 2536
10059.685546875 2542
10071.0224609375 2582
10082.03125 2675
10085.1259765625 2703
10101.7705078125 1873
10109.5166015625 2107
10144.0634765625 1281
10162.703125 455
10179.19921875 470
10196.82421875 902
10215.91015625 926
10243.228515625 967
10244.662109375 1104
10257.8037109375 1225
10287.59375 1286
10292.01953125 1506
10317.8125 1516
10334.2216796875 1599
10336.294921875 1779
10336.896484375 1848
10346.865234375 1867
10369.54296875 1883
10386.0537109375 2063
10390.7373046875 2210
10421.3701171875 2246
10455.8798828125 2285
10465.69921875 2361
10470.203125 2686
10474.7197265625 2700
10489.376953125 88
10520.357421875 586
10533.794921875 136
10535.8642578125 1471
10535.8642578125 226
10548.91015625 296
10555.9931640625 1197
10578.4677734375 1666
10583.125 2511
10588.966796875 101
10610.625 215
10614.2294921875 549
10624.7919921875 550
10634.5849609375 573
10640.728515625 1136
10647.533203125 1199
10659.4609375 1530
10661.8310546875 1581
10670.482421875 1640
10691.333984375 1688
10706.0712890625 1968
10715.869140625 2526
10744.677734375 2571
10745.4287109375 2983
10754.5751953125 1787
10754.5751953125 602
10804.357421875 1146
10816.7763671875 253
10823.6630859375 342
10843.9130859375 843
10858.173828125 1233
10861.19921875 1335
10884.4013671875 1394
10889.962890625 1737
10894.1611328125 1784
10919.7587890625 1950
10933.2392578125 2025
10949.7822265625 2473
10982.1298828125 2518
11003.572265625 999
11020.892578125 1056
11025.3955078125 1900
11035.0166015625 1304
11066.20703125 1326
11070.033203125 2967
11084.1591796875 1329
11088.951171875 50
11095.4453125 318
11095.873046875 389
11102.099609375 478
11105.732421875 491
11108.236328125 580
11132.8671875 599
11132.9775390625 890
11135.0712890625 896
11148.4345703125 909
11152.986328125 919
11193.1455078125 995
11197.2392578125 1273
11202.2607421875 1342
11211.7763671875 1430
11222.7177734375 1495
11244.0654296875 1568
11247.45703125 1583
11279.8232421875 1764
11287.8076171875 1774
11293.326171875 2065
11301.9921875 2117
11317.2763671875 2181
11318.5732421875 2268
11325.375 2465
11333.94140625 2664
11342.814453125 2760
11352.517578125 2764
11358.5576171875 2938
11361.201171875 2943
11411.1044921875 1860
11411.1044921875 2880
11421.767578125 1333
11438.759765625 2631
11440.0087890625 146
11441.3017578125 1538
11451.8505859375 21
11465.5185546875 34
11476.712890625 200
11506.74609375 288
11512.302734375 336
11531.5380859375 385
11556.763671875 517
11559.4111328125 546
11573.630859375 609
11587.9775390625 614
11601.5400390625 683
11624.345703125 686
11624.3720703125 769
11631.333984375 1097
11634.2158203125 1221
11638.5283203125 1322
11646.328125 1359
11649.6865234375 1376
11685.8818359375 1686
11700.03125 1854
11715.09765625 2513
11729.12109375 2553
11733.544921875 2650
11754.6513671875 2672
11776.5048828125 2911
11800.37109375 78
11806.3173828125 2713
11811.443359375 2800
11831.0400390625 2651
11848.7099609375 2970
11856.658203125 1045
11861.154296875 1068
11868.1640625 2078
11876.43359375 884
11881.13671875 886
11905.5205078125 1028
11922.119140625 1845
11923.7666015625 1932
11939.982421875 2489
11960.4130859375 90
11961.98046875 153
11984.09375 240
11986.7265625 256
12010.0380859375 531
12011.580078125 644
12017.248046875 706
12035.16015625 775
12067.865234375 1163
12076.6025390625 1483
12079.01171875 2114
12091.1328125 2379
12095.302734375 2424
12104.3759765625 2433
12161.8916015625 2435
12164.2451171875 2442
12177.18359375 2683
12200.40234375 2811
12214.318359375 2176
12216.298828125 169
12243.42578125 2207
12247.794921875 1144
12248.755859375 2180
12265.3935546875 73
12269.5693359375 663
12298.0302734375 677
12333.3310546875 756
12339.779296875 925
12342.5810546875 927
12343.0087890625 946
12343.6591796875 996
12344.2265625 1141
12346.501953125 1202
12368.1689453125 1251
12383.13671875 1457
12386.46484375 1502
12393.8525390625 1591
12394.3369140625 1733
12398.966796875 1735
12411.513671875 1919
12413.625 1933
12432.900390625 1955
12440.7880859375 2002
12450.015625 2335
12454.6962890625 2341
12457.7880859375 2565
12473.8427734375 2695
12497.8095703125 2763
12521.3095703125 2840
12569.669921875 2422
12594.42578125 1020
12594.515625 640
12619.3125 59
12639.826171875 177
12640.361328125 191
12645.154296875 575
12694.783203125 687
12695.978515625 934
12706.955078125 1119
12713.1748046875 1529
12719.4931640625 1697
12730.666015625 1810
12750.5751953125 1831
12769.0341796875 2354
12777.88671875 2528
12782.1787109375 2679
12786.009765625 2712
12817.0546875 2747
12841.4677734375 2809
12849.3447265625 2821
12874.8779296875 2842
12875.5361328125 2860
12925.771484375 2906
12970.9658203125 2994
12986.794921875 186
12996.8388671875 223
13005.0283203125 1594
13025.0263671875 410
13029.568359375 631
13031.2041015625 132
13032.611328125 2576
13034.53125 1282
13035.1044921875 488
13068.6884765625 869
13080.3330078125 2059
13098.349609375 787
13100.80078125 904
13103.48828125 137
13105.3037109375 275
13132.876953125 328
13138.0439453125 333
13145.6376953125 392
13150.6484375 407
13161.189453125 489
13177.3076171875 680
13200.7275390625 1022
13204.1923828125 1290
13214.3046875 1358
13226.6337890625 1607
13251.31640625 1653
13263.3798828125 2024
13276.45703125 2184
13278.1884765625 2221
13293.9677734375 2394
13305.095703125 2427
13321.296875 2517
13325.34375 2655
13327.185546875 2704
13336.4228515625 2900
13337.326171875 2946
13345.005859375 459
13358.537109375 1408
13360.7958984375 1339
13362.0751953125 22
13375.8056640625 45
13380.7998046875 300
13384.541015625 812
13403.94140625 922
13417.81640625 947
13438.1748046875 975
13448.5234375 1001
13459.6298828125 1095
13464.4990234375 1275
13471.7412109375 1664
13494.943359375 1708
13496.791015625 1763
13507.9765625 1766
13512.384765625 1889
13548.3466796875 2077
13575.34375 2082
13584.16796875 2131
13588.2802734375 2315
13599.232421875 2317
13633.6552734375 2409
13644.0 2608
13645.103515625 2616
13645.103515625 2649
13686.1318359375 2819
13687.111328125 2862
13691.6474609375 1164
13749.64453125 2213
13751.2744140625 1050
13756.6005859375 979
13782.361328125 1562
13785.1201171875 1597
13791.078125 2334
13792.0458984375 587
13792.4814453125 630
13799.8798828125 777
13834.779296875 1012
13894.0927734375 1064
13933.0361328125 1082
13955.78125 1462
13956.271484375 1501
13990.640625 1654
13993.923828125 1800
14050.7275390625 2656
14051.7392578125 2884
14067.859375 1416
14069.3681640625 1575
14084.80078125 2889
14127.1689453125 445
14141.103515625 30
14143.470703125 2484
14145.9853515625 38
14177.373046875 40
14179.1630859375 76
14191.8310546875 77
14204.1455078125 108
14212.623046875 164
14217.4208984375 211
14219.6298828125 225
14228.9921875 376
14236.4130859375 437
14239.5869140625 510
14241.115234375 646
14296.205078125 671
14302.900390625 738
14306.03125 770
14318.9609375 1434
14334.177734375 1610
14337.0771484375 1662
14356.27734375 1709
14366.98828125 1998
14369.6435546875 2166
14381.2685546875 2220
14398.0048828125 2238
14412.4873046875 2255
14447.0380859375 2345
14462.685546875 2510
14478.8681640625 2581
14489.662109375 2607
14493.03515625 2807
14493.4208984375 1015
14498.8134765625 1984
14532.728515625 1258
14537.876953125 2555
14574.56640625 1147
14588.3857421875 865
14599.591796875 939
14625.177734375 1497
14628.53125 2630
14639.76953125 2752
14642.5693359375 457
14654.86328125 309
14705.4736328125 316
14712.2900390625 483
14746.087890625 484
14748.34765625 633
14758.294921875 1026
14762.037109375 1036
14777.140625 1176
14815.4130859375 1423
14818.6435546875 1485
14821.1328125 1590
14839.0009765625 1702
14845.1064453125 1759
14847.7197265625 1818
14860.125 1958
14873.04296875 1963
14884.34765625 1977
14889.650390625 2053
14893.828125 2056
14896.85546875 2125
14896.951171875 2304
14905.1220703125 2356
14906.9931640625 2477
14932.123046875 2533
14944.40234375 2732
14954.490234375 2948
14958.3623046875 1601
14982.7197265625 2256
14986.265625 2104
14990.697265625 284
15008.4150390625 182
15046.50390625 916
15048.158203125 1667
15053.177734375 1852
15097.970703125 727
15101.154296875 2036
15106.6279296875 2772
15110.23828125 130
15146.619140625 219
15147.001953125 394
15154.146484375 405
15163.1201171875 634
15187.3818359375 856
15192.771484375 983
15228.09765625 1117
15252.7734375 1386
15271.037109375 1791
15288.677734375 1991
15289.421875 2060
15302.8623046875 2215
15304.994140625 2314
15306.8486328125 2440
15335.41796875 2467
15338.0869140625 2618
15340.9453125 2648
15353.1357421875 2694
15355.8515625 1772
15375.671875 818
15417.4892578125 2907
15420.123046875 660
15441.65625 1168
15473.8779296875 1145
15474.267578125 1476
15512.4873046875 1618
15554.982421875 655
15557.0673828125 1592
15569.6103515625 2120
15584.5751953125 2557
15588.6669921875 112
15588.9990234375 350
15603.439453125 356
15612.111328125 448
15620.7578125 1500
15662.2470703125 1526
15663.158203125 1587
15721.24609375 1881
15755.1259765625 1943
15757.3564453125 1962
15798.23046875 1995
15800.859375 2075
15804.55859375 2118
15806.775390625 2309
15809.9482421875 2418
15828.501953125 2516
15838.1708984375 2588
15848.6181640625 2605
15848.8193359375 2623
15864.3837890625 2937
15873.4794921875 1005
15929.6328125 110
15956.8720703125 2360
15957.37109375 121
15960.232421875 1046
15989.3447265625 298
15998.7353515625 372
15999.33984375 492
16032.6884765625 752
16055.09765625 838
16057.23828125 903
16067.5068359375 1034
16098.8125 1128
16111.8564453125 1187
16144.2958984375 1437
16205.466796875 1488
16216.25390625 1534
16238.39453125 1657
16239.072265625 1678
16284.4609375 1824
16290.66796875 1826
16306.0009765625 1941
16314.69921875 1997
16325.5888671875 2318
16326.025390625 2327
16351.0986328125 2362
16360.5771484375 2404
16390.54296875 2453
16397.1953125 2458
16402.416015625 2496
16418.8828125 2696
16432.640625 2722
16443.349609375 2796
16443.408203125 2584
16445.58984375 2872
16461.82421875 2589
16466.154296875 2135
16470.109375 1802
16470.4609375 1853
16478.130859375 1892
16491.1171875 1580
16492.294921875 25
16510.505859375 72
16531.029296875 343
16535.345703125 710
16543.00390625 755
16629.609375 885
16646.513671875 1683
16650.0390625 1776
16651.38671875 1972
16658.15625 2047
16659.419921875 2138
16660.734375 2185
16679.8046875 2344
16748.259765625 2545
16755.416015625 2573
16782.693359375 2855
16804.8671875 1511
16804.8671875 1778
16814.783203125 329
16818.201171875 731
16819.310546875 1400
16863.49609375 2070
16899.671875 1480
16924.62890625 1714
16933.6328125 249
16955.03125 94
16956.17578125 2823
16963.12890625 471
17009.103515625 473
17065.115234375 747
17090.2109375 915
17102.37890625 921
17102.47265625 993
17111.03515625 1072
17116.27734375 1415
17136.193359375 1541
17142.2421875 1746
17160.33984375 1949
17190.4375 2079
17205.046875 2219
17236.072265625 2258
17242.234375 2413
17243.923828125 2628
17244.357421875 2828
17292.28125 2903
17333.546875 2996
17335.8359375 204
17368.783203125 1247
17384.837890625 1410
17454.640625 1888
17507.33984375 1214
17562.7265625 1658
17564.607421875 2587
17599.58984375 380
17630.80859375 688
17660.767578125 1761
17660.927734375 66
17701.69921875 127
17706.26953125 179
17713.623046875 855
17716.49609375 1198
17724.98046875 1250
17752.041015625 1507
17771.9375 1558
17775.794921875 2007
17804.349609375 2092
17811.357421875 2231
17816.484375 2384
17855.111328125 2457
17877.58984375 2544
17883.482421875 2717
17895.095703125 2774
17900.53515625 2794
17906.453125 2909
17910.50390625 972
17970.96875 1138
17996.572265625 1442
18009.8359375 1137
18011.830078125 102
18049.158203125 667
18073.02734375 1935
18093.73046875 2352
18114.8046875 2887
18119.70703125 427
18185.51953125 1533
18222.228515625 170
18222.87109375 262
18227.12109375 306
18259.8125 596
18284.494140625 805
18315.40234375 849
18325.71484375 850
18375.2578125 965
18396.193359375 976
18401.341796875 1058
18421.93359375 1403
18438.103515625 1645
18442.99609375 1999
18535.765625 2292
18537.19921875 2392
18559.87890625 2403
18574.541015625 2497
18592.84765625 2524
18613.212890625 2601
18674.25 2652
18696.046875 2657
18697.203125 2761
18765.640625 2839
18767.712890625 2939
18820.3359375 2984
18822.55859375 1027
18827.193359375 622
18987.27734375 417
18988.146484375 450
19001.291015625 690
19012.380859375 969
19059.859375 982
19108.798828125 1040
19216.580078125 1078
19224.59765625 1083
19324.671875 1382
19344.033203125 1391
19379.546875 1486
19393.7578125 1503
19417.326171875 1547
19424.375 1561
19433.251953125 1965
19441.6015625 2026
19470.61328125 2066
19491.087890625 2182
19505.25 2245
19521.263671875 2460
19542.4453125 2466
19557.296875 2540
19575.30859375 2593
19576.2734375 2632
19612.033203125 2753
19640.57421875 2759
19664.40234375 2793
19666.06640625 2925
19667.123046875 2152
19729.78515625 762
19854.98046875 2757
19925.466796875 37
19938.443359375 1624
19951.173828125 1271
19997.96875 2370
20016.8671875 2895
20028.33203125 2411
20050.697265625 67
20151.111328125 150
20155.0078125 171
20170.216796875 195
20208.53125 363
20214.603515625 522
20217.576171875 657
20239.33984375 701
20341.9921875 760
20405.267578125 811
20481.517578125 874
20482.927734375 875
20540.1171875 1002
20567.8515625 1007
20573.009765625 1023
20623.01953125 1356
20674.802734375 1378
20762.869140625 1489
20799.09375 1629
20800.537109375 2721
20833.91796875 2032
20836.55078125 2259
20838.26953125 771
20844.525390625 1543
20896.818359375 2241
20898.0390625 1964
20899.912109375 1625
20903.294921875 2693
20931.0390625 222
20991.931640625 258
21030.4921875 281
21119.923828125 506
21131.556640625 582
21261.052734375 724
21347.640625 879
21367.783203125 1003
21367.783203125 1171
21393.640625 1182
21422.26171875 1588
21444.4609375 1685
21487.11328125 1758
21540.150390625 2300
21661.7421875 2310
21675.94140625 2705
21693.685546875 2845
21715.58203125 2916
21801.3359375 1811
21820.517578125 2701
21934.134765625 421
21962.29296875 1440
22091.814453125 2337
22228.91796875 2531
22398.904296875 18
22446.08203125 29
22483.982421875 31
22532.640625 104
22536.240234375 274
22578.0546875 321
22646.201171875 370
22837.177734375 375
22848.08984375 562
22852.8203125 914
22878.328125 944
22902.59375 1672
22919.41796875 1684
22933.638671875 1825
23102.83984375 1846
23110.875 1960
23113.7734375 1976
23230.888671875 2006
23415.033203125 2319
23642.193359375 2405
23663.841796875 2550
23679.3671875 2606
23705.85546875 2768
23774.716796875 1081
23808.298828125 1780
24039.12109375 16
24224.111328125 28
24323.625 125
24552.5703125 212
24688.681640625 265
24814.080078125 295
24871.2421875 360
24920.267578125 364
25026.087890625 937
25075.912109375 1077
25259.01171875 1101
25394.537109375 1241
25607.640625 1243
25701.75390625 1307
25999.8984375 1343
26026.9140625 1404
26301.064453125 1418
26585.275390625 1585
26688.4765625 1719
26928.427734375 1822
26935.6171875 2009
27303.1640625 2164
29256.76171875 2214
30089.17578125 2250
30454.345703125 2263
31806.0859375 2342
33113.41015625 2359
33154.42578125 2547
