5074.0712890625 2159
5221.5439453125 1067
5421.19384765625 371
5636.6123046875 243
5731.5947265625 1301
6093.82861328125 311
6148.13525390625 426
6303.13037109375 648
6472.9892578125 720
6473.2099609375 792
6483.66748046875 940
6594.609375 1006
6635.73193359375 1032
6796.06884765625 1160
6830.30712890625 1189
7020.87548828125 2183
7021.873046875 2190
7044.68212890625 2301
7134.14794921875 1459
7182.69580078125 1649
7269.13671875 353
7292.8212890625 2706
7349.9931640625 1446
7374.87109375 87
7378.60400390625 251
7380.869140625 527
7446.958984375 529
7485.18310546875 625
7485.2685546875 641
7496.64013671875 693
7537.5703125 873
7585.0341796875 881
7593.3515625 928
7630.46484375 1133
7635.4033203125 1283
7749.3857421875 1318
7762.8076171875 1346
7809.88037109375 1417
7841.54833984375 1720
7866.88134765625 1987
7913.90185546875 2226
7919.5810546875 2296
7966.4228515625 2515
7973.41796875 2572
7976.48388671875 2669
8095.0166015625 2728
8097.0205078125 2734
8119.3154296875 2746
8120.662109375 2852
8177.64111328125 2866
8203.7880859375 2915
8203.89453125 2949
8217.53125 377
8252.0537109375 2281
8285.908203125 160
8318.859375 1
8358.7216796875 425
8359.43359375 446
8387.857421875 800
8411.2568359375 918
8440.0859375 953
8459.3544921875 985
8464.7939453125 986
8476.6708984375 1008
8511.2509765625 1043
8540.36328125 1270
8568.5380859375 1317
8572.9140625 1435
8598.77734375 1548
8615.826171875 1606
8616.55859375 1661
8616.619140625 1712
8628.8359375 2010
8633.6005859375 2088
8647.650390625 2365
8678.775390625 2410
8766.7646484375 2414
8770.8486328125 2482
8784.6015625 2560
8809.193359375 2781
8818.5146484375 2820
8828.6640625 997
8832.6513671875 1781
8834.9365234375 81
8835.30859375 229
8841.0703125 440
8841.337890625 548
8892.7841796875 611
8895.919921875 826
8903.31640625 834
8967.49609375 848
9000.9765625 871
9028.1650390625 893
9039.908203125 1231
9046.6875 1256
9057.857421875 1315
9058.25390625 1458
9087.0986328125 1550
9101.591796875 1671
9108.4853515625 1711
9115.0927734375 1815
9150.9921875 1893
9166.4169921875 2312
9216.5703125 2324
9236.38671875 2385
9271.22265625 2447
9272.7763671875 2562
9293.443359375 2610
9296.2919921875 2622
9333.98046875 2853
9445.8193359375 2924
9449.8203125 2927
9452.32421875 2239
9500.5537109375 1362
9502.9755859375 1926
9546.962890625 2997
9564.5302734375 254
9568.0927734375 388
9585.4130859375 465
9618.0927734375 498
9630.765625 520
9638.244140625 962
9696.578125 981
9700.6884765625 1156
9702.6064453125 1652
9709.099609375 2205
9723.125 2339
9757.859375 2417
9768.7548828125 2494
9787.43359375 2687
9787.763671875 1122
9825.607421875 1670
9834.6376953125 264
9883.25 2173
9886.21875 1646
9930.5 2396
9945.1689453125 49
9951.1611328125 189
9972.158203125 261
9985.416015625 263
9991.51953125 430
10000.09375 831
10013.8955078125 899
10014.6162109375 1123
10026.8056640625 1169
10028.0205078125 1350
10030.900390625 1405
10046.814453125 1512
10051.9365234375 1750
10068.326171875 1769
10071.32421875 1908
10080.5751953125 1966
10107.1591796875 1982
10122.5478515625 1993
10136.2646484375 2094
10142.6689453125 2126
10163.0517578125 2141
10230.173828125 2171
10230.3955078125 2174
10233.4345703125 2177
10233.8505859375 2237
10283.677734375 2367
10285.08203125 2536
10298.529296875 2542
10311.4951171875 2582
10318.3818359375 2675
10319.486328125 2703
10322.408203125 1873
10326.2197265625 2107
10330.8671875 1281
10333.1875 455
10349.4462890625 470
10353.7744140625 902
10364.9970703125 926
10368.6328125 967
10404.5576171875 1104
10407.6484375 1225
10419.6259765625 1286
10447.3955078125 1506
10464.802734375 1516
10479.505859375 1599
10479.72265625 1779
10480.4716796875 1848
10482.78125 1867
10491.7490234375 1883
10523.771484375 2063
10537.169921875 2210
10541.671875 2246
10561.4814453125 2285
10567.9296875 2361
10581.2734375 2686
10586.498046875 2700
10588.69921875 88
10602.333984375 586
10604.583984375 136
10606.1845703125 1471
10609.20703125 226
10611.4287109375 296
10616.666015625 1197
10638.888671875 1666
10672.1240234375 2511
10675.5390625 101
10678.86328125 215
10689.3232421875 549
10710.9384765625 550
10719.0595703125 573
10726.8359375 1136
10740.3896484375 1199
10744.47265625 1530
10750.2939453125 1581
10752.330078125 1640
10752.330078125 1688
10756.55859375 1968
10760.833984375 2526
10776.8203125 2571
10777.1435546875 2983
10791.6865234375 1787
10797.0029296875 602
10811.2587890625 1146
10812.607421875 253
10829.8037109375 342
10834.7421875 843
10837.498046875 1233
10838.908203125 1335
10839.9072265625 1394
10849.6123046875 1737
10860.333984375 1784
10878.7177734375 1950
10911.5986328125 2025
10912.3623046875 2473
10942.4375 2518
10965.6396484375 999
10966.8505859375 1056
10971.02734375 1900
10984.763671875 1304
10998.44921875 1326
10999.6826171875 2967
11006.0341796875 1329
11010.42578125 50
11019.6279296875 318
11019.6279296875 389
11025.8759765625 478
11037.193359375 491
11050.0888671875 580
11059.19140625 599
11099.052734375 890
11108.8330078125 896
11123.041015625 909
11130.13671875 919
11152.796875 995
11208.9619140625 1273
11210.228515625 1342
11237.205078125 1430
11249.6474609375 1495
11258.166015625 1568
11268.5595703125 1583
11277.2783203125 1764
11284.8974609375 1774
11294.3896484375 2065
11314.10546875 2117
11364.03125 2181
11373.7060546875 2268
11374.7841796875 2465
11383.083984375 2664
11387.755859375 2760
11390.2080078125 2764
11407.111328125 2938
11418.041015625 2943
11424.943359375 1860
11453.74609375 2880
11454.58203125 1333
11456.6708984375 2631
11459.2392578125 146
11461.65625 1538
11470.4375 21
11505.314453125 34
11513.2724609375 200
11528.583984375 288
11529.5859375 336
11529.6240234375 385
11541.435546875 517
11544.4658203125 546
11561.9638671875 609
11562.1201171875 614
11563.8896484375 683
11585.7138671875 686
11597.84375 769
11600.6826171875 1097
11600.6826171875 1221
11600.94140625 1322
11603.498046875 1359
11615.0703125 1376
11615.9609375 1686
11625.82421875 1854
11643.77734375 2513
11654.134765625 2553
11656.044921875 2650
11659.81640625 2672
11665.552734375 2911
11680.40625 78
11682.8994140625 2713
11687.728515625 2800
11692.5419921875 2651
11712.4296875 2970
11717.13671875 1045
11720.5302734375 1068
11736.958984375 2078
11751.1875 884
11775.5712890625 886
11790.4169921875 1028
11794.986328125 1845
11798.5078125 1932
11800.1357421875 2489
11807.1767578125 90
11827.7021484375 153
11845.8359375 240
11847.267578125 256
11851.517578125 531
11860.60546875 644
11879.775390625 706
11881.8779296875 775
11906.1064453125 1163
11910.12109375 1483
11928.353515625 2114
11933.337890625 2379
11950.814453125 2424
11951.171875 2433
12005.666015625 2435
12017.84375 2442
12042.5732421875 2683
12046.11328125 2811
12074.826171875 2176
12079.3447265625 169
12128.796875 2207
12164.986328125 1144
12176.5078125 2180
12180.1826171875 73
12201.99609375 663
12205.8232421875 677
12232.826171875 756
12234.826171875 925
12265.0927734375 927
12270.31640625 946
12341.1328125 996
12341.7080078125 1141
12342.44140625 1202
12343.947265625 1251
12351.310546875 1457
12351.310546875 1502
12384.1826171875 1591
12385.5341796875 1733
12393.705078125 1735
12440.57421875 1919
12443.7158203125 1933
12451.3974609375 1955
12467.2490234375 2002
12481.6611328125 2335
12489.6953125 2341
12500.88671875 2565
12509.0078125 2695
12530.40625 2763
12571.5673828125 2840
12588.2646484375 2422
12626.189453125 1020
12628.0166015625 640
12629.791015625 59
12649.05859375 177
12654.1201171875 191
12679.384765625 575
12682.5712890625 687
12688.79296875 934
12689.5732421875 1119
12691.6865234375 1529
12718.8564453125 1697
12737.328125 1810
12737.4365234375 1831
12737.8251953125 2354
12739.03515625 2528
12744.96875 2679
12754.9765625 2712
12762.7509765625 2747
12770.0146484375 2809
12772.59375 2821
12808.3046875 2842
12809.791015625 2860
12818.6787109375 2906
12853.50390625 2994
12854.2509765625 186
12855.826171875 223
12865.5458984375 1594
12866.443359375 410
12875.1689453125 631
12880.8271484375 132
12888.654296875 2576
12916.88671875 1282
12927.2021484375 488
12931.8203125 869
12954.5634765625 2059
12954.9091796875 787
12957.517578125 904
12986.4228515625 137
12988.1455078125 275
13062.6708984375 328
13077.2119140625 333
13081.9912109375 392
13102.6787109375 407
13108.453125 489
13115.9541015625 680
13124.0947265625 1022
13133.578125 1290
13144.53515625 1358
13155.57421875 1607
13159.806640625 1653
13160.4541015625 2024
13165.0087890625 2184
13173.658203125 2221
13189.4365234375 2394
13194.576171875 2427
13203.5712890625 2517
13216.9326171875 2655
13242.6953125 2704
13242.8212890625 2900
13242.8212890625 2946
13253.1328125 459
13258.0107421875 1408
13281.7451171875 1339
13291.740234375 22
13321.365234375 45
13348.99609375 300
13374.2294921875 812
13402.060546875 922
13416.3876953125 947
13426.5322265625 975
13426.7548828125 1001
13431.572265625 1095
13431.7470703125 1275
13436.2138671875 1664
13447.177734375 1708
13462.748046875 1763
13517.2138671875 1766
13522.201171875 1889
13525.88671875 2077
13526.2431640625 2082
13530.6376953125 2131
13533.5615234375 2315
13538.3330078125 2317
13538.537109375 2409
13539.5478515625 2608
13573.23828125 2616
13589.8564453125 2649
13602.80859375 2819
13653.75390625 2862
13669.560546875 1164
13674.767578125 2213
13677.9501953125 1050
13684.369140625 979
13693.224609375 1562
13693.9814453125 1597
13694.1376953125 2334
13700.0986328125 587
13706.896484375 630
13716.3623046875 777
13726.09375 1012
13727.73046875 1064
13803.154296875 1082
13812.45703125 1462
13829.26171875 1501
13834.38671875 1654
13846.6484375 1800
13863.69921875 2656
13865.2890625 2884
13878.623046875 1416
13894.19140625 1575
13920.2705078125 2889
13947.8583984375 445
13968.6005859375 30
13968.8837890625 2484
13994.5263671875 38
14024.4814453125 40
14027.09375 76
14052.10546875 77
14057.892578125 108
14097.6796875 164
14115.84375 211
14120.9697265625 225
14132.31640625 376
14133.33203125 437
14133.4453125 510
14138.1689453125 646
14146.19140625 671
14156.453125 738
14160.6357421875 770
14205.4091796875 1434
14207.458984375 1610
14214.14453125 1662
14216.982421875 1709
14267.6064453125 1998
14290.3369140625 2166
14312.2958984375 2220
14316.416015625 2238
14318.345703125 2255
14321.0517578125 2345
14325.8310546875 2510
14332.0146484375 2581
14356.6611328125 2607
14364.587890625 2807
14398.0859375 1015
14402.669921875 1984
14419.67578125 1258
14438.7919921875 2555
14441.3330078125 1147
14450.3515625 865
14467.4794921875 939
14488.7568359375 1497
14493.708984375 2630
14499.2685546875 2752
14504.232421875 457
14531.5107421875 309
14538.046875 316
14539.220703125 483
14566.6083984375 484
14599.1484375 633
14610.3896484375 1026
14639.5439453125 1036
14639.5439453125 1176
14649.0546875 1423
14675.48046875 1485
14701.533203125 1590
14705.6748046875 1702
14711.5869140625 1759
14711.7724609375 1818
14731.330078125 1958
14757.912109375 1963
14764.765625 1977
14776.4345703125 2053
14780.8935546875 2056
14801.11328125 2125
14804.390625 2304
14817.205078125 2356
14825.701171875 2477
14828.7216796875 2533
14847.3544921875 2732
14857.6611328125 2948
14864.181640625 1601
14867.4931640625 2256
14906.97265625 2104
14926.09765625 284
14951.98828125 182
14975.171875 916
14983.94140625 1667
14988.494140625 1852
14994.853515625 727
15004.208984375 2036
15013.00390625 2772
15016.966796875 130
15028.462890625 219
15034.9658203125 394
15045.0439453125 405
15077.740234375 634
15081.5703125 856
15102.1328125 983
15128.2763671875 1117
15131.32421875 1386
15139.146484375 1791
15153.7744140625 1991
15226.4228515625 2060
15262.208984375 2215
15265.423828125 2314
15273.853515625 2440
15277.4599609375 2467
15310.435546875 2618
15311.744140625 2648
15336.4873046875 2694
15396.1962890625 1772
15416.1875 818
15439.4404296875 2907
15464.740234375 660
15466.1171875 1168
15481.376953125 1145
15487.359375 1476
15530.17578125 1618
15553.091796875 655
15565.34765625 1592
15568.2412109375 2120
15589.3515625 2557
15625.970703125 112
15635.1240234375 350
15647.232421875 356
15656.017578125 448
15660.375 1500
15660.51171875 1526
15672.4541015625 1587
15680.2060546875 1881
15705.4365234375 1943
15731.177734375 1962
15743.8359375 1995
15758.4814453125 2075
15772.015625 2118
15793.5830078125 2309
15802.220703125 2418
15814.1748046875 2516
15820.119140625 2588
15842.8984375 2605
15858.99609375 2623
15872.7138671875 2937
15877.6064453125 1005
15878.322265625 110
15882.9853515625 2360
15894.0654296875 121
15914.95703125 1046
15932.798828125 298
15946.7646484375 372
15979.1318359375 492
15994.279296875 752
15996.65234375 838
16019.427734375 903
16023.7734375 1034
16039.810546875 1128
16050.7939453125 1187
16054.2822265625 1437
16055.396484375 1488
16073.40234375 1534
16081.1884765625 1657
16087.0205078125 1678
16089.162109375 1824
16102.6123046875 1826
16115.3427734375 1941
16138.466796875 1997
16139.9521484375 2318
16148.853515625 2327
16183.1806640625 2362
16203.82421875 2404
16204.0771484375 2453
16209.1396484375 2458
16215.0625 2496
16215.923828125 2696
16237.80078125 2722
16254.6298828125 2796
16258.390625 2584
16272.86328125 2872
16299.1416015625 2589
16313.2529296875 2135
16328.66015625 1802
16328.8994140625 1853
16344.55078125 1892
16344.6240234375 1580
16364.4580078125 25
16370.271484375 72
16371.09375 343
16371.88671875 710
16382.873046875 755
16390.341796875 885
16392.232421875 1683
16410.97265625 1776
16412.94140625 1972
16414.484375 2047
16450.76171875 2138
16463.60546875 2185
16466.8203125 2344
16468.318359375 2545
16472.794921875 2573
16476.248046875 2855
16485.759765625 1511
16488.654296875 1778
16490.283203125 329
16498.68359375 731
16516.73828125 1400
16535.037109375 2070
16544.603515625 1480
16568.001953125 1714
16573.44921875 249
16580.978515625 94
16585.380859375 2823
16596.515625 471
16625.73828125 473
16629.142578125 747
16659.259765625 915
16681.234375 921
16693.771484375 993
16699.638671875 1072
16707.255859375 1415
16707.388671875 1541
16741.5390625 1746
16771.1328125 1949
16771.59375 2079
16784.796875 2219
16858.3203125 2258
16904.17578125 2413
16941.359375 2628
16953.998046875 2828
16996.3984375 2903
16999.080078125 2996
17037.654296875 204
17067.48046875 1247
17082.80078125 1410
17089.41796875 1888
17108.421875 1214
17121.9140625 1658
17129.5078125 2587
17174.525390625 380
17179.189453125 688
17226.6640625 1761
17233.41015625 66
17246.26171875 127
17246.38671875 179
17259.1484375 855
17347.89453125 1198
17365.720703125 1250
17413.650390625 1507
17432.87890625 1558
17437.0390625 2007
17453.388671875 2092
17467.80859375 2231
17468.728515625 2384
17477.91015625 2457
17505.939453125 2544
17513.169921875 2717
17519.16796875 2774
17523.8046875 2794
17574.615234375 2909
17598.609375 972
17610.4765625 1138
17653.04296875 1442
17657.546875 1137
17708.697265625 102
17724.58984375 667
17749.794921875 1935
17776.326171875 2352
17783.703125 2887
17803.236328125 427
17836.7265625 1533
17838.208984375 170
17867.6171875 262
17886.9765625 306
17950.37890625 596
17978.88671875 805
17991.234375 849
18007.806640625 850
18061.458984375 965
18097.060546875 976
18178.3671875 1058
18201.966796875 1403
18203.59375 1645
18250.982421875 1999
18268.646484375 2292
18343.861328125 2392
18441.4921875 2403
18470.30859375 2497
18492.0234375 2524
18523.63671875 2601
18543.830078125 2652
18581.658203125 2657
18624.951171875 2761
18694.734375 2839
18712.443359375 2939
18715.37109375 2984
18754.67578125 1027
18822.673828125 622
18852.49609375 417
18876.140625 450
18917.373046875 690
18930.314453125 969
18951.140625 982
18961.494140625 1040
19049.595703125 1078
19050.580078125 1083
19117.17578125 1382
19133.287109375 1391
19143.705078125 1486
19158.345703125 1503
19180.744140625 1547
19260.29296875 1561
19336.30859375 1965
19480.34375 2026
19482.095703125 2066
19584.962890625 2182
19595.919921875 2245
19597.390625 2460
19606.001953125 2466
19619.767578125 2540
19646.6953125 2593
19651.755859375 2632
19651.755859375 2753
19848.19140625 2759
19900.337890625 2793
19904.103515625 2925
19973.951171875 2152
19981.5625 762
19992.490234375 2757
20064.24609375 37
20173.3828125 1624
20202.546875 1271
20246.03515625 2370
20290.6484375 2895
20340.958984375 2411
20381.267578125 67
20452.3359375 150
20452.73828125 171
20565.0 195
20603.013671875 363
20638.708984375 522
20719.49609375 657
20738.14453125 701
20882.603515625 760
20964.865234375 811
20971.798828125 874
21037.6015625 875
21061.330078125 1002
21082.955078125 1007
21165.54296875 1023
21185.43359375 1356
21185.716796875 1378
21232.466796875 1489
21233.6875 1629
21305.451171875 2721
21360.0859375 2032
21411.8671875 2259
21415.810546875 771
21446.03515625 1543
21450.265625 2241
21490.169921875 1964
21708.58203125 1625
21870.671875 2693
21954.1328125 222
21957.234375 258
22001.94140625 281
22032.1484375 506
22162.91015625 582
22163.333984375 724
22164.490234375 879
22203.771484375 1003
22210.03125 1171
22224.197265625 1182
22233.02734375 1588
22274.47265625 1685
22337.04296875 1758
22386.697265625 2300
22527.5859375 2310
22684.75 2705
22774.853515625 2845
22815.892578125 2916
22856.353515625 1811
22859.84375 2701
22950.794921875 421
23026.384765625 1440
23066.8515625 2337
23079.66796875 2531
23131.23828125 18
23287.7890625 29
23412.53515625 31
23447.796875 104
23500.4140625 274
23530.423828125 321
23594.615234375 370
23658.8984375 375
23680.43359375 562
23780.50390625 914
23817.251953125 944
23841.611328125 1672
23899.318359375 1684
24077.798828125 1825
24112.53125 1846
24376.80859375 1960
24439.37109375 1976
24470.98046875 2006
24558.90234375 2319
24659.7734375 2405
24854.015625 2550
24977.32421875 2606
25282.849609375 2768
25344.330078125 1081
25414.751953125 1780
25523.109375 16
25540.96875 28
25575.64453125 125
25601.736328125 212
25755.44921875 265
25930.431640625 295
26535.78125 360
26763.109375 364
27033.859375 937
27139.26953125 1077
27255.810546875 1101
27311.7734375 1241
27551.46484375 1243
27897.826171875 1307
27978.619140625 1343
28122.86328125 1404
28386.626953125 1418
28649.826171875 1585
28854.689453125 1719
28944.8203125 1822
29143.16796875 2009
29177.248046875 2164
29212.521484375 2214
29496.58203125 2250
30202.47265625 2263
31202.16796875 2342
32443.046875 2359
32574.81640625 2547
