5096.38330078125 160
5786.75732421875 1
5832.23876953125 425
5889.4111328125 446
6007.22265625 800
6205.48388671875 918
6395.0517578125 953
6429.5146484375 985
6592.4794921875 986
6604.97900390625 1008
6622.3603515625 1043
6800.03564453125 1270
6818.34375 1317
6842.3837890625 1435
7107.478515625 1548
7197.9677734375 1606
7430.80029296875 1661
7434.923828125 1712
7504.24609375 2010
7504.7421875 2088
7505.12353515625 2365
7511.474609375 2410
7589.060546875 2414
7597.5166015625 2482
7639.201171875 2560
7667.5146484375 2781
8008.076171875 2820
8036.9619140625 997
8100.1142578125 1446
8117.615234375 87
8131.11669921875 251
8159.95703125 527
8201.728515625 529
8270.00390625 625
8311.939453125 641
8361.65625 693
8386.9580078125 873
8447.59765625 881
8486.078125 928
8542.265625 1133
8569.7099609375 1283
8587.5830078125 1318
8589.37890625 1346
8646.2802734375 1417
8647.15625 1720
8679.919921875 1987
8737.9267578125 2226
8740.5712890625 2296
8753.4404296875 2515
8795.4404296875 2572
8831.2265625 2669
8846.451171875 2728
8859.708984375 2734
8861.26171875 2746
8928.642578125 2852
8946.9609375 2866
8991.396484375 2915
8994.8212890625 2949
9024.9248046875 377
9050.908203125 2281
9066.0380859375 1781
9069.365234375 81
9092.3486328125 229
9130.546875 440
9231.466796875 548
9249.7138671875 611
9259.1611328125 826
9262.4931640625 834
9317.74609375 848
9333.7421875 871
9417.4619140625 893
9447.416015625 1231
9490.259765625 1256
9538.62109375 1315
9630.4697265625 1458
9635.9560546875 1550
9682.0078125 1671
9704.658203125 1711
9715.2568359375 1815
9765.2158203125 1893
9772.6201171875 2312
9772.939453125 2324
9813.7392578125 2385
9814.4765625 2447
9838.490234375 2562
9893.91796875 2610
9894.572265625 2622
9908.76171875 2853
9908.76171875 2924
9927.3984375 2927
9953.6728515625 2239
9959.853515625 1362
10015.18359375 1926
10025.4091796875 2997
10044.01953125 254
10045.439453125 388
10053.4228515625 465
10061.52734375 498
10066.2197265625 520
10068.962890625 962
10081.427734375 981
10110.609375 1156
10120.619140625 1652
10135.4765625 2205
10180.92578125 2339
10193.5693359375 2417
10199.0517578125 2494
10200.5830078125 2687
10204.537109375 1122
10207.4951171875 1670
10248.78515625 264
10250.4404296875 2173
10280.5869140625 1646
10290.4814453125 2396
10348.087890625 49
10348.091796875 189
10353.0830078125 261
10356.9306640625 263
10373.6455078125 430
10383.1689453125 831
10414.1728515625 899
10420.1220703125 1123
10424.58203125 1169
10473.318359375 1350
10496.205078125 1405
10515.0673828125 1512
10542.673828125 1750
10546.919921875 1769
10551.126953125 1908
10570.580078125 1966
10573.1220703125 1982
10574.8046875 1993
10575.89453125 2094
10598.501953125 2126
10605.3564453125 2141
10612.5400390625 2171
10628.306640625 2174
10630.1533203125 2177
10630.2119140625 2237
10652.70703125 2367
10653.748046875 2536
10657.3818359375 2542
10658.5439453125 2582
10658.912109375 2675
10664.9853515625 2703
10668.177734375 1873
10701.478515625 2107
10718.0048828125 1281
10719.5986328125 455
10738.9013671875 470
10750.9013671875 902
10759.087890625 926
10766.61328125 967
10776.9267578125 1104
10833.6484375 1225
10848.6708984375 1286
10860.2529296875 1506
10864.5888671875 1516
10876.1865234375 1599
10876.6904296875 1779
10950.1474609375 1848
10950.1474609375 1867
10950.244140625 1883
10958.1943359375 2063
10972.7705078125 2210
10973.9267578125 2246
10985.9111328125 2285
10990.5439453125 2361
10994.396484375 2686
10995.5830078125 2700
11009.1298828125 88
11023.08203125 586
11031.2255859375 136
11033.2041015625 1471
11041.4130859375 226
11048.845703125 296
11065.70703125 1197
11068.23828125 1666
11079.0400390625 2511
11100.251953125 101
11108.22265625 215
11108.22265625 549
11108.7646484375 550
11160.7880859375 573
11164.666015625 1136
11164.93359375 1199
11182.9365234375 1530
11187.4326171875 1581
11198.787109375 1640
11204.6015625 1688
11209.8037109375 1968
11210.1767578125 2526
11251.537109375 2571
11284.5234375 2983
11296.9716796875 1787
11299.0751953125 602
11319.8037109375 1146
11343.1591796875 253
11346.2021484375 342
11362.5849609375 843
11369.0966796875 1233
11369.33203125 1335
11382.97265625 1394
11399.6171875 1737
11402.4716796875 1784
11414.3466796875 1950
11428.416015625 2025
11440.3154296875 2473
11440.75390625 2518
11517.828125 999
11518.578125 1056
11525.189453125 1900
11534.5478515625 1304
11536.302734375 1326
11538.814453125 2967
11543.087890625 1329
11569.4228515625 50
11570.4541015625 318
11578.7353515625 389
11582.5849609375 478
11649.720703125 491
11659.1259765625 580
11660.9609375 599
11662.4736328125 890
11665.0234375 896
11666.6640625 909
11685.283203125 919
11687.6298828125 995
11696.1328125 1273
11700.4580078125 1342
11741.9404296875 1430
11752.23828125 1495
11783.904296875 1568
11786.591796875 1583
11811.1708984375 1764
11815.978515625 1774
11820.5078125 2065
11824.3779296875 2117
11831.390625 2181
11857.166015625 2268
11863.0576171875 2465
11873.9619140625 2664
11899.439453125 2760
11917.0634765625 2764
11923.447265625 2938
11939.447265625 2943
11940.5146484375 1860
11942.4951171875 2880
11963.9013671875 1333
11972.7548828125 2631
11988.533203125 146
12016.96875 1538
12024.28125 21
12025.3388671875 34
12033.8193359375 200
12037.220703125 288
12045.5712890625 336
12063.826171875 385
12070.630859375 517
12072.8896484375 546
12097.1142578125 609
12099.0888671875 614
12102.57421875 683
12105.5166015625 686
12109.0654296875 769
12115.2666015625 1097
12140.54296875 1221
12141.3740234375 1322
12143.3330078125 1359
12154.6201171875 1376
12156.2109375 1686
12160.353515625 1854
12169.513671875 2513
12172.7529296875 2553
12177.076171875 2650
12199.240234375 2672
12231.099609375 2911
12239.951171875 78
12326.662109375 2713
12333.359375 2800
12348.802734375 2651
12353.125 2970
12356.9013671875 1045
12359.900390625 1068
12376.87890625 2078
12386.474609375 884
12397.8046875 886
12405.8662109375 1028
12408.16015625 1845
12430.54296875 1932
12439.7490234375 2489
12444.775390625 90
12449.169921875 153
12482.05078125 240
12482.373046875 256
12493.015625 531
12505.2705078125 644
12526.673828125 706
12540.392578125 775
12565.4248046875 1163
12568.322265625 1483
12580.1484375 2114
12583.390625 2379
12591.1875 2424
12599.1181640625 2433
12603.294921875 2435
12609.916015625 2442
12610.517578125 2683
12615.8720703125 2811
12618.505859375 2176
12619.82421875 169
12620.6015625 2207
12623.0322265625 1144
12637.87109375 2180
12651.806640625 73
12660.90625 663
12678.2724609375 677
12683.2607421875 756
12688.9287109375 925
12691.958984375 927
12695.115234375 946
12729.392578125 996
12737.060546875 1141
12741.80859375 1202
12764.607421875 1251
12770.94921875 1457
12785.5 1502
12809.64453125 1591
12818.947265625 1733
12821.5625 1735
12822.669921875 1919
12828.2685546875 1933
12829.0390625 1955
12836.1435546875 2002
12860.2255859375 2335
12873.03515625 2341
12883.0419921875 2565
12885.1865234375 2695
12886.212890625 2763
12889.0341796875 2840
12893.4794921875 2422
12897.912109375 1020
12906.3310546875 640
12916.951171875 59
12927.451171875 177
12941.345703125 191
12944.115234375 575
12952.998046875 687
12981.2958984375 934
12999.0859375 1119
13001.091796875 1529
13002.419921875 1697
13003.298828125 1810
13005.880859375 1831
13015.93359375 2354
13038.8916015625 2528
13057.08984375 2679
13075.0771484375 2712
13076.42578125 2747
13082.6669921875 2809
13083.435546875 2821
13113.58203125 2842
13139.4609375 2860
13143.5302734375 2906
13145.7421875 2994
13152.5390625 186
13156.794921875 223
13161.986328125 1594
13175.5732421875 410
13176.91015625 631
13180.173828125 132
13185.5185546875 2576
13200.662109375 1282
13201.3037109375 488
13205.6435546875 869
13211.3662109375 2059
13222.53515625 787
13228.1484375 904
13230.740234375 137
13232.5625 275
13235.955078125 328
13236.72265625 333
13243.44140625 392
13258.3984375 407
13263.435546875 489
13264.0908203125 680
13267.6640625 1022
13269.8271484375 1290
13272.779296875 1358
13274.0185546875 1607
13281.2431640625 1653
13283.4384765625 2024
13292.8212890625 2184
13295.3525390625 2221
13299.62890625 2394
13301.82421875 2427
13304.91796875 2517
13311.2734375 2655
13318.80078125 2704
13334.6240234375 2900
13337.294921875 2946
13340.2470703125 459
13350.2724609375 1408
13357.4580078125 1339
13361.10546875 22
13369.9306640625 45
13381.9892578125 300
13384.666015625 812
13397.1923828125 922
13397.4453125 947
13400.16796875 975
13403.8984375 1001
13412.037109375 1095
13422.810546875 1275
13426.451171875 1664
13432.822265625 1708
13439.2607421875 1763
13464.099609375 1766
13477.50390625 1889
13483.986328125 2077
13491.1220703125 2082
13496.013671875 2131
13497.0341796875 2315
13499.333984375 2317
13508.5234375 2409
13515.3125 2608
13525.890625 2616
13545.24609375 2649
13566.0380859375 2819
13578.65625 2862
13579.5947265625 1164
13580.4638671875 2213
13591.580078125 1050
13592.1123046875 979
13592.41796875 1562
13593.4580078125 1597
13605.9912109375 2334
13612.9931640625 587
13622.47265625 630
13636.2734375 777
13647.216796875 1012
13660.68359375 1064
13661.90625 1082
13664.95703125 1462
13676.88671875 1501
13690.6552734375 1654
13693.7119140625 1800
13694.8642578125 2656
13698.4189453125 2884
13712.9052734375 1416
13713.5615234375 1575
13717.35546875 2889
13726.2646484375 445
13737.6298828125 30
13749.8046875 2484
13756.8564453125 38
13762.1376953125 40
13772.82421875 76
13781.294921875 77
13783.7646484375 108
13804.1884765625 164
13812.4423828125 211
13820.5263671875 225
13841.6201171875 376
13846.9345703125 437
13846.9345703125 510
13848.232421875 646
13860.501953125 671
13876.0986328125 738
13876.54296875 770
13880.6298828125 1434
13890.158203125 1610
13890.158203125 1662
13895.9423828125 1709
13904.310546875 1998
13910.41015625 2166
13928.71875 2220
13930.5478515625 2238
13932.9599609375 2255
13952.1484375 2345
13961.9765625 2510
13978.2158203125 2581
14001.90625 2607
14016.7744140625 2807
14029.595703125 1015
14048.19140625 1984
14051.6083984375 1258
14070.2431640625 2555
14074.26953125 1147
14083.5146484375 865
14084.5654296875 939
14089.72265625 1497
14091.87890625 2630
14096.2314453125 2752
14110.591796875 457
14114.4599609375 309
14123.9052734375 316
14130.78515625 483
14131.955078125 484
14134.1962890625 633
14141.548828125 1026
14150.1328125 1036
14151.24609375 1176
14166.7529296875 1423
14207.0 1485
14214.078125 1590
14219.96484375 1702
14233.0390625 1759
14252.0078125 1818
14256.66796875 1958
14257.6953125 1963
14260.9609375 1977
14272.59375 2053
14280.7978515625 2056
14368.712890625 2125
14376.255859375 2304
14383.2294921875 2356
14396.841796875 2477
14411.4853515625 2533
14417.9287109375 2732
14420.8291015625 2948
14429.755859375 1601
14438.095703125 2256
14439.3125 2104
14439.482421875 284
14441.453125 182
14444.443359375 916
14444.89453125 1667
14449.4443359375 1852
14451.7939453125 727
14456.0048828125 2036
14467.34375 2772
14493.779296875 130
14497.8291015625 219
14509.0947265625 394
14515.150390625 405
14515.7265625 634
14531.533203125 856
14535.294921875 983
14538.2744140625 1117
14539.2177734375 1386
14540.994140625 1791
14555.921875 1991
14557.849609375 2060
14569.3798828125 2215
14572.3828125 2314
14586.279296875 2440
14595.7587890625 2467
14599.4326171875 2618
14605.435546875 2648
14607.5703125 2694
14616.498046875 1772
14635.34765625 818
14638.64453125 2907
14660.5810546875 660
14663.2060546875 1168
14670.033203125 1145
14672.671875 1476
14677.771484375 1618
14692.77734375 655
14704.794921875 1592
14708.5927734375 2120
14735.455078125 2557
14738.9111328125 112
14779.7216796875 350
14780.5166015625 356
14791.734375 448
14864.3046875 1500
14877.599609375 1526
14882.8564453125 1587
14884.4775390625 1881
14931.630859375 1943
14939.1904296875 1962
14961.2314453125 1995
14975.4052734375 2075
14975.9697265625 2118
14993.01171875 2309
15014.6455078125 2418
15014.869140625 2516
15031.712890625 2588
15050.2421875 2605
15054.826171875 2623
15057.5751953125 2937
15060.7412109375 1005
15061.705078125 110
15070.3583984375 2360
15083.0234375 121
15105.6708984375 1046
15113.380859375 298
15143.6640625 372
15157.2861328125 492
15160.4931640625 752
15170.2734375 838
15174.408203125 903
15178.2314453125 1034
15182.6142578125 1128
15187.970703125 1187
15194.9189453125 1437
15211.08984375 1488
15215.103515625 1534
15224.0654296875 1657
15265.05078125 1678
15273.65625 1824
15293.802734375 1826
15294.439453125 1941
15294.5869140625 1997
15327.71484375 2318
15346.142578125 2327
15357.357421875 2362
15362.6142578125 2404
15367.6982421875 2453
15371.0859375 2458
15381.283203125 2496
15402.705078125 2696
15423.8076171875 2722
15426.318359375 2796
15429.662109375 2584
15434.240234375 2872
15438.2978515625 2589
15438.2978515625 2135
15439.962890625 1802
15450.333984375 1853
15455.689453125 1892
15465.953125 1580
15467.03515625 25
15468.58203125 72
15470.021484375 343
15476.953125 710
15478.001953125 755
15484.36328125 885
15499.1962890625 1683
15526.00390625 1776
15526.126953125 1972
15526.826171875 2047
15542.9921875 2138
15549.349609375 2185
15573.677734375 2344
15593.3349609375 2545
15595.9072265625 2573
15600.646484375 2855
15614.923828125 2159
15623.486328125 1067
15625.8896484375 371
15634.7236328125 243
15652.751953125 1301
15689.0673828125 311
15720.587890625 426
15748.1064453125 648
15771.677734375 720
15787.685546875 792
15809.1875 940
15809.7744140625 1006
15815.4111328125 1032
15833.603515625 1160
15842.7177734375 1189
15847.3046875 2183
15859.8291015625 2190
15881.869140625 2301
15890.271484375 1459
15895.1181640625 1649
15909.7578125 353
15949.4677734375 2706
15976.15234375 1511
15997.115234375 1778
16006.615234375 329
16019.19140625 731
16022.69140625 1400
16032.1953125 2070
16041.509765625 1480
16058.0712890625 1714
16093.98828125 249
16098.931640625 94
16122.638671875 2823
16143.5263671875 471
16146.474609375 473
16149.28125 747
16149.986328125 915
16155.5859375 921
16213.8125 993
16227.732421875 1072
16230.251953125 1415
16250.2421875 1541
16261.546875 1746
16272.0537109375 1949
16349.912109375 2079
16354.19921875 2219
16371.28125 2258
16388.39453125 2413
16400.298828125 2628
16430.216796875 2828
16431.806640625 2903
16431.98046875 2996
16446.99609375 204
16447.3046875 1247
16449.357421875 1410
16457.31640625 1888
16460.130859375 1214
16467.296875 1658
16489.453125 2587
16494.59375 380
16511.87109375 688
16520.75 1761
16541.669921875 66
16552.30078125 127
16554.5859375 179
16568.228515625 855
16572.20703125 1198
16580.439453125 1250
16590.3828125 1507
16596.1015625 1558
16600.03515625 2007
16615.79296875 2092
16619.19140625 2231
16622.39453125 2384
16639.09765625 2457
16646.453125 2544
16649.9453125 2717
16658.1484375 2774
16691.4765625 2794
16711.857421875 2909
16752.388671875 972
16754.435546875 1138
16773.04296875 1442
16782.15234375 1137
16792.38671875 102
16816.173828125 667
16825.859375 1935
16856.478515625 2352
16859.59375 2887
16878.162109375 427
16892.90234375 1533
16896.64453125 170
16898.193359375 262
16903.810546875 306
16911.0703125 596
16921.724609375 805
16921.939453125 849
16938.291015625 850
16949.923828125 965
16973.47265625 976
17009.267578125 1058
17009.65625 1403
17016.875 1645
17028.5546875 1999
17077.427734375 2292
17087.107421875 2392
17106.1640625 2403
17171.98828125 2497
17171.98828125 2524
17178.513671875 2601
17228.75390625 2652
17230.78125 2657
17255.609375 2761
17272.33984375 2839
17294.91796875 2939
17304.580078125 2984
17325.0546875 1027
17328.466796875 622
17333.822265625 417
17339.3828125 450
17356.650390625 690
17361.8359375 969
17369.087890625 982
17387.546875 1040
17415.935546875 1078
17420.296875 1083
17424.11328125 1382
17434.2265625 1391
17461.90234375 1486
17464.01171875 1503
17467.849609375 1547
17482.03125 1561
17500.984375 1965
17513.388671875 2026
17516.259765625 2066
17539.18359375 2182
17549.16796875 2245
17611.3515625 2460
17620.2734375 2466
17624.888671875 2540
17635.630859375 2593
17640.666015625 2632
17641.376953125 2753
17679.99609375 2759
17680.755859375 2793
17689.220703125 2925
17702.66015625 2152
17711.744140625 762
17715.34375 2757
17725.00390625 37
17730.5234375 1624
17733.16796875 1271
17749.58203125 2370
17771.89453125 2895
17773.796875 2411
17790.32421875 67
17819.97265625 150
17852.19140625 171
17864.984375 195
17880.21484375 363
17907.294921875 522
17909.697265625 657
17912.439453125 701
17939.736328125 760
17948.2265625 811
18010.52734375 874
18048.634765625 875
18059.77734375 1002
18071.7578125 1007
18073.064453125 1023
18137.43359375 1356
18209.251953125 1378
18209.89453125 1489
18218.814453125 1629
18228.97265625 2721
18264.12890625 2032
18319.85546875 2259
18364.353515625 771
18383.9921875 1543
18401.611328125 2241
18513.849609375 1964
18540.2109375 1625
18803.88671875 2693
18804.212890625 222
18820.53515625 258
18877.05078125 281
18913.763671875 506
18927.85546875 582
18944.689453125 724
18960.232421875 879
18995.109375 1003
19134.359375 1171
19207.515625 1182
19217.07421875 1588
19234.6796875 1685
19262.494140625 1758
19323.970703125 2300
19480.4140625 2310
19566.005859375 2705
19575.73046875 2845
19594.765625 2916
19600.533203125 1811
19628.90234375 2701
19633.171875 421
19656.5234375 1440
19787.33203125 2337
20081.6640625 2531
20223.76171875 18
20580.255859375 29
20648.82421875 31
20763.228515625 104
20787.3359375 274
20796.5703125 321
21002.46875 370
21013.66796875 375
21105.2578125 562
21212.71875 914
21246.462890625 944
21262.27734375 1672
21275.17578125 1684
21278.005859375 1825
21401.890625 1846
21545.41015625 1960
21620.2421875 1976
21717.68359375 2006
21792.3203125 2319
21864.533203125 2405
21896.55078125 2550
21971.837890625 2606
22314.125 2768
22328.84765625 1081
22379.154296875 1780
22415.015625 16
22421.265625 28
22435.263671875 125
22485.396484375 212
22680.15234375 265
22745.3046875 295
23159.408203125 360
23225.0 364
23317.1328125 937
23522.951171875 1077
23717.76171875 1101
23837.490234375 1241
24113.947265625 1243
24163.1484375 1307
24514.5390625 1343
24623.330078125 1404
24743.267578125 1418
25294.537109375 1585
25522.208984375 1719
26017.330078125 1822
26454.154296875 2009
26532.03515625 2164
26614.755859375 2214
28056.78515625 2250
28182.79296875 2263
28398.525390625 2342
29267.078125 2359
30682.37109375 2547
