4493.5966796875 1329
4967.3583984375 50
5486.8037109375 318
5804.25 389
5975.7275390625 478
6065.92333984375 491
6172.177734375 580
6173.66455078125 599
6233.228515625 890
6395.31103515625 896
6659.779296875 909
6787.845703125 919
6910.31787109375 995
6918.02685546875 1273
6960.36962890625 1342
6995.75390625 1430
7010.9990234375 1495
7052.478515625 1568
7052.5302734375 1583
7062.341796875 1764
7176.3896484375 1774
7290.861328125 2065
7313.8046875 2117
7315.36474609375 2181
7321.5400390625 2268
7360.623046875 2465
7369.50146484375 2664
7416.90283203125 2760
7431.65478515625 2764
7434.9140625 2938
7436.65625 2943
7448.35791015625 1860
7544.65478515625 2880
7558.7109375 1446
7675.02978515625 87
7685.052734375 251
7851.5849609375 527
7961.9091796875 529
8084.0068359375 625
8128.2294921875 641
8180.8828125 693
8185.982421875 873
8187.70556640625 881
8197.666015625 928
8228.4853515625 1133
8292.8046875 1283
8296.73828125 1318
8330.3359375 1346
8350.693359375 1417
8439.671875 1720
8454.8740234375 1987
8571.853515625 2226
8613.765625 2296
8669.8115234375 2515
8696.08984375 2572
8702.0576171875 2669
8797.197265625 2728
8920.935546875 2734
8926.322265625 2746
8934.443359375 2852
8978.046875 2866
8980.666015625 2915
8988.0068359375 2949
9083.744140625 377
9086.685546875 2281
9134.0205078125 160
9245.1455078125 1
9259.7666015625 425
9262.7978515625 446
9277.1396484375 800
9312.923828125 918
9314.6318359375 953
9334.328125 985
9344.044921875 986
9346.3251953125 1008
9353.447265625 1043
9462.75390625 1270
9482.1572265625 1317
9533.400390625 1435
9565.0 1548
9580.5576171875 1606
9647.8837890625 1661
9680.763671875 1712
9724.419921875 2010
9740.7607421875 2088
9807.517578125 2365
9815.90625 2410
9870.169921875 2414
9884.0810546875 2482
9887.0126953125 2560
9893.13671875 2781
9893.240234375 2820
9899.345703125 997
9918.9501953125 1781
9934.234375 81
9941.94140625 229
9959.54296875 440
10000.2265625 548
10036.931640625 611
10045.818359375 826
10051.0400390625 834
10055.451171875 848
10055.587890625 871
10059.1875 893
10072.6201171875 1231
10114.2724609375 1256
10117.6103515625 1315
10121.900390625 1458
10125.6337890625 1550
10130.8896484375 1671
10139.8837890625 1711
10171.3037109375 1815
10191.2939453125 1893
10213.9638671875 2312
10230.7568359375 2324
10251.923828125 2385
10316.212890625 2447
10321.3125 2562
10334.4990234375 2610
10335.5810546875 2622
10338.208984375 2853
10377.212890625 2924
10377.380859375 2927
10383.853515625 2239
10389.41015625 1362
10395.9287109375 1926
10411.7890625 2997
10426.6572265625 254
10432.9052734375 388
10482.912109375 465
10490.9033203125 498
10491.14453125 520
10492.177734375 962
10523.443359375 981
10525.5009765625 1156
10527.154296875 1652
10527.154296875 2205
10541.65234375 2339
10575.05078125 2417
10576.51171875 2494
10667.66796875 2687
10681.8623046875 1122
10686.55859375 1670
10692.5595703125 264
10715.4453125 2173
10750.91015625 1646
10763.484375 2396
10786.2998046875 49
10803.880859375 189
10852.8134765625 261
10860.154296875 263
10879.978515625 430
10880.33203125 831
10893.8759765625 899
10948.515625 1123
10951.4306640625 1169
10955.533203125 1350
10969.875 1405
10996.8076171875 1512
10997.638671875 1750
11025.0439453125 1769
11028.3720703125 1908
11062.404296875 1966
11090.2431640625 1982
11107.0283203125 1993
11137.4287109375 2094
11171.0224609375 2126
11173.03515625 2141
11189.9853515625 2171
11200.9013671875 2174
11220.16015625 2177
11233.94140625 2237
11270.453125 2367
11322.7861328125 2536
11324.1591796875 2542
11335.69921875 2582
11340.2421875 2675
11342.095703125 2703
11367.1826171875 1873
11389.818359375 2107
11403.4228515625 1281
11500.1142578125 455
11535.263671875 470
11546.091796875 902
11583.72265625 926
11610.130859375 967
11630.8056640625 1104
11638.513671875 1225
11639.779296875 1286
11673.38671875 1506
11736.2685546875 1516
11742.5185546875 1599
11755.5498046875 1779
11781.095703125 1848
11787.4951171875 1867
11811.4931640625 1883
11825.791015625 2063
11834.4345703125 2210
11844.107421875 2246
11869.037109375 2285
11875.8662109375 2361
11881.9208984375 2686
11891.83203125 2700
11898.74609375 88
11904.65234375 586
11936.4794921875 136
11956.43359375 1471
11967.208984375 226
11978.982421875 296
11989.3525390625 1197
12067.7451171875 1666
12087.3291015625 2511
12089.9833984375 101
12162.052734375 215
12200.134765625 549
12228.228515625 550
12253.26171875 573
12272.06640625 1136
12286.421875 1199
12335.8720703125 1530
12351.314453125 1581
12353.15625 1640
12360.423828125 1688
12382.4384765625 1968
12391.708984375 2526
12447.654296875 2571
12488.41015625 2983
12502.69140625 1787
12504.076171875 602
12509.888671875 1146
12510.5390625 253
12533.5048828125 342
12592.1640625 843
12603.6923828125 1233
12629.75 1335
12635.5234375 1394
12675.5654296875 1737
12688.6005859375 1784
12694.57421875 1950
12739.619140625 2025
12778.3818359375 2473
12786.791015625 2518
12811.349609375 999
12811.541015625 1056
12819.404296875 1900
12824.5380859375 1304
12834.041015625 1326
12857.1318359375 2967
12875.859375 1333
12898.4150390625 2631
12900.5732421875 146
12901.35546875 1538
12913.224609375 21
12920.53125 34
12936.77734375 200
12938.052734375 288
12976.29296875 336
13010.59375 385
13043.5986328125 517
13110.4833984375 546
13128.5791015625 609
13131.765625 614
13137.8701171875 683
13149.38671875 686
13177.7978515625 769
13190.1865234375 1097
13194.611328125 1221
13218.791015625 1322
13231.2734375 1359
13334.052734375 1376
13399.1845703125 1686
13399.5693359375 1854
13400.7294921875 2513
13417.62890625 2553
13467.1640625 2650
13482.5126953125 2672
13484.271484375 2911
13493.8583984375 78
13501.23046875 2713
13516.2724609375 2800
13522.70703125 2651
13528.62890625 2970
13548.49609375 1045
13568.45703125 1068
13599.1923828125 2078
13630.7470703125 884
13630.8916015625 886
13631.58203125 1028
13650.7216796875 1845
13653.482421875 1932
13695.7041015625 2489
13718.0390625 90
13729.1171875 153
13733.251953125 240
13738.66015625 256
13767.8642578125 531
13803.6982421875 644
13805.357421875 706
13846.3193359375 775
13900.697265625 1163
13900.7568359375 1483
13979.1435546875 2114
13989.25390625 2379
14011.8271484375 2424
14021.837890625 2433
14023.798828125 2435
14043.640625 2442
14143.931640625 2683
14152.271484375 2811
14161.73046875 2176
14180.39453125 169
14192.189453125 2207
14192.9296875 1144
14225.0810546875 2180
14226.0029296875 73
14234.5341796875 663
14241.173828125 677
14246.666015625 756
14263.2900390625 925
14269.5966796875 927
14273.658203125 946
14316.2109375 996
14318.4560546875 1141
14321.205078125 1202
14327.7822265625 1251
14329.1015625 1457
14340.5849609375 1502
14340.5849609375 1591
14381.4697265625 1733
14387.7607421875 1735
14400.408203125 1919
14422.80859375 1933
14427.1953125 1955
14429.6708984375 2002
14446.06640625 2335
14473.6103515625 2341
14482.1298828125 2565
14487.1025390625 2695
14493.265625 2763
14495.2607421875 2840
14506.357421875 2422
14509.94921875 1020
14522.1396484375 640
14527.158203125 59
14546.28515625 177
14549.9716796875 191
14550.9521484375 575
14570.6943359375 687
14575.1767578125 934
14576.8388671875 1119
14577.3271484375 1529
14606.880859375 1697
14610.17578125 1810
14624.255859375 1831
14633.57421875 2354
14683.029296875 2528
14695.0029296875 2679
14703.9208984375 2712
14706.1669921875 2747
14722.9970703125 2809
14743.533203125 2821
14751.810546875 2842
14759.896484375 2860
14761.087890625 2906
14761.087890625 2994
14765.607421875 186
14784.3193359375 223
14792.7431640625 1594
14797.0205078125 410
14807.501953125 631
14811.470703125 132
14849.53125 2576
14851.0908203125 1282
14851.5869140625 488
14889.3486328125 869
14903.275390625 2059
14930.7236328125 787
14952.330078125 904
14957.193359375 137
14977.265625 275
14980.96875 328
14993.0390625 333
14996.462890625 392
15005.7626953125 407
15018.177734375 489
15030.8447265625 680
15032.3916015625 1022
15032.3916015625 1290
15055.478515625 1358
15088.01953125 1607
15107.849609375 1653
15120.392578125 2024
15120.505859375 2184
15125.3740234375 2221
15133.3984375 2394
15138.3486328125 2427
15209.11328125 2517
15213.9716796875 2655
15228.41796875 2704
15240.7236328125 2900
15241.615234375 2946
15259.4638671875 459
15262.5341796875 1408
15264.8603515625 1339
15273.41796875 22
15284.6298828125 45
15295.875 300
15312.287109375 812
15315.216796875 922
15318.6533203125 947
15318.9990234375 975
15324.908203125 1001
15383.58984375 1095
15391.169921875 1275
15398.1298828125 1664
15438.1015625 1708
15450.638671875 1763
15454.5810546875 1766
15456.9423828125 1889
15473.380859375 2077
15485.662109375 2082
15493.861328125 2131
15516.6748046875 2315
15531.3056640625 2317
15539.2314453125 2409
15554.3232421875 2608
15627.1279296875 2616
15637.8525390625 2649
15649.2265625 2819
15661.11328125 2862
15667.5595703125 1164
15675.8349609375 2213
15708.455078125 1050
15726.7958984375 979
15769.4228515625 1562
15784.158203125 1597
15788.5751953125 2334
15804.14453125 587
15813.939453125 630
15845.1875 777
15866.318359375 1012
15868.7958984375 1064
15869.7041015625 1082
15879.58984375 1462
15887.986328125 1501
15889.5107421875 1654
15891.826171875 1800
15897.734375 2656
15908.171875 2884
15957.5390625 1416
15967.138671875 1575
16021.3173828125 2889
16036.7265625 445
16046.03125 30
16046.0888671875 2484
16054.6494140625 38
16059.25 40
16069.130859375 76
16070.802734375 77
16078.0205078125 108
16087.1259765625 164
16103.19140625 211
16106.662109375 225
16116.4296875 376
16138.662109375 437
16154.7880859375 510
16155.134765625 646
16164.0859375 671
16166.015625 738
16176.947265625 770
16178.984375 1434
16222.646484375 1610
16241.3115234375 1662
16241.71484375 1709
16246.607421875 1998
16279.94140625 2166
16299.7177734375 2220
16305.7548828125 2238
16309.6015625 2255
16332.224609375 2345
16356.6005859375 2510
16371.6748046875 2581
16379.49609375 2607
16423.8046875 2807
16426.287109375 1015
16447.0703125 1984
16507.416015625 1258
16532.138671875 2555
16533.669921875 1147
16534.462890625 865
16548.390625 939
16569.80078125 1497
16597.158203125 2630
16603.32421875 2752
16609.431640625 457
16622.029296875 309
16639.3828125 316
16640.37890625 483
16646.509765625 484
16690.078125 633
16693.87109375 1026
16709.62890625 1036
16755.443359375 1176
16783.716796875 1423
16798.15234375 1485
16805.091796875 1590
16850.16796875 1702
16880.37109375 1759
16889.0625 1818
16921.693359375 1958
16926.16796875 1963
16990.43359375 1977
16992.8671875 2053
17047.8125 2056
17063.5234375 2125
17076.349609375 2304
17080.830078125 2356
17083.662109375 2477
17093.728515625 2533
17094.109375 2732
17095.767578125 2948
17105.572265625 1601
17129.03125 2256
17130.85546875 2104
17136.7421875 284
17158.6015625 182
17159.138671875 916
17161.9453125 1667
17162.25390625 1852
17162.609375 727
17183.591796875 2036
17215.630859375 2772
17218.96875 130
17230.748046875 219
17241.92578125 394
17254.994140625 405
17275.974609375 634
17311.94140625 856
17318.052734375 983
17332.54296875 1117
17343.318359375 1386
17354.30078125 1791
17444.01953125 1991
17465.29296875 2060
17466.439453125 2215
17484.478515625 2314
17499.318359375 2440
17501.048828125 2467
17514.08984375 2618
17533.244140625 2648
17563.69921875 2694
17583.66015625 1772
17591.498046875 818
17593.365234375 2907
17607.265625 660
17613.421875 1168
17620.572265625 1145
17653.7578125 1476
17666.98046875 1618
17678.7109375 655
17684.27734375 1592
17701.8046875 2120
17708.24609375 2557
17712.248046875 112
17748.73046875 350
17763.259765625 356
17787.68359375 448
17806.97265625 1500
17834.166015625 1526
17834.291015625 1587
17838.02734375 1881
17841.767578125 1943
17844.986328125 1962
17860.369140625 1995
17869.912109375 2075
17878.00390625 2118
17884.623046875 2309
17902.8671875 2418
17904.013671875 2516
17907.92578125 2588
17922.703125 2605
17922.703125 2623
17924.701171875 2937
17938.21484375 1005
17969.154296875 110
17992.78125 2360
18009.37109375 121
18020.90234375 1046
18021.63671875 298
18039.298828125 372
18039.6875 492
18073.125 752
18088.3984375 838
18102.0859375 903
18107.5625 1034
18107.5625 1128
18118.515625 1187
18125.78515625 1437
18126.142578125 1488
18160.9609375 1534
18182.8515625 1657
18185.28515625 1678
18190.869140625 1824
18203.54296875 1826
18221.58984375 1941
18233.70703125 1997
18234.0703125 2318
18239.5078125 2327
18246.439453125 2362
18263.2109375 2404
18303.390625 2453
18303.93359375 2458
18309.3984375 2496
18329.51953125 2696
18347.615234375 2722
18350.546875 2796
18357.0546875 2584
18374.3984375 2872
18375.25 2589
18376.189453125 2135
18404.041015625 1802
18427.576171875 1853
18446.203125 1892
18483.03515625 1580
18506.447265625 25
18519.435546875 72
18527.32421875 343
18537.763671875 710
18551.169921875 755
18555.8984375 885
18584.060546875 1683
18586.994140625 1776
18605.16796875 1972
18612.41015625 2047
18653.263671875 2138
18666.0625 2185
18684.78515625 2344
18718.251953125 2545
18719.005859375 2573
18722.119140625 2855
18747.5078125 2159
18858.48046875 1067
18901.3125 371
18914.841796875 243
18936.86328125 1301
18961.4609375 311
18969.9140625 426
18974.52734375 648
18991.662109375 720
18998.005859375 792
18998.25390625 940
19012.181640625 1006
19020.947265625 1032
19036.69140625 1160
19094.3046875 1189
19128.75 2183
19128.75 2190
19153.171875 2301
19213.7109375 1459
19255.33984375 1649
19263.58203125 353
19279.923828125 2706
19286.494140625 1511
19290.16015625 1778
19307.671875 329
19310.515625 731
19364.365234375 1400
19375.33203125 2070
19380.900390625 1480
19404.951171875 1714
19407.099609375 249
19407.16796875 94
19426.30078125 2823
19434.765625 471
19454.19140625 473
19456.658203125 747
19482.8671875 915
19504.111328125 921
19520.28515625 993
19567.33203125 1072
19588.970703125 1415
19617.615234375 1541
19631.130859375 1746
19633.794921875 1949
19663.708984375 2079
19697.015625 2219
19699.60546875 2258
19705.26171875 2413
19711.779296875 2628
19718.291015625 2828
19726.2890625 2903
19753.552734375 2996
19859.263671875 204
19873.82421875 1247
19879.515625 1410
19895.84765625 1888
19916.625 1214
19918.353515625 1658
19922.5 2587
19969.16015625 380
20010.763671875 688
20020.8671875 1761
20030.603515625 66
20044.318359375 127
20060.7109375 179
20079.0625 855
20081.712890625 1198
20113.802734375 1250
20129.01171875 1507
20138.814453125 1558
20176.9375 2007
20196.380859375 2092
20225.625 2231
20232.7890625 2384
20234.265625 2457
20237.392578125 2544
20239.52734375 2717
20258.201171875 2774
20267.72265625 2794
20289.255859375 2909
20298.83203125 972
20298.87109375 1138
20308.267578125 1442
20312.56640625 1137
20369.671875 102
20371.505859375 667
20371.97265625 1935
20375.6328125 2352
20441.861328125 2887
20466.90234375 427
20469.79296875 1533
20470.955078125 170
20475.017578125 262
20484.505859375 306
20559.49609375 596
20609.56640625 805
20634.064453125 849
20636.189453125 850
20653.1328125 965
20669.97265625 976
20680.626953125 1058
20737.58984375 1403
20762.556640625 1645
20780.26171875 1999
20788.205078125 2292
20841.962890625 2392
20849.505859375 2403
20880.5625 2497
20886.744140625 2524
20920.74609375 2601
20922.87890625 2652
21016.228515625 2657
21026.181640625 2761
21032.03125 2839
21078.23046875 2939
21120.447265625 2984
21163.69921875 1027
21172.19140625 622
21196.71875 417
21216.79296875 450
21227.12890625 690
21242.111328125 969
21245.078125 982
21252.05859375 1040
21278.193359375 1078
21283.00390625 1083
21292.603515625 1382
21301.83203125 1391
21371.017578125 1486
21374.884765625 1503
21397.05078125 1547
21417.9296875 1561
21479.625 1965
21497.48046875 2026
21559.4765625 2066
21616.236328125 2182
21719.830078125 2245
21727.66015625 2460
21732.912109375 2466
21774.07421875 2540
21805.541015625 2593
21808.537109375 2632
21836.9140625 2753
21838.99609375 2759
21861.2890625 2793
21866.982421875 2925
21996.453125 2152
22020.642578125 762
22058.26953125 2757
22088.634765625 37
22101.8984375 1624
22127.60546875 1271
22147.0703125 2370
22184.123046875 2895
22223.837890625 2411
22299.525390625 67
22303.23046875 150
22330.232421875 171
22335.6796875 195
22346.2421875 363
22417.7734375 522
22421.51953125 657
22477.01953125 701
22486.24609375 760
22643.03125 811
22649.96875 874
22692.0859375 875
22847.13671875 1002
22858.79296875 1007
22871.765625 1023
23000.33203125 1356
23027.85546875 1378
23032.28515625 1489
23050.95703125 1629
23118.505859375 2721
23121.5546875 2032
23138.576171875 2259
23248.1328125 771
23257.896484375 1543
23272.453125 2241
23300.01171875 1964
23372.578125 1625
23389.78515625 2693
23404.447265625 222
23455.875 258
23583.7265625 281
23642.99609375 506
23654.892578125 582
23688.92578125 724
23696.126953125 879
23697.083984375 1003
23710.11328125 1171
23716.25 1182
23828.255859375 1588
23846.421875 1685
23849.283203125 1758
23855.923828125 2300
23965.08203125 2310
24034.6796875 2705
24079.025390625 2845
24208.986328125 2916
24241.482421875 1811
24248.08203125 2701
24283.04296875 421
24285.84765625 1440
24285.84765625 2337
24377.09375 2531
24464.37109375 18
24492.32421875 29
24520.30859375 31
24528.015625 104
24615.255859375 274
24679.578125 321
24704.23828125 370
24718.796875 375
24796.267578125 562
24796.546875 914
24951.466796875 944
24963.3984375 1672
24966.109375 1684
24998.478515625 1825
25289.455078125 1846
25330.544921875 1960
25460.12109375 1976
25467.91015625 2006
25505.51171875 2319
25512.59375 2405
25672.228515625 2550
25710.15625 2606
25726.119140625 2768
25862.7109375 1081
25993.994140625 1780
26106.55078125 16
26116.7890625 28
26245.005859375 125
26493.28515625 212
26631.673828125 265
26638.60546875 295
26693.84375 360
26799.5234375 364
26866.203125 937
26932.16796875 1077
27183.3203125 1101
27196.732421875 1241
27373.16796875 1243
27461.33984375 1307
28204.51171875 1343
28279.12109375 1404
28396.728515625 1418
28535.560546875 1585
28654.4609375 1719
28888.296875 1822
28936.494140625 2009
29175.609375 2164
29194.103515625 2214
29592.912109375 2250
29980.720703125 2263
32112.376953125 2342
32953.984375 2359
36090.18359375 2547
