3102.0322265625 1168
3320.029541015625 1145
3474.447265625 1476
3531.35791015625 1618
3590.28564453125 655
3771.1337890625 1592
3861.91845703125 2120
3863.58251953125 2557
4069.55224609375 112
4105.7490234375 350
4177.86083984375 356
4202.5068359375 448
4438.73291015625 1500
4506.2470703125 1526
4676.72216796875 1587
4856.8115234375 1881
4916.49609375 1943
4941.5400390625 1962
4984.0908203125 1995
5032.5986328125 2075
5072.685546875 2118
5248.1708984375 2309
5335.30859375 2418
5355.6630859375 2516
5431.9609375 2588
5462.50927734375 2605
5528.5537109375 2623
5674.44140625 2937
5703.7265625 1005
5844.1015625 110
5953.587890625 2360
6007.7568359375 121
6058.3623046875 1446
6093.40283203125 87
6230.791015625 251
6493.37890625 527
6495.79833984375 529
6568.10693359375 625
6609.939453125 641
6617.09033203125 693
6629.35791015625 873
6652.6025390625 881
6685.83154296875 928
6703.55859375 1133
6753.83642578125 1283
6915.50634765625 1318
6929.111328125 1346
6994.009765625 1417
6999.12646484375 1720
7076.1455078125 1987
7110.59423828125 2226
7110.59423828125 2296
7136.14453125 2515
7139.59716796875 2572
7178.27001953125 2669
7225.04931640625 2728
7419.265625 2734
7469.94677734375 2746
7473.1103515625 2852
7536.15625 2866
7536.58984375 2915
7565.51171875 2949
7591.66748046875 377
7636.63037109375 2281
7669.1171875 160
7689.7509765625 1
7703.2451171875 425
7763.52587890625 446
7835.939453125 800
7888.28271484375 918
7894.07958984375 953
7895.29345703125 985
7907.953125 986
7934.84423828125 1008
7949.8759765625 1043
7955.45703125 1270
7959.45166015625 1317
7965.2119140625 1435
8013.451171875 1548
8017.2548828125 1606
8041.2802734375 1661
8052.22265625 1712
8105.7216796875 2010
8226.8369140625 2088
8233.220703125 2365
8252.57421875 2410
8277.0869140625 2414
8283.5595703125 2482
8298.4228515625 2560
8316.9130859375 2781
8347.130859375 2820
8363.734375 997
8380.23046875 1781
8392.447265625 81
8402.212890625 229
8444.2802734375 440
8446.318359375 548
8480.4775390625 611
8541.7236328125 826
8551.3740234375 834
8563.939453125 848
8569.181640625 871
8591.07421875 893
8625.6103515625 1231
8625.6103515625 1256
8646.4794921875 1315
8650.484375 1458
8660.6708984375 1550
8678.1748046875 1671
8765.642578125 1711
8785.8974609375 1815
8811.7548828125 1893
8813.765625 2312
8818.837890625 2324
8834.5546875 2385
8850.9248046875 2447
8858.47265625 2562
8860.107421875 2610
8878.404296875 2622
8882.8076171875 2853
8908.326171875 2924
8930.171875 2927
8933.16796875 2239
8953.634765625 1362
8960.4921875 1926
8974.40625 2997
9028.119140625 254
9039.04296875 388
9105.275390625 465
9126.697265625 498
9130.505859375 520
9137.357421875 962
9147.787109375 981
9199.84765625 1156
9208.85546875 1652
9211.4619140625 2205
9213.896484375 2339
9223.1591796875 2417
9233.41015625 2494
9239.466796875 2687
9241.357421875 1122
9260.0693359375 1670
9268.849609375 264
9322.37890625 2173
9330.8525390625 1646
9350.33984375 2396
9357.240234375 49
9358.7626953125 189
9360.84375 261
9380.927734375 263
9389.94140625 430
9408.3349609375 831
9458.4951171875 899
9460.107421875 1123
9489.22265625 1169
9494.1181640625 1350
9501.759765625 1405
9531.349609375 1512
9531.4921875 1750
9560.384765625 1769
9563.1962890625 1908
9592.833984375 1966
9593.7451171875 1982
9595.720703125 1993
9646.193359375 2094
9652.984375 2126
9655.18359375 2141
9706.77734375 2171
9736.142578125 2174
9751.5302734375 2177
9756.626953125 2237
9757.478515625 2367
9766.0869140625 2536
9767.021484375 2542
9767.556640625 2582
9800.7373046875 2675
9810.7421875 2703
9862.4169921875 1873
9871.6552734375 2107
9903.431640625 1281
9913.5966796875 455
9936.173828125 470
9977.0126953125 902
10014.296875 926
10021.6884765625 967
10026.927734375 1104
10040.2431640625 1225
10093.845703125 1286
10117.322265625 1506
10120.162109375 1516
10125.6171875 1599
10137.994140625 1779
10138.09375 1848
10149.20703125 1867
10157.7119140625 1883
10169.0322265625 2063
10176.1484375 2210
10209.810546875 2246
10209.810546875 2285
10238.0595703125 2361
10238.421875 2686
10261.9306640625 2700
10386.951171875 88
10391.9794921875 586
10402.701171875 136
10421.052734375 1471
10489.41796875 226
10530.021484375 296
10562.91796875 1197
10567.474609375 1666
10626.3134765625 2511
10676.21484375 101
10683.2734375 215
10686.6572265625 549
10767.853515625 550
10779.443359375 573
10786.77734375 1136
10815.091796875 1199
10827.64453125 1530
10870.548828125 1581
10901.34375 1640
10915.099609375 1688
10937.498046875 1968
10987.951171875 2526
10995.462890625 2571
11023.927734375 2983
11063.7099609375 1787
11078.4150390625 602
11087.443359375 1146
11179.7373046875 253
11181.28125 342
11184.515625 843
11278.2607421875 1233
11354.7021484375 1335
11355.912109375 1394
11405.134765625 1737
11413.87890625 1784
11415.16796875 1950
11453.341796875 2025
11458.3095703125 2473
11463.783203125 2518
11502.0048828125 999
11526.11328125 1056
11526.646484375 1900
11547.744140625 1304
11549.515625 1326
11558.759765625 2967
11559.365234375 1329
11576.4638671875 50
11638.884765625 318
11644.3857421875 389
11676.8203125 478
11680.0009765625 491
11723.3916015625 580
11781.091796875 599
11786.2041015625 890
11787.77734375 896
11796.859375 909
11812.76171875 919
11828.49609375 995
11837.265625 1273
11838.375 1342
11864.62109375 1430
11971.93359375 1495
11974.0322265625 1568
11978.5556640625 1583
11993.1337890625 1764
12012.564453125 1774
12012.693359375 2065
12020.3671875 2117
12028.982421875 2181
12054.724609375 2268
12069.28515625 2465
12142.234375 2664
12208.625 2760
12230.037109375 2764
12235.0830078125 2938
12267.453125 2943
12316.203125 1860
12318.453125 2880
12331.62109375 1333
12343.3271484375 2631
12343.4091796875 146
12359.0859375 1538
12368.841796875 21
12369.0693359375 34
12374.24609375 200
12377.00390625 288
12393.3173828125 336
12453.4453125 385
12478.6484375 517
12486.2705078125 546
12490.8505859375 609
12507.8154296875 614
12560.3291015625 683
12582.751953125 686
12590.93359375 769
12616.37890625 1097
12642.548828125 1221
12651.0703125 1322
12681.330078125 1359
12712.1083984375 1376
12717.7109375 1686
12731.7109375 1854
12746.4970703125 2513
12818.103515625 2553
12834.4912109375 2650
12848.51953125 2672
12867.0498046875 2911
12894.5546875 78
12906.40234375 2713
12922.0966796875 2800
12989.3115234375 2651
12989.66015625 2970
12997.650390625 1045
13015.0791015625 1068
13027.7861328125 2078
13083.0517578125 884
13084.158203125 886
13093.60546875 1028
13126.1240234375 1845
13128.5498046875 1932
13159.51171875 2489
13200.6796875 90
13208.119140625 153
13213.6123046875 240
13228.392578125 256
13235.0537109375 531
13238.6953125 644
13244.119140625 706
13273.970703125 775
13283.546875 1163
13299.2509765625 1483
13301.537109375 2114
13319.853515625 2379
13346.220703125 2424
13359.521484375 2433
13360.5419921875 2435
13387.1513671875 2442
13438.802734375 2683
13448.5224609375 2811
13484.001953125 2176
13496.029296875 169
13521.056640625 2207
13522.85546875 1144
13535.546875 2180
13575.734375 73
13594.5703125 663
13597.869140625 677
13598.1201171875 756
13607.1484375 925
13637.658203125 927
13640.482421875 946
13661.3603515625 996
13672.58203125 1141
13735.0166015625 1202
13761.78125 1251
13768.47265625 1457
13769.400390625 1502
13789.224609375 1591
13789.974609375 1733
13800.4580078125 1735
13801.9326171875 1919
13815.1650390625 1933
13816.611328125 1955
13818.048828125 2002
13827.2919921875 2335
13841.5830078125 2341
13855.6435546875 2565
13871.60546875 2695
13884.638671875 2763
13884.638671875 2840
13890.134765625 2422
13892.8994140625 1020
13922.4619140625 640
13941.9384765625 59
13955.7783203125 177
13988.54296875 191
14016.203125 575
14019.0556640625 687
14035.5380859375 934
14041.310546875 1119
14084.0927734375 1529
14100.25 1697
14101.0263671875 1810
14129.533203125 1831
14154.4423828125 2354
14160.6943359375 2528
14167.4375 2679
14179.419921875 2712
14195.62109375 2747
14198.8046875 2809
14230.341796875 2821
14237.126953125 2842
14249.5478515625 2860
14251.65625 2906
14267.8251953125 2994
14278.1533203125 186
14286.287109375 223
14303.1875 1594
14310.7880859375 410
14332.236328125 631
14359.5859375 132
14362.841796875 2576
14398.0498046875 1282
14407.4638671875 488
14427.78125 869
14467.7490234375 2059
14478.9228515625 787
14513.0498046875 904
14590.42578125 137
14636.0146484375 275
14649.306640625 328
14656.740234375 333
14661.119140625 392
14673.9091796875 407
14677.82421875 489
14685.2392578125 680
14713.603515625 1022
14719.3623046875 1290
14758.595703125 1358
14811.375 1607
14816.5673828125 1653
14839.232421875 2024
14878.4423828125 2184
14899.5615234375 2221
14915.7275390625 2394
14924.0166015625 2427
14940.560546875 2517
14968.400390625 2655
15002.521484375 2704
15006.3505859375 2900
15032.310546875 2946
15042.6904296875 459
15043.84765625 1408
15066.990234375 1339
15071.1123046875 22
15079.6328125 45
15103.1005859375 300
15118.3251953125 812
15129.4072265625 922
15132.966796875 947
15171.37890625 975
15188.896484375 1001
15217.3837890625 1095
15248.302734375 1275
15253.361328125 1664
15259.5810546875 1708
15278.6767578125 1763
15280.376953125 1766
15298.2353515625 1889
15299.0478515625 2077
15316.861328125 2082
15364.6689453125 2131
15385.9951171875 2315
15386.2958984375 2317
15411.4755859375 2409
15447.5107421875 2608
15483.330078125 2616
15502.5390625 2649
15547.6181640625 2819
15570.5927734375 2862
15581.998046875 1164
15584.54296875 2213
15636.208984375 1050
15637.2333984375 979
15646.037109375 1562
15674.1162109375 1597
15693.0966796875 2334
15710.3427734375 587
15711.6494140625 630
15733.6240234375 777
15741.2109375 1012
15748.1650390625 1064
15773.611328125 1082
15790.572265625 1462
15870.6708984375 1501
15878.6845703125 1654
15892.1142578125 1800
15903.173828125 2656
15917.0908203125 2884
15935.7177734375 1416
15938.2236328125 1575
15938.3876953125 2889
15940.1728515625 445
15953.890625 30
15973.3603515625 2484
15986.380859375 38
16012.6259765625 40
16022.474609375 76
16041.1748046875 77
16078.51953125 108
16078.5380859375 164
16080.73046875 211
16104.6318359375 225
16115.4990234375 376
16120.82421875 437
16127.619140625 510
16129.9189453125 646
16174.8466796875 671
16193.3076171875 738
16211.1328125 770
16212.494140625 1434
16242.251953125 1610
16263.96484375 1662
16290.3837890625 1709
16303.7529296875 1998
16327.953125 2166
16330.244140625 2220
16347.837890625 2238
16354.166015625 2255
16368.962890625 2345
16382.4453125 2510
16447.349609375 2581
16449.8984375 2607
16492.134765625 2807
16523.56640625 1015
16551.66796875 1984
16551.95703125 1258
16564.5234375 2555
16577.28515625 1147
16597.822265625 865
16600.90234375 939
16604.26953125 1497
16632.412109375 2630
16659.28125 2752
16659.7421875 457
16663.51953125 309
16714.453125 316
16721.36328125 483
16752.3203125 484
16752.576171875 633
16755.02734375 1026
16755.08984375 1036
16787.341796875 1176
16814.38671875 1423
16815.630859375 1485
16820.345703125 1590
16828.609375 1702
16869.634765625 1759
16878.98828125 1818
16928.505859375 1958
16938.943359375 1963
16950.412109375 1977
16976.732421875 2053
17032.92578125 2056
17060.1484375 2125
17087.970703125 2304
17138.748046875 2356
17147.13671875 2477
17167.89453125 2533
17180.53515625 2732
17193.306640625 2948
17193.662109375 1601
17195.84375 2256
17195.931640625 2104
17203.919921875 284
17238.00390625 182
17242.455078125 916
17244.6953125 1667
17244.6953125 1852
17246.587890625 727
17246.587890625 2036
17247.712890625 2772
17272.65625 130
17287.3515625 219
17301.546875 394
17320.916015625 405
17359.1953125 634
17364.138671875 856
17370.248046875 983
17384.09375 1117
17391.310546875 1386
17399.28515625 1791
17403.447265625 1991
17423.154296875 2060
17440.373046875 2215
17488.609375 2314
17497.974609375 2440
17498.61328125 2467
17502.404296875 2618
17529.7265625 2648
17537.27734375 2694
17545.41015625 1772
17583.2421875 818
17588.783203125 2907
17593.6484375 660
17604.888671875 1046
17608.43359375 298
17630.412109375 372
17643.6796875 492
17691.837890625 752
17694.427734375 838
17719.6640625 903
17720.2265625 1034
17762.083984375 1128
17773.388671875 1187
17779.787109375 1437
17787.353515625 1488
17789.8828125 1534
17803.6171875 1657
17866.595703125 1678
17869.484375 1824
17944.1171875 1826
17958.7265625 1941
17977.43359375 1997
17978.666015625 2318
17984.693359375 2327
17993.025390625 2362
18071.77734375 2404
18077.826171875 2453
18095.89453125 2458
18153.341796875 2496
18166.69140625 2696
18205.123046875 2722
18231.767578125 2796
18232.080078125 2584
18237.345703125 2872
18292.876953125 2589
18307.779296875 2135
18318.7421875 1802
18344.05859375 1853
18363.595703125 1892
18422.533203125 1580
18432.736328125 25
18448.724609375 72
18462.068359375 343
18488.0234375 710
18488.77734375 755
18492.197265625 885
18493.2890625 1683
18521.134765625 1776
18534.072265625 1972
18577.81640625 2047
18587.51171875 2138
18596.2578125 2185
18631.744140625 2344
18652.412109375 2545
18678.11328125 2573
18689.408203125 2855
18697.125 2159
18826.794921875 1067
18826.822265625 371
18855.298828125 243
18861.552734375 1301
18878.51953125 311
18896.54296875 426
18913.412109375 648
18921.05078125 720
18954.6328125 792
18955.9609375 940
18973.8046875 1006
18992.6875 1032
19002.30078125 1160
19006.9609375 1189
19025.107421875 2183
19030.7890625 2190
19057.23046875 2301
19075.861328125 1459
19106.287109375 1649
19111.39453125 353
19122.419921875 2706
19150.40625 1511
19151.3046875 1778
19224.8515625 329
19236.798828125 731
19303.837890625 1400
19316.75390625 2070
19320.03515625 1480
19336.72265625 1714
19341.162109375 249
19350.529296875 94
19365.564453125 2823
19400.087890625 471
19443.8984375 473
19486.861328125 747
19513.20703125 915
19533.7578125 921
19541.490234375 993
19558.564453125 1072
19561.1171875 1415
19563.69921875 1541
19577.19140625 1746
19588.904296875 1949
19601.826171875 2079
19608.796875 2219
19612.6328125 2258
19705.88671875 2413
19709.17578125 2628
19717.29296875 2828
19729.46875 2903
19749.0859375 2996
19821.43359375 204
19835.2890625 1247
19847.673828125 1410
19860.9296875 1888
19875.4375 1214
19885.927734375 1658
19946.0703125 2587
19964.396484375 380
20011.115234375 688
20048.958984375 1761
20066.654296875 66
20092.841796875 127
20142.947265625 179
20143.146484375 855
20143.904296875 1198
20149.416015625 1250
20205.453125 1507
20248.416015625 1558
20303.3125 2007
20311.6640625 2092
20317.033203125 2231
20354.740234375 2384
20354.740234375 2457
20379.611328125 2544
20417.06640625 2717
20483.341796875 2774
20511.845703125 2794
20524.3515625 2909
20643.6328125 972
20653.568359375 1138
20659.765625 1442
20724.98046875 1137
20737.42578125 102
20754.01953125 667
20785.4921875 1935
20795.3671875 2352
20802.970703125 2887
20804.4140625 427
20805.64453125 1533
20825.513671875 170
20866.330078125 262
20985.11328125 306
20986.89453125 596
21009.115234375 805
21023.87109375 849
21029.671875 850
21036.349609375 965
21043.70703125 976
21056.984375 1058
21126.3046875 1403
21213.0078125 1645
21256.19921875 1999
21276.060546875 2292
21303.9296875 2392
21306.50390625 2403
21373.091796875 2497
21417.45703125 2524
21441.57421875 2601
21452.697265625 2652
21480.8203125 2657
21502.15234375 2761
21505.009765625 2839
21520.052734375 2939
21523.39453125 2984
21552.41796875 1027
21574.048828125 622
21767.197265625 417
21827.064453125 450
21841.984375 690
21843.009765625 969
21878.28515625 982
21903.4296875 1040
22031.548828125 1078
22061.50390625 1083
22116.263671875 1382
22137.111328125 1391
22211.080078125 1486
22256.919921875 1503
22304.96484375 1547
22382.408203125 1561
22384.458984375 1965
22416.197265625 2026
22508.3515625 2066
22539.4140625 2182
22575.068359375 2245
22605.6875 2460
22616.28125 2466
22674.326171875 2540
22718.259765625 2593
22721.794921875 2632
22736.068359375 2753
22769.38671875 2759
22774.27734375 2793
22803.119140625 2925
22813.642578125 2152
22831.412109375 762
22834.603515625 2757
22840.837890625 37
22898.19921875 1624
22916.083984375 1271
22947.552734375 2370
22964.771484375 2895
22985.927734375 2411
22993.80078125 67
23037.955078125 150
23120.0546875 171
23136.517578125 195
23142.630859375 363
23171.56640625 522
23238.43359375 657
23307.7421875 701
23350.41015625 760
23453.66796875 811
23467.5390625 874
23509.8359375 875
23584.80859375 1002
23632.251953125 1007
23706.763671875 1023
23731.99609375 1356
23787.6015625 1378
23886.396484375 1489
23913.95703125 1629
23979.169921875 2721
24074.470703125 2032
24328.7421875 2259
24408.24609375 771
24560.50390625 1543
24641.25 2241
24725.0703125 1964
24770.669921875 1625
24813.88671875 2693
24848.04296875 222
24895.330078125 258
24899.75 281
24912.63671875 506
24922.337890625 582
24957.025390625 724
25006.5078125 879
25113.7890625 1003
25183.220703125 1171
25201.306640625 1182
25208.92578125 1588
25213.09375 1685
25330.888671875 1758
25362.423828125 2300
25478.58984375 2310
25479.51953125 2705
25538.0625 2845
25558.140625 2916
25599.546875 1811
25600.490234375 2701
25684.26171875 421
25808.873046875 1440
25910.77734375 2337
25982.044921875 2531
26074.14453125 18
26121.291015625 29
26255.146484375 31
26264.0546875 104
26293.166015625 274
26321.861328125 321
26372.37890625 370
26456.09375 375
26495.07421875 562
26501.3671875 914
26561.853515625 944
26656.994140625 1672
26853.384765625 1684
27050.833984375 1825
27064.0234375 1846
27078.94140625 1960
27096.447265625 1976
27131.080078125 2006
27283.98046875 2319
27365.513671875 2405
27369.86328125 2550
27406.0390625 2606
27553.98828125 2768
27745.341796875 1081
27945.951171875 1780
28238.353515625 16
28316.8515625 28
28453.650390625 125
28554.037109375 212
28652.173828125 265
28653.30078125 295
28731.296875 360
29133.703125 364
29257.6015625 937
29277.4921875 1077
29434.494140625 1101
29468.20703125 1241
29504.619140625 1243
29696.369140625 1307
30357.4375 1343
30538.703125 1404
30694.703125 1418
31432.748046875 1585
31927.046875 1719
32094.552734375 1822
32162.90625 2009
32162.90625 2164
32286.005859375 2214
33089.77734375 2250
33188.359375 2263
34954.8046875 2342
36878.75390625 2359
38084.359375 2547
