5457.11328125 1362
5833.1875 1926
5968.40966796875 2997
6041.8955078125 254
6081.76513671875 388
6237.78515625 465
6291.6494140625 498
6294.431640625 520
6308.7646484375 962
6335.2275390625 981
6387.8505859375 1156
6409.60693359375 1652
6412.33984375 2205
6413.3115234375 2339
6433.65380859375 2417
6466.083984375 2494
6480.27978515625 2687
6502.21484375 1122
6504.6259765625 1670
6510.4462890625 264
6596.90966796875 2173
6600.37353515625 1446
6619.88525390625 87
6724.8701171875 251
6727.2353515625 527
6729.4091796875 529
6806.150390625 625
6913.380859375 641
6919.689453125 693
6926.10986328125 873
6956.2353515625 881
6963.01953125 928
6968.67236328125 1133
6976.5869140625 1283
6991.3701171875 1318
7035.7509765625 1346
7060.16064453125 1417
7121.72607421875 1720
7122.83740234375 1987
7148.5546875 2226
7150.330078125 2296
7150.330078125 2515
7183.359375 2572
7250.14013671875 2669
7252.90673828125 2728
7302.08056640625 2734
7337.37939453125 2746
7355.326171875 2852
7386.1005859375 2866
7439.3427734375 2915
7468.49267578125 2949
7509.37353515625 377
7536.1884765625 2281
7541.046875 160
7544.72021484375 1
7558.4609375 425
7567.96337890625 446
7589.888671875 800
7674.34228515625 918
7677.88671875 953
7741.18359375 985
7749.09423828125 986
7765.55224609375 1008
7773.13134765625 1043
7830.77099609375 1270
7848.1630859375 1317
7902.39794921875 1435
7908.42529296875 1548
7945.009765625 1606
7953.0830078125 1661
7975.59765625 1712
7988.8955078125 2010
8006.49072265625 2088
8022.826171875 2365
8029.54248046875 2410
8055.712890625 2414
8064.07958984375 2482
8076.6171875 2560
8086.2373046875 2781
8135.37890625 2820
8153.494140625 997
8187.84521484375 1781
8194.6220703125 81
8195.130859375 229
8219.50390625 440
8227.765625 548
8249.626953125 611
8255.5849609375 826
8259.333984375 834
8280.00390625 848
8284.1787109375 871
8294.03125 893
8341.0732421875 1231
8372.638671875 1256
8388.625 1315
8395.3212890625 1458
8413.7763671875 1550
8420.37109375 1671
8435.439453125 1711
8439.119140625 1815
8446.076171875 1893
8457.36328125 2312
8459.689453125 2324
8463.5810546875 2385
8492.939453125 2447
8498.447265625 2562
8499.314453125 2610
8512.6796875 2622
8520.423828125 2853
8524.5283203125 2924
8535.2666015625 2927
8543.1376953125 2239
8543.4921875 1646
8557.4814453125 2396
8578.21875 49
8598.1494140625 189
8598.98046875 261
8600.2763671875 263
8604.0107421875 430
8642.8232421875 831
8665.3720703125 899
8708.9052734375 1123
8745.65234375 1169
8815.71875 1350
8821.10546875 1405
8847.8662109375 1512
8893.05859375 1750
8901.4189453125 1769
8940.376953125 1908
8947.833984375 1966
8952.2783203125 1982
8963.87890625 1993
8988.0400390625 2094
8988.6708984375 2126
9002.6787109375 2141
9003.7421875 2171
9008.474609375 2174
9024.1923828125 2177
9026.0625 2237
9032.78515625 2367
9036.53515625 2536
9063.5322265625 2542
9086.966796875 2582
9125.55859375 2675
9134.91015625 2703
9144.0126953125 1873
9148.8076171875 2107
9205.365234375 1281
9212.455078125 455
9215.47265625 470
9252.1796875 902
9255.4091796875 926
9256.9248046875 967
9259.2763671875 1104
9260.43359375 1225
9270.423828125 1286
9293.5205078125 1506
9305.80859375 1516
9346.0048828125 1599
9377.9931640625 1779
9399.01953125 1848
9432.9443359375 1867
9435.3095703125 1883
9455.765625 2063
9498.9052734375 2210
9504.9794921875 2246
9524.6474609375 2285
9525.7412109375 2361
9536.6806640625 2686
9543.859375 2700
9562.0869140625 88
9588.669921875 586
9603.80078125 136
9611.837890625 1471
9622.7451171875 226
9625.853515625 296
9628.7119140625 1197
9631.9169921875 1666
9647.91015625 2511
9664.953125 101
9699.5439453125 215
9700.8564453125 549
9714.9931640625 550
9718.5791015625 573
9719.2265625 1136
9726.9287109375 1199
9727.99609375 1530
9729.3427734375 1581
9742.7587890625 1640
9769.142578125 1688
9775.947265625 1968
9848.70703125 2526
9851.6328125 2571
9864.8779296875 2983
9878.8642578125 1787
9887.80859375 602
9889.3896484375 1146
9901.490234375 253
9923.6630859375 342
9941.0458984375 843
9948.892578125 1233
9958.0908203125 1335
9960.33984375 1394
9963.2626953125 1737
9970.5859375 1784
9972.142578125 1950
9972.142578125 2025
9974.103515625 2473
9995.21875 2518
10036.90625 999
10069.021484375 1056
10080.2412109375 1900
10098.533203125 1304
10099.7744140625 1326
10114.9794921875 2967
10158.384765625 1329
10176.62890625 50
10177.013671875 318
10178.912109375 389
10199.869140625 478
10200.8681640625 491
10235.427734375 580
10251.8203125 599
10265.6572265625 890
10277.130859375 896
10286.765625 909
10296.3642578125 919
10299.107421875 995
10303.2314453125 1273
10306.3876953125 1342
10321.62890625 1430
10321.849609375 1495
10329.171875 1568
10344.150390625 1583
10353.04296875 1764
10403.310546875 1774
10442.701171875 2065
10445.154296875 2117
10445.3486328125 2181
10450.37890625 2268
10451.837890625 2465
10465.375 2664
10475.220703125 2760
10475.3818359375 2764
10487.7880859375 2938
10524.6533203125 2943
10534.1435546875 1860
10541.376953125 2880
10565.3134765625 1333
10619.65625 2631
10626.962890625 146
10664.1904296875 1538
10679.107421875 21
10680.16015625 34
10728.568359375 200
10769.8076171875 288
10828.2041015625 336
10840.6357421875 385
10860.27734375 517
10900.27734375 546
10927.4501953125 609
10934.548828125 614
10941.8720703125 683
10953.1826171875 686
10977.9765625 769
10997.8388671875 1097
11041.623046875 1221
11074.25 1322
11074.9990234375 1359
11082.1171875 1376
11087.5 1686
11092.9375 1854
11106.8544921875 2513
11126.185546875 2553
11133.34765625 2650
11135.5947265625 2672
11157.388671875 2911
11166.517578125 78
11182.23828125 2713
11191.34375 2800
11266.03125 2651
11283.8662109375 2970
11291.3603515625 1045
11291.91015625 1068
11297.033203125 2078
11314.271484375 884
11317.7578125 886
11318.7412109375 1028
11333.5341796875 1845
11342.8974609375 1932
11349.5244140625 2489
11352.990234375 90
11361.0546875 153
11364.1435546875 240
11377.9248046875 256
11378.2431640625 531
11415.8310546875 644
11420.353515625 706
11428.11328125 775
11431.48046875 1163
11436.677734375 1483
11443.142578125 2114
11447.845703125 2379
11450.0185546875 2424
11483.8388671875 2433
11516.2685546875 2435
11529.7275390625 2442
11532.2783203125 2683
11560.8798828125 2811
11573.9375 2176
11577.8984375 169
11599.685546875 2207
11619.26171875 1144
11625.015625 2180
11630.3427734375 73
11656.974609375 663
11670.4521484375 677
11670.650390625 756
11700.67578125 925
11702.2412109375 927
11717.998046875 946
11787.78125 996
11808.7216796875 1141
11814.783203125 1202
11815.42578125 1251
11828.5419921875 1457
11838.1796875 1502
11844.7158203125 1591
11846.140625 1733
11858.205078125 1735
11926.2421875 1919
11932.2470703125 1933
11943.216796875 1955
11956.046875 2002
11958.498046875 2335
11961.1416015625 2341
11961.2265625 2565
11962.7080078125 2695
11984.884765625 2763
11988.7509765625 2840
11997.1982421875 2422
12004.07421875 1020
12004.07421875 640
12005.7587890625 59
12015.2490234375 177
12034.337890625 191
12061.544921875 575
12061.6337890625 687
12070.4033203125 934
12073.943359375 1119
12082.19140625 1529
12088.9462890625 1697
12118.6708984375 1810
12129.890625 1831
12135.0654296875 2354
12143.0 2528
12147.30078125 2679
12150.7080078125 2712
12164.580078125 2747
12164.6982421875 2809
12170.7265625 2821
12186.759765625 2842
12201.822265625 2860
12203.947265625 2906
12228.9638671875 2994
12253.39453125 186
12259.6162109375 223
12285.6123046875 1594
12317.5400390625 410
12334.3115234375 631
12375.6259765625 132
12380.7861328125 2576
12383.6181640625 1282
12438.904296875 488
12444.1484375 869
12449.794921875 2059
12484.9267578125 787
12490.6142578125 904
12491.751953125 137
12496.373046875 275
12510.4248046875 328
12510.8232421875 333
12512.1220703125 392
12523.822265625 407
12535.537109375 489
12537.6015625 680
12540.056640625 1022
12541.2861328125 1290
12568.3203125 1358
12574.1201171875 1607
12579.365234375 1653
12586.146484375 2024
12586.396484375 2184
12601.244140625 2221
12638.6962890625 2394
12643.923828125 2427
12654.259765625 2517
12660.818359375 2655
12663.7001953125 2704
12688.978515625 2900
12692.5419921875 2946
12724.052734375 459
12738.6796875 1408
12749.005859375 1339
12760.03125 22
12774.2705078125 45
12800.43359375 300
12830.0341796875 812
12850.9716796875 922
12857.84765625 947
12860.5234375 975
12864.3447265625 1001
12876.646484375 1095
12889.4921875 1275
12930.6201171875 1664
12937.5810546875 1708
12939.6455078125 1763
12946.4375 1766
12969.896484375 1889
12972.87890625 2077
12982.1474609375 2082
13011.6337890625 2131
13016.71875 2315
13045.884765625 2317
13046.34765625 2409
13055.2939453125 2608
13130.162109375 2616
13143.6689453125 2649
13146.9892578125 2819
13158.033203125 2862
13190.2275390625 1164
13216.462890625 2213
13222.0244140625 1050
13222.734375 979
13229.5078125 1562
13251.3544921875 1597
13252.1337890625 2334
13252.5537109375 587
13282.4296875 630
13300.681640625 777
13312.33203125 1012
13312.8310546875 1064
13317.4697265625 1082
13321.55078125 1462
13341.1708984375 1501
13354.724609375 1654
13364.2978515625 1800
13368.431640625 2656
13378.2607421875 2884
13397.271484375 1416
13412.4228515625 1575
13430.037109375 2889
13439.6005859375 445
13444.646484375 30
13457.27734375 2484
13470.4580078125 38
13478.23046875 40
13532.4140625 76
13539.6064453125 77
13551.720703125 108
13561.3984375 164
13565.7841796875 211
13572.4501953125 225
13574.7578125 376
13588.609375 437
13592.337890625 510
13610.9150390625 646
13622.33984375 671
13623.7373046875 738
13669.017578125 770
13690.931640625 1434
13702.640625 1610
13713.892578125 1662
13727.16015625 1709
13730.6142578125 1998
13730.9892578125 2166
13737.7666015625 2220
13757.8603515625 2238
13775.3701171875 2255
13782.5859375 2345
13786.673828125 2510
13829.861328125 2581
13836.5458984375 2607
13840.3876953125 2807
13845.044921875 1015
13845.83203125 1984
13854.951171875 1258
13865.09765625 2555
13889.2490234375 1147
13916.314453125 865
13958.0478515625 939
13960.2236328125 1497
13964.232421875 2630
13981.64453125 2752
13991.333984375 457
14019.5771484375 309
14020.28125 316
14023.787109375 483
14049.20703125 484
14077.6171875 633
14087.658203125 1026
14092.23046875 1036
14121.162109375 1176
14124.896484375 1423
14130.337890625 1485
14210.994140625 1590
14222.2265625 1702
14257.6533203125 1759
14267.30078125 1818
14276.578125 1958
14306.625 1963
14325.4580078125 1977
14335.3818359375 2053
14339.8828125 2056
14346.0400390625 2125
14348.97265625 2304
14366.603515625 2356
14410.2998046875 2477
14420.427734375 2533
14424.0625 2732
14444.30078125 2948
14456.29296875 1601
14456.29296875 2256
14460.53125 2104
14479.818359375 284
14481.2822265625 182
14508.7236328125 916
14537.37890625 1667
14549.087890625 1852
14564.4111328125 727
14587.962890625 2036
14592.6689453125 2772
14593.8486328125 130
14601.060546875 219
14603.556640625 394
14604.1669921875 405
14608.537109375 634
14614.1728515625 856
14620.923828125 983
14643.166015625 1117
14660.990234375 1386
14662.935546875 1791
14664.388671875 1991
14665.44921875 2060
14726.7705078125 2215
14726.9970703125 2314
14761.6181640625 2440
14775.458984375 2467
14786.7607421875 2618
14802.5830078125 2648
14804.3212890625 2694
14808.6328125 1772
14823.75 818
14833.060546875 2907
14843.97265625 660
14853.396484375 1168
14866.7802734375 1145
14886.7861328125 1476
14903.96484375 1618
14907.0234375 655
14931.0498046875 1592
14944.189453125 2120
14946.1640625 2557
14976.20703125 112
14999.4541015625 350
15014.8056640625 356
15019.6748046875 448
15052.6923828125 1500
15053.294921875 1526
15055.822265625 1587
15076.4443359375 1881
15078.44921875 1943
15092.12890625 1962
15094.224609375 1995
15097.03515625 2075
15149.81640625 2118
15184.572265625 2309
15200.7919921875 2418
15208.02734375 2516
15230.908203125 2588
15231.462890625 2605
15242.5625 2623
15254.267578125 2937
15258.3818359375 1005
15271.3515625 110
15274.0146484375 2360
15313.9599609375 121
15345.08984375 1046
15351.876953125 298
15379.71484375 372
15404.2548828125 492
15415.8115234375 752
15421.78125 838
15422.2255859375 903
15424.4501953125 1034
15432.4189453125 1128
15446.9130859375 1187
15465.234375 1437
15513.5078125 1488
15551.6640625 1534
15554.9228515625 1657
15583.498046875 1678
15598.5556640625 1824
15700.30078125 1826
15702.5234375 1941
15713.6826171875 1997
15736.0703125 2318
15744.53125 2327
15748.669921875 2362
15753.283203125 2404
15768.224609375 2453
15819.162109375 2458
15832.8134765625 2496
15836.4326171875 2696
15839.490234375 2722
15848.841796875 2796
15875.072265625 2584
15886.7763671875 2872
15899.7353515625 2589
15934.4345703125 2135
15935.10546875 1802
15935.2099609375 1853
15938.5615234375 1892
15967.6650390625 1580
15988.568359375 25
16007.611328125 72
16020.81640625 343
16055.583984375 710
16071.953125 755
16082.02734375 885
16082.755859375 1683
16089.28125 1776
16093.2138671875 1972
16103.41796875 2047
16134.1875 2138
16155.9619140625 2185
16171.109375 2344
16174.6572265625 2545
16205.4140625 2573
16217.8603515625 2855
16242.984375 2159
16283.3623046875 1067
16302.171875 371
16306.07421875 243
16308.04296875 1301
16318.1357421875 311
16331.08984375 426
16353.0390625 648
16425.8203125 720
16443.00390625 792
16498.529296875 940
16526.138671875 1006
16541.388671875 1032
16544.791015625 1160
16559.712890625 1189
16567.30859375 2183
16583.501953125 2190
16602.625 2301
16603.392578125 1459
16655.55078125 1649
16664.5 353
16673.251953125 2706
16673.6953125 1511
16687.244140625 1778
16708.5859375 329
16764.7890625 731
16819.861328125 1400
16832.138671875 2070
16836.66015625 1480
16879.40625 1714
16884.62109375 249
16884.62109375 94
16894.623046875 2823
16896.78125 471
16921.18359375 473
16946.73046875 747
16951.62890625 915
16956.3984375 921
16957.41015625 993
16978.677734375 1072
16981.068359375 1415
16998.96484375 1541
17003.447265625 1746
17006.05078125 1949
17082.865234375 2079
17180.0078125 2219
17183.7421875 2258
17218.41796875 2413
17233.392578125 2628
17246.900390625 2828
17247.431640625 2903
17254.62109375 2996
17289.462890625 204
17303.81640625 1247
17321.671875 1410
17331.53125 1888
17331.75 1214
17350.09375 1658
17356.328125 2587
17357.77734375 380
17370.796875 688
17382.080078125 1761
17384.5234375 66
17384.5234375 127
17397.138671875 179
17407.8203125 855
17427.04296875 1198
17436.3046875 1250
17450.68359375 1507
17454.841796875 1558
17455.5546875 2007
17468.169921875 2092
17496.443359375 2231
17507.14453125 2384
17512.35546875 2457
17549.408203125 2544
17558.49609375 2717
17588.5546875 2774
17601.330078125 2794
17652.748046875 2909
17654.212890625 972
17684.556640625 1138
17685.087890625 1442
17745.0859375 1137
17825.412109375 102
17830.244140625 667
17831.95703125 1935
17856.556640625 2352
17871.873046875 2887
17872.5546875 427
17877.337890625 1533
17877.544921875 170
17878.623046875 262
17879.021484375 306
17895.220703125 596
17976.564453125 805
18001.576171875 849
18010.826171875 850
18029.216796875 965
18034.21875 976
18070.904296875 1058
18131.08203125 1403
18133.4765625 1645
18150.83984375 1999
18151.02734375 2292
18224.16015625 2392
18309.453125 2403
18314.611328125 2497
18324.880859375 2524
18362.033203125 2601
18366.775390625 2652
18393.80078125 2657
18413.279296875 2761
18413.423828125 2839
18432.73046875 2939
18478.06640625 2984
18505.685546875 1027
18509.7890625 622
18512.806640625 417
18517.251953125 450
18523.384765625 690
18568.72265625 969
18591.021484375 982
18594.251953125 1040
18674.57421875 1078
18710.859375 1083
18718.62890625 1382
18732.90234375 1391
18809.892578125 1486
18905.47265625 1503
18965.6015625 1547
18984.423828125 1561
18990.08984375 1965
19030.046875 2026
19037.076171875 2066
19059.9765625 2182
19078.697265625 2245
19089.638671875 2460
19110.93359375 2466
19160.80859375 2540
19173.41796875 2593
19205.005859375 2632
19227.87890625 2753
19243.7734375 2759
19252.296875 2793
19278.08203125 2925
19312.62890625 2152
19324.08984375 762
19352.853515625 2757
19388.4921875 37
19412.560546875 1624
19419.7109375 1271
19419.7109375 2370
19450.521484375 2895
19514.583984375 2411
19551.248046875 67
19634.076171875 150
19634.529296875 171
19656.546875 195
19799.673828125 363
19841.26171875 522
19860.1484375 657
19944.751953125 701
19956.203125 760
19979.037109375 811
19987.494140625 874
19987.673828125 875
20009.16796875 1002
20105.314453125 1007
20114.755859375 1023
20207.7734375 1356
20212.068359375 1378
20238.27734375 1489
20305.494140625 1629
20335.181640625 2721
20375.615234375 2032
20580.333984375 2259
20587.412109375 771
20589.392578125 1543
20624.068359375 2241
20727.0546875 1964
20741.98828125 1625
20742.392578125 2693
20777.3046875 222
20857.828125 258
20976.46875 281
21040.923828125 506
21131.322265625 582
21147.21484375 724
21231.841796875 879
21319.63671875 1003
21333.421875 1171
21382.109375 1182
21424.638671875 1588
21472.892578125 1685
21547.91015625 1758
21549.8515625 2300
21574.828125 2310
21664.689453125 2705
21672.927734375 2845
21698.138671875 2916
21723.41796875 1811
21736.73046875 2701
21812.787109375 421
21831.2578125 1440
21931.41796875 2337
21946.22265625 2531
22013.064453125 18
22043.07421875 29
22174.763671875 31
22217.109375 104
22374.810546875 274
22408.47265625 321
22534.703125 370
22548.1328125 375
22626.99609375 562
22633.84375 914
22692.806640625 944
22696.84765625 1672
22726.046875 1684
22868.521484375 1825
23003.97265625 1846
23008.9609375 1960
23079.6171875 1976
23093.662109375 2006
23094.76953125 2319
23120.171875 2405
23143.529296875 2550
23162.1328125 2606
23502.353515625 2768
23703.359375 1081
23739.48828125 1780
23917.1640625 16
23939.060546875 28
23939.533203125 125
23981.689453125 212
24108.94140625 265
24143.4296875 295
24235.078125 360
24273.07421875 364
24358.298828125 937
24504.9140625 1077
24632.943359375 1101
24741.419921875 1241
24798.65625 1243
25199.40234375 1307
25266.470703125 1343
25346.154296875 1404
25349.208984375 1418
25780.2890625 1585
26135.44921875 1719
26197.390625 1822
26232.0859375 2009
26958.732421875 2164
27520.689453125 2214
28366.73828125 2250
28581.087890625 2263
30302.287109375 2342
30842.052734375 2359
36211.94921875 2547
