5840.53173828125 2511
6027.400390625 101
6242.33447265625 215
6358.26318359375 549
6445.15478515625 550
6484.88330078125 573
6529.306640625 1136
6650.39306640625 1199
6912.404296875 1530
6935.16455078125 1581
6995.20458984375 1640
7023.8896484375 1688
7039.91748046875 1968
7050.61083984375 2526
7072.2392578125 2571
7189.94384765625 2983
7260.50244140625 1787
7273.99609375 602
7320.1982421875 1146
7346.59521484375 253
7376.82470703125 342
7386.56640625 843
7400.80859375 1233
7401.431640625 1335
7477.66162109375 1394
7511.90087890625 1737
7544.11376953125 1784
7545.19482421875 1950
7578.3740234375 2025
7583.3173828125 2473
7632.2060546875 2518
7643.7998046875 999
7656.68408203125 1056
7672.802734375 1900
7719.97509765625 1304
7755.9052734375 1326
7778.9365234375 2967
7785.46484375 1446
7803.3681640625 87
7814.4169921875 251
7895.3115234375 527
7909.9248046875 529
7932.9638671875 625
7952.17431640625 641
7962.66796875 693
7966.17626953125 873
7990.7900390625 881
8004.52783203125 928
8004.6328125 1133
8005.71728515625 1283
8010.0615234375 1318
8017.8515625 1346
8022.30615234375 1417
8024.86669921875 1720
8024.86669921875 1987
8036.19873046875 2226
8039.1884765625 2296
8072.44287109375 2515
8090.02783203125 2572
8093.31640625 2669
8105.5498046875 2728
8117.0400390625 2734
8152.75634765625 2746
8158.39111328125 2852
8159.82666015625 2866
8196.88671875 2915
8226.1376953125 2949
8227.8251953125 377
8252.099609375 2281
8258.8125 160
8273.328125 1
8276.1064453125 425
8276.5068359375 446
8315.541015625 800
8318.0556640625 918
8318.2890625 953
8325.10546875 985
8327.4873046875 986
8347.482421875 1008
8371.775390625 1043
8413.9169921875 1270
8416.650390625 1317
8419.720703125 1435
8430.009765625 1548
8441.619140625 1606
8476.173828125 1661
8477.173828125 1712
8481.095703125 2010
8504.7626953125 2088
8519.3818359375 2365
8523.8876953125 2410
8549.9921875 2414
8571.822265625 2482
8578.482421875 2560
8582.4169921875 2781
8588.50390625 2820
8591.958984375 997
8615.642578125 1781
8630.6298828125 81
8645.4794921875 229
8648.9951171875 440
8649.30859375 548
8690.28515625 611
8692.232421875 826
8697.7109375 834
8707.8046875 848
8711.6259765625 871
8711.859375 893
8712.9228515625 1231
8722.365234375 1256
8769.9443359375 1315
8775.4580078125 1458
8777.017578125 1550
8778.982421875 1671
8799.0087890625 1711
8799.4296875 1815
8823.75 1893
8849.6064453125 2312
8850.5166015625 2324
8854.3798828125 2385
8871.3369140625 2447
8879.361328125 2562
8883.6103515625 2610
8884.2333984375 2622
8892.333984375 2853
8894.294921875 2924
8896.5517578125 2927
8901.759765625 2239
8903.6015625 1362
8945.1484375 1926
8959.517578125 2997
8963.2431640625 254
8998.970703125 388
9008.60546875 465
9013.7177734375 498
9023.1943359375 520
9026.5712890625 962
9029.130859375 981
9056.7626953125 1156
9070.70703125 1652
9072.1484375 2205
9084.99609375 2339
9110.0029296875 2417
9121.9765625 2494
9125.962890625 2687
9129.0166015625 1122
9132.1796875 1670
9135.404296875 264
9140.00390625 2173
9146.673828125 1646
9150.7177734375 2396
9199.41015625 49
9206.0126953125 189
9220.8212890625 261
9237.0361328125 263
9249.90625 430
9268.82421875 831
9268.82421875 899
9325.7294921875 1123
9334.2353515625 1169
9340.8466796875 1350
9343.83984375 1405
9357.31640625 1512
9358.587890625 1750
9372.0302734375 1769
9372.7998046875 1908
9390.736328125 1966
9399.439453125 1982
9405.2646484375 1993
9406.572265625 2094
9408.95703125 2126
9432.98046875 2141
9434.0478515625 2171
9445.130859375 2174
9467.94921875 2177
9468.80859375 2237
9488.302734375 2367
9525.9580078125 2536
9563.712890625 2542
9566.0419921875 2582
9572.2578125 2675
9580.267578125 2703
9583.0166015625 1873
9591.05078125 2107
9594.814453125 1281
9600.22265625 455
9603.2783203125 470
9606.5224609375 902
9615.29296875 926
9616.1064453125 967
9633.6259765625 1104
9645.767578125 1225
9663.513671875 1286
9695.8837890625 1506
9704.3349609375 1516
9710.8349609375 1599
9720.44921875 1779
9728.583984375 1848
9732.30859375 1867
9734.322265625 1883
9746.7314453125 2063
9779.740234375 2210
9814.73828125 2246
9815.6005859375 2285
9836.884765625 2361
9847.5556640625 2686
9849.3701171875 2700
9890.2197265625 88
9913.8603515625 586
9918.6826171875 136
9923.892578125 1471
9926.0087890625 226
9964.970703125 296
9971.3388671875 1197
9980.0712890625 1666
9994.9736328125 1329
10001.7646484375 50
10019.373046875 318
10019.97265625 389
10078.5302734375 478
10083.1533203125 491
10097.3828125 580
10132.0263671875 599
10134.669921875 890
10146.177734375 896
10168.9775390625 909
10174.244140625 919
10186.9892578125 995
10203.748046875 1273
10205.212890625 1342
10220.96484375 1430
10248.923828125 1495
10251.767578125 1568
10273.2353515625 1583
10275.4228515625 1764
10291.380859375 1774
10293.451171875 2065
10304.0791015625 2117
10310.3662109375 2181
10311.7080078125 2268
10323.099609375 2465
10336.802734375 2664
10342.7998046875 2760
10377.68359375 2764
10380.24609375 2938
10381.7724609375 2943
10396.5439453125 1860
10396.9248046875 2880
10397.63671875 1333
10419.6123046875 2631
10421.51953125 146
10422.623046875 1538
10428.767578125 21
10434.8798828125 34
10448.7421875 200
10463.6513671875 288
10467.66015625 336
10472.7861328125 385
10485.982421875 517
10506.11328125 546
10534.2587890625 609
10578.2705078125 614
10629.677734375 683
10638.9453125 686
10647.4169921875 769
10651.3935546875 1097
10656.111328125 1221
10674.0068359375 1322
10677.962890625 1359
10682.912109375 1376
10698.2568359375 1686
10702.87109375 1854
10725.2470703125 2513
10728.4296875 2553
10729.9482421875 2650
10732.658203125 2672
10779.8994140625 2911
10784.958984375 78
10822.1240234375 2713
10842.46875 2800
10843.8251953125 2651
10845.06640625 2970
10866.3828125 1045
10880.771484375 1068
10897.578125 2078
10916.30859375 884
10929.09765625 886
10936.54296875 1028
10957.1513671875 1845
10957.76171875 1932
10964.734375 2489
10978.6474609375 90
11036.47265625 153
11064.11328125 240
11070.3994140625 256
11103.5302734375 531
11106.6767578125 644
11111.091796875 706
11111.435546875 775
11145.232421875 1163
11153.5263671875 1483
11168.0185546875 2114
11175.345703125 2379
11214.1416015625 2424
11233.9482421875 2433
11244.923828125 2435
11285.5703125 2442
11315.849609375 2683
11327.1103515625 2811
11361.06640625 2176
11386.4453125 169
11397.203125 2207
11397.70703125 1144
11476.5107421875 2180
11494.140625 73
11494.8359375 663
11496.38671875 677
11506.4384765625 756
11542.9423828125 925
11565.9423828125 927
11566.658203125 946
11575.875 996
11577.494140625 1141
11617.5712890625 1202
11630.5009765625 1251
11634.091796875 1457
11637.7685546875 1502
11647.6650390625 1591
11658.8330078125 1733
11671.806640625 1735
11678.1875 1919
11693.896484375 1933
11709.083984375 1955
11776.6982421875 2002
11839.384765625 2335
11854.4296875 2341
11871.861328125 2565
11872.7890625 2695
11905.203125 2763
11910.375 2840
11919.3310546875 2422
11929.0947265625 1020
11932.0615234375 640
11935.06640625 59
11941.908203125 177
11999.091796875 191
12018.2734375 575
12018.60546875 687
12073.5478515625 934
12112.142578125 1119
12113.0107421875 1529
12114.1875 1697
12143.33984375 1810
12144.6298828125 1831
12170.521484375 2354
12186.2509765625 2528
12197.1669921875 2679
12254.88671875 2712
12262.21875 2747
12264.357421875 2809
12270.7314453125 2821
12343.826171875 2842
12366.83984375 2860
12383.7177734375 2906
12384.15234375 2994
12413.171875 186
12426.1416015625 223
12453.720703125 1594
12467.857421875 410
12502.970703125 631
12505.9697265625 132
12516.7373046875 2576
12540.1337890625 1282
12571.7958984375 488
12573.6962890625 869
12576.2109375 2059
12580.6123046875 787
12583.50390625 904
12591.0380859375 137
12601.7666015625 275
12670.5595703125 328
12671.1953125 333
12671.1953125 392
12699.689453125 407
12709.69140625 489
12719.6943359375 680
12743.7548828125 1022
12823.681640625 1290
12842.4638671875 1358
12901.73046875 1607
12902.484375 1653
12907.6591796875 2024
12917.716796875 2184
12927.1630859375 2221
12931.3037109375 2394
12954.9248046875 2427
12969.9638671875 2517
12985.05859375 2655
13001.9267578125 2704
13044.92578125 2900
13055.236328125 2946
13060.662109375 459
13070.6474609375 1408
13087.9287109375 1339
13090.6103515625 22
13104.099609375 45
13116.88671875 300
13131.771484375 812
13175.8857421875 922
13187.994140625 947
13188.9677734375 975
13193.494140625 1001
13198.8759765625 1095
13207.96484375 1275
13218.80859375 1664
13229.2294921875 1708
13241.1025390625 1763
13254.908203125 1766
13258.98828125 1889
13261.865234375 2077
13268.51171875 2082
13282.3837890625 2131
13310.9853515625 2315
13312.919921875 2317
13329.16796875 2409
13339.279296875 2608
13367.29296875 2616
13402.98046875 2649
13408.2373046875 2819
13415.6103515625 2862
13417.4208984375 1164
13440.931640625 2213
13446.810546875 1050
13454.236328125 979
13462.841796875 1562
13487.61328125 1597
13489.8330078125 2334
13514.419921875 587
13525.4375 630
13543.357421875 777
13550.841796875 1012
13552.6220703125 1064
13563.015625 1082
13570.0390625 1462
13571.73046875 1501
13591.189453125 1654
13596.58203125 1800
13600.5341796875 2656
13605.2880859375 2884
13638.0908203125 1416
13648.09765625 1575
13670.3115234375 2889
13686.1953125 445
13694.7265625 30
13722.560546875 2484
13742.4501953125 38
13778.6123046875 40
13778.6123046875 76
13797.373046875 77
13807.3271484375 108
13833.8359375 164
13857.962890625 211
13868.841796875 225
13917.7763671875 376
13923.869140625 437
13943.3330078125 510
13947.75 646
13980.833984375 671
13982.8212890625 738
14050.705078125 770
14063.8212890625 1434
14074.234375 1610
14084.474609375 1662
14117.55078125 1709
14134.3779296875 1998
14140.716796875 2166
14140.716796875 2220
14210.9365234375 2238
14232.1611328125 2255
14269.07421875 2345
14269.2998046875 2510
14274.041015625 2581
14312.3193359375 2607
14327.5078125 2807
14356.3681640625 1015
14367.421875 1984
14383.1953125 1258
14388.4443359375 2555
14392.439453125 1147
14397.982421875 865
14401.9248046875 939
14410.2490234375 1497
14419.1533203125 2630
14460.146484375 2752
14511.267578125 457
14540.74609375 309
14586.48046875 316
14634.462890625 483
14637.05078125 484
14653.8427734375 633
14661.05078125 1026
14676.431640625 1036
14691.7080078125 1176
14736.2705078125 1423
14747.572265625 1485
14760.595703125 1590
14766.451171875 1702
14791.984375 1759
14806.3310546875 1818
14822.7939453125 1958
14842.279296875 1963
14853.97265625 1977
14856.8642578125 2053
14877.841796875 2056
14915.076171875 2125
14932.36328125 2304
14934.0888671875 2356
14957.533203125 2477
14962.611328125 2533
14980.970703125 2732
14992.9990234375 2948
14996.5859375 1601
15001.775390625 2256
15027.970703125 2104
15075.171875 284
15080.2470703125 182
15090.0966796875 916
15094.7470703125 1667
15105.529296875 1852
15162.0361328125 727
15162.7099609375 2036
15189.59375 2772
15190.75390625 130
15234.30078125 219
15235.388671875 394
15251.1044921875 405
15258.068359375 634
15267.400390625 856
15270.958984375 983
15325.6416015625 1117
15331.2353515625 1386
15341.486328125 1791
15355.4580078125 1991
15371.017578125 2060
15391.103515625 2215
15397.296875 2314
15465.1259765625 2440
15474.57421875 2467
15516.8017578125 2618
15584.6923828125 2648
15599.2412109375 2694
15614.064453125 1772
15622.3564453125 818
15648.6572265625 2907
15654.423828125 660
15661.7138671875 1168
15682.58203125 1145
15684.087890625 1476
15686.548828125 1618
15688.580078125 655
15695.02734375 1592
15723.732421875 2120
15730.498046875 2557
15735.1240234375 112
15766.1962890625 350
15768.57421875 356
15788.1845703125 448
15792.0390625 1500
15800.5517578125 1526
15831.44140625 1587
15844.970703125 1881
15863.583984375 1943
15866.6767578125 1962
15882.841796875 1995
15918.4970703125 2075
15928.7119140625 2118
15959.234375 2309
15959.607421875 2418
15986.6396484375 2516
15987.2041015625 2588
16054.9755859375 2605
16101.6953125 2623
16115.8525390625 2937
16128.9345703125 1005
16148.0732421875 110
16188.279296875 2360
16199.9384765625 121
16222.3427734375 1046
16236.0947265625 298
16244.064453125 372
16249.8876953125 492
16294.392578125 752
16338.0546875 838
16373.13671875 903
16406.134765625 1034
16429.787109375 1128
16442.1953125 1187
16447.408203125 1437
16482.162109375 1488
16496.64453125 1534
16532.029296875 1657
16533.6484375 1678
16536.755859375 1824
16562.109375 1826
16567.58203125 1941
16592.619140625 1997
16596.4921875 2318
16615.046875 2327
16644.0625 2362
16647.951171875 2404
16699.5703125 2453
16716.79296875 2458
16730.6953125 2496
16774.263671875 2696
16777.87890625 2722
16789.71484375 2796
16803.771484375 2584
16818.1171875 2872
16825.939453125 2589
16828.302734375 2135
16933.9140625 1802
16935.21875 1853
16949.544921875 1892
16981.86328125 1580
17023.3125 25
17024.572265625 72
17031.484375 343
17044.439453125 710
17070.638671875 755
17083.796875 885
17110.28515625 1683
17124.806640625 1776
17180.060546875 1972
17181.888671875 2047
17206.11328125 2138
17235.166015625 2185
17241.466796875 2344
17261.4609375 2545
17267.302734375 2573
17293.546875 2855
17305.388671875 2159
17313.05859375 1067
17363.19140625 371
17363.8359375 243
17433.626953125 1301
17451.90234375 311
17456.3828125 426
17463.376953125 648
17469.98828125 720
17471.115234375 792
17511.873046875 940
17531.84375 1006
17544.5546875 1032
17561.958984375 1160
17630.513671875 1189
17651.59375 2183
17670.16015625 2190
17705.80859375 2301
17768.392578125 1459
17777.978515625 1649
17780.59375 353
17782.9921875 2706
17807.91015625 1511
17817.33203125 1778
17844.427734375 329
17872.24609375 731
17873.484375 1400
17877.64453125 2070
17906.076171875 1480
17926.322265625 1714
17952.02734375 249
17976.44921875 94
18038.796875 2823
18039.193359375 471
18040.052734375 473
18077.017578125 747
18093.6953125 915
18095.353515625 921
18112.400390625 993
18131.931640625 1072
18154.146484375 1415
18165.8125 1541
18174.7265625 1746
18186.6015625 1949
18196.37890625 2079
18253.09765625 2219
18328.232421875 2258
18382.203125 2413
18411.92578125 2628
18425.71875 2828
18444.8984375 2903
18483.8828125 2996
18514.826171875 204
18567.365234375 1247
18601.720703125 1410
18613.296875 1888
18640.123046875 1214
18653.26171875 1658
18670.66015625 2587
18670.73046875 380
18675.00390625 688
18695.837890625 1761
18711.642578125 66
18728.029296875 127
18749.357421875 179
18749.357421875 855
18757.2421875 1198
18785.755859375 1250
18858.994140625 1507
18866.240234375 1558
18879.564453125 2007
18883.568359375 2092
18964.06640625 2231
19029.537109375 2384
19072.53515625 2457
19114.109375 2544
19122.072265625 2717
19198.626953125 2774
19222.0546875 2794
19333.07421875 2909
19365.900390625 972
19370.30859375 1138
19420.595703125 1442
19429.013671875 1137
19449.93359375 102
19457.474609375 667
19462.22265625 1935
19467.6875 2352
19479.712890625 2887
19495.89453125 427
19500.369140625 1533
19517.81640625 170
19550.09765625 262
19588.98828125 306
19617.87109375 596
19654.306640625 805
19655.947265625 849
19661.15625 850
19712.80078125 965
19729.314453125 976
19742.69140625 1058
19786.65234375 1403
19808.05859375 1645
19815.466796875 1999
19855.0234375 2292
19959.259765625 2392
19987.31640625 2403
20012.09375 2497
20064.662109375 2524
20064.880859375 2601
20065.93359375 2652
20159.6171875 2657
20161.69921875 2761
20182.123046875 2839
20196.337890625 2939
20206.77734375 2984
20214.009765625 1027
20240.591796875 622
20281.919921875 417
20318.947265625 450
20323.02734375 690
20334.78515625 969
20346.30078125 982
20349.072265625 1040
20410.234375 1078
20427.166015625 1083
20427.82421875 1382
20428.48046875 1391
20464.69921875 1486
20487.900390625 1503
20542.291015625 1547
20563.86328125 1561
20579.443359375 1965
20581.6953125 2026
20596.255859375 2066
20617.6953125 2182
20633.19921875 2245
20641.3515625 2460
20658.72265625 2466
20687.26171875 2540
20772.767578125 2593
20783.724609375 2632
20807.009765625 2753
20807.771484375 2759
20823.88671875 2793
20843.296875 2925
20846.345703125 2152
20882.90625 762
20935.873046875 2757
20938.7109375 37
20991.484375 1624
21011.140625 1271
21238.298828125 2370
21264.81640625 2895
21275.2890625 2411
21329.3984375 67
21361.9609375 150
21362.193359375 171
21425.880859375 195
21487.326171875 363
21522.259765625 522
21522.259765625 657
21536.373046875 701
21654.4921875 760
21705.279296875 811
21753.666015625 874
21796.970703125 875
21873.734375 1002
21895.33984375 1007
21928.8984375 1023
21942.095703125 1356
22006.623046875 1378
22021.3125 1489
22086.43359375 1629
22094.615234375 2721
22102.326171875 2032
22171.5859375 2259
22179.509765625 771
22222.34765625 1543
22229.38671875 2241
22245.015625 1964
22308.392578125 1625
22326.763671875 2693
22345.162109375 222
22362.125 258
22403.921875 281
22494.712890625 506
22517.248046875 582
22521.923828125 724
22564.853515625 879
22584.986328125 1003
22631.9921875 1171
22670.115234375 1182
22745.671875 1588
22778.1015625 1685
22801.853515625 1758
22880.89453125 2300
23028.703125 2310
23066.876953125 2705
23084.5078125 2845
23160.263671875 2916
23179.689453125 1811
23203.25390625 2701
23242.8671875 421
23268.048828125 1440
23339.591796875 2337
23478.306640625 2531
23500.505859375 18
23637.640625 29
23665.576171875 31
23779.8515625 104
23820.955078125 274
23897.744140625 321
23910.80078125 370
23936.818359375 375
24222.474609375 562
24225.0546875 914
24604.17578125 944
24765.46484375 1672
24812.05078125 1684
24852.72265625 1825
24872.18359375 1846
24928.470703125 1960
24954.2265625 1976
24971.48046875 2006
25035.15625 2319
25091.419921875 2405
25100.978515625 2550
25274.580078125 2606
25294.130859375 2768
25379.544921875 1081
25430.693359375 1780
25474.255859375 16
25506.765625 28
25552.416015625 125
25701.39453125 212
25773.2265625 265
25773.2265625 295
25781.6484375 360
25793.966796875 364
25848.73828125 937
25896.8359375 1077
26005.83984375 1101
26345.619140625 1241
26677.380859375 1243
26799.087890625 1307
26847.74609375 1343
27244.888671875 1404
27797.19921875 1418
27869.099609375 1585
28009.833984375 1719
28750.396484375 1822
29592.8828125 2009
29647.931640625 2164
30064.1484375 2214
30248.96875 2250
30553.359375 2263
30690.9296875 2342
30832.482421875 2359
32076.021484375 2547
