6556.5185546875 1050
6730.60498046875 979
6765.73486328125 1562
7165.41748046875 1597
7168.98193359375 2334
7232.1533203125 587
7288.92333984375 630
7300.13671875 777
7409.36572265625 1012
7416.81396484375 1064
7526.029296875 1082
7551.263671875 1462
7572.7548828125 1501
7585.4638671875 1654
7626.62548828125 1800
7688.0849609375 2656
7719.57861328125 2884
7733.93505859375 1416
7751.0615234375 1446
7799.0595703125 87
7823.0009765625 251
7823.0009765625 527
7837.69384765625 529
7847.92529296875 625
7849.7724609375 641
7854.72900390625 693
7907.62158203125 873
7933.0615234375 881
7938.06005859375 928
7957.515625 1133
8001.5048828125 1283
8041.544921875 1318
8047.1552734375 1346
8085.20263671875 1417
8096.326171875 1720
8148.1748046875 1987
8166.68408203125 2226
8169.66162109375 2296
8197.064453125 2515
8213.4404296875 2572
8220.4150390625 2669
8223.041015625 2728
8223.2763671875 2734
8252.1357421875 2746
8264.33203125 2852
8279.177734375 2866
8303.873046875 2915
8306.8271484375 2949
8318.6787109375 377
8319.52734375 2281
8331.380859375 160
8338.384765625 1
8346.359375 425
8355.9716796875 446
8454.1328125 800
8459.8916015625 918
8469.5537109375 953
8475.533203125 985
8482.3017578125 986
8503.021484375 1008
8503.296875 1043
8511.6875 1270
8514.7021484375 1317
8523.90625 1435
8544.580078125 1548
8559.6376953125 1606
8577.98046875 1661
8578.83984375 1712
8581.74609375 2010
8613.6416015625 2088
8625.3447265625 2365
8628.1572265625 2410
8643.8623046875 2414
8643.8623046875 2482
8650.2568359375 2560
8658.7412109375 2781
8671.23828125 2820
8696.8330078125 997
8699.15234375 1781
8699.6865234375 81
8704.69921875 229
8708.8896484375 440
8726.0126953125 548
8737.5244140625 611
8738.0712890625 826
8739.173828125 834
8762.7978515625 848
8777.5390625 871
8778.791015625 893
8788.6201171875 1231
8809.705078125 1256
8830.3232421875 1315
8836.880859375 1458
8844.466796875 1550
8868.7001953125 1671
8875.822265625 1711
8876.0595703125 1815
8897.169921875 1893
8902.1796875 2312
8908.3203125 2324
8909.1083984375 2385
8917.5478515625 2447
8923.462890625 2562
8928.0751953125 2610
8933.3427734375 2622
8936.9912109375 2853
8944.0791015625 2924
8945.30859375 2927
8948.462890625 2239
8952.8564453125 1362
8981.84375 1926
9000.0791015625 2997
9013.572265625 254
9016.0419921875 388
9058.662109375 465
9070.578125 498
9082.603515625 520
9087.5419921875 962
9091.3759765625 981
9096.34375 1156
9099.3583984375 1652
9114.2177734375 2205
9121.9169921875 2339
9124.27734375 2417
9127.7890625 2494
9128.09765625 2687
9133.716796875 1122
9149.9912109375 1670
9150.787109375 264
9161.474609375 2173
9162.529296875 1646
9177.0888671875 2396
9200.9453125 49
9202.455078125 189
9207.69921875 261
9208.00390625 263
9214.8828125 430
9224.025390625 831
9239.6669921875 899
9243.8095703125 1123
9246.5771484375 1169
9281.6953125 1350
9281.919921875 1405
9286.2158203125 1512
9288.5390625 1750
9294.8857421875 1769
9298.951171875 1908
9300.064453125 1966
9306.33984375 1982
9313.1845703125 1993
9328.60546875 2094
9334.1826171875 2126
9339.72265625 2141
9376.7314453125 2171
9377.17578125 2174
9382.3955078125 2177
9383.0986328125 2237
9385.923828125 2367
9388.7119140625 2536
9392.11328125 2542
9395.4755859375 2582
9395.83984375 2675
9420.6416015625 2703
9420.8505859375 1873
9423.126953125 2107
9428.5439453125 1281
9442.1328125 455
9450.5859375 470
9460.4091796875 902
9463.951171875 926
9477.556640625 967
9485.337890625 1104
9486.4921875 1225
9495.4140625 1286
9497.3583984375 1506
9510.28125 1516
9519.201171875 1599
9535.8779296875 1779
9548.3291015625 1848
9560.4140625 1867
9584.2685546875 1883
9590.0888671875 2063
9603.314453125 2210
9604.19140625 2246
9609.3095703125 2285
9611.3046875 2361
9616.9326171875 2686
9617.66015625 2700
9624.1357421875 88
9635.275390625 586
9650.1220703125 136
9665.5830078125 1471
9682.9130859375 226
9686.7353515625 296
9693.4384765625 1197
9695.7470703125 1666
9708.32421875 2511
9715.9453125 101
9716.7490234375 215
9722.73828125 549
9725.341796875 550
9730.9990234375 573
9734.8798828125 1136
9736.068359375 1199
9736.740234375 1530
9742.908203125 1581
9755.7607421875 1640
9756.7890625 1688
9770.30078125 1968
9781.5625 2526
9781.9970703125 2571
9788.123046875 2983
9789.5859375 1787
9795.4384765625 602
9806.4921875 1146
9808.4921875 253
9808.705078125 342
9827.1953125 843
9837.2958984375 1233
9842.9423828125 1335
9853.7724609375 1394
9856.5595703125 1737
9879.8115234375 1784
9883.4560546875 1950
9885.298828125 2025
9886.0615234375 2473
9899.23046875 2518
9910.9169921875 999
9913.58203125 1056
9920.7021484375 1900
9929.259765625 1304
9945.22265625 1326
9950.0458984375 2967
9950.3974609375 1329
9970.38671875 50
9986.1875 318
9987.1259765625 389
9996.0625 478
10000.5576171875 491
10009.3779296875 580
10030.1708984375 599
10038.0537109375 890
10047.5947265625 896
10060.224609375 909
10064.15234375 919
10070.58203125 995
10072.70703125 1273
10080.9794921875 1342
10081.3193359375 1430
10100.6240234375 1495
10105.435546875 1568
10112.6875 1583
10124.2158203125 1764
10140.310546875 1774
10150.2392578125 2065
10162.4306640625 2117
10180.3974609375 2181
10190.96484375 2268
10214.865234375 2465
10231.40234375 2664
10232.0166015625 2760
10255.96875 2764
10269.861328125 2938
10298.46875 2943
10320.994140625 1860
10351.9140625 2880
10356.3798828125 1333
10366.2119140625 2631
10375.23046875 146
10399.814453125 1538
10412.6591796875 21
10418.31640625 34
10419.9990234375 200
10464.408203125 288
10483.875 336
10489.38671875 385
10507.3203125 517
10524.404296875 546
10541.2763671875 609
10554.4453125 614
10569.66796875 683
10575.1669921875 686
10622.4609375 769
10622.994140625 1097
10625.0302734375 1221
10628.6767578125 1322
10631.0859375 1359
10670.3193359375 1376
10676.373046875 1686
10697.169921875 1854
10728.9150390625 2513
10746.9248046875 2553
10816.0146484375 2650
10841.083984375 2672
10843.11328125 2911
10856.5810546875 78
10858.1982421875 2713
10860.0400390625 2800
10861.4921875 2651
10875.3349609375 2970
10879.6005859375 1045
10881.1923828125 1068
10884.1064453125 2078
10895.67578125 884
10897.09765625 886
10897.205078125 1028
10898.171875 1845
10919.4189453125 1932
10931.052734375 2489
10938.318359375 90
10938.685546875 153
10948.8798828125 240
10961.1435546875 256
10966.8095703125 531
10974.3603515625 644
11029.2646484375 706
11031.037109375 775
11078.671875 1163
11080.6474609375 1483
11085.75 2114
11102.6015625 2379
11166.5888671875 2424
11168.39453125 2433
11181.408203125 2435
11187.615234375 2442
11195.4912109375 2683
11207.232421875 2811
11208.8486328125 2176
11209.037109375 169
11246.1162109375 2207
11262.9765625 1144
11271.4287109375 2180
11282.1728515625 73
11309.2880859375 663
11313.4736328125 677
11334.7021484375 756
11350.4580078125 925
11353.27734375 927
11371.2255859375 946
11378.2236328125 996
11398.2744140625 1141
11408.875 1202
11414.0078125 1251
11434.466796875 1457
11445.6650390625 1502
11459.783203125 1591
11486.9443359375 1733
11490.017578125 1735
11491.1875 1919
11498.2490234375 1933
11507.6181640625 1955
11510.9990234375 2002
11514.1123046875 2335
11524.4267578125 2341
11550.4384765625 2565
11562.75 2695
11592.400390625 2763
11601.3203125 2840
11613.142578125 2422
11635.01953125 1020
11639.0703125 640
11663.4462890625 59
11665.3798828125 177
11675.01953125 191
11678.935546875 575
11686.1005859375 687
11692.470703125 934
11699.693359375 1119
11706.576171875 1529
11707.7333984375 1697
11710.859375 1810
11714.181640625 1831
11722.3212890625 2354
11728.5400390625 2528
11755.498046875 2679
11763.7822265625 2712
11771.3916015625 2747
11771.5498046875 2809
11778.015625 2821
11817.6435546875 2842
11838.080078125 2860
11890.330078125 2906
11893.291015625 2994
11898.650390625 186
11940.177734375 223
11966.9765625 1594
11971.533203125 410
12002.6875 631
12002.771484375 132
12024.6103515625 2576
12044.84375 1282
12075.4130859375 488
12082.3125 869
12105.0185546875 2059
12123.0234375 787
12165.9296875 904
12180.4521484375 137
12182.201171875 275
12188.9921875 328
12196.37109375 333
12202.615234375 392
12233.96484375 407
12290.583984375 489
12301.0791015625 680
12303.177734375 1022
12322.1572265625 1290
12330.8818359375 1358
12331.6767578125 1607
12344.8447265625 1653
12353.6533203125 2024
12357.47265625 2184
12360.1923828125 2221
12416.75 2394
12433.830078125 2427
12437.6484375 2517
12461.9326171875 2655
12469.931640625 2704
12478.73828125 2900
12514.4306640625 2946
12516.685546875 459
12517.8037109375 1408
12550.9013671875 1339
12551.1826171875 22
12562.060546875 45
12563.1591796875 300
12591.42578125 812
12603.33203125 922
12604.826171875 947
12619.6328125 975
12662.9287109375 1001
12662.9287109375 1095
12677.89453125 1275
12681.2822265625 1664
12695.26171875 1708
12708.9931640625 1763
12741.4072265625 1766
12759.837890625 1889
12769.17578125 2077
12775.8544921875 2082
12821.4296875 2131
12895.4921875 2315
12914.1513671875 2317
12931.5908203125 2409
12947.142578125 2608
12949.494140625 2616
12978.900390625 2649
12980.8154296875 2819
12998.03125 2862
12999.6376953125 1164
13010.2265625 2213
13015.0927734375 1575
13025.345703125 2889
13038.3984375 445
13056.4228515625 30
13063.5625 2484
13069.43359375 38
13077.46875 40
13082.0625 76
13102.259765625 77
13129.57421875 108
13155.251953125 164
13157.408203125 211
13160.330078125 225
13173.4990234375 376
13174.4853515625 437
13178.26171875 510
13207.3984375 646
13207.642578125 671
13247.64453125 738
13247.64453125 770
13260.6513671875 1434
13305.70703125 1610
13316.1328125 1662
13321.4365234375 1709
13323.1005859375 1998
13337.052734375 2166
13341.693359375 2220
13381.1533203125 2238
13381.787109375 2255
13419.0625 2345
13423.380859375 2510
13430.05078125 2581
13432.00390625 2607
13454.10546875 2807
13461.96484375 1015
13484.34375 1984
13487.802734375 1258
13524.166015625 2555
13544.73828125 1147
13553.34765625 865
13590.861328125 939
13601.8125 1497
13606.5546875 2630
13617.171875 2752
13622.64453125 457
13627.931640625 309
13699.353515625 316
13700.91015625 483
13736.744140625 484
13758.830078125 633
13781.259765625 1026
13795.146484375 1036
13799.576171875 1176
13832.18359375 1423
13878.9951171875 1485
13905.5439453125 1590
13927.146484375 1702
13936.4423828125 1759
13990.37109375 1818
14021.7705078125 1958
14043.9404296875 1963
14111.576171875 1977
14119.1171875 2053
14146.1923828125 2056
14167.943359375 2125
14188.3056640625 2304
14256.5048828125 2356
14278.6484375 2477
14312.775390625 2533
14362.01953125 2732
14389.37109375 2948
14406.1806640625 1601
14422.16796875 2256
14433.732421875 2104
14434.1279296875 284
14435.0234375 182
14469.068359375 916
14514.478515625 1667
14523.07421875 1852
14594.1591796875 727
14617.9990234375 2036
14627.2451171875 2772
14654.595703125 130
14665.1552734375 219
14745.5009765625 394
14779.6337890625 405
14786.4814453125 634
14789.412109375 856
14838.259765625 983
14838.4208984375 1117
14887.056640625 1386
14894.78125 1791
14911.2841796875 1991
14918.0625 2060
14933.609375 2215
14958.80859375 2314
14960.9755859375 2440
14989.78515625 2467
14994.35546875 2618
15014.8701171875 2648
15025.48828125 2694
15033.2431640625 1772
15040.380859375 818
15059.857421875 2907
15066.001953125 660
15072.5859375 1168
15105.6796875 1145
15157.7138671875 1476
15182.880859375 1618
15192.0634765625 655
15195.341796875 1592
15209.7490234375 2120
15219.8095703125 2557
15260.9482421875 112
15282.5546875 350
15328.8310546875 356
15369.0029296875 448
15375.0859375 1500
15378.138671875 1526
15388.138671875 1587
15398.40234375 1881
15424.0390625 1943
15451.4580078125 1962
15470.4130859375 1995
15479.6982421875 2075
15493.6787109375 2118
15511.8017578125 2309
15530.505859375 2418
15542.8212890625 2516
15555.9521484375 2588
15594.7490234375 2605
15642.9150390625 2623
15661.6376953125 2937
15684.1455078125 1005
15684.1455078125 110
15688.556640625 2360
15720.740234375 121
15746.12890625 1046
15747.2109375 298
15791.8203125 372
15794.876953125 492
15823.013671875 752
15829.2314453125 838
15855.853515625 903
15861.6904296875 1034
15889.283203125 1128
15893.0546875 1187
15919.4228515625 1437
15920.201171875 1488
15948.4609375 1534
15960.525390625 1657
15965.8134765625 1678
15974.9990234375 1824
16029.228515625 1826
16043.8828125 1941
16091.71875 1997
16119.6669921875 2318
16177.724609375 2327
16181.9716796875 2362
16224.0673828125 2404
16248.59765625 2453
16267.7373046875 2458
16269.673828125 2496
16270.75 2696
16283.6982421875 2722
16285.505859375 2796
16295.150390625 2584
16307.9404296875 2872
16331.6845703125 2589
16407.55859375 2135
16412.43359375 1802
16423.48046875 1853
16428.427734375 1892
16435.61328125 1580
16447.056640625 25
16479.763671875 72
16524.42578125 343
16528.134765625 710
16532.51171875 755
16550.8125 885
16582.935546875 1683
16660.251953125 1776
16661.6953125 1972
16681.966796875 2047
16771.564453125 2138
16784.609375 2185
16788.41015625 2344
16849.7421875 2545
16906.865234375 2573
16913.796875 2855
16922.46875 2159
16944.689453125 1067
16950.11328125 371
16989.2734375 243
16999.02734375 1301
17008.63671875 311
17041.625 426
17060.51171875 648
17065.380859375 720
17083.416015625 792
17101.755859375 940
17105.66796875 1006
17126.580078125 1032
17126.798828125 1160
17135.978515625 1189
17136.384765625 2183
17152.4375 2190
17173.87890625 2301
17177.94140625 1459
17191.7890625 1649
17201.30859375 353
17202.119140625 2706
17211.18359375 1511
17250.23828125 1778
17304.517578125 329
17365.955078125 731
17372.1953125 1400
17388.3125 2070
17416.77734375 1480
17487.486328125 1714
17487.486328125 249
17508.37109375 94
17600.8828125 2823
17608.763671875 471
17613.15625 473
17664.07421875 747
17690.599609375 915
17708.767578125 921
17708.912109375 993
17730.029296875 1072
17776.896484375 1415
17789.314453125 1541
17819.001953125 1746
17900.802734375 1949
17924.26171875 2079
17934.5625 2219
17951.251953125 2258
17986.625 2413
18107.47265625 2628
18148.666015625 2828
18162.888671875 2903
18195.931640625 2996
18364.216796875 204
18373.05078125 1247
18425.890625 1410
18460.634765625 1888
18489.8203125 1214
18535.498046875 1658
18565.990234375 2587
18586.6328125 380
18644.1015625 688
18654.4609375 1761
18713.83203125 66
18716.330078125 127
18723.9453125 179
18746.671875 855
18759.953125 1198
18793.0234375 1250
18863.5390625 1507
18886.06640625 1558
18898.64453125 2007
18901.05859375 2092
18930.76953125 2231
18989.28125 2384
18993.599609375 2457
19014.720703125 2544
19028.77734375 2717
19054.427734375 2774
19091.240234375 2794
19096.369140625 2909
19110.3359375 972
19148.228515625 1138
19149.15625 1442
19149.794921875 1137
19203.234375 102
19277.330078125 667
19282.517578125 1935
19313.84375 2352
19320.744140625 2887
19404.728515625 427
19424.00390625 1533
19501.4765625 170
19555.01171875 262
19635.04296875 306
19655.630859375 596
19683.0625 805
19683.48046875 849
19694.1171875 850
19731.779296875 965
19773.990234375 976
19804.193359375 1058
19821.265625 1403
19854.0546875 1645
19871.81640625 1999
19932.92578125 2292
19952.107421875 2392
19953.818359375 2403
19971.82421875 2497
20001.455078125 2524
20023.26953125 2601
20074.916015625 2652
20088.005859375 2657
20089.5390625 2761
20110.46484375 2839
20120.0234375 2939
20177.265625 2984
20194.755859375 1027
20234.984375 622
20323.17578125 417
20383.75390625 450
20455.65234375 690
20544.529296875 969
20576.931640625 982
20652.953125 1040
20662.958984375 1078
20700.564453125 1083
20750.19921875 1382
20859.671875 1391
20896.259765625 1486
20919.599609375 1503
20960.73828125 1547
20964.25 1561
21050.431640625 1965
21073.58984375 2026
21104.474609375 2066
21106.365234375 2182
21160.123046875 2245
21164.349609375 2460
21166.65234375 2466
21267.30078125 2540
21286.666015625 2593
21290.97265625 2632
21336.44140625 2753
21336.498046875 2759
21336.498046875 2793
21372.77734375 2925
21418.07421875 2152
21499.984375 762
21558.5078125 2757
21566.185546875 37
21605.03515625 1624
21630.3671875 1271
21705.931640625 2370
21749.412109375 2895
21882.822265625 2411
21964.45703125 67
22021.25 150
22113.544921875 171
22124.443359375 195
22155.6875 363
22419.97265625 522
22438.814453125 657
22460.13671875 701
22474.232421875 760
22532.8125 811
22533.5 874
22545.314453125 875
22601.400390625 1002
22659.484375 1007
22696.01171875 1023
22740.357421875 1356
22804.9140625 1378
22819.828125 1489
22851.49609375 1629
22852.77734375 2721
22968.8046875 2032
22969.427734375 2259
22977.94140625 771
22990.10546875 1543
23069.283203125 2241
23085.626953125 1964
23143.52734375 1625
23147.50390625 2693
23185.0859375 222
23217.361328125 258
23224.068359375 281
23278.0859375 506
23431.951171875 582
23453.984375 724
23490.291015625 879
23490.814453125 1003
23511.201171875 1171
23561.44140625 1182
23623.845703125 1588
23667.876953125 1685
23675.4453125 1758
23691.20703125 2300
23732.662109375 2310
23802.265625 2705
23810.765625 2845
23852.822265625 2916
23999.8359375 1811
24003.3203125 2701
24124.083984375 421
24198.052734375 1440
24256.875 2337
24354.34765625 2531
24398.513671875 18
24420.642578125 29
24471.89453125 31
24488.349609375 104
24506.0078125 274
24612.451171875 321
24728.2578125 370
24742.275390625 375
24769.671875 562
24834.984375 914
25079.23828125 944
25090.619140625 1672
25151.05859375 1684
25163.814453125 1825
25190.91796875 1846
25287.462890625 1960
25324.3125 1976
25351.8984375 2006
25351.8984375 2319
25457.791015625 2405
25486.142578125 2550
25676.212890625 2606
25774.44140625 2768
25854.181640625 1081
25936.400390625 1780
26039.771484375 16
26184.849609375 28
26262.94140625 125
26365.35546875 212
26448.900390625 265
26473.306640625 295
26513.84765625 360
26813.23046875 364
26968.69921875 937
27078.525390625 1077
27144.390625 1101
27453.20703125 1241
27460.4921875 1243
27857.88671875 1307
27904.341796875 1343
28012.634765625 1404
28029.576171875 1418
28046.2109375 1585
28110.083984375 1719
28347.587890625 1822
28790.943359375 2009
29197.451171875 2164
29689.810546875 2214
29866.513671875 2250
29886.3046875 2263
30498.587890625 2342
32224.6875 2359
35418.640625 2547
