1312.0164794921875 1020
1739.97802734375 640
1963.33837890625 59
2101.82275390625 177
2166.4892578125 191
2191.023193359375 575
2361.509033203125 687
2479.46630859375 934
2538.911376953125 1119
2579.02734375 1529
2677.19482421875 1697
2911.007568359375 1810
2980.7197265625 1831
3029.313232421875 2354
3235.311279296875 2528
3630.23291015625 2679
3773.43310546875 2712
3785.43115234375 2747
3875.3662109375 2809
4138.27099609375 2821
4694.552734375 2842
4945.283203125 2860
5099.837890625 2906
5127.658203125 2994
5266.267578125 186
5302.005859375 223
5412.26708984375 1594
5776.51171875 410
5885.49169921875 631
5955.203125 132
6243.779296875 2576
6397.61279296875 1446
6705.8740234375 87
6764.4150390625 251
6885.43701171875 527
7238.8125 529
7514.01953125 625
7515.6875 641
7960.3310546875 693
8227.6435546875 873
8336.2958984375 881
8578.08984375 928
8677.123046875 1133
8725.8408203125 1283
8725.8408203125 1318
8782.8349609375 1346
8783.43359375 1417
8802.4912109375 1720
9100.40234375 1987
9102.4072265625 2226
9306.0859375 2296
9313.40625 2515
9585.9599609375 2572
9595.900390625 2669
9698.330078125 2728
9716.052734375 2734
9744.091796875 2746
9952.865234375 2852
10522.11328125 2866
10715.931640625 2915
10727.294921875 2949
10930.515625 377
10963.466796875 2281
11061.955078125 160
11210.517578125 1
11239.474609375 425
11429.53125 446
11621.4189453125 800
11621.9443359375 918
11644.0390625 953
11726.78515625 985
11764.9443359375 986
11834.56640625 1008
11882.951171875 1043
11892.734375 1270
11926.0234375 1317
11937.4716796875 1435
11938.037109375 1548
11957.306640625 1606
11981.021484375 1661
12154.345703125 1712
12156.369140625 2010
12180.1669921875 2088
12185.716796875 2365
12236.2548828125 2410
12325.265625 2414
12326.4755859375 2482
12326.4755859375 2560
12328.208984375 2781
12473.486328125 2820
12717.6748046875 997
12788.267578125 1781
12809.55859375 81
12912.8251953125 229
12985.580078125 440
13003.9599609375 548
13025.6240234375 611
13108.029296875 826
13118.6884765625 834
13174.275390625 848
13270.7509765625 871
13294.962890625 893
13319.935546875 1231
13451.1923828125 1256
13509.0703125 1315
13524.029296875 1458
13681.6396484375 1550
13697.94921875 1671
13797.46875 1711
13966.0419921875 1815
14043.509765625 1893
14044.681640625 2312
14138.0458984375 2324
14185.7724609375 2385
14239.5546875 2447
14309.767578125 2562
14357.556640625 2610
14357.693359375 2622
14396.994140625 2853
14461.48046875 2924
14492.44140625 2927
14495.7607421875 2239
14514.5546875 1362
14538.125 1926
14551.619140625 2997
14556.1796875 254
14681.91015625 388
14689.701171875 465
14719.171875 498
14735.681640625 520
14794.017578125 962
14810.9326171875 981
14870.65625 1156
14882.2626953125 1652
14894.345703125 2205
14984.1875 2339
15088.7578125 2417
15105.578125 2494
15131.23046875 2687
15162.76171875 1122
15185.583984375 1670
15362.208984375 264
15390.947265625 2173
15431.58203125 1646
15441.416015625 2396
15445.43359375 49
15543.0634765625 189
15666.826171875 261
15716.4580078125 263
15744.5361328125 430
15762.748046875 831
15854.564453125 899
15875.9560546875 1123
15920.796875 1169
15974.51171875 1350
16002.4267578125 1405
16002.6181640625 1512
16007.33984375 1750
16046.12890625 1769
16049.5224609375 1908
16080.6943359375 1966
16166.32421875 1982
16205.98046875 1993
16224.751953125 2094
16248.8505859375 2126
16274.650390625 2141
16276.3681640625 2171
16278.7353515625 2174
16284.9423828125 2177
16295.8427734375 2237
16295.994140625 2367
16331.0361328125 2536
16366.8232421875 2542
16412.03515625 2582
16433.486328125 2675
16437.912109375 2703
16507.0 1873
16518.92578125 2107
16583.384765625 1281
16586.134765625 455
16634.50390625 470
16648.849609375 902
16664.95703125 926
16748.875 967
16763.8203125 1104
16782.892578125 1225
16788.716796875 1286
16795.88671875 1506
16960.2109375 1516
16964.65234375 1599
16983.8203125 1779
16990.099609375 1848
17023.142578125 1867
17027.263671875 1883
17040.11328125 2063
17052.88671875 2210
17055.10546875 2246
17080.0390625 2285
17104.544921875 2361
17209.390625 2686
17209.43359375 2700
17219.859375 88
17236.298828125 586
17291.32421875 136
17303.513671875 1471
17306.455078125 226
17323.154296875 296
17357.1875 1197
17398.982421875 1666
17421.28515625 2511
17437.4140625 101
17447.544921875 215
17450.6953125 549
17486.763671875 550
17501.501953125 573
17508.482421875 1136
17512.92578125 1199
17548.142578125 1530
17567.95703125 1581
17584.16796875 1640
17584.529296875 1688
17614.3046875 1968
17621.169921875 2526
17637.572265625 2571
17667.037109375 2983
17680.97265625 1787
17690.560546875 602
17692.23046875 1146
17712.021484375 253
17712.482421875 342
17723.861328125 843
17725.57421875 1233
17771.0859375 1335
17776.5859375 1394
17809.25390625 1737
17837.8828125 1784
17865.7890625 1950
17888.546875 2025
17915.61328125 2473
17931.55078125 2518
17983.2578125 999
18012.3515625 1056
18025.001953125 1900
18032.107421875 1304
18035.248046875 1326
18070.48046875 2967
18070.6015625 1329
18154.17578125 50
18211.828125 318
18242.41015625 389
18284.017578125 478
18293.642578125 491
18308.650390625 580
18349.08203125 599
18352.5390625 890
18372.263671875 896
18372.775390625 909
18400.05859375 919
18423.35546875 995
18433.271484375 1273
18434.4140625 1342
18447.783203125 1430
18456.396484375 1495
18489.873046875 1568
18493.8828125 1583
18507.87890625 1764
18534.14453125 1774
18534.91015625 2065
18546.3671875 2117
18567.7734375 2181
18570.205078125 2268
18628.84375 2465
18635.45703125 2664
18646.5 2760
18653.955078125 2764
18659.765625 2938
18681.158203125 2943
18692.630859375 1860
18702.291015625 2880
18723.453125 1333
18744.873046875 2631
18800.4921875 146
18801.748046875 1538
18834.134765625 21
18847.80078125 34
18884.353515625 200
18898.154296875 288
18906.751953125 336
18921.75390625 385
18933.23046875 517
18953.23828125 546
18966.123046875 609
18990.69921875 614
19012.1640625 683
19015.751953125 686
19100.2734375 769
19102.44140625 1097
19103.041015625 1221
19107.36328125 1322
19128.505859375 1359
19134.369140625 1376
19159.74609375 1686
19160.890625 1854
19269.01171875 2513
19286.9765625 2553
19312.458984375 2650
19333.380859375 2672
19340.095703125 2911
19341.75390625 78
19342.84765625 2713
19369.552734375 2800
19371.66015625 2651
19490.1875 2970
19518.607421875 1045
19533.8671875 1068
19554.00390625 2078
19555.876953125 884
19556.39453125 886
19566.939453125 1028
19571.26953125 1845
19578.14453125 1932
19578.23046875 2489
19599.287109375 90
19607.232421875 153
19657.138671875 240
19658.169921875 256
19688.236328125 531
19692.4296875 644
19767.9453125 706
19770.849609375 775
19774.828125 1163
19775.08984375 1483
19798.9609375 2114
19835.919921875 2379
19860.529296875 2424
19862.56640625 2433
19883.310546875 2435
19887.6328125 2442
19952.8671875 2683
19972.5 2811
19978.498046875 2176
19985.73828125 169
19992.634765625 2207
20006.654296875 1144
20009.28515625 2180
20020.845703125 73
20027.80078125 663
20029.095703125 677
20035.6796875 756
20038.419921875 925
20055.943359375 927
20062.869140625 946
20099.03515625 996
20103.091796875 1141
20104.0 1202
20106.091796875 1251
20115.24609375 1457
20149.916015625 1502
20161.83984375 1591
20165.359375 1733
20196.953125 1735
20202.111328125 1919
20205.34375 1933
20222.818359375 1955
20222.818359375 2002
20252.69921875 2335
20260.87109375 2341
20262.140625 2565
20268.490234375 2695
20270.947265625 2763
20287.69140625 2840
20295.185546875 2422
20304.978515625 1282
20345.248046875 488
20346.953125 869
20361.529296875 2059
20369.763671875 787
20402.701171875 904
20477.423828125 137
20479.06640625 275
20484.962890625 328
20485.302734375 333
20532.0 392
20533.818359375 407
20545.9921875 489
20547.8125 680
20549.357421875 1022
20562.99609375 1290
20565.310546875 1358
20576.896484375 1607
20581.984375 1653
20638.03515625 2024
20638.69140625 2184
20638.875 2221
20699.583984375 2394
20713.86328125 2427
20727.974609375 2517
20735.880859375 2655
20757.97265625 2704
20759.1875 2900
20782.8671875 2946
20794.58203125 459
20797.09375 1408
20828.6484375 1339
20840.197265625 22
20858.923828125 45
20868.892578125 300
20914.26953125 812
20947.62890625 922
20948.126953125 947
20964.330078125 975
20972.66796875 1001
21002.861328125 1095
21017.68359375 1275
21026.58984375 1664
21046.71875 1708
21075.185546875 1763
21087.57421875 1766
21096.220703125 1889
21109.533203125 2077
21142.931640625 2082
21147.60546875 2131
21166.62890625 2315
21177.990234375 2317
21199.873046875 2409
21202.06640625 2608
21214.189453125 2616
21235.166015625 2649
21249.861328125 2819
21268.15625 2862
21272.9765625 1164
21291.150390625 2213
21297.861328125 1050
21314.2578125 979
21315.4765625 1562
21315.96875 1597
21319.75390625 2334
21328.892578125 587
21344.337890625 630
21353.271484375 777
21370.859375 1012
21380.873046875 1064
21422.208984375 1082
21422.61328125 1462
21423.109375 1501
21452.794921875 1654
21459.125 1800
21481.232421875 2656
21492.27734375 2884
21525.49609375 1416
21539.93359375 1575
21540.451171875 2889
21583.705078125 445
21612.412109375 30
21632.83984375 2484
21643.26171875 38
21661.3359375 40
21662.66796875 76
21691.296875 77
21736.16796875 108
21748.138671875 164
21762.0859375 211
21769.0 225
21771.84375 376
21772.21875 437
21780.91015625 510
21836.177734375 646
21872.314453125 671
21893.998046875 738
21903.34375 770
21903.5078125 1434
21911.3359375 1610
21913.984375 1662
21927.546875 1709
21937.490234375 1998
21976.8984375 2166
21984.25390625 2220
21993.046875 2238
22015.46484375 2255
22019.60546875 2345
22022.1875 2510
22081.904296875 2581
22141.666015625 2607
22145.6015625 2807
22182.845703125 1015
22187.55078125 1984
22200.6953125 1258
22202.50390625 2555
22204.28515625 1147
22263.201171875 865
22264.84765625 939
22272.9609375 1497
22273.896484375 2630
22280.98828125 2752
22294.04296875 457
22295.716796875 309
22312.51953125 316
22326.39453125 483
22341.060546875 484
22380.806640625 633
22415.744140625 1026
22433.2578125 1036
22433.306640625 1176
22434.935546875 1423
22435.076171875 1485
22435.9140625 1590
22437.48046875 1702
22440.16015625 1759
22441.794921875 1818
22481.595703125 1958
22489.984375 1963
22508.01953125 1977
22519.44140625 2053
22566.46484375 2056
22585.416015625 2125
22591.24609375 2304
22606.6640625 2356
22634.15625 2477
22638.875 2533
22678.501953125 2732
22691.0 2948
22703.259765625 1601
22731.5625 2256
22761.513671875 2104
22797.615234375 284
22800.951171875 182
22822.896484375 916
22838.962890625 1667
22863.34375 1852
22867.8515625 727
22868.21875 2036
22889.529296875 2772
22903.841796875 130
22911.787109375 219
22914.310546875 394
22935.953125 405
22952.4375 634
22962.03125 856
22974.494140625 983
22979.982421875 1117
22986.822265625 1386
22995.5859375 1791
23014.021484375 1991
23053.609375 2060
23073.869140625 2215
23097.71484375 2314
23099.9140625 2440
23101.064453125 2467
23117.56640625 2618
23124.822265625 2648
23132.177734375 2694
23135.31640625 1772
23136.68359375 818
23146.880859375 2907
23157.84375 660
23190.908203125 1168
23256.74609375 1145
23276.87109375 1476
23285.958984375 1618
23297.12109375 655
23312.87890625 1592
23314.27734375 2120
23319.65234375 2557
23327.060546875 112
23360.72265625 350
23361.3046875 356
23426.8984375 448
23427.904296875 1500
23441.62890625 1526
23446.65625 1587
23448.5078125 1881
23455.4140625 1943
23462.498046875 1962
23502.140625 1995
23531.03515625 2075
23534.611328125 2118
23549.134765625 2309
23568.724609375 2418
23604.076171875 2516
23609.609375 2588
23629.611328125 2605
23639.05078125 2623
23642.0234375 2937
23642.65625 1005
23650.908203125 110
23690.91015625 2360
23703.19140625 121
23768.501953125 1046
23794.41015625 298
23802.779296875 372
23814.892578125 492
23831.005859375 752
23837.158203125 838
23847.17578125 903
23910.77734375 1034
23953.66015625 1128
23962.0390625 1187
23986.115234375 1437
23995.44921875 1488
24072.51953125 1534
24076.185546875 1657
24123.1953125 1678
24125.9453125 1824
24150.259765625 1826
24155.44921875 1941
24166.525390625 1997
24167.251953125 2318
24179.97265625 2327
24186.828125 2362
24189.06640625 2404
24191.162109375 2453
24201.943359375 2458
24204.125 2496
24206.52734375 2696
24230.701171875 2722
24242.33984375 2796
24257.34375 2584
24257.84765625 2872
24271.919921875 2589
24280.474609375 2135
24303.134765625 1802
24305.205078125 1853
24327.876953125 1892
24331.576171875 1580
24398.07421875 25
24430.083984375 72
24439.48046875 343
24460.1484375 710
24463.55078125 755
24484.294921875 885
24498.388671875 1683
24509.7890625 1776
24520.271484375 1972
24536.40234375 2047
24537.654296875 2138
24540.125 2185
24541.693359375 2344
24553.1875 2545
24579.095703125 2573
24588.595703125 2855
24597.99609375 2159
24606.71875 1067
24610.8359375 371
24611.09375 243
24619.40625 1301
24631.158203125 311
24682.6171875 426
24691.673828125 648
24726.10546875 720
24769.111328125 792
24776.2265625 940
24814.900390625 1006
24816.248046875 1032
24817.326171875 1160
24824.087890625 1189
24845.10546875 2183
24868.08203125 2190
24883.40625 2301
24884.13671875 1459
24892.330078125 1649
24922.60546875 353
24933.330078125 2706
24954.267578125 1511
24964.068359375 1778
24970.064453125 329
24995.22265625 731
25056.837890625 1400
25065.30859375 2070
25077.22265625 1480
25082.30859375 1714
25084.91015625 249
25112.78515625 94
25219.0 2823
25235.18359375 471
25271.3046875 473
25289.423828125 747
25298.060546875 915
25316.076171875 921
25348.876953125 993
25360.65234375 1072
25380.744140625 1415
25401.228515625 1541
25408.36328125 1746
25409.482421875 1949
25423.271484375 2079
25433.73046875 2219
25468.375 2258
25472.6171875 2413
25482.76953125 2628
25486.0 2828
25509.408203125 2903
25538.392578125 2996
25561.125 204
25600.900390625 1247
25645.861328125 1410
25659.548828125 1888
25667.732421875 1214
25674.044921875 1658
25699.294921875 2587
25725.09375 380
25759.30859375 688
25766.1328125 1761
25769.939453125 66
25778.513671875 127
25801.1875 179
25841.4921875 855
25848.373046875 1198
25864.994140625 1250
25865.798828125 1507
25887.615234375 1558
25895.201171875 2007
25896.546875 2092
25957.45703125 2231
25967.439453125 2384
25993.76953125 2457
26043.458984375 2544
26115.654296875 2717
26139.39453125 2774
26159.849609375 2794
26163.615234375 2909
26169.267578125 972
26180.6015625 1138
26199.251953125 1442
26235.4140625 1137
26257.1796875 102
26418.751953125 667
26509.400390625 1935
26540.162109375 2352
26545.19140625 2887
26597.302734375 427
26642.677734375 1533
26649.166015625 170
26697.185546875 262
26728.5390625 306
26747.611328125 596
26760.048828125 805
26760.390625 849
26857.62890625 850
26878.365234375 965
26930.2265625 976
26931.384765625 1058
26943.7109375 1403
26976.25 1645
26985.85546875 1999
27045.2109375 2292
27088.8125 2392
27092.82421875 2403
27119.8359375 2497
27146.640625 2524
27172.7421875 2601
27189.61328125 2652
27190.96484375 2657
27192.724609375 2761
27223.421875 2839
27255.9765625 2939
27262.681640625 2984
27305.73828125 1027
27309.138671875 622
27371.828125 417
27412.19921875 450
27432.6015625 690
27433.93359375 969
27469.275390625 982
27480.41796875 1040
27502.29296875 1078
27550.412109375 1083
27586.607421875 1382
27586.607421875 1391
27586.775390625 1486
27592.744140625 1503
27600.982421875 1547
27619.390625 1561
27708.732421875 1965
27825.658203125 2026
27840.55078125 2066
27864.7578125 2182
27864.962890625 2245
27865.87890625 2460
27867.14453125 2466
27867.14453125 2540
27870.056640625 2593
27900.833984375 2632
27905.931640625 2753
27950.638671875 2759
27981.611328125 2793
27988.60546875 2925
28036.21875 2152
28125.2734375 762
28126.60546875 2757
28142.419921875 37
28221.150390625 1624
28234.734375 1271
28320.619140625 2370
28507.46484375 2895
28616.4140625 2411
28637.349609375 67
28726.859375 150
28727.458984375 171
28931.494140625 195
28944.384765625 363
28976.279296875 522
29005.232421875 657
29024.88671875 701
29036.537109375 760
29085.26953125 811
29092.125 874
29103.390625 875
29104.58984375 1002
29125.4609375 1007
29172.802734375 1023
29176.982421875 1356
29218.30859375 1378
29254.8125 1489
29289.03515625 1629
29300.54296875 2721
29300.5859375 2032
29369.974609375 2259
29382.16796875 771
29439.7890625 1543
29491.083984375 2241
29506.375 1964
29506.689453125 1625
29520.80859375 2693
29552.083984375 222
29555.5078125 258
29608.556640625 281
29609.943359375 506
29611.884765625 582
29619.078125 724
29626.900390625 879
29723.30859375 1003
29727.958984375 1171
29730.599609375 1182
29745.556640625 1588
29748.001953125 1685
29781.4609375 1758
29793.375 2300
29815.703125 2310
29825.771484375 2705
29916.5625 2845
30003.169921875 2916
30012.71875 1811
30087.580078125 2701
30087.580078125 421
30125.466796875 1440
30136.3515625 2337
30309.5625 2531
30336.42578125 18
30341.755859375 29
30365.59765625 31
30445.958984375 104
30449.212890625 274
30465.2109375 321
30478.16015625 370
30505.71875 375
30768.80859375 562
30769.341796875 914
30792.7109375 944
30917.677734375 1672
31138.87890625 1684
31257.283203125 1825
31319.845703125 1846
31324.828125 1960
31345.19140625 1976
31724.62890625 2006
31809.0859375 2319
31985.958984375 2405
32004.740234375 2550
32157.2421875 2606
32574.802734375 2768
32714.47265625 1081
32926.48828125 1780
33132.25 16
33193.765625 28
33504.89453125 125
33564.4765625 212
33640.625 265
33906.62109375 295
33946.82421875 360
34560.8359375 364
34597.19921875 937
34658.609375 1077
34999.8984375 1101
36439.515625 1241
36677.6328125 1243
37257.31640625 1307
37506.58203125 1343
37830.015625 1404
37923.703125 1418
37943.2890625 1585
38000.14453125 1719
38579.2421875 1822
39184.48046875 2009
39339.55859375 2164
39569.9375 2214
39684.78125 2250
40198.6328125 2263
40324.2265625 2342
40369.38671875 2359
40507.140625 2547
