5977.935546875 160
6252.7958984375 1
6338.95263671875 425
6852.599609375 446
6859.115234375 800
7111.2900390625 918
7230.54052734375 953
7320.57861328125 985
7500.73583984375 986
7507.1572265625 1008
7508.6337890625 1043
7513.1953125 1270
7790.17236328125 1317
7809.84716796875 1435
7900.52978515625 1548
7901.75244140625 1606
7928.837890625 1661
7964.28857421875 1712
7978.3154296875 2010
7986.052734375 2088
7999.54931640625 2365
8143.48291015625 2410
8203.947265625 2414
8220.8984375 2482
8241.9619140625 2560
8267.0419921875 2781
8381.330078125 2820
8408.0439453125 997
8420.951171875 1446
8483.81640625 87
8511.0947265625 251
8580.6376953125 527
8641.7236328125 529
8649.6533203125 625
8664.9091796875 641
8704.1416015625 693
8719.2919921875 873
8725.0703125 881
8779.5400390625 928
8780.0419921875 1133
8802.2861328125 1283
8804.5625 1318
8814.375 1346
8822.947265625 1417
8833.0869140625 1720
8835.90625 1987
8850.8564453125 2226
8856.896484375 2296
8979.7861328125 2515
9006.81640625 2572
9007.5810546875 2669
9028.919921875 2728
9062.6943359375 2734
9062.6943359375 2746
9079.4248046875 2852
9109.7412109375 2866
9113.6337890625 2915
9114.7197265625 2949
9120.4853515625 377
9127.0439453125 2281
9171.779296875 1781
9178.197265625 81
9185.287109375 229
9190.3359375 440
9203.439453125 548
9217.4326171875 611
9230.1279296875 826
9255.41015625 834
9270.501953125 848
9272.857421875 871
9308.587890625 893
9335.63671875 1231
9347.24609375 1256
9403.05859375 1315
9405.390625 1458
9407.9384765625 1550
9429.046875 1671
9432.5234375 1711
9447.1923828125 1815
9492.8134765625 1893
9493.279296875 2312
9501.107421875 2324
9506.2646484375 2385
9546.8505859375 2447
9550.2197265625 2562
9554.8310546875 2610
9556.017578125 2622
9598.2841796875 2853
9609.15234375 2924
9624.904296875 2927
9647.375 2239
9649.12109375 1362
9683.849609375 1926
9687.6474609375 2997
9690.0498046875 254
9746.2666015625 388
9756.9833984375 465
9774.5458984375 498
9780.3896484375 520
9792.98828125 962
9804.8173828125 981
9820.0478515625 1156
9821.3408203125 1652
9823.8515625 2205
9824.294921875 2339
9830.6416015625 2417
9839.0400390625 2494
9876.8232421875 2687
9885.046875 1122
9911.77734375 1670
9927.9248046875 264
9938.1240234375 2173
9942.208984375 1646
9950.5458984375 2396
9951.9775390625 49
9960.482421875 189
9970.2861328125 261
9985.857421875 263
10007.93359375 430
10038.306640625 831
10046.177734375 899
10046.4052734375 1123
10067.908203125 1169
10071.6181640625 1350
10090.2861328125 1405
10093.4921875 1512
10095.40234375 1750
10118.1435546875 1769
10120.66796875 1908
10133.150390625 1966
10141.21875 1982
10147.1474609375 1993
10155.2626953125 2094
10161.880859375 2126
10161.9873046875 2141
10186.412109375 2171
10190.181640625 2174
10199.1630859375 2177
10203.1513671875 2237
10226.705078125 2367
10236.529296875 2536
10238.5 2542
10250.837890625 2582
10268.0576171875 2675
10334.1708984375 2703
10351.580078125 1873
10359.4755859375 2107
10362.1123046875 1281
10370.740234375 455
10378.958984375 470
10387.8984375 902
10394.8759765625 926
10395.830078125 967
10398.1181640625 1104
10399.197265625 1225
10400.626953125 1286
10421.3154296875 1506
10426.4482421875 1516
10442.1220703125 1599
10443.078125 1779
10446.8974609375 1848
10457.6201171875 1867
10464.708984375 1883
10472.78515625 2063
10477.953125 2210
10486.5009765625 2246
10487.5478515625 2285
10492.931640625 2361
10510.451171875 2686
10516.5947265625 2700
10517.83203125 88
10537.033203125 586
10542.6796875 136
10557.5908203125 1471
10560.8291015625 226
10573.541015625 296
10577.1875 1197
10579.529296875 1666
10592.611328125 2511
10599.451171875 101
10613.9130859375 215
10634.59375 549
10639.8095703125 550
10669.451171875 573
10670.373046875 1136
10675.83203125 1199
10682.7763671875 1530
10685.5263671875 1581
10705.2548828125 1640
10705.7236328125 1688
10717.2841796875 1968
10734.990234375 2526
10763.5048828125 2571
10777.2138671875 2983
10782.0537109375 1787
10788.0322265625 602
10858.5859375 1146
10866.16796875 253
10868.6748046875 342
10876.6611328125 843
10890.421875 1233
10894.068359375 1335
10898.4326171875 1394
10898.7021484375 1737
10899.2568359375 1784
10906.98046875 1950
10909.681640625 2025
10912.8330078125 2473
10912.8330078125 2518
10926.818359375 999
10939.1875 1056
10941.123046875 1900
10950.2470703125 1304
10951.5390625 1326
10952.13671875 2967
10993.85546875 1329
10997.7734375 50
11006.1337890625 318
11009.6494140625 389
11010.4736328125 478
11022.1806640625 491
11036.998046875 580
11043.4072265625 599
11049.02734375 890
11055.3818359375 896
11077.7431640625 909
11084.578125 919
11096.2978515625 995
11099.921875 1273
11100.943359375 1342
11101.6103515625 1430
11107.6015625 1495
11111.107421875 1568
11115.732421875 1583
11133.7705078125 1764
11138.3896484375 1774
11151.3173828125 2065
11160.888671875 2117
11161.16015625 2181
11167.0947265625 2268
11180.1728515625 2465
11192.625 2664
11194.5166015625 2760
11231.8525390625 2764
11238.5107421875 2938
11246.201171875 2943
11247.208984375 1860
11250.99609375 2880
11257.94140625 1333
11261.537109375 2631
11266.71484375 146
11274.0576171875 1538
11280.7197265625 21
11287.9609375 34
11291.3037109375 200
11294.0908203125 288
11302.9638671875 336
11304.7255859375 385
11314.3046875 517
11317.484375 546
11320.4365234375 609
11322.0966796875 614
11340.927734375 683
11343.35546875 686
11349.255859375 769
11361.97265625 1097
11362.0166015625 1221
11363.5478515625 1322
11376.107421875 1359
11398.9384765625 1376
11426.2685546875 1686
11430.0703125 1854
11450.8154296875 2513
11453.75390625 2553
11456.763671875 2650
11476.2646484375 2672
11476.30078125 2911
11503.564453125 78
11509.3720703125 2713
11511.7138671875 2800
11512.7841796875 2651
11521.875 2970
11545.1767578125 1045
11547.2109375 1068
11547.2421875 2078
11548.7412109375 884
11589.9755859375 886
11594.7451171875 1028
11602.1669921875 1845
11613.6982421875 1932
11618.390625 2489
11631.125 90
11640.9306640625 153
11643.33984375 240
11643.6650390625 256
11673.634765625 531
11674.9453125 644
11679.0615234375 706
11689.6767578125 775
11696.482421875 1163
11702.0712890625 1483
11712.2109375 2114
11719.3203125 2379
11723.3505859375 2424
11735.150390625 2433
11735.33984375 2435
11736.283203125 2442
11750.2236328125 2683
11775.767578125 2811
11776.859375 2176
11777.8251953125 169
11791.5244140625 2207
11793.8125 1144
11797.1640625 2180
11811.5224609375 73
11820.8046875 663
11833.046875 677
11854.6572265625 756
11866.2138671875 925
11874.2685546875 927
11883.18359375 946
11904.5732421875 996
11906.087890625 1141
11924.4453125 1202
11927.3447265625 1251
11932.2294921875 1457
11945.2744140625 1502
11950.8525390625 1591
11956.6337890625 1733
11993.212890625 1735
12008.90234375 1919
12009.3583984375 1933
12023.765625 1955
12027.642578125 2002
12041.076171875 2335
12052.34375 2341
12054.521484375 2565
12061.2265625 2695
12075.0400390625 2763
12078.7392578125 2840
12081.6083984375 2422
12081.6083984375 1020
12098.431640625 640
12106.275390625 59
12121.2890625 177
12122.6044921875 191
12125.6591796875 575
12128.2607421875 687
12142.537109375 934
12148.9169921875 1119
12150.7138671875 1529
12169.5009765625 1697
12170.56640625 1810
12177.26953125 1831
12217.904296875 2354
12243.263671875 2528
12246.4638671875 2679
12248.521484375 2712
12249.486328125 2747
12257.6845703125 2809
12260.2509765625 2821
12260.369140625 2842
12263.09765625 2860
12263.5791015625 2906
12270.4541015625 2994
12272.4326171875 186
12286.130859375 223
12291.9140625 1594
12293.361328125 410
12311.59765625 631
12316.744140625 132
12316.8173828125 2576
12320.0498046875 1282
12327.16015625 488
12327.990234375 869
12340.6591796875 2059
12341.4384765625 787
12357.3212890625 904
12357.890625 137
12359.7607421875 275
12362.2822265625 328
12387.4609375 333
12394.529296875 392
12395.4033203125 407
12398.2841796875 489
12407.03515625 680
12414.9912109375 1022
12423.6455078125 1290
12424.13671875 1358
12443.251953125 1607
12466.673828125 1653
12509.7265625 2024
12510.5498046875 2184
12525.7607421875 2221
12553.6923828125 2394
12564.46875 2427
12567.34375 2517
12580.3935546875 2655
12603.1611328125 2704
12623.076171875 2900
12631.90625 2946
12637.6318359375 459
12638.18359375 1408
12643.79296875 1339
12651.20703125 22
12658.5625 45
12689.6240234375 300
12699.6904296875 812
12700.30078125 922
12732.4111328125 947
12741.1728515625 975
12767.8173828125 1001
12789.751953125 1095
12792.982421875 1275
12806.7080078125 1664
12811.5322265625 1708
12831.4609375 1763
12837.4287109375 1766
12844.625 1889
12845.2763671875 2077
12845.3896484375 2082
12846.376953125 2131
12858.1767578125 2315
12863.6181640625 2317
12869.203125 2409
12898.2333984375 2608
12901.9384765625 2616
12905.5634765625 2649
12906.1142578125 2819
12909.0888671875 2862
12910.615234375 1164
12930.01953125 2213
12942.0380859375 1050
12961.4658203125 979
12996.078125 1562
12999.9169921875 1597
13012.30078125 2334
13021.83203125 587
13022.0966796875 630
13035.48046875 777
13053.4169921875 1012
13078.751953125 1064
13086.263671875 1082
13094.03515625 1462
13097.599609375 1501
13100.060546875 1654
13106.626953125 1800
13132.6171875 2656
13143.26171875 2884
13156.6865234375 1416
13177.3974609375 1575
13177.3974609375 2889
13182.244140625 445
13208.6357421875 30
13223.08203125 2484
13235.2109375 38
13247.8759765625 40
13264.9208984375 76
13267.2177734375 77
13267.765625 108
13269.65234375 164
13271.744140625 211
13278.7978515625 225
13290.3779296875 376
13303.4501953125 437
13317.39453125 510
13317.59375 646
13317.62890625 671
13329.916015625 738
13339.2490234375 770
13339.955078125 1434
13344.33203125 1610
13354.830078125 1662
13358.0048828125 1709
13366.1552734375 1998
13370.1259765625 2166
13418.630859375 2220
13418.630859375 2238
13420.22265625 2255
13439.755859375 2345
13446.4052734375 2510
13454.7841796875 2581
13459.5537109375 2607
13461.94921875 2807
13493.529296875 1015
13496.5400390625 1984
13500.7783203125 1258
13502.08203125 2555
13511.3095703125 1147
13518.4013671875 865
13518.7080078125 939
13530.0673828125 1497
13533.837890625 2630
13536.8544921875 2752
13538.42578125 457
13557.080078125 309
13564.03515625 316
13568.740234375 483
13577.240234375 484
13613.1875 633
13614.5751953125 1026
13638.9873046875 1036
13644.6943359375 1176
13650.5869140625 1423
13655.138671875 1485
13660.076171875 1590
13661.306640625 1702
13673.3251953125 1759
13676.962890625 1818
13679.21484375 1958
13697.341796875 1963
13705.2431640625 1977
13713.1083984375 2053
13722.0078125 2056
13722.5439453125 2125
13724.703125 2304
13729.791015625 2356
13731.76171875 2477
13733.630859375 2533
13733.857421875 2732
13735.2177734375 2948
13735.9853515625 1601
13739.8720703125 2256
13750.37890625 2104
13784.7548828125 284
13786.81640625 182
13800.6162109375 916
13825.802734375 1667
13829.037109375 1852
13838.2265625 727
13840.693359375 2036
13846.958984375 2772
13860.0087890625 130
13864.447265625 219
13865.2021484375 394
13865.7744140625 405
13870.314453125 634
13874.7607421875 856
13890.9462890625 983
13895.6689453125 1117
13896.12109375 1386
13909.6953125 1791
13915.86328125 1991
13942.26171875 2060
13952.474609375 2215
13956.013671875 2314
13956.013671875 2440
13957.16796875 2467
13964.181640625 2618
13976.2265625 2648
13979.099609375 2694
14008.1689453125 1772
14010.66796875 818
14020.53125 2907
14057.287109375 660
14084.3876953125 1168
14103.7265625 1145
14111.47265625 1476
14116.1416015625 1618
14126.4951171875 655
14152.1611328125 1592
14154.533203125 2120
14160.0107421875 2557
14176.9921875 112
14214.3671875 350
14214.62109375 356
14226.220703125 448
14233.7919921875 1500
14233.8154296875 1526
14243.560546875 1587
14252.1650390625 1881
14259.6064453125 1943
14264.3212890625 1962
14277.6650390625 1995
14281.341796875 2075
14294.8984375 2118
14302.822265625 2309
14303.1162109375 2418
14310.86328125 2516
14332.7001953125 2588
14342.9921875 2605
14344.0625 2623
14355.787109375 2937
14364.9072265625 1005
14386.521484375 110
14387.404296875 2360
14393.193359375 121
14394.0185546875 1046
14408.0595703125 298
14409.1416015625 372
14411.9658203125 492
14435.0048828125 752
14440.763671875 838
14454.9853515625 903
14471.712890625 1034
14477.466796875 1128
14491.978515625 1187
14498.6376953125 1437
14519.966796875 1488
14525.166015625 1534
14529.177734375 1657
14530.6982421875 1678
14534.482421875 1824
14534.6748046875 1826
14546.400390625 1941
14561.630859375 1997
14562.5 2318
14579.6337890625 2327
14585.12890625 2362
14599.921875 2404
14618.5205078125 2453
14618.857421875 2458
14618.9033203125 2496
14621.09375 2696
14653.984375 2722
14682.955078125 2796
14728.822265625 2584
14736.064453125 2872
14740.00390625 2589
14747.6181640625 2135
14749.0283203125 1802
14767.79296875 1853
14770.8466796875 1892
14776.3271484375 1580
14780.4228515625 25
14834.2744140625 72
14852.58984375 343
14854.302734375 710
14862.0869140625 755
14868.1630859375 885
14889.927734375 1683
14893.6142578125 1776
14900.54296875 1972
14907.7998046875 2047
14926.09375 2138
14926.8701171875 2185
14941.083984375 2344
14947.4609375 2545
14978.6435546875 2573
15005.8740234375 2855
15027.806640625 2159
15037.669921875 1067
15067.41015625 371
15075.00390625 243
15080.5107421875 1301
15104.4248046875 311
15104.58984375 426
15121.5927734375 648
15122.203125 720
15139.310546875 792
15161.12109375 940
15163.6923828125 1006
15163.791015625 1032
15167.533203125 1160
15187.33203125 1189
15199.443359375 2183
15201.388671875 2190
15207.8544921875 2301
15211.8974609375 1459
15226.544921875 1649
15232.912109375 353
15258.1396484375 2706
15268.3681640625 1511
15270.990234375 1778
15273.84765625 329
15290.8193359375 731
15304.54296875 1400
15309.8349609375 2070
15340.279296875 1480
15340.998046875 1714
15351.0595703125 249
15355.1357421875 94
15367.9326171875 2823
15385.6123046875 471
15397.5234375 473
15412.908203125 747
15419.2958984375 915
15422.484375 921
15424.0361328125 993
15435.7392578125 1072
15452.7041015625 1415
15462.94140625 1541
15463.921875 1746
15464.35546875 1949
15475.34765625 2079
15527.423828125 2219
15533.134765625 2258
15552.544921875 2413
15556.0341796875 2628
15561.6220703125 2828
15566.474609375 2903
15606.1357421875 2996
15611.7783203125 204
15616.7880859375 1247
15640.099609375 1410
15652.2978515625 1888
15659.23046875 1214
15677.8701171875 1658
15689.9736328125 2587
15720.73046875 380
15754.9111328125 688
15777.916015625 1761
15793.8232421875 66
15830.880859375 127
15837.150390625 179
15873.71484375 855
15875.91796875 1198
15902.3544921875 1250
15912.8837890625 1507
15930.4638671875 1558
15960.5361328125 2007
15976.486328125 2092
16031.845703125 2231
16038.1591796875 2384
16041.5146484375 2457
16043.9072265625 2544
16050.76953125 2717
16059.71875 2774
16065.3125 2794
16077.490234375 2909
16088.115234375 972
16103.6875 1138
16108.4560546875 1442
16131.935546875 1137
16134.7509765625 102
16154.9609375 667
16156.4453125 1935
16172.5361328125 2352
16183.15234375 2887
16197.73828125 427
16202.16015625 1533
16222.357421875 170
16247.0009765625 262
16247.5234375 306
16256.5576171875 596
16276.626953125 805
16278.7783203125 849
16301.708984375 850
16305.423828125 965
16326.0859375 976
16337.638671875 1058
16346.3701171875 1403
16373.1474609375 1645
16375.0068359375 1999
16378.2939453125 2292
16403.765625 2392
16403.76953125 2403
16474.419921875 2497
16487.5859375 2524
16506.791015625 2601
16512.166015625 2652
16513.22265625 2657
16537.77734375 2761
16547.509765625 2839
16552.0078125 2939
16571.5625 2984
16593.658203125 1027
16597.201171875 622
16609.451171875 417
16651.4375 450
16673.755859375 690
16689.90234375 969
16694.513671875 982
16707.462890625 1040
16753.26171875 1078
16838.91015625 1083
16894.365234375 1382
16899.875 1391
16923.37890625 1486
16944.1640625 1503
16962.181640625 1547
16975.796875 1561
17051.1015625 1965
17098.521484375 2026
17100.4765625 2066
17148.072265625 2182
17197.333984375 2245
17247.98046875 2460
17250.45703125 2466
17284.92578125 2540
17301.505859375 2593
17314.548828125 2632
17371.673828125 2753
17421.146484375 2759
17423.501953125 2793
17524.974609375 2925
17524.974609375 2152
17526.5390625 762
17534.58984375 2757
17550.37109375 37
17563.30078125 1624
17619.162109375 1271
17619.322265625 2370
17626.892578125 2895
17664.2578125 2411
17693.46875 67
17724.771484375 150
17735.29296875 171
17745.234375 195
17761.556640625 363
17788.50390625 522
17831.982421875 657
17844.71484375 701
17865.9921875 760
17903.08203125 811
17919.14453125 874
17984.201171875 875
17996.48828125 1002
18011.923828125 1007
18116.51171875 1023
18168.05078125 1356
18193.154296875 1378
18245.52734375 1489
18258.658203125 1629
18263.205078125 2721
18298.890625 2032
18322.7578125 2259
18436.814453125 771
18463.6328125 1543
18543.994140625 2241
18546.111328125 1964
18599.171875 1625
18601.5703125 2693
18614.49609375 222
18650.85546875 258
18654.494140625 281
18676.41015625 506
18694.72265625 582
18728.953125 724
18769.970703125 879
18802.548828125 1003
18830.40625 1171
18922.138671875 1182
18980.1171875 1588
18980.185546875 1685
18997.466796875 1758
19020.10546875 2300
19048.634765625 2310
19094.779296875 2705
19129.21484375 2845
19204.01953125 2916
19316.93359375 1811
19334.2578125 2701
19398.099609375 421
19448.9296875 1440
19605.587890625 2337
19711.025390625 2531
19781.076171875 18
19936.505859375 29
19951.69140625 31
19979.11328125 104
20021.345703125 274
20041.646484375 321
20097.5078125 370
20196.751953125 375
20219.2890625 562
20220.8359375 914
20240.0 944
20248.544921875 1672
20306.02734375 1684
20411.412109375 1825
20484.681640625 1846
20556.685546875 1960
20582.490234375 1976
20608.642578125 2006
20655.310546875 2319
20656.66015625 2405
20685.3515625 2550
20799.76171875 2606
20866.228515625 2768
21189.478515625 1081
21279.33984375 1780
21412.267578125 16
21480.298828125 28
21504.1328125 125
21588.37109375 212
21626.380859375 265
21766.7421875 295
21789.91015625 360
22099.537109375 364
22283.09765625 937
22334.283203125 1077
22436.5 1101
22859.267578125 1241
22953.2890625 1243
23161.404296875 1307
23661.5 1343
23803.33203125 1404
24078.7578125 1418
24151.3125 1585
24706.84765625 1719
24727.0546875 1822
24789.06640625 2009
24858.7578125 2164
25026.75390625 2214
25134.806640625 2250
27861.126953125 2263
28017.203125 2342
29950.67578125 2359
37604.97265625 2547
