2165.364501953125 1333
2421.57177734375 2631
2794.290283203125 146
2856.56591796875 1538
2863.09814453125 21
3231.990234375 34
3482.3662109375 200
3782.74609375 288
3813.0419921875 336
3835.558349609375 385
3969.100341796875 517
4230.1083984375 546
4378.83349609375 609
4717.49072265625 614
4793.95361328125 683
4837.994140625 686
4946.74365234375 769
5247.720703125 1097
5285.314453125 1221
5378.9267578125 1322
5391.041015625 1359
5478.62890625 1376
5478.787109375 1686
5601.85888671875 1854
5684.71826171875 2513
5694.6357421875 2553
5736.31298828125 2650
6182.14453125 2672
6295.08642578125 2911
6508.4013671875 78
6519.84130859375 2713
6720.419921875 2800
6743.505859375 2651
6765.10546875 2970
6987.89794921875 1045
7009.3857421875 1068
7237.45849609375 1446
7365.89013671875 87
7382.263671875 251
7441.59033203125 527
7461.4765625 529
7482.75537109375 625
7604.21728515625 641
7697.49609375 693
7697.78662109375 873
7787.490234375 881
7787.490234375 928
7851.86083984375 1133
7901.580078125 1283
7963.9775390625 1318
8120.22802734375 1346
8155.0869140625 1417
8179.3681640625 1720
8213.248046875 1987
8300.095703125 2226
8309.966796875 2296
8491.9990234375 2515
8531.7548828125 2572
8567.953125 2669
8648.328125 2728
8649.1474609375 2734
8692.45703125 2746
8706.3515625 2852
8905.4326171875 2866
8962.138671875 2915
8985.9765625 2949
9010.201171875 377
9014.2265625 2281
9047.2822265625 160
9108.962890625 1
9130.150390625 425
9153.109375 446
9173.1904296875 800
9189.404296875 918
9211.8857421875 953
9218.3505859375 985
9277.3125 986
9314.2646484375 1008
9337.296875 1043
9378.4287109375 1270
9405.0615234375 1317
9433.3828125 1435
9434.302734375 1548
9532.275390625 1606
9582.1982421875 1661
9656.4580078125 1712
9661.923828125 2010
9661.923828125 2088
9718.7099609375 2365
9846.4853515625 2410
9846.673828125 2414
9856.0107421875 2482
9864.228515625 2560
9896.1640625 2781
9902.677734375 2820
9904.6015625 997
9990.220703125 1781
9999.7939453125 81
10050.185546875 229
10160.3056640625 440
10194.1787109375 548
10291.2080078125 611
10356.0654296875 826
10357.908203125 834
10381.91015625 848
10382.5830078125 871
10404.181640625 893
10408.4091796875 1231
10413.87109375 1256
10427.3017578125 1315
10483.609375 1458
10549.4423828125 1550
10570.654296875 1671
10597.2509765625 1711
10603.0830078125 1815
10647.9736328125 1893
10659.94921875 2312
10678.9326171875 2324
10680.208984375 2385
10698.2900390625 2447
10786.634765625 2562
10801.7646484375 2610
10817.7822265625 2622
10865.806640625 2853
10902.1904296875 2924
10969.205078125 2927
10978.857421875 2239
11000.44921875 1362
11125.30078125 1926
11127.8837890625 2997
11128.4619140625 254
11165.8076171875 388
11196.1796875 465
11236.5205078125 498
11242.501953125 520
11265.890625 962
11326.83203125 981
11339.3212890625 1156
11348.42578125 1652
11368.90234375 2205
11377.9345703125 2339
11387.552734375 2417
11400.986328125 2494
11415.814453125 2687
11415.8447265625 1122
11447.9580078125 1670
11450.162109375 264
11491.4130859375 2173
11544.505859375 1646
11546.1142578125 2396
11549.4560546875 49
11566.73828125 189
11573.537109375 261
11599.9599609375 263
11602.53125 430
11602.7275390625 831
11648.3125 899
11659.5390625 1123
11680.0087890625 1169
11695.015625 1350
11733.71484375 1405
11746.8310546875 1512
11767.75390625 1750
11812.1650390625 1769
11832.9794921875 1908
11859.6103515625 1966
11872.7333984375 1982
11875.6572265625 1993
11928.421875 2094
11941.3974609375 2126
11977.1162109375 2141
12002.056640625 2171
12043.533203125 2174
12068.345703125 2177
12079.603515625 2237
12087.4794921875 2367
12098.048828125 2536
12125.4599609375 2542
12129.8818359375 2582
12137.7685546875 2675
12150.9765625 2703
12156.9208984375 1873
12187.232421875 2107
12212.4951171875 1281
12220.619140625 455
12228.69140625 470
12229.923828125 902
12245.0537109375 926
12246.1767578125 967
12320.2548828125 1104
12324.263671875 1225
12363.1640625 1286
12364.1083984375 1506
12444.36328125 1516
12445.19921875 1599
12461.4130859375 1779
12498.408203125 1848
12503.3154296875 1867
12514.78515625 1883
12549.400390625 2063
12595.6884765625 2210
12613.794921875 2246
12656.828125 2285
12666.634765625 2361
12685.36328125 2686
12711.9775390625 2700
12725.255859375 88
12727.2626953125 586
12733.9697265625 136
12736.314453125 1471
12754.4892578125 226
12756.9658203125 296
12763.9111328125 1197
12763.9111328125 1666
12790.314453125 2511
12798.244140625 101
12811.314453125 215
12812.83984375 549
12840.541015625 550
12846.0673828125 573
12873.3505859375 1136
12926.81640625 1199
12936.3486328125 1530
12958.0068359375 1581
12961.4052734375 1640
12966.9951171875 1688
13026.9345703125 1968
13049.3359375 2526
13064.34375 2571
13072.0009765625 2983
13087.01953125 1787
13114.552734375 602
13120.6865234375 1146
13149.67578125 253
13239.5537109375 342
13286.91796875 843
13302.3623046875 1233
13314.62890625 1335
13332.5908203125 1394
13337.4462890625 1737
13347.404296875 1784
13352.9267578125 1950
13365.625 2025
13376.017578125 2473
13378.6279296875 2518
13390.0859375 999
13410.6572265625 1056
13434.625 1900
13447.7587890625 1304
13452.1552734375 1326
13454.703125 2967
13485.0166015625 1329
13488.5498046875 50
13489.19140625 318
13558.57421875 389
13562.63671875 478
13599.17578125 491
13616.75 580
13619.3740234375 599
13655.26171875 890
13684.3125 896
13686.31640625 909
13687.390625 919
13700.86328125 995
13702.7763671875 1273
13713.640625 1342
13732.9912109375 1430
13767.134765625 1495
13771.03125 1568
13779.3134765625 1583
13828.7763671875 1764
13869.34765625 1774
13876.5048828125 2065
13889.1826171875 2117
13891.384765625 2181
13923.23828125 2268
13923.287109375 2465
13951.375 2664
13951.4638671875 2760
13957.5546875 2764
13962.7333984375 2938
13970.90234375 2943
14010.171875 1860
14012.033203125 2880
14019.2939453125 2078
14019.6201171875 884
14022.6279296875 886
14048.94921875 1028
14073.2412109375 1845
14118.9111328125 1932
14132.89453125 2489
14155.0654296875 90
14216.873046875 153
14235.548828125 240
14238.1767578125 256
14260.37109375 531
14266.375 644
14289.5625 706
14307.220703125 775
14318.5263671875 1163
14323.798828125 1483
14336.865234375 2114
14357.0029296875 2379
14383.720703125 2424
14397.7177734375 2433
14398.49609375 2435
14406.544921875 2442
14410.8642578125 2683
14436.8466796875 2811
14443.3583984375 2176
14443.8486328125 169
14480.314453125 2207
14493.693359375 1144
14514.5966796875 2180
14525.318359375 73
14539.697265625 663
14544.2060546875 677
14582.5078125 756
14623.0302734375 925
14625.58203125 927
14629.373046875 946
14660.4296875 996
14707.8681640625 1141
14736.5849609375 1202
14740.8359375 1251
14743.546875 1457
14744.2587890625 1502
14744.8564453125 1591
14750.9609375 1733
14791.587890625 1735
14807.072265625 1919
14812.763671875 1933
14815.0791015625 1955
14816.5517578125 2002
14816.5517578125 2335
14834.8447265625 2341
14861.8125 2565
14866.033203125 2695
14882.927734375 2763
14897.94921875 2840
14907.0390625 2422
14939.25 1020
14944.8662109375 640
14987.896484375 59
14999.7529296875 177
15030.400390625 191
15064.806640625 575
15080.0927734375 687
15105.880859375 934
15116.1240234375 1119
15125.8359375 1529
15133.458984375 1697
15148.083984375 1810
15148.3740234375 1831
15159.5361328125 2354
15175.40625 2528
15176.12109375 2679
15178.12890625 2712
15178.853515625 2747
15180.6259765625 2809
15185.6630859375 2821
15203.486328125 2842
15203.865234375 2860
15238.1044921875 2906
15241.15625 2994
15257.57421875 186
15290.6328125 223
15321.263671875 1594
15329.212890625 410
15350.0146484375 631
15364.46875 132
15365.1201171875 2576
15376.8994140625 1282
15395.9609375 488
15399.013671875 869
15433.5009765625 2059
15438.8173828125 787
15460.421875 904
15460.9072265625 137
15463.009765625 275
15512.3193359375 328
15531.6015625 333
15536.18359375 392
15538.7353515625 407
15613.63671875 489
15642.35546875 680
15647.193359375 1022
15666.5849609375 1290
15671.7509765625 1358
15701.0 1607
15722.15625 1653
15724.5263671875 2024
15727.99609375 2184
15731.484375 2221
15747.412109375 2394
15750.435546875 2427
15766.9482421875 2517
15767.896484375 2655
15768.0908203125 2704
15772.9990234375 2900
15778.8857421875 2946
15782.810546875 459
15790.1025390625 1408
15799.732421875 1339
15802.0390625 22
15803.6767578125 45
15849.1884765625 300
15857.322265625 812
15858.9892578125 922
15859.7939453125 947
15928.1884765625 975
15949.4638671875 1001
15959.37109375 1095
15972.791015625 1275
16002.8134765625 1664
16009.5859375 1708
16016.0615234375 1763
16025.1337890625 1766
16049.931640625 1889
16054.29296875 2077
16160.5068359375 2082
16173.681640625 2131
16176.705078125 2315
16185.3193359375 2317
16186.375 2409
16215.6669921875 2608
16215.9384765625 2616
16230.703125 2649
16247.1103515625 2819
16256.0478515625 2862
16258.4794921875 1164
16283.1962890625 2213
16290.6552734375 1050
16291.8681640625 979
16292.44140625 1562
16299.3212890625 1597
16329.4873046875 2334
16382.1962890625 587
16382.3330078125 630
16402.517578125 777
16403.556640625 1012
16409.197265625 1064
16439.849609375 1082
16455.51171875 1462
16457.29296875 1501
16465.4453125 1654
16467.5546875 1800
16468.69921875 2656
16486.81640625 2884
16501.673828125 1416
16503.2890625 1575
16507.85546875 2889
16564.802734375 445
16587.458984375 30
16599.03515625 2484
16632.845703125 38
16654.34765625 40
16664.25 76
16676.880859375 77
16683.892578125 108
16694.6171875 164
16704.154296875 211
16709.890625 225
16747.501953125 376
16750.400390625 437
16783.61328125 510
16785.41015625 646
16800.583984375 671
16807.19140625 738
16848.146484375 770
16854.033203125 1434
16871.556640625 1610
16894.48828125 1662
16970.92578125 1709
16987.53125 1998
17016.619140625 2166
17028.74609375 2220
17048.724609375 2238
17070.630859375 2255
17079.2109375 2345
17085.26171875 2510
17087.6328125 2581
17105.05078125 2607
17106.556640625 2807
17116.22265625 1015
17117.8046875 1984
17118.73828125 1258
17170.326171875 2555
17170.88671875 1147
17172.1171875 865
17197.654296875 939
17230.654296875 1497
17232.5234375 2630
17244.865234375 2752
17265.236328125 457
17305.181640625 309
17313.400390625 316
17341.486328125 483
17370.048828125 484
17372.185546875 633
17393.97265625 1026
17400.67578125 1036
17402.884765625 1176
17415.287109375 1423
17437.41796875 1485
17446.896484375 1590
17456.01171875 1702
17499.603515625 1759
17510.1953125 1818
17521.630859375 1958
17531.2265625 1963
17538.521484375 1977
17542.65234375 2053
17542.853515625 2056
17549.884765625 2125
17551.40234375 2304
17593.986328125 2356
17596.3203125 2477
17633.80078125 2533
17639.263671875 2732
17665.8359375 2948
17667.70703125 1601
17676.732421875 2256
17696.958984375 2104
17705.181640625 284
17708.361328125 182
17746.263671875 916
17752.048828125 1667
17768.06640625 1852
17769.37109375 727
17776.55859375 2036
17815.078125 2772
17837.3515625 130
17837.3515625 219
17840.8359375 394
17846.09765625 405
17854.591796875 634
17895.720703125 856
17917.74609375 983
17921.28515625 1117
17940.986328125 1386
17950.4140625 1791
17951.791015625 1991
17956.01953125 2060
17967.74609375 2215
17987.630859375 2314
17993.6640625 2440
18001.328125 2467
18003.6484375 2618
18005.267578125 2648
18008.552734375 2694
18018.1484375 1772
18051.73828125 818
18078.0703125 2907
18080.0546875 660
18082.75390625 1168
18087.599609375 1145
18108.197265625 1476
18178.322265625 1618
18189.517578125 655
18229.259765625 1592
18233.533203125 2120
18259.123046875 2557
18284.505859375 112
18288.236328125 350
18290.111328125 356
18295.484375 448
18305.146484375 1500
18337.853515625 1526
18391.822265625 1587
18422.7421875 1881
18444.611328125 1943
18446.67578125 1962
18477.47265625 1995
18483.58984375 2075
18523.955078125 2118
18536.494140625 2309
18548.3125 2418
18568.380859375 2516
18578.142578125 2588
18579.875 2605
18655.607421875 2623
18659.673828125 2937
18674.806640625 1005
18680.384765625 110
18691.263671875 2360
18693.3359375 121
18703.4453125 1046
18753.099609375 298
18789.529296875 372
18806.208984375 492
18815.57421875 752
18830.61328125 838
18932.44140625 903
18935.787109375 1034
18960.6484375 1128
18973.4296875 1187
18996.458984375 1437
18998.54296875 1488
19024.265625 1534
19027.7421875 1657
19037.046875 1678
19062.21875 1824
19087.73828125 1826
19130.345703125 1941
19234.86328125 1997
19266.587890625 2318
19276.10546875 2327
19302.341796875 2362
19335.2109375 2404
19354.82421875 2453
19442.39453125 2458
19469.5390625 2496
19471.55859375 2696
19499.38671875 2722
19508.970703125 2796
19526.140625 2584
19542.708984375 2872
19553.50390625 2589
19564.28515625 2135
19579.833984375 1802
19583.71875 1853
19590.53125 1892
19597.689453125 1580
19601.87890625 25
19605.19140625 72
19615.92578125 343
19623.86328125 710
19651.798828125 755
19680.70703125 885
19691.865234375 1683
19714.970703125 1776
19750.9921875 1972
19783.728515625 2047
19849.962890625 2138
19868.181640625 2185
19878.515625 2344
19902.900390625 2545
19905.76171875 2573
19949.587890625 2855
19958.8984375 2159
19969.05078125 1067
19970.61328125 371
19971.5390625 243
19992.08984375 1301
20007.455078125 311
20047.900390625 426
20072.513671875 648
20081.1484375 720
20135.19140625 792
20180.69140625 940
20250.515625 1006
20307.150390625 1032
20329.03125 1160
20349.234375 1189
20356.56640625 2183
20362.69921875 2190
20364.505859375 2301
20367.953125 1459
20387.25390625 1649
20388.87890625 353
20459.171875 2706
20571.28515625 1511
20583.4453125 1778
20635.1875 329
20648.787109375 731
20661.2265625 1400
20706.220703125 2070
20717.015625 1480
20736.55078125 1714
20741.439453125 249
20762.93359375 94
20767.498046875 2823
20799.021484375 471
20899.662109375 473
20940.83984375 747
20959.767578125 915
21083.55078125 921
21099.62109375 993
21112.298828125 1072
21144.861328125 1415
21211.767578125 1541
21213.8203125 1746
21218.42578125 1949
21221.162109375 2079
21230.58984375 2219
21244.986328125 2258
21249.37109375 2413
21250.58984375 2628
21319.244140625 2828
21344.50390625 2903
21380.82421875 2996
21418.56640625 204
21456.357421875 1247
21502.810546875 1410
21510.205078125 1888
21516.63671875 1214
21627.603515625 1658
21628.173828125 2587
21653.126953125 380
21711.287109375 688
21735.46875 1761
21778.548828125 66
21787.03515625 127
21803.48828125 179
21816.125 855
21838.33203125 1198
21906.267578125 1250
21947.46484375 1507
21947.46484375 1558
21974.111328125 2007
22029.47265625 2092
22094.6015625 2231
22130.37890625 2384
22150.416015625 2457
22158.16015625 2544
22172.5390625 2717
22184.775390625 2774
22253.3359375 2794
22297.00390625 2909
22323.982421875 972
22324.08203125 1138
22365.64453125 1442
22378.3046875 1137
22385.951171875 102
22426.845703125 667
22516.705078125 1935
22574.546875 2352
22586.3984375 2887
22625.697265625 427
22626.85546875 1533
22630.85546875 170
22641.080078125 262
22686.052734375 306
22795.595703125 596
22802.919921875 805
22811.423828125 849
22824.03515625 850
22839.392578125 965
22851.96484375 976
22900.005859375 1058
22932.53515625 1403
22938.732421875 1645
23005.671875 1999
23068.9140625 2292
23076.94140625 2392
23082.435546875 2403
23128.8359375 2497
23135.154296875 2524
23141.423828125 2601
23160.40234375 2652
23163.25390625 2657
23220.63671875 2761
23229.0625 2839
23253.3984375 2939
23258.712890625 2984
23261.3671875 1027
23275.970703125 622
23347.447265625 417
23453.513671875 450
23491.04296875 690
23500.6484375 969
23540.9921875 982
23574.505859375 1040
23593.53515625 1078
23632.912109375 1083
23665.814453125 1382
23671.453125 1391
23727.4375 1486
23736.955078125 1503
23761.029296875 1547
23768.564453125 1561
23770.388671875 1965
23791.04296875 2026
23823.857421875 2066
23894.09765625 2182
23929.740234375 2245
23945.078125 2460
23966.431640625 2466
23996.599609375 2540
24012.486328125 2593
24041.962890625 2632
24101.05859375 2753
24114.9921875 2759
24133.453125 2793
24151.357421875 2925
24262.33984375 2152
24365.15625 762
24389.6796875 2757
24414.625 37
24480.37890625 1624
24605.53125 1271
24606.072265625 2370
24649.435546875 2895
24674.681640625 2411
24677.099609375 67
24717.8203125 150
24736.341796875 171
24796.26953125 195
24864.90234375 363
24925.654296875 522
24981.294921875 657
24981.294921875 701
24994.5546875 760
24995.376953125 811
24998.423828125 874
25067.193359375 875
25072.38671875 1002
25072.51953125 1007
25163.705078125 1023
25219.5703125 1356
25248.236328125 1378
25290.62109375 1489
25304.384765625 1629
25320.724609375 2721
25387.9375 2032
25402.396484375 2259
25544.548828125 771
25714.38671875 1543
25714.38671875 2241
25725.6171875 1964
25729.80078125 1625
25748.880859375 2693
25810.541015625 222
25826.58203125 258
25863.26171875 281
25935.83984375 506
26091.580078125 582
26097.294921875 724
26101.162109375 879
26107.41796875 1003
26141.73046875 1171
26188.9921875 1182
26223.6171875 1588
26485.07421875 1685
26548.171875 1758
26675.42578125 2300
26797.0625 2310
26804.75390625 2705
26825.259765625 2845
26843.220703125 2916
26883.078125 1811
26952.150390625 2701
26968.34765625 421
27051.6640625 1440
27080.974609375 2337
27083.98046875 2531
27092.505859375 18
27191.427734375 29
27208.798828125 31
27242.115234375 104
27380.486328125 274
27391.0703125 321
27397.109375 370
27433.16015625 375
27452.126953125 562
27474.544921875 914
27571.12890625 944
27639.154296875 1672
27788.029296875 1684
27895.587890625 1825
28022.15234375 1846
28108.796875 1960
28130.478515625 1976
28209.6171875 2006
28370.33203125 2319
28371.498046875 2405
28379.4296875 2550
28404.611328125 2606
28449.24609375 2768
28481.56640625 1081
28524.173828125 1780
28543.251953125 16
28854.439453125 28
28872.208984375 125
28885.40625 212
28889.2890625 265
28899.37890625 295
29139.572265625 360
29162.46484375 364
29214.501953125 937
29232.53125 1077
29506.662109375 1101
29566.640625 1241
29604.71875 1243
30268.97265625 1307
30426.033203125 1343
30850.7890625 1404
30871.013671875 1418
31131.28125 1585
31854.2890625 1719
32066.06640625 1822
32701.876953125 2009
32759.6015625 2164
33108.3984375 2214
33923.12109375 2250
34518.3984375 2263
34609.3125 2342
35656.6953125 2359
36866.85546875 2547
