2803.394775390625 2152
2982.640380859375 762
3112.35595703125 2757
3160.9033203125 37
3272.348388671875 1624
3363.457763671875 1271
3390.246337890625 2370
3600.68701171875 2895
3871.39453125 2411
3936.1064453125 67
3978.25 150
4015.01416015625 171
4079.68310546875 195
4218.5859375 363
4268.8994140625 522
4335.72705078125 657
4360.19775390625 701
4425.04638671875 760
4442.00244140625 811
4455.9375 874
4472.07958984375 875
4486.025390625 1002
4509.07275390625 1007
4555.49951171875 1023
4568.91650390625 1356
4592.99560546875 1378
4644.30517578125 1489
4786.6689453125 1629
4788.8623046875 2721
4844.0830078125 1446
5026.0263671875 87
5160.89453125 251
5169.84521484375 527
5205.28515625 529
5221.21533203125 625
5234.27490234375 641
5278.4208984375 693
5355.48681640625 873
5395.568359375 881
5437.52978515625 928
5445.17724609375 1133
5480.06640625 1283
5483.0419921875 1318
5612.1923828125 1346
5621.02392578125 1417
5695.79296875 1720
5727.5146484375 1987
5745.10986328125 2226
5809.802734375 2296
5832.1748046875 2515
5861.3525390625 2572
5868.669921875 2669
5876.09375 2728
5973.791015625 2734
6019.31884765625 2746
6025.857421875 2852
6097.92138671875 2866
6128.15185546875 2915
6139.01123046875 2949
6164.72021484375 377
6174.609375 2281
6237.462890625 160
6237.462890625 1
6253.5 425
6281.32177734375 446
6329.71142578125 800
6444.34765625 918
6456.90087890625 953
6498.7177734375 985
6547.9033203125 986
6547.9033203125 1008
6559.27099609375 1043
6561.2626953125 1270
6606.10498046875 1317
6629.2802734375 1435
6643.3115234375 1548
6704.134765625 1606
6724.58837890625 1661
6736.2802734375 1712
6915.08203125 2010
6915.3115234375 2088
6918.2177734375 2365
6953.1875 2410
7002.8076171875 2414
7107.3720703125 2482
7133.02392578125 2560
7145.3173828125 2781
7166.18505859375 2820
7197.8671875 997
7262.91650390625 1781
7279.82275390625 81
7291.25146484375 229
7413.22412109375 440
7436.107421875 548
7449.46240234375 611
7471.0537109375 826
7482.8154296875 834
7486.28515625 848
7488.26708984375 871
7489.92578125 893
7497.1728515625 1231
7499.240234375 1256
7522.50048828125 1315
7538.0927734375 1458
7554.61474609375 1550
7555.841796875 1671
7590.130859375 1711
7594.48046875 1815
7655.787109375 1893
7669.3212890625 2312
7695.06396484375 2324
7715.40966796875 2385
7873.67529296875 2447
7897.33544921875 2562
7899.224609375 2610
7906.794921875 2622
7967.41552734375 2853
7972.32568359375 2924
7981.384765625 2927
8012.3720703125 2239
8050.142578125 1362
8074.11328125 1926
8232.38671875 2997
8252.125 254
8283.8154296875 388
8301.630859375 465
8377.5546875 498
8381.0166015625 520
8432.2919921875 962
8442.080078125 981
8470.2607421875 1156
8473.44140625 1652
8484.06640625 2205
8508.8017578125 2339
8522.51171875 2417
8637.408203125 2494
8642.4306640625 2687
8701.3564453125 1122
8726.7314453125 1670
8736.2294921875 264
8739.67578125 2173
8808.12109375 1646
8839.8525390625 2396
8847.5263671875 49
8915.546875 189
8915.546875 261
8926.3525390625 263
8948.091796875 430
8954.6435546875 831
8973.443359375 899
8988.263671875 1123
8990.9794921875 1169
8997.5732421875 1350
9026.23046875 1405
9030.1796875 1512
9088.306640625 1750
9096.9921875 1769
9105.0732421875 1908
9109.9697265625 1966
9121.6923828125 1982
9127.5537109375 1993
9128.8583984375 2094
9154.169921875 2126
9199.734375 2141
9241.6171875 2171
9251.2216796875 2174
9253.685546875 2177
9254.04296875 2237
9264.1201171875 2367
9264.1201171875 2536
9266.521484375 2542
9272.6298828125 2582
9284.6474609375 2675
9292.2294921875 2703
9301.6806640625 1873
9320.642578125 2107
9330.9931640625 1281
9390.80859375 455
9401.2763671875 470
9407.388671875 902
9413.3818359375 926
9440.75 967
9489.744140625 1104
9503.5517578125 1225
9522.8349609375 1286
9553.712890625 1506
9612.451171875 1516
9677.208984375 1599
9681.0712890625 1779
9688.4287109375 1848
9744.474609375 1867
9778.5087890625 1883
9792.1328125 2063
9797.861328125 2210
9800.40234375 2246
9834.919921875 2285
9836.2724609375 2361
9850.0029296875 2686
9880.0322265625 2700
9888.1279296875 88
9889.873046875 586
9892.1611328125 136
9902.044921875 1471
9918.388671875 226
9956.74609375 296
9984.25 1197
10008.08203125 1666
10020.6259765625 2511
10030.1171875 101
10044.1142578125 215
10044.5537109375 549
10048.8857421875 550
10055.1474609375 573
10078.5673828125 1136
10087.591796875 1199
10111.5966796875 1530
10122.486328125 1581
10132.501953125 1640
10135.2900390625 1688
10138.6826171875 1968
10162.0380859375 2526
10178.0732421875 2571
10220.982421875 2983
10224.9453125 1787
10263.1337890625 602
10283.48046875 1146
10283.505859375 253
10294.009765625 342
10301.623046875 843
10318.193359375 1233
10321.59375 1335
10350.2939453125 1394
10350.38671875 1737
10353.53125 1784
10394.966796875 1950
10395.0419921875 2025
10405.564453125 2473
10412.7919921875 2518
10422.0517578125 999
10431.7158203125 1056
10433.4072265625 1900
10438.12109375 1304
10454.404296875 1326
10461.0810546875 2967
10487.26171875 1329
10520.529296875 50
10527.3701171875 318
10548.57421875 389
10549.30078125 478
10556.521484375 491
10559.03125 580
10560.30859375 599
10599.2529296875 890
10610.5478515625 896
10687.96875 909
10696.26953125 919
10716.1748046875 995
10718.876953125 1273
10723.9873046875 1342
10773.1455078125 1430
10781.650390625 1495
10792.5439453125 1568
10814.65625 1583
10820.8310546875 1764
10845.23828125 1774
10858.9384765625 2065
10871.234375 2117
10885.2041015625 2181
10886.0791015625 2268
10895.1923828125 2465
10902.0263671875 2664
10910.2294921875 2760
10916.7734375 2764
10928.2939453125 2938
10941.2001953125 2943
10959.7939453125 1860
10973.1103515625 2880
10988.994140625 1333
11037.6787109375 2631
11042.876953125 146
11078.71484375 1538
11101.138671875 21
11114.474609375 34
11116.9453125 200
11125.947265625 288
11171.275390625 336
11184.271484375 385
11191.6943359375 517
11215.02734375 546
11227.294921875 609
11229.5771484375 614
11236.5576171875 683
11240.9296875 686
11244.17578125 769
11249.4677734375 1097
11251.814453125 1221
11257.2421875 1322
11259.63671875 1359
11266.2958984375 1376
11293.6669921875 1686
11297.0908203125 1854
11297.421875 2513
11332.1328125 2553
11332.5830078125 2650
11336.111328125 2672
11354.876953125 2911
11364.291015625 78
11366.1875 2713
11371.6015625 2800
11382.818359375 2651
11401.5830078125 2970
11413.1650390625 1045
11420.5712890625 1068
11422.16796875 2078
11439.755859375 884
11444.47265625 886
11461.0126953125 1028
11494.6162109375 1845
11527.4716796875 1932
11563.8984375 2489
11565.482421875 90
11576.275390625 153
11595.357421875 240
11617.689453125 256
11626.0224609375 531
11666.94140625 644
11675.109375 706
11682.375 775
11683.728515625 1163
11691.2734375 1483
11694.6669921875 2114
11708.6591796875 2379
11714.1630859375 2424
11714.3857421875 2433
11724.3740234375 2435
11726.7724609375 2442
11746.1259765625 2683
11777.244140625 2811
11791.853515625 2176
11818.9853515625 169
11825.39453125 2207
11828.1396484375 1144
11832.6630859375 2180
11848.9521484375 73
11855.939453125 663
11876.6669921875 677
11882.1298828125 756
11889.205078125 925
11914.546875 927
11953.951171875 946
11957.619140625 996
12003.349609375 1141
12004.576171875 1202
12009.0390625 1251
12027.6357421875 1457
12066.0654296875 1502
12074.3095703125 1591
12084.7275390625 1733
12097.1103515625 1735
12111.96875 1919
12116.115234375 1933
12143.6875 1955
12154.2158203125 2002
12174.259765625 2335
12207.1591796875 2341
12213.4091796875 2565
12276.9443359375 2695
12278.9638671875 2763
12316.02734375 2840
12343.451171875 2422
12388.228515625 1020
12391.525390625 640
12393.654296875 59
12393.8671875 177
12395.966796875 191
12405.0341796875 575
12419.47265625 687
12420.2138671875 934
12423.0732421875 1119
12432.6591796875 1529
12435.947265625 1697
12451.2646484375 1810
12459.263671875 1831
12471.224609375 2354
12491.8525390625 2528
12496.8330078125 2679
12525.083984375 2712
12565.8310546875 2747
12567.572265625 2809
12577.875 2821
12653.3671875 2842
12677.1875 2860
12709.4169921875 2906
12711.98828125 2994
12714.8642578125 186
12725.4873046875 223
12749.595703125 1594
12753.560546875 410
12768.578125 631
12771.4521484375 132
12800.3701171875 2576
12802.51171875 1282
12827.8232421875 488
12843.1572265625 869
12880.4150390625 2059
12881.95703125 787
12906.2802734375 904
12945.5693359375 137
12947.208984375 275
12967.3720703125 328
12978.333984375 333
12982.02734375 392
12992.578125 407
12993.59765625 489
13000.45703125 680
13004.5576171875 1022
13012.7392578125 1290
13033.048828125 1358
13041.94140625 1607
13042.2490234375 1653
13069.5888671875 2024
13075.2783203125 2184
13076.583984375 2221
13100.142578125 2394
13107.1083984375 2427
13114.8681640625 2517
13137.654296875 2655
13140.28515625 2704
13154.9697265625 2900
13161.9296875 2946
13164.4814453125 459
13171.4462890625 1408
13173.4814453125 1339
13196.859375 22
13220.8466796875 45
13227.171875 300
13235.4716796875 812
13241.978515625 922
13249.3515625 947
13294.951171875 975
13326.2734375 1001
13330.48046875 1095
13339.806640625 1275
13345.544921875 1664
13352.490234375 1708
13396.994140625 1763
13405.421875 1766
13430.2265625 1889
13432.73046875 2077
13434.02734375 2082
13436.7705078125 2131
13450.2216796875 2315
13456.2744140625 2317
13457.4453125 2409
13470.802734375 2608
13481.994140625 2616
13486.76171875 2649
13508.2919921875 2819
13543.2861328125 2862
13546.341796875 1164
13551.8369140625 2213
13592.15234375 1050
13595.7158203125 979
13604.6669921875 1562
13608.26953125 1597
13624.1171875 2334
13648.3212890625 587
13654.20703125 630
13660.796875 777
13666.2080078125 1012
13704.302734375 1064
13704.3857421875 1082
13706.5361328125 1462
13716.681640625 1501
13738.31640625 1654
13739.3388671875 1800
13740.5771484375 2656
13742.51171875 2884
13749.255859375 1416
13769.9951171875 1575
13802.009765625 2889
13835.0302734375 445
13845.638671875 30
13854.2373046875 2484
13864.1328125 38
13873.93359375 40
13886.287109375 76
13888.173828125 77
13914.5771484375 108
13929.384765625 164
13932.890625 211
13934.3896484375 225
13943.681640625 376
13958.390625 437
13963.7744140625 510
13976.623046875 646
13988.7548828125 671
13994.3701171875 738
13996.888671875 770
14005.40625 1434
14008.541015625 1610
14033.9140625 1662
14058.7001953125 1709
14062.9072265625 1998
14063.234375 2166
14066.6474609375 2220
14077.33984375 2238
14079.0361328125 2255
14081.869140625 2345
14085.7138671875 2510
14136.654296875 2581
14141.6533203125 2607
14174.146484375 2807
14189.7978515625 1015
14218.837890625 1984
14228.13671875 1258
14232.6552734375 2555
14254.291015625 1147
14272.33203125 865
14275.720703125 939
14281.5419921875 1497
14306.2919921875 2630
14316.5146484375 2752
14337.748046875 457
14341.275390625 309
14346.638671875 316
14350.8759765625 483
14358.1875 484
14361.146484375 633
14367.5009765625 1026
14378.7158203125 1036
14406.3232421875 1176
14449.6376953125 1423
14463.568359375 1485
14504.4404296875 1590
14512.5390625 1702
14516.529296875 1759
14517.9736328125 1818
14520.04296875 1958
14520.99609375 1963
14530.9150390625 1977
14573.56640625 2053
14593.423828125 2056
14594.6376953125 2125
14617.275390625 2304
14618.708984375 2356
14648.5205078125 2477
14650.7353515625 2533
14659.033203125 2732
14666.05859375 2948
14682.8916015625 1601
14691.3232421875 2256
14691.4267578125 2104
14707.033203125 284
14720.6689453125 182
14730.736328125 916
14733.3759765625 1667
14740.05859375 1852
14752.044921875 727
14752.521484375 2036
14752.990234375 2772
14759.62890625 130
14768.75390625 219
14768.759765625 394
14769.7919921875 405
14773.3349609375 634
14812.4833984375 856
14820.484375 983
14833.09375 1117
14833.33984375 1386
14840.8671875 1791
14863.7578125 1991
14874.91796875 2060
14881.978515625 2215
14885.2294921875 2314
14901.759765625 2440
14923.958984375 2467
14925.630859375 2618
14934.083984375 2648
14945.826171875 2694
14954.6591796875 1772
14965.5107421875 818
15062.9541015625 2907
15078.8525390625 660
15091.55859375 1168
15113.9267578125 1145
15115.6396484375 1476
15131.783203125 1618
15138.978515625 655
15139.1962890625 1592
15175.1025390625 2120
15175.6689453125 2557
15183.7744140625 112
15190.36328125 350
15212.703125 356
15214.1376953125 448
15233.130859375 1500
15285.125 1526
15309.2138671875 1587
15316.1826171875 1881
15330.41796875 1943
15366.46484375 1962
15378.17578125 1995
15386.20703125 2075
15394.09375 2118
15395.123046875 2309
15398.8603515625 2418
15399.705078125 2516
15399.9248046875 2588
15447.1787109375 2605
15454.1572265625 2623
15494.0634765625 2937
15498.037109375 1005
15522.509765625 110
15555.4560546875 2360
15573.0068359375 121
15574.69140625 1046
15584.3525390625 298
15616.3154296875 372
15620.4833984375 492
15663.16015625 752
15667.2421875 838
15681.65234375 903
15708.7939453125 1034
15719.4453125 1128
15730.359375 1187
15731.5908203125 1437
15733.609375 1488
15791.150390625 1534
15817.50390625 1657
15823.5654296875 1678
15852.4677734375 1824
15854.7177734375 1826
15917.181640625 1941
15931.5078125 1997
15939.3955078125 2318
15940.966796875 2327
15943.900390625 2362
15964.02734375 2404
15976.2236328125 2453
15993.0859375 2458
16012.89453125 2496
16033.98046875 2696
16037.5263671875 2722
16047.08984375 2796
16063.1259765625 2584
16072.7001953125 2872
16080.6015625 2589
16084.7509765625 2135
16090.9599609375 1802
16106.5048828125 1853
16107.169921875 1892
16108.708984375 1580
16125.0107421875 25
16138.2568359375 72
16139.0498046875 343
16168.08203125 710
16193.130859375 755
16193.970703125 885
16198.89453125 1683
16209.5712890625 1776
16222.1123046875 1972
16232.080078125 2047
16310.0341796875 2138
16318.2890625 2185
16332.349609375 2344
16429.853515625 2545
16436.30078125 2573
16437.361328125 2855
16444.3359375 2159
16485.71875 1067
16488.763671875 371
16541.2109375 243
16562.65234375 1301
16565.1953125 311
16604.076171875 426
16634.203125 648
16639.88671875 720
16654.0859375 792
16674.8984375 940
16676.703125 1006
16679.94140625 1032
16701.13671875 1160
16718.880859375 1189
16725.44140625 2183
16743.513671875 2190
16751.47265625 2301
16769.48828125 1459
16775.857421875 1649
16777.080078125 353
16778.75 2706
16787.00390625 1511
16795.736328125 1778
16799.0234375 329
16809.46875 731
16820.4921875 1400
16870.681640625 2070
16897.296875 1480
16899.931640625 1714
16991.349609375 249
17024.03125 94
17028.31640625 2823
17085.234375 471
17118.982421875 473
17132.220703125 747
17156.474609375 915
17185.74609375 921
17192.67578125 993
17198.62109375 1072
17244.49609375 1415
17281.8359375 1541
17305.390625 1746
17314.625 1949
17323.09375 2079
17369.84375 2219
17375.75390625 2258
17376.52734375 2413
17390.759765625 2628
17439.15625 2828
17440.134765625 2903
17448.759765625 2996
17573.75390625 204
17595.34375 1247
17632.900390625 1410
17646.41015625 1888
17652.21484375 1214
17658.810546875 1658
17669.197265625 2587
17701.41796875 380
17704.25390625 688
17706.8671875 1761
17751.86328125 66
17782.24609375 127
17789.02734375 179
17789.1953125 855
17927.966796875 1198
17997.240234375 1250
18011.8515625 1507
18064.974609375 1558
18079.259765625 2007
18080.666015625 2092
18090.2265625 2231
18133.53125 2384
18182.380859375 2457
18255.787109375 2544
18270.888671875 2717
18299.564453125 2774
18315.2421875 2794
18323.19140625 2909
18360.546875 972
18373.837890625 1138
18379.408203125 1442
18422.904296875 1137
18441.5078125 102
18472.021484375 667
18488.66015625 1935
18495.21484375 2352
18552.361328125 2887
18638.015625 427
18663.23828125 1533
18668.71484375 170
18781.318359375 262
18781.98046875 306
18790.599609375 596
18819.845703125 805
18876.765625 849
18927.251953125 850
18935.74609375 965
18964.033203125 976
19088.34375 1058
19102.39453125 1403
19122.248046875 1645
19162.931640625 1999
19195.044921875 2292
19252.3125 2392
19270.40625 2403
19272.17578125 2497
19325.29296875 2524
19329.2421875 2601
19360.369140625 2652
19378.92578125 2657
19381.607421875 2761
19390.173828125 2839
19390.291015625 2939
19448.00390625 2984
19458.412109375 1027
19537.11328125 622
19597.5 417
19631.2890625 450
19641.583984375 690
19641.583984375 969
19732.748046875 982
19861.40234375 1040
19927.01953125 1078
19989.416015625 1083
20134.484375 1382
20218.21875 1391
20230.615234375 1486
20233.251953125 1503
20290.849609375 1547
20291.0859375 1561
20372.146484375 1965
20414.427734375 2026
20429.078125 2066
20432.365234375 2182
20432.654296875 2245
20477.201171875 2460
20542.923828125 2466
20627.595703125 2540
20631.193359375 2593
20720.546875 2632
20735.955078125 2753
20804.232421875 2759
20918.08984375 2793
20920.55078125 2925
20968.8984375 2032
21082.47265625 2259
21139.853515625 771
21181.1484375 1543
21208.748046875 2241
21223.78125 1964
21272.046875 1625
21343.603515625 2693
21369.455078125 222
21433.572265625 258
21506.44140625 281
21577.494140625 506
21599.083984375 582
21657.9453125 724
21732.13671875 879
21732.728515625 1003
21745.0078125 1171
21754.34375 1182
21773.0546875 1588
21783.482421875 1685
21808.01953125 1758
21933.38671875 2300
21995.462890625 2310
22021.52734375 2705
22063.130859375 2845
22071.341796875 2916
22087.33203125 1811
22137.654296875 2701
22161.716796875 421
22530.1171875 1440
22549.427734375 2337
22613.23046875 2531
22713.912109375 18
22726.5390625 29
22806.37109375 31
22863.189453125 104
22970.966796875 274
22987.392578125 321
23045.037109375 370
23059.244140625 375
23225.91015625 562
23240.201171875 914
23257.33203125 944
23520.1328125 1672
23667.390625 1684
23678.873046875 1825
23692.9921875 1846
23707.318359375 1960
23975.607421875 1976
24040.267578125 2006
24045.947265625 2319
24056.12109375 2405
24097.537109375 2550
24132.02734375 2606
24161.45703125 2768
24454.5 1081
24582.70703125 1780
24642.072265625 16
24715.568359375 28
24763.94140625 125
24969.978515625 212
24976.26171875 265
25094.041015625 295
25357.009765625 360
25358.666015625 364
25410.705078125 937
25410.705078125 1077
25477.595703125 1101
25500.505859375 1241
25567.59765625 1243
25969.52734375 1307
26153.2421875 1343
26417.990234375 1404
26456.1328125 1418
26514.3046875 1585
26731.904296875 1719
27279.880859375 1822
27414.75 2009
28760.42578125 2164
28772.552734375 2214
29036.59765625 2250
30232.572265625 2263
32055.666015625 2342
34365.7734375 2359
35848.88671875 2547
