3553.587158203125 1811
3589.36767578125 2701
3626.825439453125 421
3720.1123046875 1440
3729.98828125 2337
3789.189453125 2531
3916.232666015625 18
3920.65380859375 29
3942.05029296875 31
4087.4208984375 104
4129.169921875 274
4188.43701171875 321
4242.94580078125 370
4253.45068359375 375
4284.357421875 562
4300.19384765625 914
4439.1083984375 944
4460.03369140625 1672
4481.20703125 1684
4603.58447265625 1825
4615.703125 1846
4684.64208984375 1960
4716.8173828125 1976
4741.505859375 2006
4763.7890625 2319
4776.70556640625 2405
4906.77685546875 2550
4925.11181640625 2606
4962.06201171875 2768
4987.3447265625 1446
5002.12646484375 87
5025.5634765625 251
5054.04833984375 527
5054.54345703125 529
5091.712890625 625
5155.7373046875 641
5245.7314453125 693
5251.2431640625 873
5297.111328125 881
5300.43505859375 928
5336.38818359375 1133
5371.3232421875 1283
5380.6962890625 1318
5385.15283203125 1346
5394.31640625 1417
5394.31640625 1720
5406.39208984375 1987
5428.8564453125 2226
5449.05712890625 2296
5481.8837890625 2515
5492.8427734375 2572
5586.45947265625 2669
5586.45947265625 2728
5595.626953125 2734
5626.9130859375 2746
5662.95654296875 2852
5684.2451171875 2866
5692.884765625 2915
5718.232421875 2949
5722.8271484375 377
5757.3330078125 2281
5828.736328125 160
5934.47265625 1
5943.5078125 425
5970.3427734375 446
5975.1015625 800
6004.29296875 918
6064.92431640625 953
6138.32470703125 985
6149.99755859375 986
6184.91845703125 1008
6192.1240234375 1043
6266.90625 1270
6271.369140625 1317
6272.82763671875 1435
6279.83349609375 1548
6298.275390625 1606
6316.95166015625 1661
6322.81591796875 1712
6361.89599609375 2010
6377.88037109375 2088
6442.44970703125 2365
6502.9365234375 2410
6548.63525390625 2414
6567.1630859375 2482
6577.7568359375 2560
6580.978515625 2781
6613.9951171875 2820
6663.7353515625 997
6694.8037109375 1781
6732.70703125 81
6736.998046875 229
6758.96337890625 440
6790.205078125 548
6860.0693359375 611
6865.42529296875 826
6865.42529296875 834
6870.283203125 848
6886.96337890625 871
6892.35009765625 893
6940.826171875 1231
6964.24951171875 1256
6973.2294921875 1315
6993.94775390625 1458
6997.7373046875 1550
7057.76416015625 1671
7110.330078125 1711
7168.10400390625 1815
7180.8603515625 1893
7239.29345703125 2312
7291.40283203125 2324
7316.80224609375 2385
7380.8974609375 2447
7435.45751953125 2562
7446.15380859375 2610
7469.5498046875 2622
7543.4111328125 2853
7630.20849609375 2924
7633.658203125 2927
7653.33740234375 2239
7685.7939453125 1362
7703.7275390625 1926
7734.62255859375 2997
7785.716796875 254
7793.7587890625 388
7810.6318359375 465
7830.572265625 498
7832.10205078125 520
7834.7216796875 962
7837.5400390625 981
7862.4482421875 1156
7885.662109375 1652
7903.95458984375 2205
7915.46435546875 2339
7951.47412109375 2417
7974.248046875 2494
7990.97412109375 2687
8000.64013671875 1122
8004.5947265625 1670
8046.99072265625 264
8063.8291015625 2173
8064.95654296875 1646
8127.728515625 2396
8158.66650390625 49
8163.8095703125 189
8202.1943359375 261
8214.181640625 263
8232.8779296875 430
8308.3203125 831
8335.974609375 899
8355.080078125 1123
8358.376953125 1169
8428.884765625 1350
8434.6142578125 1405
8442.2900390625 1512
8495.74609375 1750
8504.2685546875 1769
8518.5654296875 1908
8529.0224609375 1966
8588.423828125 1982
8613.171875 1993
8623.6220703125 2094
8631.8447265625 2126
8661.130859375 2141
8672.865234375 2171
8687.08203125 2174
8711.8369140625 2177
8727.177734375 2237
8745.216796875 2367
8748.654296875 2536
8760.5400390625 2542
8848.072265625 2582
8850.203125 2675
8856.0068359375 2703
8893.09375 1873
8900.7939453125 2107
8948.6982421875 1281
8949.6015625 455
8991.8935546875 470
9002.453125 902
9021.60546875 926
9026.732421875 967
9091.8876953125 1104
9104.763671875 1225
9134.7470703125 1286
9174.2734375 1506
9207.267578125 1516
9232.365234375 1599
9235.234375 1779
9246.8828125 1848
9301.2578125 1867
9349.8359375 1883
9362.060546875 2063
9384.857421875 2210
9402.892578125 2246
9425.55859375 2285
9453.9326171875 2361
9477.673828125 2686
9571.1845703125 2700
9576.8603515625 88
9577.5712890625 586
9578.34375 136
9601.80859375 1471
9611.6337890625 226
9616.9091796875 296
9683.5771484375 1197
9684.5498046875 1666
9717.556640625 2511
9760.3681640625 101
9771.0927734375 215
9808.5693359375 549
9843.884765625 550
9865.982421875 573
9877.4599609375 1136
9877.69921875 1199
9883.8232421875 1530
9901.0830078125 1581
9905.7421875 1640
9911.7744140625 1688
9918.5703125 1968
9930.2412109375 2526
9941.9814453125 2571
9945.96875 2983
9952.9873046875 1787
9970.8515625 602
9991.05078125 1146
9994.236328125 253
10013.9296875 342
10049.673828125 843
10060.1826171875 1233
10060.578125 1335
10064.212890625 1394
10086.41015625 1737
10094.359375 1784
10110.1044921875 1950
10110.646484375 2025
10230.0341796875 2473
10234.740234375 2518
10240.87890625 999
10297.458984375 1056
10318.623046875 1900
10331.8544921875 1304
10360.7197265625 1326
10402.4052734375 2967
10403.216796875 1329
10420.951171875 50
10422.0634765625 318
10438.3046875 389
10442.7431640625 478
10473.8046875 491
10478.8935546875 580
10498.681640625 599
10537.033203125 890
10538.1240234375 896
10546.7470703125 909
10552.078125 919
10553.0751953125 995
10585.00390625 1273
10635.486328125 1342
10667.2060546875 1430
10682.416015625 1495
10694.7333984375 1568
10696.3857421875 1583
10704.92578125 1764
10705.75 1774
10705.8671875 2065
10712.5771484375 2117
10720.40625 2181
10724.3095703125 2268
10734.708984375 2465
10739.08984375 2664
10756.5703125 2760
10760.2734375 2764
10762.341796875 2938
10766.2080078125 2943
10771.685546875 1860
10795.986328125 2880
10809.759765625 1333
10825.53515625 2631
10838.052734375 146
10840.6103515625 1538
10859.998046875 21
10888.080078125 34
10922.1103515625 200
10955.46484375 288
10963.716796875 336
10964.1728515625 385
11001.9208984375 517
11033.53515625 546
11036.39453125 609
11057.9970703125 614
11090.572265625 683
11097.232421875 686
11102.9619140625 769
11123.5859375 1097
11130.599609375 1221
11134.6279296875 1322
11147.6796875 1359
11164.7734375 1376
11172.6962890625 1686
11173.0576171875 1854
11179.111328125 2513
11181.6875 2553
11227.20703125 2650
11234.5771484375 2672
11246.396484375 2911
11262.388671875 78
11267.1181640625 2713
11275.0244140625 2800
11282.4208984375 2651
11292.5595703125 2970
11307.7841796875 1045
11312.455078125 1068
11316.185546875 2078
11335.7060546875 884
11338.0341796875 886
11356.5517578125 1028
11363.685546875 1845
11389.6484375 1932
11444.732421875 2489
11449.7431640625 90
11451.0048828125 153
11473.1337890625 240
11504.7236328125 256
11514.6962890625 531
11534.927734375 644
11553.6201171875 706
11559.7255859375 775
11566.703125 1163
11571.625 1483
11574.13671875 2114
11579.5283203125 2379
11579.6181640625 2424
11583.60546875 2433
11648.0419921875 2435
11651.0234375 2442
11658.740234375 2683
11660.068359375 2811
11662.662109375 2176
11673.556640625 169
11695.109375 2207
11697.8095703125 1144
11713.677734375 2180
11730.1416015625 73
11769.740234375 663
11787.4541015625 677
11805.8818359375 756
11806.2412109375 925
11832.4306640625 927
11841.6259765625 946
11876.9638671875 996
11912.72265625 1141
11920.109375 1202
11935.654296875 1251
11936.4736328125 1457
11942.0546875 1502
11953.8056640625 1591
11962.16015625 1733
11966.255859375 1735
11998.619140625 1919
12040.5234375 1933
12056.56640625 1955
12063.982421875 2002
12071.33203125 2335
12118.767578125 2341
12121.9150390625 2565
12132.5986328125 2695
12133.6611328125 2763
12135.2109375 2840
12143.77734375 2422
12143.986328125 1020
12162.134765625 640
12165.169921875 59
12168.380859375 177
12200.9267578125 191
12206.15625 575
12222.69921875 687
12253.2841796875 934
12275.775390625 1119
12285.3251953125 1529
12311.54296875 1697
12319.8681640625 1810
12329.66015625 1831
12344.1689453125 2354
12344.23046875 2528
12358.185546875 2679
12377.376953125 2712
12400.0986328125 2747
12429.115234375 2809
12429.3017578125 2821
12468.6240234375 2842
12469.69921875 2860
12470.052734375 2906
12514.3251953125 2994
12523.986328125 186
12525.515625 223
12531.896484375 1594
12566.1279296875 410
12575.8486328125 631
12590.9794921875 132
12594.3505859375 2576
12607.9873046875 1282
12611.8330078125 488
12622.0263671875 869
12625.6591796875 2059
12631.673828125 787
12646.8720703125 904
12648.931640625 137
12681.06640625 275
12688.08203125 328
12715.2568359375 333
12716.4375 392
12730.8056640625 407
12751.0693359375 489
12757.443359375 680
12765.369140625 1022
12778.5087890625 1290
12797.9228515625 1358
12800.267578125 1607
12806.712890625 1653
12812.67578125 2024
12814.3671875 2184
12818.8251953125 2221
12848.01953125 2394
12849.3173828125 2427
12897.794921875 2517
12912.0234375 2655
12913.638671875 2704
12913.638671875 2900
12932.32421875 2946
12936.6708984375 459
12955.3740234375 1408
12962.111328125 1339
12967.77734375 22
12988.8037109375 45
12997.6923828125 300
13000.767578125 812
13007.291015625 922
13010.6298828125 947
13033.869140625 975
13035.6982421875 1001
13055.5107421875 1095
13060.46875 1275
13064.65234375 1664
13114.5234375 1708
13170.7099609375 1763
13180.6826171875 1766
13187.2265625 1889
13200.5146484375 2077
13201.732421875 2082
13239.455078125 2131
13252.1787109375 2315
13260.4658203125 2317
13260.8486328125 2409
13267.423828125 2608
13273.927734375 2616
13278.2021484375 2649
13307.4970703125 2819
13314.302734375 2862
13319.236328125 1164
13330.4482421875 2213
13333.3642578125 1050
13333.7529296875 979
13338.021484375 1562
13356.8193359375 1597
13383.7548828125 2334
13402.7822265625 587
13413.400390625 630
13430.8408203125 777
13434.7783203125 1012
13452.1962890625 1064
13459.357421875 1082
13459.9580078125 1462
13472.083984375 1501
13508.158203125 1654
13513.9990234375 1800
13517.650390625 2656
13535.46484375 2884
13541.0458984375 1416
13567.1064453125 1575
13574.658203125 2889
13584.447265625 445
13604.4306640625 30
13605.595703125 2484
13606.171875 38
13607.9775390625 40
13609.103515625 76
13615.359375 77
13659.361328125 108
13663.380859375 164
13665.6083984375 211
13666.314453125 225
13669.97265625 376
13689.1142578125 437
13709.1708984375 510
13744.0986328125 646
13764.880859375 671
13791.875 738
13795.2587890625 770
13797.7021484375 1434
13834.396484375 1610
13835.462890625 1662
13852.0166015625 1709
13853.15625 1998
13875.9248046875 2166
13885.6025390625 2220
13886.90234375 2238
13890.78515625 2255
13906.6689453125 2345
13915.8056640625 2510
13923.744140625 2581
13941.595703125 2607
13943.662109375 2807
13946.373046875 1015
13971.509765625 1984
13971.8212890625 1258
14048.8173828125 2555
14051.509765625 1147
14053.8330078125 865
14054.779296875 939
14064.3271484375 1497
14066.41796875 2630
14094.51953125 2752
14097.2421875 457
14114.5830078125 309
14121.8720703125 316
14122.92578125 483
14141.078125 484
14159.203125 633
14177.7890625 1026
14188.01953125 1036
14195.5703125 1176
14196.650390625 1423
14235.2734375 1485
14241.763671875 1590
14256.3271484375 1702
14274.69921875 1759
14307.271484375 1818
14330.33203125 1958
14330.560546875 1963
14341.166015625 1977
14345.54296875 2053
14361.4130859375 2056
14364.0849609375 2125
14444.8037109375 2304
14454.6328125 2356
14461.8447265625 2477
14470.28515625 2533
14486.0615234375 2732
14527.63671875 2948
14538.6044921875 1601
14539.1162109375 2256
14539.794921875 2104
14572.8525390625 284
14576.62890625 182
14589.9951171875 916
14620.4248046875 1667
14631.5400390625 1852
14648.2314453125 727
14658.345703125 2036
14673.41796875 2772
14693.392578125 130
14701.3642578125 219
14740.1396484375 394
14743.5673828125 405
14744.7138671875 634
14760.609375 856
14772.765625 983
14785.88671875 1117
14791.60546875 1386
14796.5986328125 1791
14808.294921875 1991
14820.6689453125 2060
14831.037109375 2215
14856.09375 2314
14862.9736328125 2440
14865.001953125 2467
14879.107421875 2618
14880.9619140625 2648
14885.142578125 2694
14903.3154296875 1772
14929.5625 818
14930.091796875 2907
14936.673828125 660
14938.376953125 1168
14987.46875 1145
14997.921875 1476
15002.662109375 1618
15008.32421875 655
15012.1767578125 1592
15040.6640625 2120
15046.931640625 2557
15049.5068359375 112
15051.23046875 350
15056.0048828125 356
15101.2724609375 448
15135.18359375 1500
15147.478515625 1526
15152.6826171875 1587
15153.181640625 1881
15157.6826171875 1943
15160.0634765625 1962
15181.900390625 1995
15230.4375 2075
15240.8876953125 2118
15241.41015625 2309
15241.41015625 2418
15250.0107421875 2516
15253.3623046875 2588
15260.3828125 2605
15265.8798828125 2623
15290.1708984375 2937
15305.515625 1005
15313.1435546875 110
15320.37890625 2360
15327.4775390625 121
15347.669921875 1046
15351.3916015625 298
15356.5078125 372
15445.0400390625 492
15445.330078125 752
15474.5859375 838
15478.82421875 903
15480.8193359375 1034
15488.8701171875 1128
15503.244140625 1187
15505.7294921875 1437
15591.4306640625 1488
15622.0419921875 1534
15648.615234375 1657
15652.2880859375 1678
15684.6328125 1824
15695.841796875 1826
15720.173828125 1941
15725.9658203125 1997
15727.7783203125 2318
15736.7783203125 2327
15740.65234375 2362
15788.076171875 2404
15799.7158203125 2453
15832.123046875 2458
15840.4140625 2496
15896.849609375 2696
15919.203125 2722
15919.203125 2796
15921.5478515625 2584
15922.671875 2872
15944.419921875 2589
15949.31640625 2135
15951.6455078125 1802
15980.2734375 1853
16018.970703125 1892
16020.3271484375 1580
16050.146484375 25
16083.642578125 72
16094.4970703125 343
16096.0078125 710
16101.8369140625 755
16102.5224609375 885
16104.91015625 1683
16109.595703125 1776
16114.296875 1972
16119.90625 2047
16133.7109375 2138
16156.201171875 2185
16168.255859375 2344
16168.8544921875 2545
16172.2861328125 2573
16180.11328125 2855
16181.859375 2159
16215.68359375 1067
16222.884765625 371
16224.171875 243
16226.1591796875 1301
16231.0380859375 311
16269.927734375 426
16276.6240234375 648
16283.162109375 720
16283.341796875 792
16333.1103515625 940
16333.3505859375 1006
16343.6015625 1032
16356.779296875 1160
16366.71875 1189
16381.185546875 2183
16398.740234375 2190
16406.66796875 2301
16407.896484375 1459
16412.732421875 1649
16484.984375 353
16489.751953125 2706
16499.314453125 1511
16555.68359375 1778
16557.306640625 329
16585.1484375 731
16605.841796875 1400
16626.939453125 2070
16645.955078125 1480
16652.42578125 1714
16691.158203125 249
16703.61328125 94
16708.650390625 2823
16752.0703125 471
16764.859375 473
16789.001953125 747
16815.73828125 915
16849.673828125 921
16865.041015625 993
16870.861328125 1072
16871.126953125 1415
16895.755859375 1541
16906.140625 1746
16908.228515625 1949
16918.58984375 2079
16948.78125 2219
16957.181640625 2258
16975.37890625 2413
16994.634765625 2628
17005.890625 2828
17053.716796875 2903
17138.162109375 2996
17150.02734375 204
17167.8359375 1247
17194.654296875 1410
17209.5234375 1888
17222.490234375 1214
17247.091796875 1658
17251.78515625 2587
17283.181640625 380
17291.53125 688
17313.7734375 1761
17350.98046875 66
17351.529296875 127
17405.21875 179
17406.5859375 855
17413.05078125 1198
17447.41015625 1250
17451.8203125 1507
17458.6953125 1558
17490.501953125 2007
17495.572265625 2092
17505.291015625 2231
17563.939453125 2384
17593.779296875 2457
17637.60546875 2544
17640.8828125 2717
17653.40625 2774
17666.248046875 2794
17668.21484375 2909
17669.591796875 972
17710.3359375 1138
17723.72265625 1442
17744.36328125 1137
17765.646484375 102
17765.646484375 667
17774.34765625 1935
17790.037109375 2352
17790.568359375 2887
17841.169921875 427
17846.72265625 1533
17880.37890625 170
17937.248046875 262
17965.892578125 306
17977.35546875 596
18036.59765625 805
18072.69921875 849
18113.333984375 850
18114.431640625 965
18120.416015625 976
18152.1875 1058
18153.181640625 1403
18171.728515625 1645
18260.1484375 1999
18269.150390625 2292
18293.265625 2392
18302.310546875 2403
18306.9921875 2497
18310.916015625 2524
18349.35546875 2601
18350.12109375 2652
18458.60546875 2657
18521.966796875 2761
18523.40234375 2839
18561.80078125 2939
18662.029296875 2984
18665.068359375 1027
18736.41796875 622
18827.9296875 417
18844.875 450
18853.490234375 690
18867.19921875 969
18881.80859375 982
18900.26953125 1040
18930.1171875 1078
18967.06640625 1083
19013.65625 1382
19138.35546875 1391
19144.8671875 1486
19146.01171875 1503
19172.68359375 1547
19182.15625 1561
19207.994140625 1965
19275.642578125 2026
19331.150390625 2066
19387.12109375 2182
19393.94921875 2245
19430.150390625 2460
19458.248046875 2466
19552.44140625 2540
19748.4453125 2593
19765.408203125 2632
19775.71484375 2753
19916.6328125 2759
19939.072265625 2793
20020.630859375 2925
20063.07421875 2152
20064.09375 762
20075.6328125 2757
20117.89453125 37
20274.205078125 1624
20297.431640625 1271
20344.732421875 2370
20395.1171875 2895
20400.443359375 2411
20405.08203125 67
20475.541015625 150
20495.87890625 171
20539.0078125 195
20580.328125 363
20648.810546875 522
20753.560546875 657
20800.99609375 701
20825.7421875 760
21236.71484375 811
21285.955078125 874
21332.5234375 875
21338.130859375 1002
21396.421875 1007
21409.27734375 1023
21463.107421875 1356
21481.724609375 1378
21544.259765625 1489
21549.060546875 1629
21839.119140625 2721
21991.845703125 2032
21991.986328125 2259
22014.029296875 771
22020.79296875 1543
22101.30078125 2241
22260.56640625 1964
22303.140625 1625
22358.01953125 2693
22393.01171875 222
22429.939453125 258
22497.279296875 281
22554.990234375 506
22781.734375 582
22790.171875 724
22790.95703125 879
22887.869140625 1003
23010.0859375 1171
23189.8359375 1182
23226.05078125 1588
23276.154296875 1685
23277.716796875 1758
23384.404296875 2300
23479.2734375 2310
23636.99609375 2705
23673.6875 2845
23688.359375 2916
23734.48046875 1081
23784.76171875 1780
23853.97265625 16
23909.458984375 28
23986.921875 125
24080.599609375 212
24415.552734375 265
24454.201171875 295
24534.451171875 360
24557.876953125 364
24750.14453125 937
24867.916015625 1077
25280.21875 1101
25513.7265625 1241
25714.224609375 1243
25791.328125 1307
26824.716796875 1343
26988.521484375 1404
27068.263671875 1418
27083.193359375 1585
27202.82421875 1719
27234.8828125 1822
27309.859375 2009
27530.3359375 2164
27720.75390625 2214
29060.705078125 2250
29285.306640625 2263
31265.36328125 2342
32320.87890625 2359
33320.03515625 2547
