7403.6025390625 1446
7681.20166015625 87
7748.1728515625 251
7759.88818359375 527
7824.28271484375 529
8044.16064453125 625
8182.423828125 641
8217.814453125 693
8319.5859375 873
8363.392578125 881
8439.5517578125 928
8486.7607421875 1133
8702.8896484375 1283
8753.48828125 1318
8790.609375 1346
8827.2861328125 1417
8881.6728515625 1720
8910.2041015625 1987
8918.5009765625 2226
8961.2646484375 2296
8963.30859375 2515
8988.9775390625 2572
9004.7353515625 2669
9025.5244140625 2728
9058.958984375 2734
9076.009765625 2746
9083.8564453125 2852
9089.7490234375 2866
9120.251953125 2915
9146.7529296875 2949
9208.7998046875 377
9225.65234375 2281
9238.693359375 160
9243.4140625 1
9269.6904296875 425
9297.8515625 446
9305.6630859375 800
9346.8779296875 918
9371.72265625 953
9372.42578125 985
9374.587890625 986
9403.4033203125 1008
9408.8984375 1043
9409.787109375 1270
9422.7109375 1317
9424.2158203125 1435
9427.69921875 1548
9435.099609375 1606
9438.779296875 1661
9449.1806640625 1712
9460.568359375 2010
9484.5078125 2088
9488.306640625 2365
9499.640625 2410
9503.6123046875 2414
9505.408203125 2482
9521.599609375 2560
9527.9658203125 2781
9549.388671875 2820
9601.2900390625 997
9605.7275390625 1781
9607.935546875 81
9615.7724609375 229
9622.0576171875 440
9622.1044921875 548
9627.296875 611
9635.3115234375 826
9639.591796875 834
9662.1318359375 848
9672.654296875 871
9688.8740234375 893
9707.529296875 1231
9709.390625 1256
9718.7431640625 1315
9719.181640625 1458
9721.232421875 1550
9724.3896484375 1671
9739.3583984375 1711
9757.2265625 1815
9763.021484375 1893
9779.4990234375 2312
9783.22265625 2324
9790.2822265625 2385
9801.4814453125 2447
9812.697265625 2562
9844.326171875 2610
9871.166015625 2622
9877.4345703125 2853
9880.8232421875 2924
9887.4267578125 2927
9897.1259765625 2239
9898.8037109375 1362
9905.52734375 1926
9912.27734375 2997
9913.3388671875 254
9932.5126953125 388
9934.689453125 465
9935.8701171875 498
9945.7373046875 520
9966.234375 962
9976.6220703125 981
9992.0947265625 1156
10007.828125 1652
10025.6591796875 2205
10026.970703125 2339
10040.7099609375 2417
10041.9658203125 2494
10045.982421875 2687
10055.5751953125 1122
10073.654296875 1670
10090.4765625 264
10097.9345703125 2173
10102.98046875 1646
10111.361328125 2396
10127.2041015625 49
10133.189453125 189
10136.322265625 261
10137.5771484375 263
10138.99609375 430
10140.275390625 831
10144.4150390625 899
10147.4052734375 1123
10148.650390625 1169
10182.69140625 1350
10185.544921875 1405
10188.0263671875 1512
10188.830078125 1750
10204.07421875 1769
10204.8564453125 1908
10209.95703125 1966
10210.720703125 1982
10211.8994140625 1993
10213.8623046875 2094
10219.6083984375 2126
10237.1435546875 2141
10244.9560546875 2171
10246.966796875 2174
10249.435546875 2177
10254.0 2237
10255.5771484375 2367
10260.564453125 2536
10264.904296875 2542
10265.8505859375 2582
10273.990234375 2675
10276.5751953125 2703
10281.759765625 1873
10297.6298828125 2107
10300.515625 1281
10300.6259765625 455
10301.6357421875 470
10307.5712890625 902
10316.1240234375 926
10342.572265625 967
10356.2802734375 1104
10356.2802734375 1225
10362.2001953125 1286
10364.3193359375 1506
10372.3447265625 1516
10378.9482421875 1599
10383.8427734375 1779
10391.828125 1848
10398.45703125 1867
10404.3349609375 1883
10444.791015625 2063
10448.859375 2210
10451.6513671875 2246
10459.9833984375 2285
10462.36328125 2361
10462.677734375 2686
10465.2958984375 2700
10472.0126953125 88
10472.9736328125 586
10473.4111328125 136
10476.3388671875 1471
10484.7109375 226
10485.673828125 296
10489.94140625 1197
10490.6435546875 1666
10495.025390625 2511
10501.3662109375 101
10503.36328125 215
10510.775390625 549
10515.138671875 550
10524.9169921875 573
10526.30859375 1136
10536.24609375 1199
10536.953125 1530
10537.9296875 1581
10539.4609375 1640
10545.1064453125 1688
10546.5439453125 1968
10551.09375 2526
10551.61328125 2571
10556.134765625 2983
10564.3232421875 1787
10565.9921875 602
10566.109375 1146
10566.4033203125 253
10567.818359375 342
10578.66796875 843
10595.1494140625 1233
10595.369140625 1335
10598.65234375 1394
10602.111328125 1737
10606.857421875 1784
10607.7373046875 1950
10611.2783203125 2025
10611.4267578125 2473
10613.9072265625 2518
10623.73828125 999
10647.943359375 1056
10649.9580078125 1900
10651.5634765625 1304
10657.1416015625 1326
10664.595703125 2967
10664.595703125 1329
10672.296875 50
10675.88671875 318
10679.6103515625 389
10679.6103515625 478
10690.96484375 491
10697.091796875 580
10705.939453125 599
10707.9755859375 890
10720.2431640625 896
10738.859375 909
10743.71484375 919
10749.2802734375 995
10762.1767578125 1273
10763.7666015625 1342
10768.7099609375 1430
10770.4619140625 1495
10774.619140625 1568
10786.9873046875 1583
10790.734375 1764
10791.783203125 1774
10793.26953125 2065
10794.22265625 2117
10795.7958984375 2181
10796.51171875 2268
10801.513671875 2465
10810.625 2664
10813.9921875 2760
10814.203125 2764
10832.3134765625 2938
10839.470703125 2943
10846.958984375 1860
10864.63671875 2880
10879.5244140625 1333
10881.1611328125 2631
10885.4267578125 146
10885.69140625 1538
10891.8369140625 21
10891.8369140625 34
10892.572265625 200
10900.7587890625 288
10904.208984375 336
10907.388671875 385
10907.443359375 517
10912.5859375 546
10913.5380859375 609
10916.923828125 614
10929.1484375 683
10936.5029296875 686
10951.09765625 769
10956.3095703125 1097
10957.994140625 1221
10961.705078125 1322
10963.029296875 1359
10964.060546875 1376
10964.6181640625 1686
10965.8955078125 1854
10970.3349609375 2513
10970.6044921875 2553
10980.0966796875 2650
10987.55078125 2672
10989.7578125 2911
10989.8759765625 78
10994.1123046875 2713
10998.3115234375 2800
11005.341796875 2651
11005.791015625 2970
11019.857421875 1045
11023.5341796875 1068
11037.6435546875 2078
11037.703125 884
11039.67578125 886
11047.681640625 1028
11048.9375 1845
11049.2294921875 1932
11057.7451171875 2489
11058.41796875 90
11068.2265625 153
11071.64453125 240
11079.677734375 256
11084.515625 531
11087.4765625 644
11092.3076171875 706
11102.58203125 775
11110.70703125 1163
11112.703125 1483
11135.75390625 2114
11136.98046875 2379
11140.390625 2424
11147.546875 2433
11148.0 2435
11149.771484375 2442
11152.5625 2683
11157.482421875 2811
11168.2216796875 2176
11180.3310546875 169
11183.572265625 2207
11184.5478515625 1144
11185.603515625 2180
11187.6923828125 73
11235.822265625 663
11237.5390625 677
11241.0419921875 756
11241.703125 925
11253.54296875 927
11253.572265625 946
11254.830078125 996
11256.4619140625 1141
11256.517578125 1202
11263.751953125 1251
11276.509765625 1457
11278.1884765625 1502
11280.83984375 1591
11280.96875 1733
11285.19921875 1735
11301.0498046875 1919
11306.25 1933
11307.90625 1955
11309.8173828125 2002
11311.9287109375 2335
11313.291015625 2341
11317.9072265625 2565
11323.39453125 2695
11327.1953125 2763
11340.32421875 2840
11377.73828125 2422
11378.4072265625 1020
11384.7373046875 640
11385.1298828125 59
11388.0390625 177
11398.5673828125 191
11400.12109375 575
11406.79296875 687
11418.408203125 934
11419.6904296875 1119
11423.0146484375 1529
11425.2041015625 1697
11429.3837890625 1810
11436.6376953125 1831
11436.82421875 2354
11465.4814453125 2528
11470.7001953125 2679
11477.2744140625 2712
11489.166015625 2747
11491.41015625 2809
11507.767578125 2821
11511.2138671875 2842
11511.2724609375 2860
11512.9677734375 2906
11523.12109375 2994
11532.9638671875 186
11544.24609375 223
11553.7822265625 1594
11566.7802734375 410
11566.9638671875 631
11581.7822265625 132
11598.12109375 2576
11601.349609375 1282
11611.1083984375 488
11614.7802734375 869
11619.453125 2059
11624.7958984375 787
11628.0068359375 904
11628.57421875 137
11634.3173828125 275
11642.9638671875 328
11646.7236328125 333
11650.314453125 392
11652.2109375 407
11662.0625 489
11672.0888671875 680
11677.525390625 1022
11698.4931640625 1290
11701.0576171875 1358
11703.302734375 1607
11706.4970703125 1653
11709.6640625 2024
11719.2333984375 2184
11727.98046875 2221
11743.1123046875 2394
11743.626953125 2427
11775.587890625 2517
11780.150390625 2655
11780.220703125 2704
11783.078125 2900
11787.9951171875 2946
11790.9208984375 459
11796.037109375 1408
11796.12890625 1339
11796.3779296875 22
11796.4638671875 45
11797.96484375 300
11799.044921875 812
11816.634765625 922
11820.7353515625 947
11822.8046875 975
11823.7958984375 1001
11830.150390625 1095
11837.712890625 1275
11839.7373046875 1664
11846.3291015625 1708
11859.0146484375 1763
11861.359375 1766
11861.98046875 1889
11865.4580078125 2077
11871.3984375 2082
11876.23046875 2131
11877.6005859375 2315
11883.3203125 2317
11885.5166015625 2409
11889.13671875 2608
11891.8857421875 2616
11903.07421875 2649
11903.98046875 2819
11910.138671875 2862
11921.83203125 1164
11922.38671875 2213
11927.5888671875 1050
11931.8740234375 979
11934.625 1562
11948.09765625 1597
11951.669921875 2334
11966.4453125 587
11968.0927734375 630
11973.7373046875 777
12005.3076171875 1012
12019.603515625 1064
12019.89453125 1082
12021.26953125 1462
12022.6005859375 1501
12029.5791015625 1654
12038.59375 1800
12038.66796875 2656
12047.32421875 2884
12048.775390625 1416
12055.8310546875 1575
12061.3330078125 2889
12063.5478515625 445
12070.65234375 30
12076.677734375 2484
12080.64453125 38
12089.904296875 40
12090.5859375 76
12091.1572265625 77
12098.50390625 108
12115.501953125 164
12129.3369140625 211
12136.970703125 225
12144.5439453125 376
12147.1845703125 437
12150.2734375 510
12159.07421875 646
12159.818359375 671
12167.1376953125 738
12168.5576171875 770
12174.099609375 1434
12181.0458984375 1610
12197.103515625 1662
12197.43359375 1709
12204.0830078125 1998
12226.3408203125 2166
12237.3896484375 2220
12250.994140625 2238
12265.8037109375 2255
12274.10546875 2345
12274.138671875 2510
12277.267578125 2581
12284.2919921875 2607
12289.505859375 2807
12304.3359375 1015
12311.13671875 1984
12312.548828125 1258
12317.0615234375 2555
12334.224609375 1147
12351.568359375 865
12351.7255859375 939
12357.8603515625 1497
12378.904296875 2630
12385.5458984375 2752
12385.7001953125 457
12386.69140625 309
12389.25390625 316
12398.1279296875 483
12414.541015625 484
12417.42578125 633
12431.2529296875 1026
12448.9951171875 1036
12449.48828125 1176
12450.322265625 1423
12450.3876953125 1485
12451.5498046875 1590
12455.5810546875 1702
12494.251953125 1759
12497.51171875 1818
12498.384765625 1958
12508.7900390625 1963
12510.404296875 1977
12511.9443359375 2053
12518.0771484375 2056
12561.57421875 2125
12568.67578125 2304
12571.58203125 2356
12574.140625 2477
12574.71875 2533
12594.927734375 2732
12600.3876953125 2948
12607.40625 1601
12613.208984375 2256
12613.61328125 2104
12632.4462890625 284
12634.8583984375 182
12642.138671875 916
12642.83984375 1667
12660.072265625 1852
12677.16796875 727
12680.0029296875 2036
12701.7841796875 2772
12703.673828125 130
12708.0576171875 219
12711.775390625 394
12722.177734375 405
12729.2138671875 634
12762.2607421875 856
12766.09375 983
12777.5751953125 1117
12777.5947265625 1386
12782.8359375 1791
12783.853515625 1991
12792.1787109375 2060
12793.060546875 2215
12800.42578125 2314
12823.697265625 2440
12830.46875 2467
12835.3017578125 2618
12840.021484375 2648
12842.228515625 2694
12842.228515625 1772
12847.265625 818
12850.84765625 2907
12856.474609375 660
12867.60546875 1168
12867.96484375 1145
12877.3310546875 1476
12882.044921875 1618
12886.7939453125 655
12900.98046875 1592
12906.49609375 2120
12913.6240234375 2557
12919.982421875 112
12923.708984375 350
12923.8154296875 356
12929.97265625 448
12929.97265625 1500
12937.279296875 1526
12963.62890625 1587
12986.24609375 1881
12997.302734375 1943
12997.93359375 1962
12998.322265625 1995
13005.927734375 2075
13019.134765625 2118
13029.177734375 2309
13046.326171875 2418
13056.548828125 2516
13057.078125 2588
13093.68359375 2605
13108.7578125 2623
13113.787109375 2937
13115.8427734375 1005
13116.1337890625 110
13118.67578125 2360
13135.3447265625 121
13137.0185546875 1046
13138.20703125 298
13141.1171875 372
13156.60546875 492
13163.1298828125 752
13168.0849609375 838
13173.6591796875 903
13179.3759765625 1034
13193.677734375 1128
13198.337890625 1187
13226.611328125 1437
13231.04296875 1488
13236.439453125 1534
13241.974609375 1657
13259.251953125 1678
13262.2509765625 1824
13268.4892578125 1826
13355.388671875 1941
13357.3134765625 1997
13359.1728515625 2318
13377.5546875 2327
13384.8173828125 2362
13386.7490234375 2404
13389.162109375 2453
13396.4375 2458
13396.8193359375 2496
13403.2587890625 2696
13410.5771484375 2722
13428.4560546875 2796
13430.5078125 2584
13444.3740234375 2872
13468.2333984375 2589
13471.689453125 2135
13478.45703125 1802
13519.2666015625 1853
13522.095703125 1892
13545.271484375 1580
13547.0595703125 25
13564.6953125 72
13567.0185546875 343
13567.068359375 710
13572.234375 755
13586.376953125 885
13596.0439453125 1683
13602.54296875 1776
13603.705078125 1972
13610.1591796875 2047
13618.875 2138
13628.9033203125 2185
13639.0849609375 2344
13663.6572265625 2545
13687.0302734375 2573
13693.7705078125 2855
13703.46484375 2159
13711.814453125 1067
13732.15625 371
13734.5361328125 243
13747.939453125 1301
13749.994140625 311
13751.1748046875 426
13766.673828125 648
13775.021484375 720
13779.9873046875 792
13793.2158203125 940
13851.1845703125 1006
13871.7939453125 1032
13886.2490234375 1160
13901.734375 1189
13906.4072265625 2183
13920.267578125 2190
13925.5458984375 2301
13941.5595703125 1459
13993.189453125 1649
14002.1005859375 353
14018.7275390625 2706
14037.61328125 1511
14056.689453125 1778
14082.978515625 329
14122.494140625 731
14123.896484375 1400
14146.65234375 2070
14150.228515625 1480
14174.142578125 1714
14203.6728515625 249
14235.6708984375 94
14240.119140625 2823
14248.755859375 471
14263.810546875 473
14270.87109375 747
14271.3916015625 915
14276.7890625 921
14288.099609375 993
14295.9521484375 1072
14303.505859375 1415
14382.30078125 1541
14389.0283203125 1746
14451.314453125 1949
14480.787109375 2079
14481.09765625 2219
14486.66015625 2258
14497.193359375 2413
14569.310546875 2628
14576.1513671875 2828
14580.5625 2903
14599.15625 2996
14634.697265625 204
14635.732421875 1247
14648.87109375 1410
14713.6611328125 1888
14749.6015625 1214
14760.1689453125 1658
14790.44140625 2587
14802.2119140625 380
14841.349609375 688
14875.3212890625 1761
14887.81640625 66
14955.064453125 127
14971.8505859375 179
14997.654296875 855
15039.6279296875 1198
15091.0400390625 1250
15101.826171875 1507
15105.3154296875 1558
15105.51171875 2007
15136.8359375 2092
15142.029296875 2231
15160.9013671875 2384
15182.2373046875 2457
15189.7236328125 2544
15193.916015625 2717
15247.17578125 2774
15251.1376953125 2794
15251.634765625 2909
15271.8525390625 972
15272.068359375 1138
15391.89453125 1442
15395.12890625 1137
15435.7705078125 102
15440.2392578125 667
15467.90625 1935
15479.341796875 2352
15482.4423828125 2887
15487.310546875 427
15505.4765625 1533
15532.21484375 170
15557.05859375 262
15651.68359375 306
15699.97265625 596
15757.90234375 805
15766.43359375 849
15766.51171875 850
15791.27734375 965
15809.6484375 976
15841.69921875 1058
15855.353515625 1403
15902.189453125 1645
15916.078125 1999
15971.9462890625 2292
16008.3623046875 2392
16018.916015625 2403
16031.427734375 2497
16034.8466796875 2524
16074.015625 2601
16113.58203125 2652
16162.1650390625 2657
16162.712890625 2761
16204.130859375 2839
16214.66796875 2939
16271.1171875 2984
16287.2099609375 1027
16295.197265625 622
16301.955078125 417
16312.30078125 450
16418.236328125 690
16448.103515625 969
16450.048828125 982
16492.138671875 1040
16513.015625 1078
16554.001953125 1083
16646.431640625 1382
16676.53125 1391
16760.798828125 1486
16769.13671875 1503
16791.931640625 1547
16807.37890625 1561
16823.34765625 1965
16844.552734375 2026
16930.58203125 2066
16931.9140625 2182
16955.298828125 2245
16974.60546875 2460
16999.083984375 2466
17029.044921875 2540
17032.453125 2593
17048.51953125 2632
17105.78125 2753
17112.892578125 2759
17159.380859375 2793
17167.818359375 2925
17214.41796875 2152
17274.267578125 762
17292.427734375 2757
17294.701171875 37
17304.271484375 1624
17375.02734375 1271
17375.02734375 2370
17407.455078125 2895
17408.740234375 2411
17423.912109375 67
17451.208984375 150
17499.173828125 171
17566.357421875 195
17608.306640625 363
17615.658203125 522
17728.060546875 657
17750.150390625 701
17776.255859375 760
17817.435546875 811
17859.62890625 874
17907.244140625 875
17910.873046875 1002
17980.439453125 1007
18014.9921875 1023
18023.505859375 1356
18026.94140625 1378
18080.5546875 1489
18100.4453125 1629
18163.8359375 2721
18206.57421875 2032
18217.390625 2259
18219.67578125 771
18219.97265625 1543
18237.130859375 2241
18260.181640625 1964
18273.328125 1625
18351.517578125 2693
18362.833984375 222
18385.96484375 258
18419.07421875 281
18451.953125 506
18471.875 582
18492.30859375 724
18497.90234375 879
18649.466796875 1003
18671.73046875 1171
18710.7890625 1182
18737.09765625 1588
18780.49609375 1685
18865.974609375 1758
18944.78515625 2300
19009.751953125 2310
19125.029296875 2705
19217.154296875 2845
19287.19921875 2916
19363.53515625 1811
19478.857421875 2701
19507.669921875 421
19566.5234375 1440
19669.91015625 2337
19993.611328125 2531
20111.24609375 18
20209.025390625 29
20296.18359375 31
20349.5859375 104
20367.6953125 274
20450.7265625 321
20464.099609375 370
20489.078125 375
20492.236328125 562
20550.138671875 914
20829.89453125 944
20863.921875 1672
21034.416015625 1684
21137.720703125 1825
21236.794921875 1846
21295.744140625 1960
21432.74609375 1976
21459.833984375 2006
21474.201171875 2319
21497.951171875 2405
21554.4609375 2550
21844.494140625 2606
21877.32421875 2768
21945.673828125 1081
22083.3359375 1780
22083.3359375 16
22163.052734375 28
22274.369140625 125
22708.541015625 212
22717.705078125 265
22878.728515625 295
22890.00390625 360
23247.876953125 364
23328.03125 937
23456.548828125 1077
23477.080078125 1101
23584.720703125 1241
23783.39453125 1243
23802.794921875 1307
23857.708984375 1343
23922.974609375 1404
24092.865234375 1418
24176.95703125 1585
24725.111328125 1719
25298.181640625 1822
25411.0 2009
26116.81640625 2164
26591.91796875 2214
26655.51171875 2250
27522.322265625 2263
30969.015625 2342
31620.62890625 2359
33998.515625 2547
