4682.48486328125 1050
4897.7568359375 979
5175.8603515625 1562
5296.7587890625 1597
5404.30908203125 2334
5482.64892578125 587
5637.46044921875 630
5661.28125 777
5721.830078125 1012
5750.5361328125 1064
5783.11181640625 1082
5839.36669921875 1462
5863.37109375 1501
6032.6083984375 1654
6077.41357421875 1800
6083.3818359375 2656
6124.8994140625 2884
6134.0830078125 1416
6177.8056640625 1446
6231.0498046875 87
6342.04736328125 251
6346.162109375 527
6351.9833984375 529
6356.02880859375 625
6380.50830078125 641
6419.87744140625 693
6421.67041015625 873
6431.8349609375 881
6439.76953125 928
6519.85888671875 1133
6525.44287109375 1283
6539.48046875 1318
6583.3095703125 1346
6585.31640625 1417
6585.31640625 1720
6587.79345703125 1987
6607.9287109375 2226
6620.8935546875 2296
6623.6513671875 2515
6628.41748046875 2572
6634.66845703125 2669
6657.21142578125 2728
6707.02978515625 2734
6731.7197265625 2746
6759.1435546875 2852
6777.5029296875 2866
6802.4169921875 2915
6812.73046875 2949
6813.31640625 377
6822.7294921875 2281
6878.88525390625 160
6908.62451171875 1
6914.31640625 425
6931.1220703125 446
6935.9267578125 800
6966.82861328125 918
7057.7841796875 953
7068.779296875 985
7136.09326171875 986
7145.517578125 1008
7159.00146484375 1043
7201.2255859375 1270
7269.4267578125 1317
7285.16015625 1435
7288.03955078125 1548
7305.8525390625 1606
7411.625 1661
7460.62255859375 1712
7472.3779296875 2010
7511.671875 2088
7521.046875 2365
7523.53515625 2410
7555.60302734375 2414
7560.419921875 2482
7604.31640625 2560
7648.90087890625 2781
7679.15625 2820
7684.2294921875 997
7701.39111328125 1781
7768.55859375 81
7781.53857421875 229
7783.1142578125 440
7796.912109375 548
7813.3369140625 611
7839.4404296875 826
7841.216796875 834
7848.384765625 848
7918.6689453125 871
7928.48291015625 893
7948.9609375 1231
7951.7197265625 1256
7962.8916015625 1315
7975.29541015625 1458
7984.22802734375 1550
7999.3974609375 1671
8006.62890625 1711
8031.44580078125 1815
8062.203125 1893
8071.052734375 2312
8082.017578125 2324
8103.5576171875 2385
8109.48779296875 2447
8112.43310546875 2562
8119.32177734375 2610
8124.56103515625 2622
8159.060546875 2853
8163.2646484375 2924
8181.9560546875 2927
8193.0576171875 2239
8200.84765625 1362
8204.8359375 1926
8207.712890625 2997
8238.1943359375 254
8239.103515625 388
8250.123046875 465
8272.375 498
8299.7197265625 520
8315.330078125 962
8323.345703125 981
8326.5029296875 1156
8352.1923828125 1652
8363.515625 2205
8367.51953125 2339
8381.5078125 2417
8389.73046875 2494
8413.41015625 2687
8419.21484375 1122
8435.16015625 1670
8458.08984375 264
8483.123046875 2173
8485.404296875 1646
8487.041015625 2396
8487.5322265625 49
8487.904296875 189
8560.9482421875 261
8631.904296875 263
8638.2705078125 430
8648.5029296875 831
8648.578125 899
8670.177734375 1123
8670.88671875 1169
8696.048828125 1350
8703.921875 1405
8725.419921875 1512
8730.896484375 1750
8788.041015625 1769
8810.662109375 1908
8813.412109375 1966
8829.486328125 1982
8854.1025390625 1993
8861.904296875 2094
8876.3798828125 2126
8888.9140625 2141
8894.19140625 2171
8913.849609375 2174
8914.173828125 2177
8972.458984375 2237
9010.197265625 2367
9032.380859375 2536
9054.3544921875 2542
9059.6796875 2582
9078.8974609375 2675
9078.8974609375 2703
9112.796875 1873
9170.34765625 2107
9172.615234375 1281
9174.68359375 455
9212.966796875 470
9241.2421875 902
9260.1826171875 926
9264.4482421875 967
9269.158203125 1104
9278.4765625 1225
9282.6162109375 1286
9284.37890625 1506
9289.556640625 1516
9293.46484375 1599
9311.1416015625 1779
9327.7529296875 1848
9342.4169921875 1867
9371.765625 1883
9377.98828125 2063
9394.0244140625 2210
9403.177734375 2246
9416.765625 2285
9444.6787109375 2361
9463.3193359375 2686
9495.248046875 2700
9515.3671875 88
9519.04296875 586
9527.6943359375 136
9533.369140625 1471
9574.9091796875 226
9576.5869140625 296
9586.123046875 1197
9604.96484375 1666
9624.8955078125 2511
9665.9814453125 101
9725.9599609375 215
9742.9365234375 549
9767.8701171875 550
9817.7216796875 573
9834.5361328125 1136
9864.2978515625 1199
9880.2373046875 1530
9909.529296875 1581
9912.08984375 1640
9991.5263671875 1688
10043.64453125 1968
10075.8974609375 2526
10082.8369140625 2571
10141.6806640625 2983
10143.8046875 1787
10148.146484375 602
10209.091796875 1146
10240.361328125 253
10242.9072265625 342
10264.146484375 843
10309.7109375 1233
10346.052734375 1335
10358.6240234375 1394
10360.37109375 1737
10384.216796875 1784
10399.3310546875 1950
10400.587890625 2025
10474.3740234375 2473
10480.3154296875 2518
10487.529296875 999
10488.12109375 1056
10538.521484375 1900
10562.857421875 1304
10614.634765625 1326
10616.0947265625 2967
10620.16015625 1329
10639.7421875 50
10652.7021484375 318
10655.427734375 389
10658.7607421875 478
10672.84375 491
10686.015625 580
10713.482421875 599
10730.9375 890
10755.939453125 896
10785.615234375 909
10791.310546875 919
10794.7421875 995
10801.947265625 1273
10802.6015625 1342
10842.5634765625 1430
10857.640625 1495
10880.8330078125 1568
10903.744140625 1583
10934.9921875 1764
10975.5654296875 1774
10977.162109375 2065
10991.578125 2117
10993.220703125 2181
11002.927734375 2268
11028.3271484375 2465
11050.337890625 2664
11068.0078125 2760
11108.259765625 2764
11120.123046875 2938
11139.3037109375 2943
11159.6015625 1860
11171.388671875 2880
11183.12890625 1333
11185.1328125 2631
11238.58984375 146
11261.9228515625 1538
11274.333984375 21
11305.66796875 34
11314.6787109375 200
11319.2177734375 288
11349.302734375 336
11349.478515625 385
11365.3203125 517
11379.103515625 546
11405.583984375 609
11443.8359375 614
11444.138671875 683
11447.3037109375 686
11470.990234375 769
11567.26953125 1097
11579.1240234375 1221
11598.224609375 1322
11613.9755859375 1359
11636.779296875 1376
11644.189453125 1686
11671.55078125 1854
11708.544921875 2513
11732.888671875 2553
11760.619140625 2650
11841.69140625 2672
11844.478515625 2911
11846.5068359375 78
11847.603515625 2713
11861.9677734375 2800
11866.01953125 2651
11871.875 2970
11882.3251953125 1045
11887.6416015625 1068
11917.283203125 2078
11918.5673828125 884
11947.0859375 886
11955.95703125 1028
11972.8828125 1845
11984.5537109375 1932
11988.611328125 2489
12045.462890625 90
12066.3994140625 153
12077.8466796875 240
12079.4970703125 256
12084.6123046875 531
12150.50390625 644
12167.576171875 706
12193.85546875 775
12198.4931640625 1163
12200.46875 1483
12209.0068359375 2114
12222.50390625 2379
12253.064453125 2424
12258.978515625 2433
12307.5126953125 2435
12330.8701171875 2442
12367.0654296875 2683
12367.8701171875 2811
12372.2626953125 2176
12390.4033203125 169
12396.4482421875 2207
12426.978515625 1144
12436.876953125 2180
12439.1689453125 73
12445.51171875 663
12483.7021484375 677
12491.369140625 756
12516.9931640625 925
12539.4306640625 927
12551.556640625 946
12551.921875 996
12562.439453125 1141
12579.9951171875 1202
12605.66015625 1251
12608.12109375 1457
12685.1298828125 1502
12686.7783203125 1591
12688.0859375 1733
12695.5390625 1735
12697.1005859375 1919
12699.1083984375 1933
12712.005859375 1955
12724.60546875 2002
12731.2880859375 2335
12755.48046875 2341
12790.2353515625 2565
12825.19921875 2695
12851.05859375 2763
12856.751953125 2840
12905.5673828125 2422
12911.34375 1020
12981.5927734375 640
12981.9150390625 59
12993.4541015625 177
12999.025390625 191
13016.626953125 575
13054.6337890625 687
13057.296875 934
13060.798828125 1119
13068.97265625 1529
13115.775390625 1697
13132.279296875 1810
13157.5771484375 1831
13163.13671875 2354
13164.861328125 2528
13213.7626953125 2679
13216.330078125 2712
13225.8193359375 2747
13231.3759765625 2809
13277.02734375 2821
13283.3623046875 2842
13293.7568359375 2860
13315.8369140625 2906
13330.244140625 2994
13336.865234375 186
13379.9814453125 223
13384.48828125 1594
13413.54296875 410
13413.7392578125 631
13415.642578125 132
13430.5576171875 2576
13433.896484375 1282
13441.564453125 488
13460.455078125 869
13481.4404296875 2059
13499.794921875 787
13530.03125 904
13563.525390625 137
13612.61328125 275
13616.771484375 328
13747.923828125 333
13757.82421875 392
13787.470703125 407
13811.2353515625 489
13816.30859375 680
13873.9560546875 1022
13877.5078125 1290
13897.279296875 1358
13911.89453125 1607
13940.4794921875 1653
13973.4658203125 2024
13990.9384765625 2184
14050.51171875 2221
14060.119140625 2394
14061.39453125 2427
14066.65625 2517
14069.7763671875 2655
14071.3388671875 2704
14073.5390625 2900
14095.49609375 2946
14123.20703125 459
14136.408203125 1408
14138.763671875 1339
14151.8125 22
14177.8828125 45
14202.74609375 300
14205.3349609375 812
14251.9404296875 922
14275.994140625 947
14276.94921875 975
14381.57421875 1001
14385.439453125 1095
14388.2783203125 1275
14391.841796875 1664
14401.212890625 1708
14419.92578125 1763
14420.5576171875 1766
14428.5537109375 1889
14443.7607421875 2077
14462.0439453125 2082
14482.265625 2131
14560.7294921875 2315
14565.04296875 2317
14565.04296875 2409
14576.1611328125 2608
14603.5087890625 2616
14603.5087890625 2649
14608.3896484375 2819
14636.2734375 2862
14643.220703125 1164
14649.5361328125 2213
14652.189453125 1575
14691.1806640625 2889
14735.8818359375 445
14750.5419921875 30
14756.908203125 2484
14769.9404296875 38
14793.095703125 40
14804.6396484375 76
14824.1826171875 77
14872.642578125 108
14976.4150390625 164
14999.6337890625 211
15008.6669921875 225
15070.6484375 376
15098.572265625 437
15122.703125 510
15141.9521484375 646
15158.044921875 671
15175.173828125 738
15185.4951171875 770
15199.1376953125 1434
15228.0673828125 1610
15246.806640625 1662
15270.716796875 1709
15296.6650390625 1998
15297.3505859375 2166
15299.1337890625 2220
15326.7529296875 2238
15364.9619140625 2255
15396.9423828125 2345
15401.2060546875 2510
15427.40234375 2581
15440.490234375 2607
15465.7900390625 2807
15473.13671875 1015
15485.236328125 1984
15488.1240234375 1258
15490.087890625 2555
15493.2744140625 1147
15497.57421875 865
15513.115234375 939
15549.724609375 1497
15556.3232421875 2630
15558.748046875 2752
15574.5234375 457
15588.9248046875 309
15599.9736328125 316
15606.533203125 483
15613.9140625 484
15622.09375 633
15635.458984375 1026
15662.193359375 1036
15728.376953125 1176
15731.580078125 1423
15741.1689453125 1485
15742.97265625 1590
15758.556640625 1702
15777.380859375 1759
15784.8896484375 1818
15796.54296875 1958
15819.38671875 1963
15831.556640625 1977
15834.271484375 2053
15858.2646484375 2056
15858.4111328125 2125
15869.322265625 2304
15869.322265625 2356
15941.7744140625 2477
15965.759765625 2533
15969.87109375 2732
15984.8203125 2948
16002.03515625 1601
16010.9365234375 2256
16011.4423828125 2104
16014.7275390625 284
16020.1455078125 182
16040.6875 916
16056.3486328125 1667
16093.5166015625 1852
16129.6552734375 727
16130.28125 2036
16161.5107421875 2772
16182.90625 130
16198.912109375 219
16202.6875 394
16236.01171875 405
16264.75 634
16299.18359375 856
16302.263671875 983
16310.8984375 1117
16325.7890625 1386
16329.640625 1791
16346.224609375 1991
16351.94140625 2060
16359.220703125 2215
16369.005859375 2314
16400.23046875 2440
16400.86328125 2467
16411.44140625 2618
16440.55859375 2648
16453.638671875 2694
16455.966796875 1772
16522.89453125 818
16583.435546875 2907
16585.0390625 660
16589.2265625 1168
16624.326171875 1145
16664.740234375 1476
16687.466796875 1618
16697.2578125 655
16698.66796875 1592
16720.28515625 2120
16737.333984375 2557
16811.83203125 112
16841.904296875 350
16851.2734375 356
16875.90234375 448
16909.564453125 1500
16929.83203125 1526
16940.4140625 1587
16941.46875 1881
16943.45703125 1943
16975.17578125 1962
17005.939453125 1995
17007.357421875 2075
17022.935546875 2118
17028.0 2309
17061.845703125 2418
17069.2578125 2516
17084.9375 2588
17085.69921875 2605
17088.869140625 2623
17091.974609375 2937
17098.017578125 1005
17138.98046875 110
17153.052734375 2360
17158.849609375 121
17163.083984375 1046
17166.84765625 298
17186.810546875 372
17186.943359375 492
17218.6015625 752
17280.498046875 838
17288.849609375 903
17297.5703125 1034
17320.748046875 1128
17355.001953125 1187
17383.373046875 1437
17384.0078125 1488
17384.779296875 1534
17411.181640625 1657
17411.826171875 1678
17411.8359375 1824
17436.66015625 1826
17463.1640625 1941
17487.05078125 1997
17493.6171875 2318
17533.740234375 2327
17535.943359375 2362
17568.283203125 2404
17575.701171875 2453
17654.029296875 2458
17677.763671875 2496
17719.384765625 2696
17722.6640625 2722
17728.34765625 2796
17760.1015625 2584
17813.533203125 2872
17813.533203125 2589
17817.25390625 2135
17819.91015625 1802
17864.98046875 1853
17865.263671875 1892
17878.44921875 1580
17925.82421875 25
17943.173828125 72
17989.185546875 343
18030.046875 710
18037.8359375 755
18060.142578125 885
18070.45703125 1683
18082.974609375 1776
18088.439453125 1972
18098.263671875 2047
18119.408203125 2138
18154.796875 2185
18187.171875 2344
18198.46484375 2545
18228.8359375 2573
18231.041015625 2855
18233.66796875 2159
18286.197265625 1067
18300.76171875 371
18310.806640625 243
18321.21875 1301
18330.771484375 311
18333.9765625 426
18357.640625 648
18384.865234375 720
18389.673828125 792
18402.400390625 940
18410.1796875 1006
18439.005859375 1032
18453.140625 1160
18454.93359375 1189
18472.8359375 2183
18545.2421875 2190
18547.7734375 2301
18603.755859375 1459
18621.421875 1649
18626.154296875 353
18639.462890625 2706
18642.396484375 1511
18660.17578125 1778
18690.61328125 329
18697.4765625 731
18698.5703125 1400
18731.41796875 2070
18736.16796875 1480
18755.24609375 1714
18755.759765625 249
18767.1875 94
18804.1640625 2823
18842.20703125 471
18844.119140625 473
18855.83984375 747
18872.369140625 915
18876.2109375 921
18928.884765625 993
18941.296875 1072
18948.689453125 1415
18953.052734375 1541
18962.6171875 1746
18983.048828125 1949
19014.18359375 2079
19051.333984375 2219
19064.267578125 2258
19070.591796875 2413
19081.4921875 2628
19087.544921875 2828
19103.056640625 2903
19136.646484375 2996
19159.681640625 204
19218.837890625 1247
19231.625 1410
19250.919921875 1888
19252.380859375 1214
19258.3515625 1658
19273.591796875 2587
19310.4375 380
19328.828125 688
19337.248046875 1761
19340.705078125 66
19350.57421875 127
19353.5390625 179
19397.57421875 855
19439.85546875 1198
19445.728515625 1250
19461.525390625 1507
19503.32421875 1558
19520.171875 2007
19527.615234375 2092
19539.791015625 2231
19547.341796875 2384
19552.1875 2457
19555.751953125 2544
19570.1875 2717
19578.1640625 2774
19581.9453125 2794
19583.779296875 2909
19584.40625 972
19590.66015625 1138
19598.716796875 1442
19605.73046875 1137
19648.0234375 102
19674.78125 667
19697.78515625 1935
19728.859375 2352
19755.748046875 2887
19778.11328125 427
19844.279296875 1533
19864.609375 170
19878.375 262
19880.1171875 306
19896.544921875 596
19917.78515625 805
19963.13671875 849
19975.267578125 850
19987.03515625 965
20030.673828125 976
20038.505859375 1058
20063.75 1403
20078.072265625 1645
20153.724609375 1999
20159.150390625 2292
20160.517578125 2392
20181.458984375 2403
20185.646484375 2497
20198.30078125 2524
20216.18359375 2601
20290.33203125 2652
20338.087890625 2657
20409.287109375 2761
20410.6875 2839
20433.09765625 2939
20445.974609375 2984
20466.853515625 1027
20508.880859375 622
20516.056640625 417
20529.97265625 450
20556.28125 690
20622.59375 969
20625.080078125 982
20630.16015625 1040
20640.17578125 1078
20640.43359375 1083
20728.322265625 1382
20736.1328125 1391
20740.65625 1486
20758.00390625 1503
20804.880859375 1547
20814.177734375 1561
20938.607421875 1965
20948.962890625 2026
20998.115234375 2066
21012.404296875 2182
21026.603515625 2245
21054.349609375 2460
21058.8203125 2466
21115.703125 2540
21125.23828125 2593
21151.501953125 2632
21179.619140625 2753
21301.056640625 2759
21352.10546875 2793
21361.48828125 2925
21414.111328125 2152
21470.521484375 762
21470.845703125 2757
21471.19140625 37
21476.35546875 1624
21486.486328125 1271
21544.537109375 2370
21561.7109375 2895
21600.962890625 2411
21607.564453125 67
21620.244140625 150
21638.349609375 171
21651.513671875 195
21752.072265625 363
21789.384765625 522
21790.01171875 657
21800.701171875 701
21918.251953125 760
21952.87890625 811
21961.51953125 874
21981.73046875 875
21983.048828125 1002
22022.224609375 1007
22123.16015625 1023
22126.912109375 1356
22143.958984375 1378
22153.666015625 1489
22157.85546875 1629
22175.150390625 2721
22202.73046875 2032
22248.31640625 2259
22268.060546875 771
22272.205078125 1543
22320.369140625 2241
22321.669921875 1964
22331.806640625 1625
22349.814453125 2693
22385.439453125 222
22414.5234375 258
22426.05078125 281
22445.849609375 506
22461.130859375 582
22461.525390625 724
22464.369140625 879
22482.658203125 1003
22631.90625 1171
22710.912109375 1182
22815.365234375 1588
22840.16015625 1685
22869.244140625 1758
22875.25 2300
22895.359375 2310
22908.994140625 2705
22966.216796875 2845
23138.25 2916
23155.625 1811
23238.984375 2701
23281.33203125 421
23383.283203125 1440
23393.6875 2337
23452.294921875 2531
23479.4140625 18
23480.7734375 29
23698.236328125 31
23729.109375 104
23807.76953125 274
23824.58203125 321
23824.58203125 370
23878.509765625 375
23887.076171875 562
23981.58203125 914
24059.154296875 944
24078.701171875 1672
24264.58203125 1684
24296.912109375 1825
24428.49609375 1846
24550.92578125 1960
24579.3671875 1976
24593.25 2006
24603.140625 2319
24637.341796875 2405
24666.6171875 2550
24682.408203125 2606
24746.359375 2768
24778.23046875 1081
24788.517578125 1780
24807.2890625 16
24882.908203125 28
25038.98046875 125
25044.814453125 212
25057.60546875 265
25095.580078125 295
25163.541015625 360
25185.388671875 364
25429.55078125 937
25680.244140625 1077
25710.19140625 1101
25728.6875 1241
25792.890625 1243
25964.2421875 1307
26270.533203125 1343
26411.12109375 1404
26599.14453125 1418
26814.7421875 1585
26830.109375 1719
27437.568359375 1822
27525.41015625 2009
27590.255859375 2164
27604.787109375 2214
28250.390625 2250
28691.966796875 2263
31070.48046875 2342
32254.943359375 2359
35019.3828125 2547
