6390.11669921875 1333
6577.60986328125 2631
6689.2939453125 146
6705.9033203125 1538
6838.13525390625 21
6870.42822265625 34
6960.677734375 200
6963.4208984375 288
7010.68115234375 336
7347.134765625 385
7421.84228515625 517
7470.48388671875 546
7559.5126953125 609
7575.44384765625 614
7640.2353515625 683
7643.43212890625 686
7665.7275390625 769
7670.90625 1097
7690.267578125 1221
7768.015625 1322
7791.2734375 1359
7824.916015625 1376
7864.2666015625 1686
7886.05908203125 1854
7918.62353515625 2513
7923.33251953125 2553
7991.19580078125 2650
7992.2626953125 2672
7995.60009765625 2911
8011.83251953125 78
8022.92919921875 2713
8056.2490234375 2800
8056.59912109375 2651
8168.15185546875 2970
8176.5107421875 1045
8185.3818359375 1068
8224.8466796875 1446
8229.6162109375 87
8240.982421875 251
8266.525390625 527
8266.83984375 529
8273.19140625 625
8316.8115234375 641
8320.7060546875 693
8320.7060546875 873
8335.064453125 881
8362.625 928
8380.341796875 1133
8384.3896484375 1283
8408.69921875 1318
8420.5068359375 1346
8466.91015625 1417
8468.2783203125 1720
8480.943359375 1987
8493.7939453125 2226
8494.9951171875 2296
8529.4619140625 2515
8530.3173828125 2572
8566.8125 2669
8573.259765625 2728
8573.259765625 2734
8601.884765625 2746
8603.541015625 2852
8606.677734375 2866
8614.658203125 2915
8621.4375 2949
8624.9970703125 377
8629.666015625 2281
8641.4169921875 160
8649.9716796875 1
8659.626953125 425
8701.83203125 446
8731.009765625 800
8736.412109375 918
8746.271484375 953
8769.466796875 985
8783.2294921875 986
8799.974609375 1008
8800.4833984375 1043
8826.9814453125 1270
8837.74609375 1317
8839.0302734375 1435
8868.2607421875 1548
8868.736328125 1606
8870.5146484375 1661
8903.5400390625 1712
8903.896484375 2010
8904.5849609375 2088
8954.255859375 2365
8963.876953125 2410
8974.2197265625 2414
8981.28515625 2482
8985.978515625 2560
8991.9423828125 2781
8992.9580078125 2820
9009.3642578125 997
9013.068359375 1781
9013.322265625 81
9026.5380859375 229
9077.6728515625 440
9095.6015625 548
9097.3310546875 611
9106.380859375 826
9116.7783203125 834
9134.732421875 848
9139.63671875 871
9163.4375 893
9181.5263671875 1231
9184.3349609375 1256
9192.2890625 1315
9205.080078125 1458
9218.9296875 1550
9229.28125 1671
9229.341796875 1711
9245.88671875 1815
9251.515625 1893
9259.111328125 2312
9270.8828125 2324
9276.615234375 2385
9278.7861328125 2447
9279.876953125 2562
9299.0078125 2610
9305.3759765625 2622
9309.560546875 2853
9380.7333984375 2924
9395.5771484375 2927
9434.4833984375 2239
9436.6611328125 1362
9440.9873046875 1926
9456.9326171875 2997
9459.1494140625 254
9476.447265625 388
9493.775390625 465
9498.4287109375 498
9506.392578125 520
9517.015625 962
9524.1796875 981
9531.427734375 1156
9531.52734375 1652
9545.6611328125 2205
9551.7685546875 2339
9555.134765625 2417
9558.0859375 2494
9589.162109375 2687
9593.576171875 1122
9610.9775390625 1670
9620.6513671875 264
9642.0576171875 2173
9654.587890625 1646
9656.2197265625 2396
9677.7861328125 49
9694.3583984375 189
9694.86328125 261
9710.171875 263
9710.3671875 430
9714.5205078125 831
9722.830078125 899
9726.4306640625 1123
9741.0380859375 1169
9744.880859375 1350
9756.216796875 1405
9759.2861328125 1512
9761.765625 1750
9766.455078125 1769
9767.8525390625 1908
9783.322265625 1966
9799.580078125 1982
9806.1865234375 1993
9823.6435546875 2094
9830.1982421875 2126
9853.5595703125 2141
9858.62890625 2171
9860.75 2174
9864.240234375 2177
9869.5791015625 2237
9871.0693359375 2367
9871.0693359375 2536
9887.79296875 2542
9890.6025390625 2582
9895.912109375 2675
9902.94140625 2703
9906.5009765625 1873
9922.158203125 2107
9922.87890625 1281
9961.0654296875 455
9964.0693359375 470
9966.939453125 902
9978.5537109375 926
9982.498046875 967
9985.3271484375 1104
9986.6767578125 1225
9993.3349609375 1286
9999.634765625 1506
10039.3056640625 1516
10098.341796875 1599
10121.3408203125 1779
10130.10546875 1848
10130.7001953125 1867
10158.294921875 1883
10163.14453125 2063
10167.689453125 2210
10193.607421875 2246
10201.986328125 2285
10202.16796875 2361
10226.099609375 2686
10228.984375 2700
10249.1943359375 88
10255.3994140625 586
10261.44140625 136
10269.353515625 1471
10271.3720703125 226
10278.3115234375 296
10304.515625 1197
10306.068359375 1666
10335.052734375 2511
10349.4130859375 101
10366.939453125 215
10378.5830078125 549
10389.5419921875 550
10417.259765625 573
10424.8056640625 1136
10439.4736328125 1199
10459.630859375 1530
10466.12890625 1581
10477.982421875 1640
10479.8115234375 1688
10479.8154296875 1968
10481.3095703125 2526
10483.25 2571
10518.3642578125 2983
10522.7265625 1787
10524.416015625 602
10527.408203125 1146
10551.1005859375 253
10561.341796875 342
10568.369140625 843
10571.5283203125 1233
10601.9794921875 1335
10603.134765625 1394
10609.1640625 1737
10618.6904296875 1784
10652.087890625 1950
10687.0556640625 2025
10690.1728515625 2473
10694.76171875 2518
10705.712890625 999
10723.6025390625 1056
10727.392578125 1900
10731.328125 1304
10748.6162109375 1326
10771.54296875 2967
10780.5673828125 1329
10781.462890625 50
10781.779296875 318
10790.8818359375 389
10799.083984375 478
10806.0712890625 491
10813.8486328125 580
10820.8994140625 599
10838.4189453125 890
10849.234375 896
10856.0673828125 909
10866.349609375 919
10893.5166015625 995
10910.6181640625 1273
10919.44140625 1342
10944.3955078125 1430
10959.234375 1495
11003.2568359375 1568
11020.28125 1583
11031.8193359375 1764
11049.28125 1774
11049.3515625 2065
11087.9482421875 2117
11126.7724609375 2181
11133.4814453125 2268
11139.791015625 2465
11196.37890625 2664
11218.732421875 2760
11219.796875 2764
11220.701171875 2938
11227.455078125 2943
11232.962890625 1860
11234.482421875 2880
11237.6953125 2078
11247.0673828125 884
11254.400390625 886
11294.935546875 1028
11309.744140625 1845
11336.490234375 1932
11350.1533203125 2489
11352.611328125 90
11352.7529296875 153
11354.236328125 240
11405.845703125 256
11445.4990234375 531
11456.15234375 644
11471.4560546875 706
11473.8095703125 775
11496.66796875 1163
11498.646484375 1483
11520.33203125 2114
11543.0947265625 2379
11549.689453125 2424
11553.4736328125 2433
11593.767578125 2435
11618.3427734375 2442
11635.3984375 2683
11635.7138671875 2811
11693.0673828125 2176
11706.4404296875 169
11712.4033203125 2207
11716.955078125 1144
11727.3681640625 2180
11732.814453125 73
11732.9072265625 663
11736.978515625 677
11740.322265625 756
11748.2890625 925
11779.38671875 927
11785.080078125 946
11786.3330078125 996
11813.19921875 1141
11813.375 1202
11846.1640625 1251
11867.765625 1457
11882.5908203125 1502
11887.798828125 1591
11904.6650390625 1733
11916.556640625 1735
11917.5302734375 1919
11948.4384765625 1933
11957.2568359375 1955
11969.318359375 2002
11993.421875 2335
12013.90234375 2341
12024.2685546875 2565
12027.5478515625 2695
12032.7939453125 2763
12034.849609375 2840
12119.294921875 2422
12122.890625 1020
12152.3330078125 640
12156.5556640625 59
12164.69921875 177
12169.701171875 191
12169.9248046875 575
12193.794921875 687
12235.1484375 934
12237.7626953125 1119
12239.818359375 1529
12265.2890625 1697
12268.140625 1810
12283.2314453125 1831
12306.20703125 2354
12330.2470703125 2528
12376.876953125 2679
12378.6015625 2712
12381.65234375 2747
12384.48828125 2809
12392.744140625 2821
12425.01171875 2842
12437.63671875 2860
12438.2109375 2906
12465.201171875 2994
12518.7822265625 186
12541.1533203125 223
12562.2578125 1594
12591.998046875 410
12604.796875 631
12616.7236328125 132
12629.3671875 2576
12650.5927734375 1282
12660.88671875 488
12671.77734375 869
12675.181640625 2059
12682.1591796875 787
12724.064453125 904
12730.9541015625 137
12735.1083984375 275
12762.8701171875 328
12796.44140625 333
12812.4130859375 392
12825.8232421875 407
12844.15234375 489
12850.685546875 680
12870.021484375 1022
12904.248046875 1290
12946.6484375 1358
12950.6162109375 1607
12973.083984375 1653
12978.6513671875 2024
12980.537109375 2184
13018.6318359375 2221
13033.3056640625 2394
13035.3251953125 2427
13046.7314453125 2517
13061.30859375 2655
13083.935546875 2704
13099.40234375 2900
13112.740234375 2946
13120.369140625 459
13160.865234375 1408
13171.203125 1339
13243.421875 22
13252.1240234375 45
13266.1171875 300
13297.52734375 812
13334.1591796875 922
13386.8564453125 947
13397.9462890625 975
13422.306640625 1001
13424.1787109375 1095
13437.2822265625 1275
13450.7412109375 1664
13469.5849609375 1708
13477.548828125 1763
13492.2685546875 1766
13566.7080078125 1889
13570.771484375 2077
13592.2001953125 2082
13592.205078125 2131
13636.3359375 2315
13670.1669921875 2317
13707.7958984375 2409
13728.72265625 2608
13742.94921875 2616
13755.2099609375 2649
13794.15234375 2819
13796.60546875 2862
13866.4228515625 1164
13870.21875 2213
13882.6767578125 1050
13908.4970703125 979
13949.7431640625 1562
13959.4912109375 1597
13969.6787109375 2334
13971.4716796875 587
13998.984375 630
14042.6796875 777
14102.345703125 1012
14133.98046875 1064
14195.580078125 1082
14261.9111328125 1462
14285.091796875 1501
14295.58203125 1654
14297.6240234375 1800
14344.24609375 2656
14393.8759765625 2884
14398.28125 1416
14468.1787109375 1575
14469.9306640625 2889
14525.2353515625 445
14527.23828125 30
14581.658203125 2484
14637.662109375 38
14657.203125 40
14660.931640625 76
14728.1923828125 77
14729.431640625 108
14753.779296875 164
14877.6298828125 211
14886.1796875 225
14889.158203125 376
14899.9677734375 437
14902.7861328125 510
14943.76953125 646
14981.8427734375 671
14989.6669921875 738
15004.787109375 770
15060.423828125 1434
15090.6259765625 1610
15094.541015625 1662
15105.4541015625 1709
15135.9091796875 1998
15139.0498046875 2166
15153.77734375 2220
15154.42578125 2238
15169.7998046875 2255
15177.7978515625 2345
15179.5087890625 2510
15181.3515625 2581
15186.3876953125 2607
15191.2763671875 2807
15196.169921875 1015
15225.26953125 1984
15236.62109375 1258
15240.681640625 2555
15247.7841796875 1147
15251.6533203125 865
15261.595703125 939
15280.748046875 1497
15295.2509765625 2630
15338.8544921875 2752
15347.4599609375 457
15348.6357421875 309
15351.1943359375 316
15359.1806640625 483
15372.205078125 484
15387.328125 633
15406.537109375 1026
15415.89453125 1036
15424.5 1176
15439.1904296875 1423
15479.4765625 1485
15494.669921875 1590
15497.529296875 1702
15497.7958984375 1759
15511.3203125 1818
15517.13671875 1958
15520.1376953125 1963
15520.6533203125 1977
15525.1943359375 2053
15535.3984375 2056
15562.5947265625 2125
15567.8212890625 2304
15573.8271484375 2356
15609.619140625 2477
15619.1982421875 2533
15621.8369140625 2732
15664.44921875 2948
15676.513671875 1601
15687.05078125 2256
15709.6845703125 2104
15748.3935546875 284
15752.7880859375 182
15761.984375 916
15783.3134765625 1667
15797.0244140625 1852
15846.67578125 727
15853.5849609375 2036
15870.537109375 2772
15901.634765625 130
15906.1083984375 219
15934.138671875 394
15957.845703125 405
15975.720703125 634
15980.19921875 856
15983.119140625 983
15986.7158203125 1117
16041.5400390625 1386
16042.0634765625 1791
16044.02734375 1991
16046.9462890625 2060
16068.9189453125 2215
16118.177734375 2314
16118.177734375 2440
16132.080078125 2467
16135.2109375 2618
16145.0068359375 2648
16147.029296875 2694
16152.568359375 1772
16199.4296875 818
16199.7421875 2907
16230.470703125 660
16232.333984375 1168
16235.6494140625 1145
16244.1005859375 1476
16257.80859375 1618
16280.7490234375 655
16285.2236328125 1592
16325.5390625 2120
16326.779296875 2557
16338.853515625 112
16366.94140625 350
16377.0927734375 356
16390.3359375 448
16394.318359375 1500
16394.318359375 1526
16399.810546875 1587
16435.41796875 1881
16439.60546875 1943
16456.818359375 1962
16477.845703125 1995
16491.390625 2075
16524.3203125 2118
16564.833984375 2309
16585.033203125 2418
16606.041015625 2516
16616.609375 2588
16665.357421875 2605
16683.72265625 2623
16693.197265625 2937
16767.373046875 1005
16776.9296875 110
16871.048828125 2360
16898.51953125 121
17102.169921875 1046
17188.52734375 298
17193.56640625 372
17198.994140625 492
17215.419921875 752
17279.5 838
17294.2421875 903
17314.876953125 1034
17319.447265625 1128
17328.259765625 1187
17330.802734375 1437
17333.46484375 1488
17352.328125 1534
17357.158203125 1657
17362.94921875 1678
17373.763671875 1824
17416.6640625 1826
17420.09375 1941
17427.98828125 1997
17430.171875 2318
17430.3125 2327
17433.130859375 2362
17470.39453125 2404
17498.044921875 2453
17510.5546875 2458
17557.93359375 2496
17591.349609375 2696
17592.833984375 2722
17599.392578125 2796
17608.025390625 2584
17682.484375 2872
17727.681640625 2589
17738.30078125 2135
17798.45703125 1802
17808.216796875 1853
17816.232421875 1892
17822.10546875 1580
17841.134765625 25
17845.685546875 72
17865.99609375 343
17891.193359375 710
17898.150390625 755
17911.611328125 885
17936.791015625 1683
17972.125 1776
18004.93359375 1972
18021.12890625 2047
18023.716796875 2138
18054.982421875 2185
18064.30078125 2344
18101.787109375 2545
18140.984375 2573
18147.599609375 2855
18153.958984375 2159
18202.6484375 1067
18218.6875 371
18267.380859375 243
18279.1328125 1301
18322.234375 311
18322.234375 426
18372.55859375 648
18375.783203125 720
18377.84375 792
18410.599609375 940
18413.109375 1006
18413.26953125 1032
18472.51171875 1160
18475.044921875 1189
18477.232421875 2183
18477.47265625 2190
18488.255859375 2301
18489.63671875 1459
18504.48046875 1649
18528.310546875 353
18550.673828125 2706
18563.958984375 1511
18569.43359375 1778
18632.87109375 329
18642.150390625 731
18649.712890625 1400
18672.423828125 2070
18678.21875 1480
18678.48046875 1714
18712.13671875 249
18716.890625 94
18738.009765625 2823
18779.095703125 471
18819.05859375 473
18908.806640625 747
18917.802734375 915
18929.890625 921
18930.486328125 993
18965.708984375 1072
19024.392578125 1415
19029.931640625 1541
19038.666015625 1746
19056.125 1949
19060.1171875 2079
19062.890625 2219
19074.0 2258
19077.052734375 2413
19102.79296875 2628
19240.548828125 2828
19261.38671875 2903
19316.626953125 2996
19343.41796875 204
19347.244140625 1247
19382.251953125 1410
19394.673828125 1888
19429.916015625 1214
19493.681640625 1658
19529.173828125 2587
19581.78125 380
19637.54296875 688
19648.72265625 1761
19671.0703125 66
19801.78515625 127
19815.8203125 179
19826.78515625 855
19840.962890625 1198
19840.962890625 1250
19861.34375 1507
19865.90234375 1558
19903.3828125 2007
19968.69921875 2092
19996.83984375 2231
20014.1796875 2384
20029.583984375 2457
20048.94140625 2544
20057.15234375 2717
20072.240234375 2774
20096.18359375 2794
20110.412109375 2909
20127.115234375 972
20136.57421875 1138
20154.369140625 1442
20181.806640625 1137
20198.12890625 102
20221.10546875 667
20228.654296875 1935
20249.84375 2352
20285.54296875 2887
20286.359375 427
20299.375 1533
20301.708984375 170
20304.599609375 262
20360.009765625 306
20377.125 596
20431.943359375 805
20469.634765625 849
20470.48046875 850
20489.10546875 965
20493.208984375 976
20507.16796875 1058
20526.83984375 1403
20541.44140625 1645
20543.0546875 1999
20553.05078125 2292
20574.3125 2392
20581.908203125 2403
20630.53125 2497
20672.1328125 2524
20711.294921875 2601
20735.177734375 2652
20738.826171875 2657
20741.01953125 2761
20791.748046875 2839
20890.19921875 2939
20926.88671875 2984
21008.501953125 1027
21024.427734375 622
21030.732421875 417
21040.40625 450
21132.384765625 690
21179.052734375 969
21214.3828125 982
21222.248046875 1040
21237.365234375 1078
21291.724609375 1083
21304.408203125 1382
21325.265625 1391
21332.3359375 1486
21342.28125 1503
21370.037109375 1547
21374.203125 1561
21405.66796875 1965
21413.064453125 2026
21425.8984375 2066
21426.65625 2182
21436.625 2245
21516.3984375 2460
21537.48828125 2466
21556.470703125 2540
21574.005859375 2593
21594.478515625 2632
21619.802734375 2753
21623.9296875 2759
21623.93359375 2793
21635.546875 2925
21640.294921875 2152
21659.306640625 762
21761.05078125 2757
21817.970703125 37
21825.95703125 1624
21856.982421875 1271
21880.728515625 2370
21886.2421875 2895
21924.3359375 2411
21937.34765625 67
21956.619140625 150
22048.572265625 171
22114.306640625 195
22123.048828125 363
22230.849609375 522
22261.81640625 657
22317.3125 701
22397.59765625 760
22404.1875 811
22419.671875 874
22456.87109375 875
22466.61328125 1002
22527.087890625 1007
22544.31640625 1023
22592.50390625 1356
22652.517578125 1378
22780.94140625 1489
22828.181640625 1629
22841.86328125 2721
22879.96875 2032
22953.4140625 2259
23026.349609375 771
23088.26953125 1543
23108.2265625 2241
23112.748046875 1964
23159.09375 1625
23166.27734375 2693
23215.96484375 222
23346.23046875 258
23347.88671875 281
23359.564453125 506
23411.89453125 582
23411.89453125 724
23439.87890625 879
23469.8359375 1003
23639.6875 1171
23690.361328125 1182
23694.57421875 1588
23718.384765625 1685
23728.544921875 1758
23731.6328125 2300
23750.94140625 2310
23784.958984375 2705
23814.0234375 2845
23828.314453125 2916
23841.509765625 1811
23848.21875 2701
23861.591796875 421
23870.525390625 1440
23900.759765625 2337
24008.646484375 2531
24044.62109375 18
24166.66796875 29
24226.03515625 31
24251.814453125 104
24269.375 274
24439.572265625 321
24452.17578125 370
24547.548828125 375
24587.21484375 562
24605.28515625 914
24672.4609375 944
24689.91796875 1672
24716.365234375 1684
24733.86328125 1825
24837.978515625 1846
25039.908203125 1960
25048.01953125 1976
25048.5 2006
25062.546875 2319
25284.013671875 2405
25441.63671875 2550
25448.580078125 2606
25506.572265625 2768
25694.373046875 1081
25699.984375 1780
25908.62890625 16
26032.20703125 28
26092.72265625 125
26386.837890625 212
26555.439453125 265
26645.37109375 295
27275.58984375 360
27324.857421875 364
27360.134765625 937
27365.982421875 1077
27373.24609375 1101
27615.16015625 1241
27669.087890625 1243
27899.658203125 1307
28103.46484375 1343
28114.498046875 1404
28152.724609375 1418
28468.17578125 1585
28732.8984375 1719
28763.416015625 1822
29074.3046875 2009
29196.03515625 2164
29904.98046875 2214
30581.498046875 2250
30921.451171875 2263
31163.3046875 2342
31302.193359375 2359
31775.275390625 2547
