3723.64453125 1446
3845.64892578125 87
3864.886962890625 251
4274.40576171875 527
4338.8369140625 529
4469.74072265625 625
4514.4921875 641
4668.115234375 693
4683.86962890625 873
4695.4541015625 881
4714.416015625 928
4770.55712890625 1133
4912.4208984375 1283
4919.14404296875 1318
4956.814453125 1346
4967.9228515625 1417
4983.4677734375 1720
4992.32666015625 1987
4999.80029296875 2226
5020.423828125 2296
5171.8486328125 2515
5193.2373046875 2572
5310.79833984375 2669
5387.630859375 2728
5420.4482421875 2734
5483.09375 2746
5493.9248046875 2852
5533.4228515625 2866
5579.09814453125 2915
5585.3349609375 2949
5643.33935546875 377
5664.501953125 2281
5676.53271484375 160
5743.9228515625 1
5803.90869140625 425
5893.05908203125 446
5918.00634765625 800
5958.91015625 918
5959.1728515625 953
5969.8720703125 985
5987.05859375 986
5987.1796875 1008
6014.89208984375 1043
6017.091796875 1270
6028.2001953125 1317
6043.23291015625 1435
6080.46435546875 1548
6082.65625 1606
6120.8994140625 1661
6134.9091796875 1712
6168.60498046875 2010
6198.8388671875 2088
6210.7548828125 2365
6223.90185546875 2410
6242.96875 2414
6303.70703125 2482
6363.0986328125 2560
6409.0595703125 2781
6466.375 2820
6469.47802734375 997
6484.5966796875 1781
6505.439453125 81
6557.4013671875 229
6581.736328125 440
6619.14208984375 548
6621.22265625 611
6625.9580078125 826
6633.72998046875 834
6690.95263671875 848
6722.2236328125 871
6724.78662109375 893
6745.857421875 1231
6756.47216796875 1256
6756.70703125 1315
6780.64990234375 1458
6804.72314453125 1550
6837.32861328125 1671
6839.17138671875 1711
6854.279296875 1815
6877.74609375 1893
6938.1748046875 2312
6971.859375 2324
6997.943359375 2385
7024.2626953125 2447
7059.0986328125 2562
7081.2021484375 2610
7109.0078125 2622
7110.19580078125 2853
7116.44091796875 2924
7128.72900390625 2927
7156.0146484375 2239
7186.1220703125 1362
7225.607421875 1926
7229.00390625 2997
7229.1064453125 254
7229.5439453125 388
7240.73876953125 465
7293.7783203125 498
7294.0439453125 520
7323.080078125 962
7393.30615234375 981
7398.3330078125 1156
7412.3359375 1652
7493.13525390625 2205
7499.34716796875 2339
7510.1787109375 2417
7512.150390625 2494
7514.8701171875 2687
7519.68603515625 1122
7537.068359375 1670
7685.7734375 264
7730.55908203125 2173
7731.947265625 1646
7733.56103515625 2396
7748.0625 49
7748.5458984375 189
7750.58984375 261
7761.2587890625 263
7771.505859375 430
7778.224609375 831
7778.4365234375 899
7807.71533203125 1123
7818.5703125 1169
7818.79736328125 1350
7831.744140625 1405
7878.36962890625 1512
7912.927734375 1750
7918.12060546875 1769
7922.79833984375 1908
7966.66796875 1966
7969.68603515625 1982
8015.990234375 1993
8088.4482421875 2094
8127.8125 2126
8135.76953125 2141
8159.298828125 2171
8177.30126953125 2174
8178.75341796875 2177
8231.220703125 2237
8266.8662109375 2367
8289.78515625 2536
8311.6103515625 2542
8313.72265625 2582
8342.3818359375 2675
8349.662109375 2703
8388.0986328125 1873
8395.5537109375 2107
8415.2236328125 1281
8435.880859375 455
8436.1875 470
8438.10546875 902
8439.724609375 926
8439.724609375 967
8470.45703125 1104
8501.4169921875 1225
8501.4169921875 1286
8510.0078125 1506
8530.6376953125 1516
8558.513671875 1599
8564.1171875 1779
8592.3291015625 1848
8595.580078125 1867
8622.357421875 1883
8626.080078125 2063
8627.546875 2210
8654.53125 2246
8655.5576171875 2285
8677.224609375 2361
8696.451171875 2686
8697.4482421875 2700
8725.3662109375 88
8743.5478515625 586
8762.5732421875 136
8798.75390625 1471
8822.107421875 226
8834.8740234375 296
8862.61328125 1197
8887.8134765625 1666
8908.2314453125 2511
8913.12890625 101
8957.30078125 215
8966.01953125 549
8969.2578125 550
8976.6826171875 573
8990.8515625 1136
9016.1650390625 1199
9026.6826171875 1530
9029.0361328125 1581
9053.6640625 1640
9141.08984375 1688
9150.8662109375 1968
9157.5078125 2526
9216.6474609375 2571
9231.4052734375 2983
9240.388671875 1787
9248.5068359375 602
9253.578125 1146
9260.90234375 253
9263.2177734375 342
9275.8994140625 843
9278.0439453125 1233
9279.033203125 1335
9290.0751953125 1394
9330.4765625 1737
9348.1796875 1784
9379.537109375 1950
9394.673828125 2025
9397.9892578125 2473
9415.734375 2518
9458.474609375 999
9492.72265625 1056
9544.431640625 1900
9552.69140625 1304
9593.1416015625 1326
9602.05078125 2967
9611.4833984375 1329
9663.078125 50
9679.2890625 318
9684.4130859375 389
9712.759765625 478
9718.498046875 491
9720.7822265625 580
9723.6630859375 599
9748.3720703125 890
9754.205078125 896
9758.8251953125 909
9776.8115234375 919
9807.7236328125 995
9813.9365234375 1273
9853.05078125 1342
9865.51953125 1430
9887.81640625 1495
9897.65625 1568
9929.59765625 1583
9930.0576171875 1764
9939.9365234375 1774
9956.810546875 2065
9982.2080078125 2117
10015.24609375 2181
10047.4560546875 2268
10081.888671875 2465
10099.537109375 2664
10119.00390625 2760
10119.00390625 2764
10171.130859375 2938
10208.60546875 2943
10216.1357421875 1860
10255.806640625 2880
10317.8583984375 1333
10328.4560546875 2631
10340.041015625 146
10362.92578125 1538
10387.447265625 21
10399.5703125 34
10399.78515625 200
10406.515625 288
10431.08984375 336
10435.3251953125 385
10435.509765625 517
10481.0888671875 546
10502.765625 609
10503.0810546875 614
10514.5458984375 683
10526.205078125 686
10542.37890625 769
10584.4287109375 1097
10595.5966796875 1221
10598.125 1322
10602.5234375 1359
10604.033203125 1376
10629.572265625 1686
10650.0078125 1854
10663.09375 2513
10663.748046875 2553
10715.5927734375 2650
10725.4052734375 2672
10725.4052734375 2911
10742.759765625 78
10753.298828125 2713
10754.265625 2800
10787.5703125 2651
10792.669921875 2970
10793.240234375 1045
10814.3916015625 1068
10838.771484375 2078
10844.3310546875 884
10844.9482421875 886
10861.64453125 1028
10908.6357421875 1845
10931.3310546875 1932
10945.7744140625 2489
10971.4892578125 90
10974.673828125 153
10991.8896484375 240
10995.1796875 256
11018.93359375 531
11030.5244140625 644
11045.009765625 706
11053.671875 775
11083.6689453125 1163
11094.0341796875 1483
11112.857421875 2114
11115.2099609375 2379
11222.25390625 2424
11249.7744140625 2433
11281.318359375 2435
11284.5595703125 2442
11330.0947265625 2683
11335.8173828125 2811
11464.0478515625 2176
11468.9296875 169
11486.9833984375 2207
11500.1064453125 1144
11508.3642578125 2180
11513.6396484375 73
11522.6845703125 663
11523.294921875 677
11540.8720703125 756
11546.5947265625 925
11586.4091796875 927
11596.0751953125 946
11604.4541015625 996
11624.58984375 1141
11630.2685546875 1202
11642.677734375 1251
11650.1572265625 1457
11685.2119140625 1502
11687.54296875 1591
11691.3505859375 1733
11693.666015625 1735
11700.005859375 1919
11739.3603515625 1933
11742.287109375 1955
11769.44921875 2002
11798.2373046875 2335
11840.4619140625 2341
11854.3037109375 2565
11857.041015625 2695
11890.294921875 2763
11891.75 2840
11910.9931640625 2422
11915.6484375 1020
11943.1708984375 640
11946.380859375 59
11947.4287109375 177
11951.6669921875 191
11957.482421875 575
11986.16796875 687
12008.0908203125 934
12010.419921875 1119
12013.05859375 1529
12023.24609375 1697
12032.5087890625 1810
12035.2734375 1831
12040.357421875 2354
12055.0078125 2528
12058.8037109375 2679
12072.1435546875 2712
12110.7626953125 2747
12115.1591796875 2809
12126.4326171875 2821
12137.248046875 2842
12176.3037109375 2860
12189.947265625 2906
12201.8583984375 2994
12204.869140625 186
12250.2685546875 223
12252.044921875 1594
12279.830078125 410
12280.5703125 631
12342.0322265625 132
12346.4013671875 2576
12386.9345703125 1282
12412.009765625 488
12487.3779296875 869
12499.0078125 2059
12530.681640625 787
12531.7763671875 904
12533.05078125 137
12539.68359375 275
12552.0419921875 328
12560.0830078125 333
12582.6943359375 392
12606.421875 407
12619.9580078125 489
12655.033203125 680
12657.3212890625 1022
12659.7041015625 1290
12671.7939453125 1358
12713.81640625 1607
12732.1884765625 1653
12734.9921875 2024
12759.7021484375 2184
12781.3251953125 2221
12788.9384765625 2394
12806.59765625 2427
12816.94140625 2517
12825.08203125 2655
12827.373046875 2704
12835.939453125 2900
12847.396484375 2946
12849.1787109375 459
12855.7890625 1408
12864.3095703125 1339
12878.7880859375 22
12881.1044921875 45
12887.3740234375 300
12903.990234375 812
12905.533203125 922
12929.966796875 947
12938.6298828125 975
12939.3935546875 1001
12940.63671875 1095
12942.189453125 1275
12968.53515625 1664
13006.736328125 1708
13053.6318359375 1763
13059.078125 1766
13078.171875 1889
13100.939453125 2077
13108.2255859375 2082
13133.7587890625 2131
13141.1533203125 2315
13142.37109375 2317
13147.62109375 2409
13183.560546875 2608
13185.6455078125 2616
13197.896484375 2649
13201.6826171875 2819
13235.4365234375 2862
13266.583984375 1164
13290.703125 2213
13293.025390625 1050
13302.509765625 979
13303.794921875 1562
13326.88671875 1597
13329.92578125 2334
13340.9375 587
13349.009765625 630
13360.763671875 777
13395.751953125 1012
13398.705078125 1064
13404.3134765625 1082
13411.4052734375 1462
13419.3974609375 1501
13425.0732421875 1654
13444.28515625 1800
13462.8623046875 2656
13463.9033203125 2884
13470.546875 1416
13488.9775390625 1575
13491.203125 2889
13519.990234375 445
13543.2724609375 30
13549.642578125 2484
13558.681640625 38
13571.7666015625 40
13573.044921875 76
13574.63671875 77
13592.7197265625 108
13595.6064453125 164
13597.03125 211
13598.2412109375 225
13607.4404296875 376
13621.3203125 437
13628.259765625 510
13635.12890625 646
13637.3056640625 671
13637.611328125 738
13655.1298828125 770
13661.9794921875 1434
13686.177734375 1610
13695.845703125 1662
13696.498046875 1709
13709.796875 1998
13721.796875 2166
13738.8408203125 2220
13766.951171875 2238
13768.091796875 2255
13769.830078125 2345
13801.7529296875 2510
13818.19140625 2581
13836.6533203125 2607
13847.8349609375 2807
13862.8037109375 1015
13869.6640625 1984
13873.1953125 1258
13888.4560546875 2555
13945.7353515625 1147
13947.5634765625 865
13961.2021484375 939
14005.265625 1497
14038.8857421875 2630
14050.73828125 2752
14053.4814453125 457
14061.2294921875 309
14063.953125 316
14068.607421875 483
14084.3193359375 484
14097.361328125 633
14098.51171875 1026
14100.341796875 1036
14109.494140625 1176
14111.205078125 1423
14113.5625 1485
14140.2783203125 1590
14156.5556640625 1702
14172.396484375 1759
14182.572265625 1818
14199.99609375 1958
14212.9375 1963
14243.09375 1977
14254.6669921875 2053
14267.576171875 2056
14276.65234375 2125
14291.6103515625 2304
14333.1572265625 2356
14359.8671875 2477
14371.728515625 2533
14435.1767578125 2732
14450.2509765625 2948
14467.658203125 1601
14491.98046875 2256
14510.55859375 2104
14510.888671875 284
14540.73828125 182
14554.2451171875 916
14560.7822265625 1667
14577.998046875 1852
14593.80078125 727
14600.31640625 2036
14639.375 2772
14644.1767578125 130
14648.4736328125 219
14664.923828125 394
14671.33984375 405
14687.4990234375 634
14725.06640625 856
14725.06640625 983
14741.794921875 1117
14747.8857421875 1386
14748.453125 1791
14754.4775390625 1991
14762.3447265625 2060
14763.1318359375 2215
14768.015625 2314
14769.529296875 2440
14810.1884765625 2467
14813.251953125 2618
14824.4599609375 2648
14840.0869140625 2694
14840.1484375 1772
14856.169921875 818
14867.3876953125 2907
14897.90625 660
14914.5400390625 1168
14933.259765625 1145
14942.45703125 1476
14956.578125 1618
14966.6845703125 655
14971.666015625 1592
14974.3994140625 2120
14996.783203125 2557
15001.8837890625 112
15004.892578125 350
15008.2509765625 356
15009.7470703125 448
15017.0048828125 1500
15039.0712890625 1526
15044.1123046875 1587
15065.0986328125 1881
15085.677734375 1943
15165.0712890625 1962
15168.37109375 1995
15171.9814453125 2075
15232.51953125 2118
15233.6982421875 2309
15239.3720703125 2418
15249.953125 2516
15272.1513671875 2588
15287.736328125 2605
15289.4951171875 2623
15291.7646484375 2937
15298.2587890625 1005
15301.7353515625 110
15326.9345703125 2360
15332.1728515625 121
15335.9228515625 1046
15342.03125 298
15354.30078125 372
15354.7626953125 492
15356.5458984375 752
15377.2080078125 838
15399.1123046875 903
15406.3125 1034
15476.107421875 1128
15499.9248046875 1187
15514.4619140625 1437
15547.60546875 1488
15570.3310546875 1534
15587.1376953125 1657
15596.607421875 1678
15605.65234375 1824
15629.169921875 1826
15658.0068359375 1941
15664.853515625 1997
15677.31640625 2318
15701.4189453125 2327
15729.10546875 2362
15745.7314453125 2404
15755.998046875 2453
15775.0146484375 2458
15775.19921875 2496
15787.0849609375 2696
15799.47265625 2722
15875.5693359375 2796
15896.1416015625 2584
15928.71484375 2872
15933.787109375 2589
15936.9091796875 2135
15938.525390625 1802
15946.5234375 1853
15946.861328125 1892
15953.1455078125 1580
15962.1376953125 25
15986.78125 72
15989.1298828125 343
16002.6708984375 710
16007.1728515625 755
16007.4931640625 885
16052.9599609375 1683
16055.251953125 1776
16072.267578125 1972
16073.935546875 2047
16092.990234375 2138
16138.5595703125 2185
16160.3330078125 2344
16214.556640625 2545
16214.982421875 2573
16223.5322265625 2855
16295.61328125 2159
16302.015625 1067
16303.2763671875 371
16348.943359375 243
16350.642578125 1301
16361.28125 311
16370.1552734375 426
16378.556640625 648
16379.8671875 720
16404.814453125 792
16466.796875 940
16479.58984375 1006
16480.13671875 1032
16534.12890625 1160
16542.673828125 1189
16546.193359375 2183
16594.306640625 2190
16662.8046875 2301
16694.79296875 1459
16722.0 1649
16745.087890625 353
16747.298828125 2706
16800.7109375 1511
16817.1171875 1778
16823.052734375 329
16835.44140625 731
16846.509765625 1400
16871.3828125 2070
16885.490234375 1480
16893.7578125 1714
16900.2109375 249
16931.580078125 94
16932.646484375 2823
16934.248046875 471
16966.12109375 473
16997.18359375 747
17034.650390625 915
17055.05859375 921
17061.228515625 993
17068.916015625 1072
17073.376953125 1415
17112.65625 1541
17116.134765625 1746
17122.0234375 1949
17129.7578125 2079
17165.455078125 2219
17171.14453125 2258
17181.927734375 2413
17213.943359375 2628
17247.841796875 2828
17265.578125 2903
17280.236328125 2996
17304.37890625 204
17330.275390625 1247
17371.966796875 1410
17387.98046875 1888
17439.919921875 1214
17441.8515625 1658
17475.181640625 2587
17475.466796875 380
17484.1875 688
17498.37890625 1761
17521.13671875 66
17563.396484375 127
17578.521484375 179
17676.4609375 855
17714.5078125 1198
17781.166015625 1250
17789.681640625 1507
17826.623046875 1558
17831.685546875 2007
17877.337890625 2092
17883.09765625 2231
17888.04296875 2384
17906.90234375 2457
17920.27734375 2544
17936.8515625 2717
17940.14453125 2774
17956.93359375 2794
18057.654296875 2909
18063.369140625 972
18064.896484375 1138
18067.337890625 1442
18137.541015625 1137
18160.890625 102
18162.408203125 667
18184.32421875 1935
18199.482421875 2352
18211.47265625 2887
18268.697265625 427
18271.63671875 1533
18291.419921875 170
18295.943359375 262
18296.541015625 306
18339.34375 596
18364.453125 805
18386.505859375 849
18397.00390625 850
18401.88671875 965
18415.482421875 976
18417.904296875 1058
18440.791015625 1403
18451.90234375 1645
18472.654296875 1999
18522.640625 2292
18530.294921875 2392
18566.287109375 2403
18567.927734375 2497
18682.541015625 2524
18695.73046875 2601
18713.890625 2652
18723.83984375 2657
18732.140625 2761
18745.111328125 2839
18750.4140625 2939
18757.240234375 2984
18797.787109375 1027
18823.779296875 622
18825.314453125 417
18898.3046875 450
18900.6171875 690
18908.47265625 969
18934.91015625 982
18959.17578125 1040
18964.955078125 1078
18995.9296875 1083
19012.939453125 1382
19034.50390625 1391
19036.32421875 1486
19113.728515625 1503
19148.828125 1547
19154.359375 1561
19180.501953125 1965
19220.86328125 2026
19225.189453125 2066
19229.9921875 2182
19248.35546875 2245
19296.373046875 2460
19327.203125 2466
19404.201171875 2540
19406.267578125 2593
19426.33203125 2632
19435.99609375 2753
19499.048828125 2759
19552.7734375 2793
19573.228515625 2925
19580.80078125 2152
19621.861328125 762
19698.5078125 2757
19750.76953125 37
19767.640625 1624
19811.29296875 1271
19840.890625 2370
19885.705078125 2895
19919.08984375 2411
20021.841796875 67
20023.345703125 150
20147.49609375 171
20204.0859375 195
20293.09765625 363
20313.017578125 522
20503.349609375 657
20503.984375 701
20599.900390625 760
20623.685546875 811
20650.41796875 874
20702.09765625 875
20852.505859375 1002
20855.7734375 1007
20867.515625 1023
20952.40234375 1356
20996.783203125 1378
21140.06640625 1489
21198.623046875 1629
21233.6484375 2721
21339.416015625 2032
21371.322265625 2259
21376.97265625 771
21437.966796875 1543
21567.255859375 2241
21588.2109375 1964
21635.970703125 1625
21637.58203125 2693
21687.708984375 222
21761.853515625 258
21804.556640625 281
21850.375 506
22052.453125 582
22089.482421875 724
22107.486328125 879
22155.53125 1003
22205.296875 1171
22403.685546875 1182
22409.244140625 1588
22417.421875 1685
22565.279296875 1758
22598.09765625 2300
22630.71875 2310
22767.076171875 2705
22954.63671875 2845
23085.83984375 2916
23111.921875 1811
23179.541015625 2701
23184.34375 421
23192.25390625 1440
23290.125 2337
23337.962890625 2531
23415.703125 18
23517.306640625 29
23518.44921875 31
23675.1796875 104
23710.81640625 274
23718.900390625 321
23738.380859375 370
23743.55859375 375
23812.3125 562
23881.396484375 914
24023.828125 944
24025.560546875 1672
24040.802734375 1684
24066.744140625 1825
24230.9921875 1846
24247.8046875 1960
24267.19140625 1976
24283.689453125 2006
24293.896484375 2319
24575.783203125 2405
24586.318359375 2550
24678.234375 2606
24678.234375 2768
24833.15625 1081
24944.40625 1780
25001.615234375 16
25704.54296875 28
25805.294921875 125
25963.462890625 212
25963.462890625 265
26061.775390625 295
26084.453125 360
26590.796875 364
26643.859375 937
26740.1875 1077
26807.80078125 1101
26909.08984375 1241
26920.810546875 1243
26960.009765625 1307
27001.228515625 1343
27040.828125 1404
27103.396484375 1418
27573.154296875 1585
27647.052734375 1719
29275.66796875 1822
29392.873046875 2009
29993.283203125 2164
30109.236328125 2214
30159.41015625 2250
30211.556640625 2263
30256.072265625 2342
33072.99609375 2359
35500.69140625 2547
