5621.775390625 2589
5731.5927734375 2135
5794.982421875 1802
5888.42431640625 1853
6094.7470703125 1892
6134.81982421875 1580
6264.298828125 25
6292.3818359375 72
6304.59716796875 343
6322.029296875 710
6435.97802734375 755
6458.0947265625 885
6540.4873046875 1683
6540.4873046875 1776
6554.03955078125 1972
6627.0390625 2047
6672.34765625 2138
6729.486328125 2185
6740.958984375 2344
6755.26318359375 2545
6778.07177734375 2573
6805.134765625 2855
6811.31494140625 1446
6857.724609375 87
6876.40185546875 251
6929.70361328125 527
6936.98046875 529
6942.2763671875 625
6954.82763671875 641
6957.1044921875 693
6979.6923828125 873
7033.3251953125 881
7043.36279296875 928
7061.32470703125 1133
7062.974609375 1283
7069.9306640625 1318
7218.904296875 1346
7225.6337890625 1417
7280.67529296875 1720
7327.34326171875 1987
7350.341796875 2226
7364.37353515625 2296
7415.19189453125 2515
7422.8759765625 2572
7516.2255859375 2669
7516.2255859375 2728
7521.587890625 2734
7525.8408203125 2746
7555.96826171875 2852
7601.82177734375 2866
7643.00341796875 2915
7649.38916015625 2949
7651.6142578125 377
7678.5908203125 2281
7689.8759765625 160
7693.9375 1
7748.18896484375 425
7770.31640625 446
7806.9111328125 800
7817.68359375 918
7865.10595703125 953
7873.0693359375 985
7914.365234375 986
7920.55078125 1008
7953.056640625 1043
7960.52587890625 1270
7961.4775390625 1317
7968.27587890625 1435
7968.6728515625 1548
7978.494140625 1606
7981.2529296875 1661
7983.2646484375 1712
7991.037109375 2010
7997.8984375 2088
8013.3662109375 2365
8023.736328125 2410
8045.150390625 2414
8090.9091796875 2482
8093.48388671875 2560
8109.63037109375 2781
8117.11083984375 2820
8124.8740234375 997
8135.70654296875 1781
8145.20068359375 81
8149.626953125 229
8164.732421875 440
8165.818359375 548
8167.12255859375 611
8190.8515625 826
8207.4052734375 834
8229.072265625 848
8245.455078125 871
8270.599609375 893
8276.2529296875 1231
8280.9482421875 1256
8316.970703125 1315
8326.2451171875 1458
8334.5107421875 1550
8342.529296875 1671
8345.3720703125 1711
8361.1376953125 1815
8370.04296875 1893
8376.3642578125 2312
8397.8642578125 2324
8422.7763671875 2385
8427.28125 2447
8447.6513671875 2562
8491.4423828125 2610
8507.384765625 2622
8564.1923828125 2853
8573.3203125 2924
8574.892578125 2927
8602.36328125 2239
8630.44140625 1362
8638.162109375 1926
8660.8525390625 2997
8707.4609375 254
8712.9697265625 388
8728.0791015625 465
8743.412109375 498
8751.98828125 520
8752.822265625 962
8754.4912109375 981
8768.1533203125 1156
8792.490234375 1652
8800.8828125 2205
8825.9853515625 2339
8858.56640625 2417
8865.994140625 2494
8873.3525390625 2687
8877.2373046875 1122
8917.892578125 1670
8918.4814453125 264
8925.068359375 2173
8930.2138671875 1646
8953.9501953125 2396
8957.4521484375 49
8980.6337890625 189
8984.439453125 261
8989.6787109375 263
8999.21875 430
9030.578125 831
9043.490234375 899
9069.4833984375 1123
9069.8349609375 1169
9085.8623046875 1350
9100.7197265625 1405
9134.97265625 1512
9147.0166015625 1750
9147.1416015625 1769
9152.8447265625 1908
9159.2607421875 1966
9170.279296875 1982
9179.796875 1993
9196.9736328125 2094
9200.6015625 2126
9208.455078125 2141
9209.5517578125 2171
9224.8896484375 2174
9234.150390625 2177
9242.2763671875 2237
9262.4970703125 2367
9268.0966796875 2536
9268.3564453125 2542
9288.86328125 2582
9296.3125 2675
9310.830078125 2703
9320.3271484375 1873
9330.384765625 2107
9339.67578125 1281
9353.94921875 455
9358.025390625 470
9360.1953125 902
9361.8359375 926
9393.337890625 967
9393.537109375 1104
9441.8916015625 1225
9449.2177734375 1286
9475.8544921875 1506
9478.86328125 1516
9480.59765625 1599
9509.4228515625 1779
9509.5673828125 1848
9512.2060546875 1867
9515.525390625 1883
9545.4169921875 2063
9556.677734375 2210
9572.87890625 2246
9608.6240234375 2285
9613.095703125 2361
9631.615234375 2686
9639.3701171875 2700
9643.1201171875 88
9650.236328125 586
9654.8984375 136
9669.56640625 1471
9704.689453125 226
9745.388671875 296
9750.6259765625 1197
9753.7861328125 1666
9760.16015625 2511
9794.47265625 101
9795.15625 215
9796.240234375 549
9797.7421875 550
9807.150390625 573
9817.568359375 1136
9823.8095703125 1199
9842.9716796875 1530
9853.58203125 1581
9879.5849609375 1640
9900.7822265625 1688
9909.30859375 1968
9921.662109375 2526
9930.763671875 2571
9960.4521484375 2983
9964.09765625 1787
9971.39453125 602
9974.513671875 1146
9976.86328125 253
9994.66796875 342
10007.7587890625 843
10009.5224609375 1233
10027.734375 1335
10051.7138671875 1394
10075.9482421875 1737
10076.2900390625 1784
10083.1767578125 1950
10132.0263671875 2025
10141.310546875 2473
10159.32421875 2518
10170.927734375 999
10235.55078125 1056
10252.322265625 1900
10255.466796875 1304
10278.6591796875 1326
10286.29296875 2967
10322.3857421875 1329
10323.8837890625 50
10332.8466796875 318
10343.3779296875 389
10360.5751953125 478
10424.4306640625 491
10441.697265625 580
10462.419921875 599
10468.0947265625 890
10481.015625 896
10516.134765625 909
10541.041015625 919
10561.6796875 995
10563.166015625 1273
10583.609375 1342
10590.2275390625 1430
10603.2392578125 1495
10627.9384765625 1568
10637.892578125 1583
10656.689453125 1764
10660.228515625 1774
10668.46484375 2065
10677.966796875 2117
10686.560546875 2181
10687.681640625 2268
10691.31640625 2465
10702.9765625 2664
10713.4423828125 2760
10734.1533203125 2764
10750.109375 2938
10753.083984375 2943
10774.7041015625 1860
10799.7578125 2880
10830.7236328125 1333
10855.2587890625 2631
10917.5078125 146
10921.560546875 1538
10934.318359375 21
10945.9716796875 34
10965.779296875 200
10969.7001953125 288
10998.6552734375 336
11000.591796875 385
11000.8251953125 517
11005.2744140625 546
11019.1552734375 609
11029.0224609375 614
11033.3056640625 683
11036.279296875 686
11054.0390625 769
11056.1220703125 1097
11060.2275390625 1221
11070.4326171875 1322
11097.5595703125 1359
11099.1435546875 1376
11100.80859375 1686
11117.4404296875 1854
11128.708984375 2513
11139.6279296875 2553
11142.765625 2650
11143.640625 2672
11168.224609375 2911
11173.1337890625 78
11184.6689453125 2713
11193.5234375 2800
11203.9931640625 2651
11210.0732421875 2970
11212.9052734375 1045
11220.3251953125 1068
11234.21875 2078
11298.341796875 884
11304.1064453125 886
11326.3037109375 1028
11333.548828125 1845
11337.7119140625 1932
11344.333984375 2489
11345.1240234375 90
11351.7216796875 153
11382.8125 240
11385.2177734375 256
11385.830078125 531
11414.0185546875 644
11427.4755859375 706
11447.9814453125 775
11448.6318359375 1163
11498.3662109375 1483
11508.3662109375 2114
11529.8759765625 2379
11545.4189453125 2424
11562.5458984375 2433
11571.802734375 2435
11572.912109375 2442
11584.00390625 2683
11585.4560546875 2811
11593.970703125 2176
11594.5791015625 169
11609.7119140625 2207
11623.5615234375 1144
11629.9912109375 2180
11651.8955078125 73
11658.529296875 663
11668.0234375 677
11686.7646484375 756
11693.73046875 925
11711.201171875 927
11716.28515625 946
11724.412109375 996
11725.166015625 1141
11742.2255859375 1202
11752.2421875 1251
11767.8115234375 1457
11776.294921875 1502
11791.96484375 1591
11794.396484375 1733
11798.3232421875 1735
11801.470703125 1919
11807.529296875 1933
11812.1240234375 1955
11825.98828125 2002
11847.78125 2335
11854.23828125 2341
11888.958984375 2565
11889.5087890625 2695
11895.4453125 2763
11923.2021484375 2840
11947.7080078125 2422
11986.685546875 1020
12022.22265625 640
12035.583984375 59
12047.31640625 177
12070.68359375 191
12073.3330078125 575
12076.103515625 687
12077.0732421875 934
12082.7666015625 1119
12091.390625 1529
12106.4150390625 1697
12148.5595703125 1810
12168.396484375 1831
12208.6806640625 2354
12244.123046875 2528
12268.2900390625 2679
12292.5126953125 2712
12299.763671875 2747
12369.560546875 2809
12396.6572265625 2821
12424.3076171875 2842
12430.26953125 2860
12471.75 2906
12506.755859375 2994
12536.576171875 186
12541.8974609375 223
12553.48828125 1594
12593.4638671875 410
12601.7705078125 631
12613.94140625 132
12615.0419921875 2576
12618.912109375 1282
12618.912109375 488
12623.0205078125 869
12645.048828125 2059
12668.6005859375 787
12668.654296875 904
12677.7060546875 137
12689.2353515625 275
12706.3271484375 328
12734.1962890625 333
12746.4921875 392
12774.17578125 407
12777.3798828125 489
12783.529296875 680
12797.3486328125 1022
12801.548828125 1290
12807.6513671875 1358
12819.6162109375 1607
12821.1826171875 1653
12834.4677734375 2024
12840.314453125 2184
12840.9306640625 2221
12851.4560546875 2394
12854.029296875 2427
12920.076171875 2517
12921.39453125 2655
12931.8623046875 2704
12948.486328125 2900
12970.4619140625 2946
13036.5830078125 459
13045.720703125 1408
13050.40625 1339
13056.5224609375 22
13087.001953125 45
13088.6513671875 300
13096.5546875 812
13103.7490234375 922
13103.7490234375 947
13135.3017578125 975
13144.4619140625 1001
13145.8974609375 1095
13199.099609375 1275
13203.3603515625 1664
13217.544921875 1708
13230.173828125 1763
13252.23046875 1766
13256.7373046875 1889
13261.91015625 2077
13311.3955078125 2082
13316.0068359375 2131
13325.5595703125 2315
13384.267578125 2317
13389.1103515625 2409
13389.611328125 2608
13392.4697265625 2616
13420.337890625 2649
13429.5263671875 2819
13442.765625 2862
13461.798828125 1164
13463.931640625 2213
13517.16796875 1050
13520.98828125 979
13530.5380859375 1562
13531.7880859375 1597
13590.369140625 2334
13607.2958984375 587
13610.6376953125 630
13625.4697265625 777
13651.494140625 1012
13691.6953125 1064
13709.8203125 1082
13767.8994140625 1462
13779.2109375 1501
13839.5029296875 1654
13847.826171875 1800
13891.3408203125 2656
13895.8369140625 2884
13907.1044921875 1416
13961.0947265625 1575
13961.8017578125 2889
13966.54296875 445
14021.6806640625 30
14032.2021484375 2484
14035.3427734375 38
14071.791015625 40
14080.5068359375 76
14100.12109375 77
14109.8955078125 108
14120.35546875 164
14134.576171875 211
14140.1728515625 225
14144.6171875 376
14186.607421875 437
14201.419921875 510
14222.5439453125 646
14233.3203125 671
14250.1201171875 738
14285.921875 770
14310.6328125 1434
14339.443359375 1610
14357.7470703125 1662
14364.353515625 1709
14386.1142578125 1998
14394.05078125 2166
14468.7890625 2220
14507.4638671875 2238
14535.876953125 2255
14583.3701171875 2345
14600.8447265625 2510
14612.2333984375 2581
14616.1171875 2607
14637.2763671875 2807
14681.587890625 1015
14689.2958984375 1984
14690.0 1258
14692.4375 2555
14746.3251953125 1147
14749.607421875 865
14774.244140625 939
14787.79296875 1497
14825.8671875 2630
14836.90234375 2752
14857.28125 457
14862.970703125 309
14884.8935546875 316
14903.4541015625 483
14915.7421875 484
14944.890625 633
14946.283203125 1026
14946.318359375 1036
14948.4140625 1176
14983.3681640625 1423
14986.53515625 1485
15006.3505859375 1590
15010.8251953125 1702
15034.2900390625 1759
15038.1318359375 1818
15064.8662109375 1958
15108.0556640625 1963
15161.43359375 1977
15164.8994140625 2053
15187.24609375 2056
15192.015625 2125
15192.591796875 2304
15192.6474609375 2356
15211.9248046875 2477
15217.427734375 2533
15227.5634765625 2732
15233.974609375 2948
15277.2578125 1601
15307.1943359375 2256
15357.4609375 2104
15375.4443359375 284
15382.8642578125 182
15394.654296875 916
15433.2138671875 1667
15496.779296875 1852
15577.572265625 727
15655.2626953125 2036
15661.669921875 2772
15669.0751953125 130
15670.3759765625 219
15673.3515625 394
15687.7529296875 405
15688.5888671875 634
15702.2890625 856
15705.2724609375 983
15711.0341796875 1117
15712.4443359375 1386
15725.8544921875 1791
15727.7685546875 1991
15727.8408203125 2060
15727.8408203125 2215
15745.8408203125 2314
15755.939453125 2440
15760.6875 2467
15766.275390625 2618
15788.33984375 2648
15824.654296875 2694
15844.302734375 1772
15853.712890625 818
15864.546875 2907
15880.0537109375 660
15896.76953125 1168
15947.421875 1145
15953.421875 1476
15964.513671875 1618
15970.482421875 655
15983.2490234375 1592
15991.66796875 2120
15995.548828125 2557
16079.1318359375 112
16085.54296875 350
16105.6923828125 356
16129.0859375 448
16139.205078125 1500
16140.7451171875 1526
16196.3662109375 1587
16212.494140625 1881
16215.6123046875 1943
16236.87890625 1962
16248.19140625 1995
16280.90625 2075
16323.8642578125 2118
16330.138671875 2309
16335.029296875 2418
16345.3212890625 2516
16350.6787109375 2588
16376.083984375 2605
16420.1875 2623
16430.654296875 2937
16474.42578125 1005
16512.9609375 110
16546.046875 2360
16546.94921875 121
16570.263671875 1046
16602.845703125 298
16629.19921875 372
16640.822265625 492
16657.40234375 752
16759.033203125 838
16807.4765625 903
16813.52734375 1034
16837.931640625 1128
16861.396484375 1187
16864.998046875 1437
16916.736328125 1488
16923.23046875 1534
16933.578125 1657
16934.9921875 1678
16965.35546875 1824
16986.216796875 1826
16996.21875 1941
17009.677734375 1997
17027.548828125 2318
17045.125 2327
17107.01171875 2362
17147.40625 2404
17153.220703125 2453
17162.17578125 2458
17214.923828125 2496
17224.90234375 2696
17240.75 2722
17246.791015625 2796
17258.576171875 2584
17266.5625 2872
17317.09765625 2159
17327.046875 1067
17377.166015625 371
17383.337890625 243
17427.439453125 1301
17506.34765625 311
17558.490234375 426
17578.724609375 648
17590.400390625 720
17616.697265625 792
17639.54296875 940
17658.3515625 1006
17681.552734375 1032
17705.234375 1160
17736.05859375 1189
17753.5 2183
17788.71484375 2190
17790.658203125 2301
17835.873046875 1459
17871.947265625 1649
17872.103515625 353
17873.51171875 2706
17913.810546875 1511
17917.021484375 1778
17919.298828125 329
17941.443359375 731
17999.6015625 1400
18024.64453125 2070
18040.533203125 1480
18040.80078125 1714
18059.88671875 249
18077.068359375 94
18099.310546875 2823
18145.326171875 471
18145.72265625 473
18177.09765625 747
18261.1640625 915
18266.16015625 921
18295.802734375 993
18307.208984375 1072
18315.9921875 1415
18337.921875 1541
18353.642578125 1746
18377.943359375 1949
18378.62109375 2079
18387.2109375 2219
18443.888671875 2258
18463.927734375 2413
18465.099609375 2628
18552.890625 2828
18563.21484375 2903
18626.134765625 2996
18642.359375 204
18707.689453125 1247
18720.54296875 1410
18735.087890625 1888
18748.70703125 1214
18762.595703125 1658
18854.115234375 2587
18854.79296875 380
18857.90625 688
18866.435546875 1761
18866.8046875 66
18874.609375 127
18886.66796875 179
18903.40234375 855
18924.49609375 1198
18933.771484375 1250
18945.248046875 1507
18972.55859375 1558
18989.24609375 2007
18991.24609375 2092
18991.24609375 2231
19001.01171875 2384
19021.4921875 2457
19044.203125 2544
19049.82421875 2717
19050.896484375 2774
19110.064453125 2794
19146.22265625 2909
19246.8671875 972
19247.099609375 1138
19306.689453125 1442
19316.994140625 1137
19343.060546875 102
19350.16796875 667
19412.416015625 1935
19428.44921875 2352
19436.904296875 2887
19510.96875 427
19512.34375 1533
19515.65625 170
19527.73828125 262
19534.912109375 306
19774.884765625 596
19791.486328125 805
19908.96875 849
19937.46875 850
19983.05078125 965
19983.603515625 976
19994.59765625 1058
20085.556640625 1403
20129.658203125 1645
20141.00390625 1999
20213.060546875 2292
20218.76953125 2392
20221.353515625 2403
20270.09765625 2497
20304.064453125 2524
20320.048828125 2601
20346.283203125 2652
20398.419921875 2657
20410.958984375 2761
20432.4609375 2839
20434.623046875 2939
20457.669921875 2984
20460.0234375 1027
20541.626953125 622
20653.7578125 417
20669.396484375 450
20760.458984375 690
20761.927734375 969
20826.6640625 982
20861.234375 1040
20886.650390625 1078
20933.56640625 1083
20964.3984375 1382
20982.83203125 1391
20983.326171875 1486
20986.0234375 1503
21054.5546875 1547
21143.099609375 1561
21173.595703125 1965
21198.673828125 2026
21210.123046875 2066
21247.236328125 2182
21303.421875 2245
21333.267578125 2460
21363.330078125 2466
21364.708984375 2540
21388.052734375 2593
21419.58984375 2632
21548.623046875 2753
21664.173828125 2759
21701.541015625 2793
21716.9765625 2925
21727.48046875 2152
21785.302734375 762
21866.3359375 2757
21866.3359375 37
21868.1875 1624
21930.50390625 1271
21967.615234375 2370
22017.42578125 2895
22061.046875 2411
22065.765625 67
22111.623046875 150
22165.828125 171
22175.099609375 195
22185.8984375 363
22191.013671875 522
22193.580078125 657
22216.091796875 701
22263.318359375 760
22314.7890625 811
22339.404296875 874
22350.080078125 875
22391.7890625 1002
22467.49609375 1007
22470.796875 1023
22513.818359375 1356
22562.734375 1378
22620.689453125 1489
22646.23828125 1629
22690.900390625 2721
22692.748046875 2032
22765.89453125 2259
22840.79296875 771
22841.083984375 1543
22909.78515625 2241
22963.36328125 1964
23019.96875 1625
23022.30859375 2693
23027.396484375 222
23038.177734375 258
23081.939453125 281
23364.4453125 506
23374.353515625 582
23380.01171875 724
23399.53515625 879
23457.9453125 1003
23535.79296875 1171
23559.251953125 1182
23631.369140625 1588
23639.849609375 1685
23692.390625 1758
23713.21484375 2300
23795.501953125 2310
23898.54296875 2705
24040.080078125 2845
24040.080078125 2916
24051.98828125 1811
24109.4140625 2701
24123.25 421
24130.185546875 1440
24294.71484375 2337
24335.9375 2531
24350.083984375 18
24398.029296875 29
24533.634765625 31
24614.626953125 104
24797.12109375 274
24804.40625 321
25025.255859375 370
25059.185546875 375
25273.994140625 562
25376.259765625 914
25505.26953125 944
25599.615234375 1672
25657.1953125 1684
25742.5625 1825
25799.8671875 1846
25825.2265625 1960
25907.8515625 1976
25969.193359375 2006
26069.20703125 2319
26122.255859375 2405
26152.95703125 2550
26169.2109375 2606
26334.9140625 2768
26376.591796875 1081
26474.796875 1780
26533.376953125 16
26619.326171875 28
26715.62109375 125
26747.734375 212
26760.927734375 265
26790.67578125 295
26893.271484375 360
26995.015625 364
27224.23046875 937
27722.892578125 1077
28041.47265625 1101
28223.708984375 1241
28331.162109375 1243
28348.6328125 1307
28535.33203125 1343
28849.359375 1404
29020.1328125 1418
29412.0703125 1585
29570.599609375 1719
29571.275390625 1822
29976.09375 2009
30216.3046875 2164
30298.2578125 2214
30640.775390625 2250
30944.97265625 2263
31042.2890625 2342
31546.361328125 2359
32090.599609375 2547
