2826.285400390625 1329
3134.699462890625 50
3140.93359375 318
3209.695068359375 389
3282.0224609375 478
3428.63623046875 491
3453.23193359375 580
3547.09375 599
3556.917236328125 890
3672.34375 896
3797.97314453125 909
3797.97314453125 919
3829.98388671875 995
3844.7734375 1273
3948.3798828125 1342
4010.006591796875 1430
4020.134033203125 1495
4171.04638671875 1568
4172.7724609375 1583
4190.869140625 1764
4203.68408203125 1774
4210.8349609375 2065
4333.44873046875 2117
4371.56591796875 2181
4446.9482421875 2268
4460.6474609375 2465
4490.44677734375 2664
4656.88427734375 2760
4684.79248046875 2764
4692.56689453125 2938
4706.810546875 2943
4714.740234375 1860
4782.3583984375 2880
4815.89013671875 1446
4909.31298828125 87
4963.453125 251
4974.87451171875 527
4985.80859375 529
4999.53564453125 625
5009.6767578125 641
5047.4951171875 693
5117.1044921875 873
5160.3818359375 881
5184.1572265625 928
5206.10009765625 1133
5216.6767578125 1283
5249.12255859375 1318
5249.8134765625 1346
5306.361328125 1417
5370.26953125 1720
5403.75390625 1987
5460.94140625 2226
5476.80859375 2296
5531.064453125 2515
5538.1533203125 2572
5547.40771484375 2669
5547.67431640625 2728
5569.2275390625 2734
5573.884765625 2746
5594.6552734375 2852
5604.212890625 2866
5609.77001953125 2915
5609.77001953125 2949
5654.2890625 377
5694.681640625 2281
5733.10791015625 160
5939.814453125 1
5942.1201171875 425
5959.58984375 446
5975.5478515625 800
5976.181640625 918
6023.12353515625 953
6031.23291015625 985
6043.1630859375 986
6072.4970703125 1008
6100.189453125 1043
6107.0576171875 1270
6176.623046875 1317
6213.8486328125 1435
6222.23095703125 1548
6232.89208984375 1606
6247.32373046875 1661
6369.02587890625 1712
6412.611328125 2010
6416.59716796875 2088
6433.80029296875 2365
6451.087890625 2410
6461.9150390625 2414
6462.55615234375 2482
6533.3369140625 2560
6668.22509765625 2781
6720.8388671875 2820
6733.1982421875 997
6790.40673828125 1781
6798.369140625 81
6881.70654296875 229
6904.46337890625 440
6921.72265625 548
6934.05712890625 611
6942.734375 826
6957.615234375 834
6962.93408203125 848
6967.9873046875 871
7045.2568359375 893
7064.3017578125 1231
7110.15185546875 1256
7146.4267578125 1315
7152.28564453125 1458
7166.6201171875 1550
7186.06103515625 1671
7195.1279296875 1711
7215.8076171875 1815
7235.640625 1893
7237.14794921875 2312
7318.62744140625 2324
7397.58935546875 2385
7469.30712890625 2447
7470.837890625 2562
7530.43896484375 2610
7530.447265625 2622
7535.431640625 2853
7575.93212890625 2924
7578.06201171875 2927
7624.2236328125 2239
7633.6474609375 1362
7646.45849609375 1926
7654.64208984375 2997
7667.61767578125 254
7730.02587890625 388
7786.73876953125 465
7801.8017578125 498
7814.29052734375 520
7819.0419921875 962
7823.4970703125 981
7834.3447265625 1156
7915.62841796875 1652
7929.5791015625 2205
7939.328125 2339
7945.64599609375 2417
7972.7919921875 2494
8002.67529296875 2687
8015.3515625 1122
8059.7216796875 1670
8081.2470703125 264
8109.56201171875 2173
8132.38427734375 1646
8138.453125 2396
8155.88671875 49
8183.50927734375 189
8242.2548828125 261
8252.125 263
8279.9091796875 430
8284.3701171875 831
8297.8974609375 899
8354.0107421875 1123
8354.2109375 1169
8361.5595703125 1350
8373.13671875 1405
8439.5390625 1512
8449.0185546875 1750
8488.6064453125 1769
8490.7998046875 1908
8509.5283203125 1966
8585.802734375 1982
8589.859375 1993
8601.3818359375 2094
8619.1220703125 2126
8629.6787109375 2141
8685.4697265625 2171
8752.828125 2174
8755.45703125 2177
8780.390625 2237
8799.9609375 2367
8803.796875 2536
8806.9462890625 2542
8819.7734375 2582
8843.400390625 2675
8849.2392578125 2703
8867.1953125 1873
8903.4951171875 2107
8931.548828125 1281
8932.61328125 455
8946.4296875 470
8950.763671875 902
8956.841796875 926
8972.0029296875 967
9031.388671875 1104
9051.345703125 1225
9054.4599609375 1286
9128.2783203125 1506
9206.490234375 1516
9236.7314453125 1599
9256.98046875 1779
9279.5458984375 1848
9297.0947265625 1867
9300.33984375 1883
9318.37109375 2063
9326.609375 2210
9346.98046875 2246
9357.1220703125 2285
9361.1220703125 2361
9373.9677734375 2686
9380.693359375 2700
9397.041015625 88
9423.1240234375 586
9426.4833984375 136
9477.521484375 1471
9507.0908203125 226
9516.587890625 296
9539.802734375 1197
9541.9814453125 1666
9549.7744140625 2511
9571.923828125 101
9580.265625 215
9584.2255859375 549
9597.34375 550
9603.71484375 573
9647.9521484375 1136
9695.98046875 1199
9715.9990234375 1530
9724.46875 1581
9732.6953125 1640
9765.275390625 1688
9805.296875 1968
9831.654296875 2526
9854.2373046875 2571
9857.14453125 2983
9882.3935546875 1787
9921.615234375 602
9955.9345703125 1146
9960.7744140625 253
10006.974609375 342
10037.744140625 843
10040.5615234375 1233
10047.107421875 1335
10064.162109375 1394
10074.8330078125 1737
10100.7373046875 1784
10124.67578125 1950
10146.09765625 2025
10179.2744140625 2473
10198.8466796875 2518
10204.5302734375 999
10210.7001953125 1056
10258.61328125 1900
10270.1337890625 1304
10279.1943359375 1326
10299.88671875 2967
10306.03125 1333
10321.3955078125 2631
10321.537109375 146
10333.009765625 1538
10347.646484375 21
10364.9345703125 34
10368.5029296875 200
10376.2646484375 288
10384.0810546875 336
10384.828125 385
10386.3671875 517
10401.26953125 546
10429.5263671875 609
10430.431640625 614
10438.0087890625 683
10439.2197265625 686
10444.470703125 769
10445.6650390625 1097
10446.7578125 1221
10454.75390625 1322
10458.998046875 1359
10466.7685546875 1376
10471.0146484375 1686
10475.763671875 1854
10491.9130859375 2513
10502.1796875 2553
10502.1796875 2650
10518.8232421875 2672
10546.7099609375 2911
10552.2646484375 78
10561.93359375 2713
10572.67578125 2800
10579.197265625 2651
10608.0830078125 2970
10626.373046875 1045
10628.7607421875 1068
10639.326171875 2078
10647.3154296875 884
10660.521484375 886
10683.115234375 1028
10693.9775390625 1845
10704.876953125 1932
10712.9384765625 2489
10729.9013671875 90
10731.0126953125 153
10754.8193359375 240
10754.8505859375 256
10769.78125 531
10791.2685546875 644
10826.4091796875 706
10854.845703125 775
10869.92578125 1163
10910.24609375 1483
10917.0498046875 2114
10925.5244140625 2379
10929.0478515625 2424
10953.6103515625 2433
10963.033203125 2435
10965.353515625 2442
10965.857421875 2683
10968.6875 2811
11059.939453125 2176
11071.466796875 169
11087.3408203125 2207
11098.9033203125 1144
11112.451171875 2180
11133.125 73
11139.732421875 663
11140.7783203125 677
11148.08984375 756
11216.2099609375 925
11243.029296875 927
11255.2138671875 946
11270.14453125 996
11275.4423828125 1141
11287.810546875 1202
11293.6611328125 1251
11325.708984375 1457
11330.1767578125 1502
11334.431640625 1591
11341.7626953125 1733
11371.17578125 1735
11409.9013671875 1919
11413.703125 1933
11417.8125 1955
11435.283203125 2002
11450.09375 2335
11453.8037109375 2341
11460.2529296875 2565
11489.025390625 2695
11500.025390625 2763
11511.455078125 2840
11526.568359375 2422
11535.998046875 1020
11563.10546875 640
11563.29296875 59
11627.27734375 177
11632.10546875 191
11669.376953125 575
11675.59375 687
11705.771484375 934
11712.0673828125 1119
11721.4296875 1529
11744.1015625 1697
11788.953125 1810
11797.802734375 1831
11800.703125 2354
11804.3994140625 2528
11818.814453125 2679
11825.0654296875 2712
11853.1162109375 2747
11869.333984375 2809
11870.3447265625 2821
11870.3447265625 2842
11883.84765625 2860
11898.76953125 2906
11934.33984375 2994
11972.0146484375 186
11977.583984375 223
11978.7822265625 1594
11995.8564453125 410
12002.12109375 631
12002.2001953125 132
12003.0419921875 2576
12004.3154296875 1282
12026.75390625 488
12040.955078125 869
12041.7919921875 2059
12084.455078125 787
12089.9248046875 904
12098.7451171875 137
12100.3896484375 275
12115.0419921875 328
12139.072265625 333
12145.859375 392
12147.9833984375 407
12148.0791015625 489
12150.052734375 680
12153.5087890625 1022
12171.1083984375 1290
12176.119140625 1358
12190.001953125 1607
12203.0263671875 1653
12222.6826171875 2024
12253.794921875 2184
12268.67578125 2221
12272.703125 2394
12285.75 2427
12307.0595703125 2517
12317.08203125 2655
12319.7353515625 2704
12334.298828125 2900
12337.4306640625 2946
12337.6884765625 459
12342.4501953125 1408
12348.5400390625 1339
12354.21875 22
12384.1279296875 45
12388.431640625 300
12440.1689453125 812
12441.2646484375 922
12461.7724609375 947
12475.7470703125 975
12497.4638671875 1001
12510.552734375 1095
12510.814453125 1275
12513.2841796875 1664
12531.0390625 1708
12543.275390625 1763
12550.60546875 1766
12552.244140625 1889
12553.6826171875 2077
12575.8837890625 2082
12582.712890625 2131
12584.560546875 2315
12614.419921875 2317
12620.2919921875 2409
12624.154296875 2608
12639.3974609375 2616
12657.705078125 2649
12664.6474609375 2819
12683.94140625 2862
12709.3662109375 1164
12717.4794921875 2213
12723.1328125 1050
12726.8232421875 979
12744.8076171875 1562
12761.626953125 1597
12784.5 2334
12786.3828125 587
12797.37890625 630
12798.8701171875 777
12807.0087890625 1012
12807.0087890625 1064
12830.32421875 1082
12847.50390625 1462
12852.4658203125 1501
12856.951171875 1654
12877.76953125 1800
12884.6201171875 2656
12886.2060546875 2884
12889.873046875 1416
12890.1201171875 1575
12909.130859375 2889
12926.5283203125 445
12940.8671875 30
12949.810546875 2484
12951.0224609375 38
12966.37109375 40
12974.767578125 76
12978.0244140625 77
12988.396484375 108
13003.6484375 164
13025.671875 211
13061.1708984375 225
13065.84765625 376
13073.013671875 437
13075.9970703125 510
13101.7138671875 646
13106.478515625 671
13109.5166015625 738
13119.58203125 770
13132.73046875 1434
13143.51953125 1610
13156.8408203125 1662
13169.658203125 1709
13179.0 1998
13185.236328125 2166
13192.22265625 2220
13192.7763671875 2238
13206.75 2255
13211.513671875 2345
13219.685546875 2510
13222.833984375 2581
13223.9990234375 2607
13233.37109375 2807
13240.52734375 1015
13260.6455078125 1984
13263.791015625 1258
13270.7158203125 2555
13290.3740234375 1147
13291.8466796875 865
13297.822265625 939
13307.29296875 1497
13324.392578125 2630
13325.3974609375 2752
13347.509765625 457
13357.5224609375 309
13358.3974609375 316
13359.1220703125 483
13362.3896484375 484
13377.927734375 633
13385.8203125 1026
13397.8291015625 1036
13438.962890625 1176
13457.8154296875 1423
13459.103515625 1485
13486.853515625 1590
13500.8837890625 1702
13514.232421875 1759
13535.53125 1818
13538.962890625 1958
13553.439453125 1963
13607.5986328125 1977
13615.8408203125 2053
13618.7822265625 2056
13624.2568359375 2125
13624.2568359375 2304
13652.1962890625 2356
13700.177734375 2477
13701.203125 2533
13707.951171875 2732
13725.2861328125 2948
13730.865234375 1601
13746.62109375 2256
13770.3359375 2104
13776.4775390625 284
13819.5244140625 182
13821.365234375 916
13839.3173828125 1667
13865.626953125 1852
13866.6357421875 727
13869.51171875 2036
13882.0771484375 2772
13893.1787109375 130
13913.767578125 219
13932.2900390625 394
13954.0517578125 405
14009.5927734375 634
14018.30859375 856
14026.75390625 983
14037.40234375 1117
14038.3359375 1386
14038.591796875 1791
14046.9921875 1991
14058.6962890625 2060
14079.728515625 2215
14080.2431640625 2314
14089.623046875 2440
14111.19140625 2467
14111.2236328125 2618
14124.81640625 2648
14134.2744140625 2694
14150.7861328125 1772
14154.990234375 818
14187.734375 2907
14190.796875 660
14201.2353515625 1168
14202.2587890625 1145
14203.341796875 1476
14221.5234375 1618
14232.283203125 655
14256.5322265625 1592
14259.228515625 2120
14259.67578125 2557
14265.9931640625 112
14283.8935546875 350
14324.361328125 356
14324.65234375 448
14331.6162109375 1500
14336.169921875 1526
14373.3671875 1587
14381.2802734375 1881
14384.5185546875 1943
14388.4052734375 1962
14399.740234375 1995
14399.740234375 2075
14427.470703125 2118
14433.6220703125 2309
14435.765625 2418
14459.154296875 2516
14492.9658203125 2588
14513.224609375 2605
14547.6689453125 2623
14550.9326171875 2937
14553.697265625 1005
14559.8779296875 110
14561.4365234375 2360
14564.0986328125 121
14571.044921875 1046
14572.2412109375 298
14576.294921875 372
14590.0078125 492
14656.103515625 752
14660.091796875 838
14677.3642578125 903
14699.7451171875 1034
14712.544921875 1128
14714.7646484375 1187
14725.5859375 1437
14743.166015625 1488
14748.451171875 1534
14749.9638671875 1657
14768.953125 1678
14781.255859375 1824
14783.4052734375 1826
14788.6337890625 1941
14811.6982421875 1997
14812.69140625 2318
14831.5361328125 2327
14860.9287109375 2362
14866.248046875 2404
14875.7783203125 2453
14893.671875 2458
14902.634765625 2496
14913.2255859375 2696
14948.111328125 2722
14966.439453125 2796
14985.453125 2584
15016.0712890625 2872
15045.8486328125 2589
15054.9150390625 2135
15089.697265625 1802
15090.421875 1853
15102.6083984375 1892
15109.099609375 1580
15112.88671875 25
15150.4453125 72
15170.595703125 343
15176.8525390625 710
15199.001953125 755
15200.1083984375 885
15208.9267578125 1683
15214.6640625 1776
15216.1259765625 1972
15221.4189453125 2047
15231.666015625 2138
15234.619140625 2185
15254.111328125 2344
15256.3408203125 2545
15280.232421875 2573
15281.701171875 2855
15295.4755859375 2159
15302.17578125 1067
15324.666015625 371
15327.9609375 243
15362.201171875 1301
15363.7138671875 311
15364.150390625 426
15377.9765625 648
15397.6728515625 720
15400.5390625 792
15405.515625 940
15422.68359375 1006
15432.5029296875 1032
15454.2666015625 1160
15460.9404296875 1189
15477.4521484375 2183
15490.8037109375 2190
15511.4970703125 2301
15530.0341796875 1459
15561.28515625 1649
15577.28125 353
15591.033203125 2706
15642.0048828125 1511
15648.201171875 1778
15652.255859375 329
15656.173828125 731
15657.294921875 1400
15664.8603515625 2070
15671.5732421875 1480
15685.4365234375 1714
15686.419921875 249
15703.220703125 94
15711.26953125 2823
15722.6025390625 471
15775.6025390625 473
15784.904296875 747
15831.5947265625 915
15837.19140625 921
15853.408203125 993
15861.7431640625 1072
15863.6259765625 1415
15866.39453125 1541
15879.19921875 1746
15883.6484375 1949
15918.18359375 2079
15932.9501953125 2219
15945.517578125 2258
15962.6083984375 2413
15968.7421875 2628
15972.466796875 2828
15983.1826171875 2903
15991.89453125 2996
15992.23046875 204
16003.6787109375 1247
16010.873046875 1410
16032.0302734375 1888
16074.51171875 1214
16130.6064453125 1658
16147.1064453125 2587
16147.58203125 380
16155.748046875 688
16165.072265625 1761
16167.5322265625 66
16191.884765625 127
16194.5673828125 179
16215.41796875 855
16233.2392578125 1198
16240.6328125 1250
16246.6513671875 1507
16248.2333984375 1558
16248.791015625 2007
16252.1689453125 2092
16263.3779296875 2231
16288.103515625 2384
16300.8447265625 2457
16330.0400390625 2544
16351.935546875 2717
16364.5693359375 2774
16393.03125 2794
16401.33203125 2909
16414.171875 972
16415.3515625 1138
16424.96484375 1442
16425.61328125 1137
16426.9921875 102
16453.365234375 667
16495.783203125 1935
16498.99609375 2352
16515.9296875 2887
16518.16015625 427
16542.80859375 1533
16556.671875 170
16558.265625 262
16569.025390625 306
16600.25390625 596
16604.9140625 805
16673.2578125 849
16802.138671875 850
16809.845703125 965
16885.3203125 976
16885.533203125 1058
16896.87109375 1403
16925.212890625 1645
16970.935546875 1999
17006.90234375 2292
17042.0703125 2392
17047.931640625 2403
17167.4375 2497
17196.771484375 2524
17284.955078125 2601
17292.0 2652
17302.685546875 2657
17334.41015625 2761
17337.154296875 2839
17364.078125 2939
17380.830078125 2984
17386.380859375 1027
17397.05859375 622
17402.048828125 417
17452.828125 450
17513.314453125 690
17524.767578125 969
17535.0234375 982
17557.17578125 1040
17598.658203125 1078
17599.208984375 1083
17634.384765625 1382
17669.927734375 1391
17672.556640625 1486
17679.6875 1503
17696.24609375 1547
17701.431640625 1561
17719.203125 1965
17757.208984375 2026
17840.357421875 2066
17860.859375 2182
17867.26171875 2245
17876.8984375 2460
17878.21484375 2466
17890.314453125 2540
17894.400390625 2593
17907.259765625 2632
17951.52734375 2753
17991.609375 2759
18013.345703125 2793
18045.923828125 2925
18052.90625 2152
18069.353515625 762
18086.37109375 2757
18141.197265625 37
18154.302734375 1624
18216.333984375 1271
18243.755859375 2370
18289.234375 2895
18290.4765625 2411
18325.62890625 67
18359.271484375 150
18374.400390625 171
18429.482421875 195
18443.826171875 363
18546.2265625 522
18570.037109375 657
18571.67578125 701
18606.53125 760
18618.431640625 811
18620.337890625 874
18698.232421875 875
18717.669921875 1002
18731.462890625 1007
18735.33984375 1023
18748.982421875 1356
18751.345703125 1378
18757.564453125 1489
18763.771484375 1629
18806.53515625 2721
18809.046875 2032
18878.1875 2259
18922.5859375 771
18923.96484375 1543
18952.9453125 2241
19021.92578125 1964
19049.13671875 1625
19084.708984375 2693
19095.359375 222
19153.517578125 258
19228.35546875 281
19259.84765625 506
19260.619140625 582
19352.546875 724
19371.1171875 879
19439.697265625 1003
19447.126953125 1171
19449.716796875 1182
19471.88671875 1588
19490.884765625 1685
19585.515625 1758
19619.76953125 2300
19659.3359375 2310
19674.5703125 2705
19773.052734375 2845
19796.16015625 2916
19804.650390625 1811
19841.943359375 2701
19955.91015625 421
20016.849609375 1440
20062.203125 2337
20170.916015625 2531
20226.041015625 18
20256.71484375 29
20280.296875 31
20299.193359375 104
20334.46875 274
20505.294921875 321
20530.83984375 370
20615.3671875 375
20629.19140625 562
20676.89453125 914
20762.88671875 944
20835.73828125 1672
20847.451171875 1684
20988.958984375 1825
21083.94921875 1846
21216.083984375 1960
21310.58984375 1976
21472.365234375 2006
21525.7421875 2319
21544.228515625 2405
21553.111328125 2550
21951.611328125 2606
21960.32421875 2768
22277.03125 1081
22344.39453125 1780
22648.529296875 16
22669.064453125 28
22741.107421875 125
23020.72265625 212
23021.83984375 265
23079.4296875 295
23363.423828125 360
23496.865234375 364
24224.25390625 937
24336.78125 1077
24647.4140625 1101
24929.66796875 1241
25011.5625 1243
25144.013671875 1307
25337.453125 1343
25631.611328125 1404
25642.640625 1418
25691.505859375 1585
26023.599609375 1719
26114.70703125 1822
26778.3203125 2009
27822.658203125 2164
28360.185546875 2214
28983.330078125 2250
29400.697265625 2263
29509.88671875 2342
30939.876953125 2359
32551.8984375 2547
