7989.27099609375 1144
8291.974609375 2180
8307.611328125 73
8307.908203125 663
8506.1767578125 677
8908.72265625 756
8992.5859375 925
9009.3740234375 927
9012.91015625 946
9172.5654296875 996
9269.234375 1141
9284.140625 1202
9376.7197265625 1251
9384.9375 1457
9398.615234375 1502
9412.900390625 1591
9450.525390625 1733
9456.2080078125 1735
9481.76171875 1919
9507.830078125 1933
9544.365234375 1955
9575.0537109375 2002
9580.994140625 2335
9625.1435546875 2341
9636.6328125 2565
9667.6064453125 2695
9683.4072265625 2763
9686.3310546875 2840
9705.482421875 2422
9761.853515625 1446
9796.1396484375 87
9810.82421875 251
9824.740234375 527
9862.1962890625 529
9866.521484375 625
9929.2646484375 641
9947.65234375 693
9953.921875 873
10018.138671875 881
10019.197265625 928
10032.0498046875 1133
10053.806640625 1283
10064.0400390625 1318
10084.376953125 1346
10089.8916015625 1417
10094.40625 1720
10097.25390625 1987
10128.5625 2226
10129.443359375 2296
10133.798828125 2515
10139.4443359375 2572
10170.7548828125 2669
10189.8740234375 2728
10199.8271484375 2734
10216.091796875 2746
10224.62109375 2852
10232.712890625 2866
10232.92578125 2915
10239.203125 2949
10276.03515625 377
10281.7421875 2281
10316.744140625 160
10329.162109375 1
10352.3544921875 425
10360.701171875 446
10365.82421875 800
10371.5 918
10382.7373046875 953
10385.6455078125 985
10406.439453125 986
10424.7080078125 1008
10464.9892578125 1043
10475.4287109375 1270
10481.798828125 1317
10484.482421875 1435
10499.552734375 1548
10508.287109375 1606
10519.8994140625 1661
10519.9013671875 1712
10526.794921875 2010
10545.5029296875 2088
10552.0458984375 2365
10564.2109375 2410
10581.888671875 2414
10587.265625 2482
10589.357421875 2560
10589.89453125 2781
10592.990234375 2820
10619.8056640625 997
10627.755859375 1781
10627.755859375 81
10651.0595703125 229
10657.314453125 440
10683.41015625 548
10726.4765625 611
10742.169921875 826
10752.2255859375 834
10753.0283203125 848
10764.09765625 871
10804.5390625 893
10808.0224609375 1231
10813.8193359375 1256
10813.84765625 1315
10814.3359375 1458
10825.857421875 1550
10826.7734375 1671
10840.4140625 1711
10872.7880859375 1815
10873.8427734375 1893
10898.779296875 2312
10901.18359375 2324
10910.2265625 2385
10948.1474609375 2447
10950.95703125 2562
10952.689453125 2610
10958.5546875 2622
10963.3349609375 2853
10965.7080078125 2924
10971.9248046875 2927
10982.169921875 2239
10995.263671875 1362
10997.2412109375 1926
10998.7666015625 2997
10999.2197265625 254
11011.02734375 388
11011.6103515625 465
11012.646484375 498
11014.4619140625 520
11033.3095703125 962
11038.408203125 981
11061.912109375 1156
11075.50390625 1652
11077.9765625 2205
11081.3291015625 2339
11092.271484375 2417
11111.6923828125 2494
11114.728515625 2687
11119.0390625 1122
11136.697265625 1670
11156.380859375 264
11175.5458984375 2173
11182.3505859375 1646
11185.46875 2396
11202.873046875 49
11215.1484375 189
11218.87109375 261
11233.6904296875 263
11253.138671875 430
11262.12890625 831
11263.115234375 899
11263.171875 1123
11266.0234375 1169
11268.5166015625 1350
11290.2255859375 1405
11291.826171875 1512
11292.66796875 1750
11304.595703125 1769
11307.22265625 1908
11307.90234375 1966
11308.6865234375 1982
11309.24609375 1993
11312.9970703125 2094
11313.1728515625 2126
11314.3525390625 2141
11334.767578125 2171
11339.3212890625 2174
11343.7802734375 2177
11359.375 2237
11370.6376953125 2367
11396.3564453125 2536
11405.1796875 2542
11414.68359375 2582
11415.3740234375 2675
11422.1962890625 2703
11425.0751953125 1873
11433.05859375 2107
11449.599609375 1281
11452.263671875 455
11457.1865234375 470
11458.57421875 902
11461.173828125 926
11471.9755859375 967
11481.0703125 1104
11487.435546875 1225
11487.6240234375 1286
11497.265625 1506
11525.681640625 1516
11534.3759765625 1599
11561.951171875 1779
11568.041015625 1848
11568.9033203125 1867
11576.4951171875 1883
11593.6806640625 2063
11613.994140625 2210
11615.3212890625 2246
11620.90625 2285
11636.7646484375 2361
11637.83203125 2686
11642.5 2700
11643.814453125 88
11659.9736328125 586
11675.685546875 136
11677.5234375 1471
11677.5234375 226
11692.025390625 296
11700.615234375 1197
11702.716796875 1666
11711.0537109375 2511
11712.11328125 101
11712.5068359375 215
11714.9111328125 549
11716.6025390625 550
11728.009765625 573
11735.69140625 1136
11736.3125 1199
11751.0888671875 1530
11752.6904296875 1581
11759.7451171875 1640
11766.1396484375 1688
11800.7900390625 1968
11803.150390625 2526
11803.2490234375 2571
11806.7177734375 2983
11814.5458984375 1787
11816.119140625 602
11826.75 1146
11838.39453125 253
11844.515625 342
11844.8935546875 843
11852.314453125 1233
11864.240234375 1335
11879.841796875 1394
11880.708984375 1737
11883.671875 1784
11887.349609375 1950
11898.310546875 2025
11912.212890625 2473
11917.5341796875 2518
11918.87890625 999
11923.728515625 1056
11925.1123046875 1900
11950.88671875 1304
11951.5 1326
11955.732421875 2967
11955.865234375 1329
11972.0810546875 50
11972.9462890625 318
11981.751953125 389
11982.7021484375 478
11983.9501953125 491
11983.9501953125 580
12003.046875 599
12009.6669921875 890
12009.810546875 896
12030.259765625 909
12032.244140625 919
12035.1845703125 995
12038.9248046875 1273
12045.2451171875 1342
12055.587890625 1430
12055.767578125 1495
12067.98828125 1568
12073.248046875 1583
12074.0703125 1764
12078.72265625 1774
12116.8125 2065
12124.4208984375 2117
12144.8310546875 2181
12147.00390625 2268
12150.4912109375 2465
12156.24609375 2664
12161.6953125 2760
12174.4775390625 2764
12187.923828125 2938
12195.5625 2943
12202.5439453125 1860
12225.2080078125 2880
12226.001953125 1333
12229.0615234375 2631
12234.904296875 146
12244.0302734375 1538
12249.8828125 21
12257.708984375 34
12264.1240234375 200
12270.869140625 288
12273.34375 336
12284.4697265625 385
12294.720703125 517
12296.125 546
12299.01953125 609
12303.359375 614
12304.974609375 683
12306.67578125 686
12315.515625 769
12320.4951171875 1097
12321.3984375 1221
12324.70703125 1322
12324.7587890625 1359
12328.359375 1376
12329.60546875 1686
12335.65234375 1854
12343.01171875 2513
12356.076171875 2553
12362.927734375 2650
12408.1826171875 2672
12412.208984375 2911
12419.9404296875 78
12426.548828125 2713
12441.986328125 2800
12451.556640625 2651
12456.4599609375 2970
12465.740234375 1045
12471.4111328125 1068
12476.373046875 2078
12477.78125 884
12498.2939453125 886
12509.2265625 1028
12511.322265625 1845
12514.8359375 1932
12526.1796875 2489
12526.2587890625 90
12532.1083984375 153
12537.0625 240
12540.02734375 256
12541.3349609375 531
12546.5517578125 644
12566.0986328125 706
12584.0068359375 775
12587.0947265625 1163
12590.71875 1483
12603.48828125 2114
12611.4228515625 2379
12623.1455078125 2424
12626.54296875 2433
12645.92578125 2435
12659.9248046875 2442
12660.7890625 2683
12661.6923828125 2811
12666.228515625 2176
12666.771484375 169
12666.8828125 2207
12672.4130859375 1020
12676.4970703125 640
12685.3134765625 59
12687.0302734375 177
12687.4052734375 191
12691.677734375 575
12698.0380859375 687
12705.0595703125 934
12706.740234375 1119
12722.04296875 1529
12731.2529296875 1697
12743.2080078125 1810
12747.314453125 1831
12755.724609375 2354
12761.818359375 2528
12763.34375 2679
12774.4228515625 2712
12781.1650390625 2747
12782.83984375 2809
12784.7822265625 2821
12789.203125 2842
12799.166015625 2860
12808.205078125 2906
12810.078125 2994
12812.50390625 186
12812.84375 223
12821.9990234375 1594
12829.369140625 410
12829.943359375 631
12834.123046875 132
12838.2626953125 2576
12842.5859375 1282
12842.7900390625 488
12843.08984375 869
12852.0966796875 2059
12862.8115234375 787
12867.53515625 904
12889.1357421875 137
12890.0283203125 275
12892.201171875 328
12904.3505859375 333
12911.646484375 392
12944.0380859375 407
12960.794921875 489
12968.00390625 680
12968.38671875 1022
12968.38671875 1290
12969.7177734375 1358
12971.326171875 1607
12972.541015625 1653
12985.4560546875 2024
12987.2802734375 2184
12997.3017578125 2221
13009.0322265625 2394
13010.1318359375 2427
13014.2509765625 2517
13043.9990234375 2655
13044.3203125 2704
13047.447265625 2900
13049.3896484375 2946
13051.3544921875 459
13056.8857421875 1408
13063.5625 1339
13077.3642578125 22
13103.3837890625 45
13104.3203125 300
13121.40625 812
13123.921875 922
13126.806640625 947
13127.8583984375 975
13143.62890625 1001
13167.4658203125 1095
13179.625 1275
13193.6396484375 1664
13194.0 1708
13196.1689453125 1763
13199.412109375 1766
13201.1044921875 1889
13201.912109375 2077
13207.26953125 2082
13208.607421875 2131
13218.560546875 2315
13226.9638671875 2317
13228.419921875 2409
13240.3818359375 2608
13250.69140625 2616
13252.484375 2649
13256.1337890625 2819
13278.357421875 2862
13280.353515625 1164
13284.771484375 2213
13285.8173828125 1050
13286.072265625 979
13292.8408203125 1562
13294.8642578125 1597
13302.0546875 2334
13307.0576171875 587
13307.396484375 630
13309.4404296875 777
13312.5205078125 1012
13313.1123046875 1064
13322.123046875 1082
13324.1796875 1462
13341.025390625 1501
13341.4482421875 1654
13341.7412109375 1800
13358.44140625 2656
13361.7177734375 2884
13364.51953125 1416
13380.6552734375 1575
13381.3388671875 2889
13386.2978515625 445
13395.6943359375 30
13401.25 2484
13402.9384765625 38
13405.8134765625 40
13405.99609375 76
13410.783203125 77
13418.2119140625 108
13426.5498046875 164
13428.6435546875 211
13450.7392578125 225
13453.0283203125 376
13470.3232421875 437
13481.0224609375 510
13489.48046875 646
13505.236328125 671
13506.4892578125 738
13507.4892578125 770
13509.1298828125 1434
13528.3525390625 1610
13530.19140625 1662
13541.130859375 1709
13559.126953125 1998
13567.8876953125 2166
13577.4208984375 2220
13581.453125 2238
13585.5068359375 2255
13603.0693359375 2345
13605.9375 2510
13610.974609375 2581
13648.73828125 2607
13653.83203125 2807
13653.8486328125 1015
13656.107421875 1984
13656.8671875 1258
13659.869140625 2555
13659.9755859375 1147
13664.05859375 865
13676.0439453125 939
13676.1015625 1497
13676.6162109375 2630
13695.30078125 2752
13706.25 457
13707.7841796875 309
13710.291015625 316
13714.931640625 483
13719.2939453125 484
13719.2939453125 633
13723.09375 1026
13733.166015625 1036
13736.291015625 1176
13741.1328125 1423
13762.609375 1485
13762.953125 1590
13775.8125 1702
13785.8232421875 1759
13788.97265625 1818
13790.421875 1958
13790.8193359375 1963
13797.025390625 1977
13805.330078125 2053
13807.69921875 2056
13812.736328125 2125
13816.3388671875 2304
13823.7900390625 2356
13843.935546875 2477
13851.271484375 2533
13876.505859375 2732
13882.32421875 2948
13891.1201171875 1601
13893.3486328125 2256
13908.9111328125 2104
13910.5078125 284
13913.154296875 182
13914.123046875 916
13916.8193359375 1667
13920.357421875 1852
13935.291015625 727
13938.37890625 2036
13945.0888671875 2772
13950.61328125 130
13957.912109375 219
13961.8291015625 394
13964.8662109375 405
13966.9375 634
13968.740234375 856
13970.6484375 983
13974.54296875 1117
13977.37890625 1386
13981.5458984375 1791
13988.447265625 1991
13988.658203125 2060
13996.3837890625 2215
13996.484375 2314
14011.37109375 2440
14015.1484375 2467
14021.0986328125 2618
14032.99609375 2648
14034.9853515625 2694
14048.3349609375 1772
14050.115234375 818
14064.8603515625 2907
14070.3505859375 660
14083.2470703125 1168
14097.26171875 1145
14126.099609375 1476
14131.12890625 1618
14131.927734375 655
14133.046875 1592
14133.091796875 2120
14138.0625 2557
14145.470703125 112
14152.9931640625 350
14173.88671875 356
14177.7783203125 448
14184.5791015625 1500
14194.353515625 1526
14198.962890625 1587
14204.2529296875 1881
14227.353515625 1943
14233.513671875 1962
14237.05078125 1995
14242.1123046875 2075
14248.931640625 2118
14250.861328125 2309
14257.787109375 2418
14259.830078125 2516
14264.89453125 2588
14267.658203125 2605
14268.1474609375 2623
14268.1474609375 2937
14270.7880859375 1005
14281.6171875 110
14285.7900390625 2360
14294.16015625 121
14294.482421875 1046
14296.5625 298
14298.021484375 372
14305.634765625 492
14315.216796875 752
14316.73046875 838
14331.234375 903
14331.7548828125 1034
14332.9267578125 1128
14341.4248046875 1187
14342.2646484375 1437
14362.7978515625 1488
14376.23046875 1534
14377.642578125 1657
14389.3671875 1678
14389.8017578125 1824
14393.7578125 1826
14408.720703125 1941
14420.392578125 1997
14421.9931640625 2318
14434.1953125 2327
14442.09765625 2362
14446.5830078125 2404
14448.4375 2453
14449.9541015625 2458
14450.1318359375 2496
14453.044921875 2696
14463.765625 2722
14486.5869140625 2796
14496.353515625 2584
14496.6533203125 2872
14501.4013671875 2589
14503.2890625 2135
14526.74609375 1802
14528.8779296875 1853
14570.982421875 1892
14576.341796875 1580
14583.13671875 25
14601.134765625 72
14618.4775390625 343
14628.17578125 710
14629.552734375 755
14630.4794921875 885
14641.5068359375 1683
14645.986328125 1776
14646.705078125 1972
14649.634765625 2047
14649.81640625 2138
14653.45703125 2185
14656.546875 2344
14661.787109375 2545
14682.8984375 2573
14685.7939453125 2855
14713.3818359375 2159
14728.876953125 1067
14741.666015625 371
14745.35546875 243
14749.9814453125 1301
14759.0078125 311
14766.3505859375 426
14770.265625 648
14773.8642578125 720
14775.1298828125 792
14779.72265625 940
14803.24609375 1006
14805.6181640625 1032
14813.3740234375 1160
14819.6328125 1189
14841.466796875 2183
14847.1640625 2190
14859.505859375 2301
14863.1484375 1459
14863.2548828125 1649
14870.7998046875 353
14894.232421875 2706
14902.8798828125 1511
14903.6396484375 1778
14907.158203125 329
14914.09375 731
14922.919921875 1400
14932.6748046875 2070
14946.166015625 1480
14959.546875 1714
14959.86328125 249
14966.9755859375 94
14970.9033203125 2823
14973.5234375 471
15019.1318359375 473
15029.3046875 747
15044.6552734375 915
15090.6123046875 921
15091.4560546875 993
15095.568359375 1072
15111.1865234375 1415
15116.9658203125 1541
15119.9384765625 1746
15123.9248046875 1949
15137.591796875 2079
15151.234375 2219
15152.025390625 2258
15153.603515625 2413
15154.6767578125 2628
15189.7626953125 2828
15189.837890625 2903
15196.4111328125 2996
15200.619140625 204
15202.2314453125 1247
15212.345703125 1410
15215.0234375 1888
15217.681640625 1214
15230.6220703125 1658
15241.2578125 2587
15244.587890625 380
15247.177734375 688
15252.9765625 1761
15253.01171875 66
15285.44140625 127
15302.220703125 179
15304.869140625 855
15321.3115234375 1198
15331.5244140625 1250
15332.1640625 1507
15337.474609375 1558
15358.8251953125 2007
15372.333984375 2092
15384.2578125 2231
15408.0751953125 2384
15410.462890625 2457
15413.4892578125 2544
15434.2900390625 2717
15461.3818359375 2774
15486.212890625 2794
15499.046875 2909
15506.525390625 972
15510.353515625 1138
15522.8125 1442
15526.6484375 1137
15532.486328125 102
15534.1533203125 667
15534.80859375 1935
15553.7568359375 2352
15557.3408203125 2887
15569.2998046875 427
15575.998046875 1533
15580.48828125 170
15583.943359375 262
15588.466796875 306
15591.0419921875 596
15596.92578125 805
15605.79296875 849
15623.009765625 850
15624.841796875 965
15640.685546875 976
15644.228515625 1058
15663.7060546875 1403
15674.7294921875 1645
15677.2841796875 1999
15694.6298828125 2292
15699.9306640625 2392
15718.0703125 2403
15730.2001953125 2497
15733.67578125 2524
15745.39453125 2601
15764.80859375 2652
15805.96875 2657
15813.751953125 2761
15813.8994140625 2839
15819.3701171875 2939
15830.9912109375 2984
15832.8125 1027
15853.0869140625 622
15860.0791015625 417
15863.51171875 450
15864.9287109375 690
15888.6494140625 969
15893.2470703125 982
15896.87109375 1040
15902.8134765625 1078
15903.9140625 1083
15906.740234375 1382
15923.658203125 1391
15924.0107421875 1486
15928.7900390625 1503
15930.7666015625 1547
15953.77734375 1561
15990.990234375 1965
16027.033203125 2026
16031.849609375 2066
16041.529296875 2182
16046.955078125 2245
16048.048828125 2460
16080.83984375 2466
16097.921875 2540
16104.021484375 2593
16108.009765625 2632
16114.5126953125 2753
16131.154296875 2759
16146.525390625 2793
16154.404296875 2925
16157.4013671875 2152
16174.4501953125 762
16176.2998046875 2757
16199.4560546875 37
16252.060546875 1624
16259.80859375 1271
16283.0302734375 2370
16305.69140625 2895
16307.1513671875 2411
16316.734375 67
16325.986328125 150
16377.408203125 171
16399.388671875 195
16419.033203125 363
16439.474609375 522
16447.01953125 657
16448.76953125 701
16452.7421875 760
16458.82421875 811
16459.04296875 874
16462.28125 875
16469.638671875 1002
16513.041015625 1007
16521.60546875 1023
16560.13671875 1356
16573.751953125 1378
16651.26171875 1489
16711.896484375 1629
16792.515625 2721
16817.134765625 2032
16818.7265625 2259
16838.658203125 771
16886.01953125 1543
17017.939453125 2241
17054.42578125 1964
17076.93359375 1625
17086.166015625 2693
17094.93359375 222
17115.36328125 258
17135.0859375 281
17209.2265625 506
17221.931640625 582
17281.71484375 724
17306.5 879
17391.99609375 1003
17411.947265625 1171
17443.6328125 1182
17444.2421875 1588
17488.70703125 1685
17504.51953125 1758
17553.259765625 2300
17580.072265625 2310
17581.3203125 2705
17619.35546875 2845
17628.544921875 2916
17666.326171875 1811
17699.3046875 2701
17699.3046875 421
17737.001953125 1440
17745.38671875 2337
17752.2890625 2531
17812.744140625 18
17839.5859375 29
17852.45703125 31
17938.6484375 104
18013.79296875 274
18075.798828125 321
18102.904296875 370
18112.662109375 375
18121.900390625 562
18407.08984375 914
18448.8203125 944
18544.015625 1672
18599.33984375 1684
18652.00390625 1825
18750.77734375 1846
18778.197265625 1960
18833.814453125 1976
18835.748046875 2006
18941.8203125 2319
18978.427734375 2405
18986.841796875 2550
19093.435546875 2606
19287.4296875 2768
19305.990234375 1081
19333.095703125 1780
19789.763671875 16
19849.255859375 28
19864.521484375 125
20083.22265625 212
20487.54296875 265
20488.314453125 295
20603.298828125 360
20676.90625 364
20803.1484375 937
20919.8046875 1077
20970.599609375 1101
21227.912109375 1241
21342.341796875 1243
21590.0625 1307
21721.35546875 1343
21775.546875 1404
22684.294921875 1418
22800.1640625 1585
22836.7265625 1719
24227.986328125 1822
24899.83203125 2009
25159.45703125 2164
25239.34765625 2214
25402.3125 2250
26810.287109375 2263
27815.1796875 2342
28556.0703125 2359
29506.072265625 2547
