5663.81982421875 1333
6710.1904296875 2631
6728.03955078125 146
6754.173828125 1538
6949.07763671875 21
7005.005859375 34
7147.15771484375 200
7389.74853515625 288
7563.7705078125 336
7569.67236328125 385
7644.0185546875 517
7644.0185546875 546
7672.2998046875 609
7698.84912109375 614
7741.06298828125 683
7742.15625 686
7762.65869140625 769
7819.84326171875 1097
7880.04150390625 1221
7914.5615234375 1322
7923.9013671875 1359
7998.1083984375 1376
8008.78955078125 1686
8010.2568359375 1854
8036.25146484375 2513
8116.80322265625 2553
8145.357421875 2650
8195.7880859375 2672
8209.7607421875 2911
8240.0078125 78
8254.958984375 2713
8302.4130859375 2800
8360.962890625 2651
8461.642578125 2970
8494.0478515625 1045
8496.2900390625 1068
8512.501953125 1446
8519.443359375 87
8546.7255859375 251
8549.041015625 527
8561.33984375 529
8563.5908203125 625
8637.46484375 641
8639.8525390625 693
8790.58203125 873
8813.9169921875 881
8820.5419921875 928
8834.5048828125 1133
8849.8857421875 1283
8905.3994140625 1318
8958.3740234375 1346
8959.7197265625 1417
9035.0048828125 1720
9035.224609375 1987
9083.4033203125 2226
9174.09375 2296
9219.71484375 2515
9232.83984375 2572
9255.365234375 2669
9265.95703125 2728
9301.888671875 2734
9303.64453125 2746
9323.21875 2852
9354.001953125 2866
9385.076171875 2915
9395.46875 2949
9397.044921875 377
9403.296875 2281
9410.0439453125 160
9437.2724609375 1
9507.48046875 425
9521.1201171875 446
9528.330078125 800
9560.0126953125 918
9569.302734375 953
9585.1767578125 985
9599.322265625 986
9600.611328125 1008
9605.513671875 1043
9636.826171875 1270
9652.958984375 1317
9652.958984375 1435
9671.9404296875 1548
9678.23046875 1606
9694.42578125 1661
9696.953125 1712
9703.3916015625 2010
9736.236328125 2088
9795.525390625 2365
9815.70703125 2410
9823.365234375 2414
9824.0771484375 2482
9831.2490234375 2560
9839.384765625 2781
9906.640625 2820
9927.8896484375 997
9934.7763671875 1781
9942.3759765625 81
9962.8974609375 229
9965.466796875 440
10023.416015625 548
10031.8193359375 611
10035.11328125 826
10093.41796875 834
10130.9130859375 848
10132.5576171875 871
10135.3984375 893
10148.9267578125 1231
10149.4697265625 1256
10153.0625 1315
10158.2021484375 1458
10247.353515625 1550
10254.1962890625 1671
10256.859375 1711
10266.626953125 1815
10279.67578125 1893
10283.3671875 2312
10285.9365234375 2324
10287.6181640625 2385
10305.251953125 2447
10309.5390625 2562
10323.0712890625 2610
10348.091796875 2622
10349.8486328125 2853
10352.4072265625 2924
10354.2587890625 2927
10362.470703125 2239
10369.36328125 1362
10369.369140625 1926
10384.087890625 2997
10386.5498046875 254
10400.22265625 388
10406.8740234375 465
10410.7802734375 498
10422.7138671875 520
10426.39453125 962
10432.7939453125 981
10452.9560546875 1156
10462.33984375 1652
10480.2333984375 2205
10496.0390625 2339
10501.7548828125 2417
10512.099609375 2494
10526.6572265625 2687
10529.515625 1122
10575.53515625 1670
10592.8271484375 264
10632.296875 2173
10639.517578125 1646
10643.12890625 2396
10666.2646484375 49
10707.001953125 189
10718.4111328125 261
10727.390625 263
10736.3388671875 430
10743.7314453125 831
10744.2080078125 899
10767.197265625 1123
10769.0048828125 1169
10798.1962890625 1350
10807.1767578125 1405
10810.4521484375 1512
10816.7578125 1750
10822.6630859375 1769
10840.1611328125 1908
10853.3818359375 1966
10858.39453125 1982
10861.216796875 1993
10863.5869140625 2094
10874.3798828125 2126
10885.1376953125 2141
10897.669921875 2171
10903.328125 2174
10906.0517578125 2177
10909.1455078125 2237
10910.5888671875 2367
10925.455078125 2536
10940.9892578125 2542
10947.060546875 2582
10947.7939453125 2675
10969.912109375 2703
10973.375 1873
10995.4677734375 2107
11054.455078125 1281
11076.26953125 455
11085.69140625 470
11087.41796875 902
11092.3046875 926
11095.78515625 967
11120.646484375 1104
11121.71875 1225
11129.068359375 1286
11129.515625 1506
11130.2431640625 1516
11154.7919921875 1599
11173.93359375 1779
11176.32421875 1848
11188.791015625 1867
11200.76171875 1883
11202.3994140625 2063
11225.771484375 2210
11225.916015625 2246
11227.224609375 2285
11242.2275390625 2361
11242.5263671875 2686
11263.736328125 2700
11264.732421875 88
11271.5078125 586
11297.451171875 136
11301.421875 1471
11311.302734375 226
11321.490234375 296
11345.6279296875 1197
11349.619140625 1666
11352.099609375 2511
11365.0703125 101
11366.42578125 215
11374.044921875 549
11394.12890625 550
11409.94921875 573
11415.7900390625 1136
11427.568359375 1199
11458.8603515625 1530
11502.248046875 1581
11525.9814453125 1640
11531.005859375 1688
11533.708984375 1968
11555.94921875 2526
11565.2333984375 2571
11571.361328125 2983
11575.515625 1787
11600.20703125 602
11602.3203125 1146
11610.7265625 253
11634.5048828125 342
11650.1708984375 843
11656.837890625 1233
11671.7841796875 1335
11673.2626953125 1394
11674.615234375 1737
11693.0400390625 1784
11701.61328125 1950
11706.3212890625 2025
11707.9130859375 2473
11714.685546875 2518
11718.091796875 999
11724.7158203125 1056
11725.99609375 1900
11741.953125 1304
11745.37109375 1326
11746.5263671875 2967
11765.1064453125 1329
11777.625 50
11806.8046875 318
11829.890625 389
11836.794921875 478
11874.7275390625 491
11875.603515625 580
11887.1669921875 599
11891.359375 890
11903.2607421875 896
11903.4814453125 909
11928.3388671875 919
11950.4501953125 995
11982.498046875 1273
11985.1796875 1342
11985.4892578125 1430
11988.2470703125 1495
12000.357421875 1568
12011.224609375 1583
12014.576171875 1764
12018.35546875 1774
12038.8408203125 2065
12039.2626953125 2117
12043.8701171875 2181
12104.43359375 2268
12115.9365234375 2465
12118.40234375 2664
12124.921875 2760
12134.1474609375 2764
12135.4697265625 2938
12135.775390625 2943
12146.625 1860
12149.0390625 2880
12162.697265625 2078
12165.2392578125 884
12179.833984375 886
12181.2529296875 1028
12183.587890625 1845
12184.6845703125 1932
12190.7412109375 2489
12196.8359375 90
12202.6708984375 153
12219.83984375 240
12224.3173828125 256
12231.5283203125 531
12234.6572265625 644
12256.9326171875 706
12260.3564453125 775
12273.5498046875 1163
12297.58984375 1483
12299.4951171875 2114
12326.505859375 2379
12340.84765625 2424
12344.5322265625 2433
12356.833984375 2435
12380.9091796875 2442
12380.9091796875 2683
12382.99609375 2811
12388.3515625 2176
12391.158203125 169
12392.75390625 2207
12412.3505859375 1144
12414.3623046875 2180
12415.66796875 73
12419.5185546875 663
12424.3203125 677
12429.7646484375 756
12432.28515625 925
12433.283203125 927
12439.2421875 946
12440.9296875 996
12454.8876953125 1141
12491.5615234375 1202
12499.5458984375 1251
12505.515625 1457
12535.15234375 1502
12548.65625 1591
12554.26953125 1733
12568.169921875 1735
12574.638671875 1919
12580.498046875 1933
12616.134765625 1955
12621.2421875 2002
12633.330078125 2335
12638.640625 2341
12660.775390625 2565
12661.1083984375 2695
12661.6689453125 2763
12676.490234375 2840
12680.7001953125 2422
12682.2880859375 1020
12706.453125 640
12710.4033203125 59
12717.474609375 177
12723.69921875 191
12734.947265625 575
12744.61328125 687
12765.2890625 934
12771.837890625 1119
12777.080078125 1529
12779.560546875 1697
12779.9384765625 1810
12780.189453125 1831
12800.470703125 2354
12822.2255859375 2528
12833.546875 2679
12836.419921875 2712
12845.6728515625 2747
12846.0009765625 2809
12864.2333984375 2821
12868.0673828125 2842
12872.201171875 2860
12887.8408203125 2906
12897.923828125 2994
12901.837890625 186
12907.521484375 223
12907.75 1594
12907.76171875 410
12913.8076171875 631
12920.7099609375 132
12928.9013671875 2576
12936.4072265625 1282
12940.28515625 488
12948.0400390625 869
12950.275390625 2059
12955.529296875 787
12962.40625 904
12963.0908203125 137
12965.4150390625 275
12967.3330078125 328
12977.6572265625 333
12980.0791015625 392
12981.443359375 407
12982.171875 489
12984.2841796875 680
13014.994140625 1022
13036.5927734375 1290
13045.015625 1358
13046.029296875 1607
13052.7158203125 1653
13064.1552734375 2024
13083.02734375 2184
13091.041015625 2221
13095.53125 2394
13096.6123046875 2427
13097.95703125 2517
13104.6494140625 2655
13115.8115234375 2704
13120.1357421875 2900
13121.7548828125 2946
13129.359375 459
13134.0009765625 1408
13136.3359375 1339
13138.6455078125 22
13155.7705078125 45
13176.37890625 300
13177.990234375 812
13184.49609375 922
13197.3037109375 947
13207.59375 975
13232.576171875 1001
13245.2255859375 1095
13290.359375 1275
13295.9638671875 1664
13310.146484375 1708
13316.0986328125 1763
13319.2158203125 1766
13346.80859375 1889
13352.03125 2077
13354.4033203125 2082
13365.01953125 2131
13377.90234375 2315
13405.376953125 2317
13441.001953125 2409
13479.9609375 2608
13482.80078125 2616
13489.2431640625 2649
13497.318359375 2819
13499.4072265625 2862
13525.7236328125 1164
13600.0810546875 2213
13605.73828125 1050
13606.23046875 979
13627.181640625 1562
13638.15234375 1597
13678.6923828125 2334
13701.498046875 587
13703.19921875 630
13707.73828125 777
13712.150390625 1012
13721.8173828125 1064
13724.6015625 1082
13754.634765625 1462
13773.375 1501
13789.6455078125 1654
13791.6474609375 1800
13812.0390625 2656
13818.296875 2884
13823.78515625 1416
13839.9169921875 1575
13840.7705078125 2889
13884.103515625 445
13884.6689453125 30
13886.869140625 2484
13889.4912109375 38
13893.3505859375 40
13904.0341796875 76
13904.25 77
13905.1220703125 108
13908.806640625 164
13913.9931640625 211
13917.60546875 225
13920.20703125 376
13932.2900390625 437
13946.232421875 510
13962.32421875 646
13973.068359375 671
13993.2373046875 738
13995.302734375 770
13996.939453125 1434
14001.025390625 1610
14008.0341796875 1662
14012.8310546875 1709
14020.498046875 1998
14046.42578125 2166
14048.0048828125 2220
14056.01171875 2238
14085.0390625 2255
14095.1533203125 2345
14102.62109375 2510
14114.052734375 2581
14116.18359375 2607
14140.455078125 2807
14147.138671875 1015
14148.5556640625 1984
14150.3701171875 1258
14176.939453125 2555
14180.9287109375 1147
14182.6884765625 865
14223.3759765625 939
14228.8671875 1497
14241.87890625 2630
14254.2041015625 2752
14262.9892578125 457
14266.798828125 309
14266.798828125 316
14272.470703125 483
14281.4130859375 484
14283.79296875 633
14290.9248046875 1026
14291.29296875 1036
14305.6904296875 1176
14306.8916015625 1423
14326.984375 1485
14333.646484375 1590
14357.2275390625 1702
14360.9169921875 1759
14377.189453125 1818
14392.2333984375 1958
14411.0048828125 1963
14422.1875 1977
14433.919921875 2053
14445.0498046875 2056
14458.6884765625 2125
14486.9609375 2304
14490.55859375 2356
14498.494140625 2477
14501.58984375 2533
14507.7294921875 2732
14514.94140625 2948
14533.19921875 1601
14566.994140625 2256
14569.474609375 2104
14576.2490234375 284
14585.73828125 182
14602.716796875 916
14625.3955078125 1667
14637.0341796875 1852
14638.99609375 727
14652.0322265625 2036
14658.03125 2772
14660.1865234375 130
14663.708984375 219
14674.556640625 394
14682.3935546875 405
14707.0283203125 634
14710.541015625 856
14710.80859375 983
14727.2626953125 1117
14729.0361328125 1386
14738.076171875 1791
14749.5849609375 1991
14749.5849609375 2060
14756.384765625 2215
14756.751953125 2314
14759.23828125 2440
14766.46484375 2467
14798.86328125 2618
14802.5625 2648
14815.2958984375 2694
14824.4599609375 1772
14844.90234375 818
14865.3388671875 2907
14879.701171875 660
14920.3193359375 1168
14932.07421875 1145
14938.7978515625 1476
14950.333984375 1618
14952.822265625 655
14990.546875 1592
15019.0615234375 2120
15019.39453125 2557
15024.5869140625 112
15039.8837890625 350
15062.1298828125 356
15082.59375 448
15096.35546875 1500
15115.24609375 1526
15127.13671875 1587
15127.13671875 1881
15142.6953125 1943
15147.2734375 1962
15152.1669921875 1995
15159.3193359375 2075
15188.3173828125 2118
15189.658203125 2309
15195.5205078125 2418
15199.044921875 2516
15221.0908203125 2588
15250.8828125 2605
15256.19921875 2623
15268.767578125 2937
15279.2275390625 1005
15327.03515625 110
15351.9912109375 2360
15400.6298828125 121
15411.599609375 1046
15426.203125 298
15429.806640625 372
15432.408203125 492
15433.3486328125 752
15434.2236328125 838
15471.8759765625 903
15477.146484375 1034
15531.748046875 1128
15543.048828125 1187
15576.123046875 1437
15591.9765625 1488
15603.21484375 1534
15614.759765625 1657
15635.439453125 1678
15663.7158203125 1824
15670.0732421875 1826
15681.490234375 1941
15697.9013671875 1997
15700.30859375 2318
15720.0068359375 2327
15721.5400390625 2362
15735.947265625 2404
15769.3056640625 2453
15778.1865234375 2458
15803.0361328125 2496
15819.150390625 2696
15829.24609375 2722
15837.28125 2796
15844.0869140625 2584
15876.6767578125 2872
15878.19921875 2589
15905.6708984375 2135
15921.7763671875 1802
15982.4462890625 1853
16047.630859375 1892
16063.3251953125 1580
16077.46484375 25
16081.265625 72
16088.7177734375 343
16099.513671875 710
16108.4658203125 755
16120.0234375 885
16120.9658203125 1683
16123.60546875 1776
16137.58984375 1972
16158.08203125 2047
16176.19140625 2138
16185.9794921875 2185
16187.919921875 2344
16190.45703125 2545
16207.875 2573
16208.400390625 2855
16216.5830078125 2159
16246.419921875 1067
16256.099609375 371
16312.30078125 243
16330.224609375 1301
16372.6953125 311
16401.83984375 426
16419.11328125 648
16435.16015625 720
16445.478515625 792
16450.779296875 940
16475.515625 1006
16478.32421875 1032
16518.02734375 1160
16537.359375 1189
16554.1328125 2183
16575.455078125 2190
16614.75 2301
16644.943359375 1459
16663.162109375 1649
16686.525390625 353
16690.314453125 2706
16710.4375 1511
16719.6875 1778
16745.298828125 329
16749.12109375 731
16756.75390625 1400
16756.81640625 2070
16762.396484375 1480
16773.16796875 1714
16782.072265625 249
16802.73046875 94
16807.130859375 2823
16816.240234375 471
16843.8203125 473
16860.322265625 747
16889.048828125 915
17015.49609375 921
17047.46875 993
17060.85546875 1072
17103.32421875 1415
17169.154296875 1541
17188.216796875 1746
17216.015625 1949
17243.28125 2079
17267.53125 2219
17291.341796875 2258
17308.37109375 2413
17330.404296875 2628
17409.5546875 2828
17418.9140625 2903
17438.892578125 2996
17485.91796875 204
17489.474609375 1247
17497.23046875 1410
17504.375 1888
17506.69921875 1214
17553.955078125 1658
17577.80078125 2587
17605.50390625 380
17617.1328125 688
17629.91015625 1761
17716.78515625 66
17739.0859375 127
17764.947265625 179
17771.12109375 855
17814.119140625 1198
17815.388671875 1250
17856.626953125 1507
17869.45703125 1558
17884.779296875 2007
17919.91015625 2092
17977.287109375 2231
17978.40234375 2384
17984.955078125 2457
18048.01171875 2544
18051.369140625 2717
18053.552734375 2774
18053.580078125 2794
18064.10546875 2909
18066.68359375 972
18081.13671875 1138
18096.966796875 1442
18098.3828125 1137
18099.7421875 102
18107.734375 667
18119.63671875 1935
18121.3359375 2352
18129.83984375 2887
18165.330078125 427
18209.67578125 1533
18212.23828125 170
18226.62890625 262
18260.28515625 306
18279.068359375 596
18301.7578125 805
18305.837890625 849
18397.390625 850
18402.962890625 965
18418.9921875 976
18468.498046875 1058
18489.99609375 1403
18495.697265625 1645
18496.498046875 1999
18512.5234375 2292
18520.345703125 2392
18561.587890625 2403
18584.4296875 2497
18590.880859375 2524
18626.6953125 2601
18649.0625 2652
18706.5390625 2657
18774.1171875 2761
18781.8359375 2839
18867.62109375 2939
18900.591796875 2984
18935.798828125 1027
18977.802734375 622
18980.701171875 417
19048.921875 450
19048.947265625 690
19070.48046875 969
19087.720703125 982
19089.76953125 1040
19218.685546875 1078
19236.248046875 1083
19248.51953125 1382
19248.6953125 1391
19377.783203125 1486
19414.603515625 1503
19474.396484375 1547
19642.802734375 1561
19674.482421875 1965
19697.7890625 2026
19761.646484375 2066
19799.732421875 2182
19800.189453125 2245
19819.40234375 2460
19821.53515625 2466
19838.80859375 2540
19865.0234375 2593
19868.0703125 2632
19904.486328125 2753
19997.4765625 2759
20068.994140625 2793
20074.470703125 2925
20117.76171875 2152
20120.7421875 762
20209.751953125 2757
20294.6953125 37
20306.041015625 1624
20331.154296875 1271
20341.59765625 2370
20371.62109375 2895
20569.205078125 2411
20584.09765625 67
20611.998046875 150
20622.623046875 171
20671.982421875 195
20704.8046875 363
20744.896484375 522
20795.35546875 657
20858.97265625 701
20884.76171875 760
20891.607421875 811
20893.734375 874
20929.90625 875
20929.90625 1002
20930.92578125 1007
20989.423828125 1023
21054.748046875 1356
21135.421875 1378
21234.63671875 1489
21269.5390625 1629
21346.96484375 2721
21375.095703125 2032
21495.158203125 2259
21497.001953125 771
21520.1640625 1543
21549.79296875 2241
21553.439453125 1964
21558.7734375 1625
21635.37109375 2693
21641.83203125 222
21681.845703125 258
21706.1796875 281
21744.873046875 506
21801.408203125 582
21861.8671875 724
21910.533203125 879
21943.451171875 1003
21950.751953125 1171
22022.44921875 1182
22245.251953125 1588
22338.23828125 1685
22356.681640625 1758
22390.517578125 2300
22511.51953125 2310
22534.412109375 2705
22534.59375 2845
22552.212890625 2916
22599.328125 1811
22599.48828125 2701
22599.48828125 421
22627.9296875 1440
22690.126953125 2337
22690.43359375 2531
22701.271484375 18
22706.298828125 29
22827.490234375 31
22846.345703125 104
22850.759765625 274
22888.4921875 321
22900.50390625 370
23014.416015625 375
23230.56640625 562
23275.30078125 914
23279.3359375 944
23291.154296875 1672
23312.099609375 1684
23496.095703125 1825
23606.779296875 1846
23639.541015625 1960
23660.107421875 1976
23802.46875 2006
23901.712890625 2319
23910.94140625 2405
23950.3203125 2550
23991.96875 2606
24091.08984375 2768
24191.349609375 1081
24275.857421875 1780
24471.66015625 16
24475.08203125 28
24583.51171875 125
24632.6875 212
24713.44140625 265
24777.052734375 295
24784.837890625 360
24844.5703125 364
24889.52734375 937
24926.595703125 1077
25043.236328125 1101
25044.47265625 1241
25084.875 1243
25126.23828125 1307
25150.953125 1343
25389.654296875 1404
25619.3671875 1418
25952.689453125 1585
25983.94140625 1719
26114.73046875 1822
27007.900390625 2009
27439.82421875 2164
28474.556640625 2214
28953.00390625 2250
29027.3203125 2263
34545.9140625 2342
34665.82421875 2359
36686.4296875 2547
