8296.3388671875 1281
8526.8681640625 455
8652.9267578125 470
8892.564453125 902
8992.6884765625 926
9080.6025390625 967
9112.79296875 1104
9510.3251953125 1225
9799.5400390625 1286
9970.3916015625 1506
10030.4248046875 1516
10044.828125 1599
10053.5966796875 1779
10055.3408203125 1848
10159.0400390625 1867
10344.0927734375 1883
10596.626953125 2063
10596.626953125 2210
10626.2392578125 2246
10737.8251953125 2285
10792.3427734375 2361
10801.60546875 2686
10824.01171875 2700
10846.71875 88
10926.9345703125 586
10938.3173828125 136
10940.69140625 1471
11009.82421875 226
11084.296875 296
11113.7431640625 1197
11123.1025390625 1666
11135.3173828125 1446
11224.4365234375 87
11248.4013671875 251
11252.927734375 527
11446.912109375 529
11463.185546875 625
11533.95703125 641
11559.3759765625 693
11573.283203125 873
11615.154296875 881
11626.228515625 928
11681.31640625 1133
11740.873046875 1283
11742.763671875 1318
11843.3779296875 1346
11854.3935546875 1417
11921.6923828125 1720
11944.349609375 1987
11983.9716796875 2226
12015.4111328125 2296
12047.578125 2515
12082.580078125 2572
12101.4140625 2669
12116.33203125 2728
12165.12890625 2734
12202.6533203125 2746
12249.05859375 2852
12301.39453125 2866
12307.544921875 2915
12307.544921875 2949
12311.9228515625 377
12313.203125 2281
12370.333984375 160
12375.58203125 1
12403.2119140625 425
12428.7822265625 446
12435.94140625 800
12480.8515625 918
12483.912109375 953
12485.525390625 985
12536.9580078125 986
12544.2373046875 1008
12552.1728515625 1043
12567.185546875 1270
12567.802734375 1317
12579.310546875 1435
12597.1337890625 1548
12597.603515625 1606
12608.5869140625 1661
12635.5888671875 1712
12648.1142578125 2010
12670.0478515625 2088
12699.5234375 2365
12701.87109375 2410
12714.1708984375 2414
12737.3623046875 2482
12750.421875 2560
12784.0263671875 2781
12797.3037109375 2820
12800.8466796875 997
12832.685546875 1781
12882.9931640625 81
12922.8427734375 229
12955.439453125 440
12991.197265625 548
13002.2177734375 611
13004.5673828125 826
13025.1455078125 834
13042.654296875 848
13044.1513671875 871
13074.73828125 893
13087.6376953125 1231
13150.35546875 1256
13150.5576171875 1315
13258.990234375 1458
13267.142578125 1550
13283.400390625 1671
13324.205078125 1711
13326.5478515625 1815
13337.6865234375 1893
13340.06640625 2312
13347.029296875 2324
13349.39453125 2385
13394.1220703125 2447
13420.4521484375 2562
13439.4736328125 2610
13442.6513671875 2622
13467.02734375 2853
13495.8818359375 2924
13497.908203125 2927
13521.970703125 2239
13551.97265625 1362
13553.021484375 1926
13588.6640625 2997
13591.0693359375 254
13593.873046875 388
13600.63671875 465
13614.9921875 498
13634.0107421875 520
13641.05859375 962
13647.1357421875 981
13651.5224609375 1156
13657.5400390625 1652
13670.2998046875 2205
13696.15625 2339
13700.224609375 2417
13729.9287109375 2494
13741.0546875 2687
13757.833984375 1122
13760.4482421875 1670
13771.853515625 264
13773.337890625 2173
13801.3818359375 1646
13805.818359375 2396
13810.650390625 49
13820.27734375 189
13821.654296875 261
13845.0087890625 263
13856.015625 430
13858.205078125 831
13863.384765625 899
13868.5546875 1123
13883.794921875 1169
13890.5703125 1350
13898.052734375 1405
13902.6259765625 1512
13920.767578125 1750
13930.28515625 1769
13946.17578125 1908
13951.615234375 1966
14015.6318359375 1982
14036.931640625 1993
14067.1591796875 2094
14084.896484375 2126
14113.09375 2141
14118.1845703125 2171
14121.66796875 2174
14122.8134765625 2177
14123.2978515625 2237
14135.9140625 2367
14137.240234375 2536
14141.587890625 2542
14142.412109375 2582
14145.35546875 2675
14191.6298828125 2703
14205.4794921875 1873
14212.56640625 2107
14215.375 2511
14253.548828125 101
14283.650390625 215
14337.9248046875 549
14343.36328125 550
14348.6025390625 573
14348.6357421875 1136
14363.4462890625 1199
14364.951171875 1530
14369.7109375 1581
14370.2294921875 1640
14372.83984375 1688
14392.2294921875 1968
14397.1484375 2526
14407.859375 2571
14410.2080078125 2983
14412.0869140625 1787
14425.759765625 602
14426.947265625 1146
14434.9853515625 253
14438.9072265625 342
14463.05078125 843
14466.412109375 1233
14510.041015625 1335
14524.9521484375 1394
14530.189453125 1737
14530.529296875 1784
14547.701171875 1950
14566.85546875 2025
14574.01171875 2473
14588.6328125 2518
14593.306640625 999
14597.685546875 1056
14603.2568359375 1900
14616.60546875 1304
14622.6796875 1326
14630.705078125 2967
14635.1337890625 1329
14643.779296875 50
14646.3515625 318
14671.7275390625 389
14685.068359375 478
14699.9658203125 491
14707.26953125 580
14707.677734375 599
14716.498046875 890
14731.5478515625 896
14739.46875 909
14753.55078125 919
14760.150390625 995
14763.376953125 1273
14767.6328125 1342
14825.474609375 1430
14859.9189453125 1495
14872.298828125 1568
14875.89453125 1583
14880.43359375 1764
14884.349609375 1774
14894.16015625 2065
14916.76171875 2117
14962.1533203125 2181
14966.3935546875 2268
14966.466796875 2465
14967.16796875 2664
14967.6015625 2760
14975.1953125 2764
14990.263671875 2938
14994.720703125 2943
15000.3564453125 1860
15009.7958984375 2880
15015.1962890625 1333
15015.8056640625 2631
15026.7421875 146
15028.4375 1538
15041.576171875 21
15043.408203125 34
15050.4130859375 200
15052.416015625 288
15062.7236328125 336
15080.0966796875 385
15091.72265625 517
15107.08984375 546
15124.91796875 609
15127.7265625 614
15129.890625 683
15169.0625 686
15171.990234375 769
15193.904296875 1097
15198.541015625 1221
15226.58203125 1322
15272.705078125 1359
15325.4248046875 1376
15344.939453125 1686
15352.0703125 1854
15357.349609375 2513
15367.7451171875 2553
15369.9267578125 2650
15377.884765625 2672
15393.06640625 2911
15424.59765625 78
15453.11328125 2713
15461.56640625 2800
15480.59375 2651
15486.7958984375 2970
15505.2587890625 1045
15510.5546875 1068
15511.7109375 2078
15519.5283203125 884
15534.099609375 886
15536.396484375 1028
15548.7021484375 1845
15558.58203125 1932
15575.986328125 2489
15604.5791015625 90
15622.9091796875 153
15625.494140625 240
15628.298828125 256
15634.234375 531
15648.08203125 644
15648.439453125 706
15648.998046875 775
15675.9345703125 1163
15680.9384765625 1483
15695.6689453125 2114
15707.271484375 2379
15717.501953125 2424
15726.775390625 2433
15736.359375 2435
15752.154296875 2442
15792.13671875 2683
15798.265625 2811
15819.330078125 2176
15834.63671875 169
15839.5185546875 2207
15853.0537109375 1144
15880.5576171875 2180
15905.1787109375 73
15916.0546875 663
15921.76171875 677
15922.884765625 756
15927.638671875 925
15929.77734375 927
15952.09375 946
15952.09375 996
15977.970703125 1141
15978.109375 1202
16015.4853515625 1251
16024.017578125 1457
16069.13671875 1502
16104.8623046875 1591
16114.388671875 1733
16118.380859375 1735
16126.1357421875 1919
16143.7685546875 1933
16144.83203125 1955
16149.75390625 2002
16160.830078125 2335
16166.802734375 2341
16192.94921875 2565
16196.8935546875 2695
16236.7265625 2763
16241.564453125 2840
16256.0947265625 2422
16264.56640625 1020
16264.9306640625 640
16267.140625 59
16273.859375 177
16274.2265625 191
16276.701171875 575
16278.0859375 687
16279.7265625 934
16291.201171875 1119
16293.98828125 1529
16311.9404296875 1697
16312.8427734375 1810
16314.265625 1831
16319.787109375 2354
16340.96875 2528
16342.4189453125 2679
16346.4091796875 2712
16390.46875 2747
16407.134765625 2809
16411.671875 2821
16415.375 2842
16421.86328125 2860
16433.85546875 2906
16475.58984375 2994
16488.435546875 186
16506.048828125 223
16506.056640625 1594
16519.23828125 410
16542.6484375 631
16548.67578125 132
16551.2265625 2576
16557.00390625 1282
16558.671875 488
16560.552734375 869
16606.5078125 2059
16608.515625 787
16608.6953125 904
16621.134765625 137
16643.033203125 275
16648.88671875 328
16652.0 333
16670.765625 392
16672.228515625 407
16673.326171875 489
16675.46875 680
16679.66015625 1022
16694.34765625 1290
16695.228515625 1358
16745.12890625 1607
16776.857421875 1653
16786.30078125 2024
16803.900390625 2184
16822.248046875 2221
16825.17578125 2394
16827.7265625 2427
16829.30859375 2517
16843.244140625 2655
16845.33203125 2704
16871.51171875 2900
16879.84375 2946
16887.640625 459
16893.078125 1408
16913.494140625 1339
16916.48046875 22
16932.185546875 45
16955.341796875 300
16966.7578125 812
17020.193359375 922
17032.619140625 947
17052.478515625 975
17073.15234375 1001
17074.48046875 1095
17089.87890625 1275
17124.3984375 1664
17148.609375 1708
17148.609375 1763
17164.798828125 1766
17174.716796875 1889
17175.068359375 2077
17178.23828125 2082
17187.537109375 2131
17194.072265625 2315
17196.40234375 2317
17199.224609375 2409
17201.21875 2608
17218.07421875 2616
17224.95703125 2649
17239.501953125 2819
17243.513671875 2862
17252.5234375 1164
17269.08984375 2213
17276.3203125 1050
17276.802734375 979
17292.568359375 1562
17295.1484375 1597
17298.994140625 2334
17322.41015625 587
17325.955078125 630
17326.88671875 777
17361.953125 1012
17374.818359375 1064
17387.244140625 1082
17392.498046875 1462
17392.998046875 1501
17396.619140625 1654
17402.2578125 1800
17405.95703125 2656
17440.708984375 2884
17441.2578125 1416
17469.41015625 1575
17472.95703125 2889
17491.720703125 445
17505.62109375 30
17513.5078125 2484
17518.01953125 38
17527.18359375 40
17533.119140625 76
17541.7109375 77
17553.150390625 108
17571.7421875 164
17587.99609375 211
17599.724609375 225
17622.82421875 376
17624.82421875 437
17628.208984375 510
17635.748046875 646
17643.40625 671
17669.37109375 738
17684.419921875 770
17688.30078125 1434
17690.673828125 1610
17698.53515625 1662
17709.61328125 1709
17715.5546875 1998
17716.47265625 2166
17724.49609375 2220
17746.533203125 2238
17747.9453125 2255
17758.45703125 2345
17762.93359375 2510
17779.03125 2581
17810.458984375 2607
17824.306640625 2807
17850.65234375 1015
17864.5 1984
17879.466796875 1258
17887.60546875 2555
17891.767578125 1147
17892.498046875 865
17925.830078125 939
17930.099609375 1497
17944.4453125 2630
17962.94140625 2752
17970.79296875 457
17971.37109375 309
17981.5703125 316
18002.7890625 483
18017.72265625 484
18024.94921875 633
18042.337890625 1026
18046.49609375 1036
18064.73828125 1176
18068.408203125 1423
18073.06640625 1485
18085.130859375 1590
18089.2890625 1702
18094.09765625 1759
18098.408203125 1818
18116.609375 1958
18120.765625 1963
18132.103515625 1977
18138.46875 2053
18146.2421875 2056
18170.31640625 2125
18170.6875 2304
18175.46484375 2356
18188.701171875 2477
18191.5390625 2533
18194.4296875 2732
18207.04296875 2948
18216.927734375 1601
18219.142578125 2256
18226.822265625 2104
18235.439453125 284
18269.154296875 182
18273.703125 916
18275.05859375 1667
18288.453125 1852
18298.376953125 727
18306.921875 2036
18320.55859375 2772
18322.966796875 130
18328.2421875 219
18340.951171875 394
18344.56640625 405
18355.8515625 634
18365.453125 856
18365.517578125 983
18368.08984375 1117
18374.923828125 1386
18379.3515625 1791
18405.53125 1991
18428.73828125 2060
18440.505859375 2215
18446.205078125 2314
18458.58203125 2440
18473.53125 2467
18476.177734375 2618
18480.07421875 2648
18481.767578125 2694
18483.568359375 1772
18497.169921875 818
18497.48046875 2907
18500.376953125 660
18516.328125 1168
18526.40234375 1145
18572.625 1476
18583.634765625 1618
18600.52734375 655
18603.58203125 1592
18614.173828125 2120
18622.30078125 2557
18628.41796875 112
18632.28515625 350
18651.611328125 356
18652.6171875 448
18655.91015625 1500
18657.48828125 1526
18668.4375 1587
18669.265625 1881
18672.87890625 1943
18680.13671875 1962
18682.84765625 1995
18705.33203125 2075
18709.625 2118
18712.068359375 2309
18713.59765625 2418
18714.66796875 2516
18728.2109375 2588
18764.8359375 2605
18765.810546875 2623
18777.796875 2937
18780.6953125 1005
18788.125 110
18800.603515625 2360
18813.216796875 121
18814.0546875 1046
18815.32421875 298
18821.703125 372
18850.724609375 492
18872.50390625 752
18881.3984375 838
18893.458984375 903
18898.21875 1034
18904.123046875 1128
18913.83984375 1187
18924.625 1437
18936.318359375 1488
18951.384765625 1534
18956.201171875 1657
18970.068359375 1678
18982.013671875 1824
18989.79296875 1826
19005.9609375 1941
19014.4375 1997
19018.736328125 2318
19020.6484375 2327
19023.859375 2362
19024.2734375 2404
19026.591796875 2453
19035.921875 2458
19055.7578125 2496
19059.92578125 2696
19064.798828125 2722
19069.60546875 2796
19073.509765625 2584
19092.32421875 2872
19096.759765625 2589
19108.412109375 2135
19127.1484375 1802
19127.9765625 1853
19161.4921875 1892
19174.359375 1580
19179.630859375 25
19184.3125 72
19187.59375 343
19236.671875 710
19269.724609375 755
19273.984375 885
19281.32421875 1683
19287.6953125 1776
19294.9296875 1972
19311.7734375 2047
19316.751953125 2138
19319.279296875 2185
19327.1015625 2344
19328.73828125 2545
19333.177734375 2573
19342.72265625 2855
19352.326171875 2159
19362.125 1067
19379.318359375 371
19406.78515625 243
19409.158203125 1301
19411.392578125 311
19423.111328125 426
19423.826171875 648
19432.01953125 720
19440.3828125 792
19461.943359375 940
19480.3984375 1006
19498.533203125 1032
19518.21484375 1160
19525.9921875 1189
19532.4296875 2183
19534.388671875 2190
19563.490234375 2301
19567.294921875 1459
19590.49609375 1649
19622.013671875 353
19624.783203125 2706
19632.1484375 1511
19643.89453125 1778
19660.423828125 329
19708.22265625 731
19745.95703125 1400
19748.787109375 2070
19749.654296875 1480
19760.703125 1714
19761.904296875 249
19775.423828125 94
19788.796875 2823
19794.943359375 471
19807.69140625 473
19825.2578125 747
19841.103515625 915
19844.0 921
19904.822265625 993
19909.064453125 1072
19928.76171875 1415
19930.2421875 1541
19933.208984375 1746
19967.00390625 1949
19967.115234375 2079
19987.3359375 2219
19999.91796875 2258
20000.580078125 2413
20004.66796875 2628
20005.91796875 2828
20006.892578125 2903
20011.16796875 2996
20013.21484375 204
20023.501953125 1247
20038.103515625 1410
20051.943359375 1888
20085.978515625 1214
20109.130859375 1658
20110.0 2587
20124.685546875 380
20142.25390625 688
20151.435546875 1761
20155.044921875 66
20177.8125 127
20181.1640625 179
20199.25390625 855
20201.2265625 1198
20222.7265625 1250
20238.685546875 1507
20239.46484375 1558
20265.10546875 2007
20270.55078125 2092
20281.765625 2231
20283.919921875 2384
20303.7890625 2457
20308.275390625 2544
20312.482421875 2717
20323.298828125 2774
20329.41796875 2794
20334.36328125 2909
20344.4921875 972
20356.33203125 1138
20357.126953125 1442
20371.1953125 1137
20378.26953125 102
20418.736328125 667
20426.24609375 1935
20447.2421875 2352
20463.458984375 2887
20470.8515625 427
20499.177734375 1533
20501.541015625 170
20529.947265625 262
20539.28125 306
20543.92578125 596
20554.931640625 805
20565.6171875 849
20573.466796875 850
20591.98046875 965
20599.271484375 976
20626.55859375 1058
20640.2734375 1403
20647.83984375 1645
20648.5546875 1999
20698.45703125 2292
20728.765625 2392
20742.822265625 2403
20758.423828125 2497
20777.181640625 2524
20787.818359375 2601
20790.791015625 2652
20827.16796875 2657
20838.271484375 2761
20852.826171875 2839
20887.62109375 2939
20908.4140625 2984
20927.765625 1027
20935.50390625 622
20948.83203125 417
20949.740234375 450
20952.943359375 690
20968.1953125 969
20976.8359375 982
20985.16796875 1040
20991.47265625 1078
21001.34765625 1083
21001.5234375 1382
21005.181640625 1391
21018.99609375 1486
21038.744140625 1503
21091.2109375 1547
21101.419921875 1561
21120.6328125 1965
21142.677734375 2026
21183.69140625 2066
21193.146484375 2182
21209.62890625 2245
21216.302734375 2460
21219.435546875 2466
21230.751953125 2540
21231.859375 2593
21306.703125 2632
21367.16796875 2753
21381.314453125 2759
21421.103515625 2793
21452.513671875 2925
21467.6875 2152
21481.3203125 762
21483.220703125 2757
21483.220703125 37
21502.0859375 1624
21547.009765625 1271
21566.94140625 2370
21663.021484375 2895
21681.890625 2411
21687.353515625 67
21709.421875 150
21720.56640625 171
21722.37109375 195
21770.267578125 363
21782.001953125 522
21828.78515625 657
21848.19140625 701
21852.4140625 760
21960.96875 811
21963.5234375 874
21998.529296875 875
22033.791015625 1002
22034.15234375 1007
22048.875 1023
22083.2578125 1356
22136.3671875 1378
22181.185546875 1489
22183.533203125 1629
22197.353515625 2721
22220.322265625 2032
22234.837890625 2259
22255.24609375 771
22318.265625 1543
22358.619140625 2241
22370.28125 1964
22393.001953125 1625
22414.69140625 2693
22415.4453125 222
22439.302734375 258
22478.0390625 281
22498.900390625 506
22595.322265625 582
22639.9375 724
22665.87890625 879
22693.4140625 1003
22733.62109375 1171
22774.326171875 1182
22774.326171875 1588
22867.5546875 1685
22909.5859375 1758
22964.4765625 2300
23014.125 2310
23021.32421875 2705
23024.453125 2845
23039.068359375 2916
23056.26953125 1811
23056.732421875 2701
23087.806640625 421
23123.92578125 1440
23209.724609375 2337
23222.64453125 2531
23328.98046875 18
23356.857421875 29
23407.42578125 31
23408.26953125 104
23513.435546875 274
23516.267578125 321
23568.017578125 370
23569.16015625 375
23604.12109375 562
23658.91796875 914
23672.015625 944
23754.25390625 1672
23949.091796875 1684
23953.76171875 1825
24112.939453125 1846
24173.9765625 1960
24191.54296875 1976
24299.357421875 2006
24318.017578125 2319
24624.34375 2405
24654.720703125 2550
24692.125 2606
24952.8359375 2768
25015.1640625 1081
25279.44140625 1780
25281.54296875 16
25427.2109375 28
25535.75 125
25564.4921875 212
25618.22265625 265
25963.416015625 295
26262.43359375 360
26438.75390625 364
26804.224609375 937
26885.2890625 1077
27019.478515625 1101
27027.3046875 1241
27301.046875 1243
27755.0703125 1307
28008.322265625 1343
28276.08984375 1404
28450.1328125 1418
28467.1875 1585
28796.169921875 1719
28986.19140625 1822
29042.18359375 2009
29179.013671875 2164
29188.26953125 2214
29506.064453125 2250
29826.974609375 2263
29914.57421875 2342
30766.486328125 2359
31284.83984375 2547
