7044.46923828125 2152
7080.3095703125 762
7205.224609375 2757
7248.09130859375 37
7273.80126953125 1624
7339.419921875 1271
7386.50439453125 2370
7570.69140625 2895
7588.7099609375 2411
7680.16455078125 67
7747.30078125 150
7799.21533203125 171
7822.4013671875 195
7914.95263671875 363
7919.9296875 522
8107.98828125 657
8152.1201171875 701
8190.3115234375 760
8202.8251953125 811
8260.0537109375 874
8407.2548828125 875
8410.5205078125 1002
8410.5205078125 1007
8410.5390625 1023
8536.6962890625 1356
8617.171875 1378
8687.4501953125 1489
8687.9365234375 1629
8706.380859375 2721
8720.2490234375 1446
8729.318359375 87
8750.4140625 251
8834.349609375 527
8861.8330078125 529
8886.53515625 625
8970.515625 641
9004.576171875 693
9021.875 873
9029.3134765625 881
9036.951171875 928
9051.0830078125 1133
9098.1748046875 1283
9111.9501953125 1318
9120.05859375 1346
9132.810546875 1417
9148.34375 1720
9151.294921875 1987
9154.8955078125 2226
9165.94140625 2296
9218.703125 2515
9231.1552734375 2572
9263.1962890625 2669
9271.4482421875 2728
9271.5712890625 2734
9304.5322265625 2746
9317.771484375 2852
9322.66796875 2866
9371.046875 2915
9405.1103515625 2949
9409.7451171875 377
9427.8701171875 2281
9429.1259765625 160
9451.515625 1
9456.814453125 425
9491.5048828125 446
9493.865234375 800
9534.19921875 918
9537.3994140625 953
9537.5078125 985
9546.6298828125 986
9572.7373046875 1008
9616.599609375 1043
9618.7421875 1270
9620.236328125 1317
9646.87109375 1435
9659.73046875 1548
9662.5244140625 1606
9696.203125 1661
9718.73828125 1712
9721.484375 2010
9738.79296875 2088
9758.041015625 2365
9762.1298828125 2410
9772.3623046875 2414
9775.7998046875 2482
9813.40234375 2560
9817.8994140625 2781
9817.970703125 2820
9835.203125 997
9854.6328125 1781
9892.6376953125 81
9900.146484375 229
9909.642578125 440
9917.48828125 548
9933.3603515625 611
9941.9541015625 826
9963.751953125 834
9970.0498046875 848
9996.052734375 871
10016.6982421875 893
10032.59765625 1231
10034.9716796875 1256
10067.99609375 1315
10089.24609375 1458
10097.9072265625 1550
10098.888671875 1671
10105.6826171875 1711
10105.6826171875 1815
10109.8388671875 1893
10110.1083984375 2312
10135.76171875 2324
10138.978515625 2385
10139.009765625 2447
10158.66796875 2562
10200.2958984375 2610
10212.5771484375 2622
10214.0654296875 2853
10216.806640625 2924
10219.0146484375 2927
10239.8203125 2239
10244.021484375 1362
10245.193359375 1926
10248.03515625 2997
10259.865234375 254
10263.162109375 388
10269.005859375 465
10278.28515625 498
10284.96484375 520
10299.208984375 962
10309.015625 981
10314.3271484375 1156
10357.0810546875 1652
10363.4228515625 2205
10369.236328125 2339
10375.6982421875 2417
10393.4228515625 2494
10394.4169921875 2687
10406.556640625 1122
10419.7666015625 1670
10424.5830078125 264
10441.7861328125 2173
10453.7587890625 1646
10466.5234375 2396
10477.8642578125 49
10484.5224609375 189
10486.0751953125 261
10505.9736328125 263
10507.8203125 430
10509.3359375 831
10518.8564453125 899
10540.3935546875 1123
10564.5556640625 1169
10580.23046875 1350
10589.111328125 1405
10589.111328125 1512
10605.423828125 1750
10617.8291015625 1769
10624.4765625 1908
10628.0830078125 1966
10629.28515625 1982
10639.8291015625 1993
10639.93359375 2094
10654.84375 2126
10684.7646484375 2141
10685.107421875 2171
10687.6201171875 2174
10704.7685546875 2177
10719.541015625 2237
10731.3349609375 2367
10746.1455078125 2536
10755.759765625 2542
10758.126953125 2582
10769.8583984375 2675
10774.63671875 2703
10783.1953125 1873
10786.1787109375 2107
10795.705078125 1281
10800.2685546875 455
10805.306640625 470
10815.0830078125 902
10816.875 926
10821.728515625 967
10830.55078125 1104
10836.9111328125 1225
10849.4501953125 1286
10851.7158203125 1506
10856.861328125 1516
10877.771484375 1599
10884.30859375 1779
10884.3798828125 1848
10909.458984375 1867
10936.1162109375 1883
10942.5419921875 2063
10951.328125 2210
10957.271484375 2246
10965.6337890625 2285
11025.919921875 2361
11037.3076171875 2686
11060.4306640625 2700
11075.2470703125 88
11079.76953125 586
11088.796875 136
11098.4765625 1471
11099.8515625 226
11113.3837890625 296
11114.33984375 1197
11126.896484375 1666
11127.638671875 2511
11128.9345703125 101
11137.197265625 215
11143.994140625 549
11170.712890625 550
11175.359375 573
11191.1435546875 1136
11210.9462890625 1199
11220.798828125 1530
11224.9326171875 1581
11238.9765625 1640
11240.2998046875 1688
11240.8564453125 1968
11257.17578125 2526
11259.2744140625 2571
11263.1328125 2983
11263.1826171875 1787
11296.4453125 602
11302.0771484375 1146
11303.2880859375 253
11340.20703125 342
11340.3271484375 843
11352.0009765625 1233
11362.7529296875 1335
11365.9775390625 1394
11367.4267578125 1737
11369.8642578125 1784
11371.91796875 1950
11375.0107421875 2025
11386.8671875 2473
11387.484375 2518
11397.087890625 999
11397.2998046875 1056
11397.7412109375 1900
11403.6845703125 1304
11441.1298828125 1326
11450.7470703125 2967
11497.4599609375 1329
11503.658203125 50
11512.0166015625 318
11526.744140625 389
11538.5556640625 478
11539.796875 491
11541.6025390625 580
11558.423828125 599
11560.265625 890
11621.1494140625 896
11631.419921875 909
11646.6533203125 919
11660.6474609375 995
11664.3017578125 1273
11678.1767578125 1342
11679.5498046875 1430
11699.8642578125 1495
11712.0078125 1568
11720.423828125 1583
11721.408203125 1764
11724.8857421875 1774
11728.134765625 2065
11741.3837890625 2117
11746.8701171875 2181
11746.8701171875 2268
11754.4990234375 2465
11757.4072265625 2664
11760.908203125 2760
11775.5634765625 2764
11778.498046875 2938
11824.583984375 2943
11829.18359375 1860
11849.447265625 2880
11877.1953125 1333
11879.0498046875 2631
11881.2880859375 146
11882.845703125 1538
11887.8291015625 21
11891.3095703125 34
11897.75390625 200
11929.705078125 288
11954.0 336
11960.025390625 385
11961.9970703125 517
11970.7099609375 546
12010.3037109375 609
12016.896484375 614
12026.8359375 683
12050.705078125 686
12057.638671875 769
12066.4072265625 1097
12066.7607421875 1221
12076.84375 1322
12097.7724609375 1359
12104.267578125 1376
12109.55078125 1686
12121.779296875 1854
12147.8427734375 2513
12149.97265625 2553
12159.9990234375 2650
12181.0439453125 2672
12184.5712890625 2911
12188.29296875 78
12191.736328125 2713
12203.27734375 2800
12208.232421875 2651
12212.8203125 2970
12227.8671875 1045
12236.9921875 1068
12251.1259765625 2078
12255.34375 884
12258.4052734375 886
12263.33203125 1028
12269.6103515625 1845
12272.142578125 1932
12279.185546875 2489
12283.1318359375 90
12313.5673828125 153
12321.69140625 240
12325.0126953125 256
12326.998046875 531
12335.7783203125 644
12350.416015625 706
12360.509765625 775
12373.060546875 1163
12391.40625 1483
12395.73046875 2114
12407.0458984375 2379
12410.21484375 2424
12413.9853515625 2433
12422.1064453125 2435
12427.31640625 2442
12442.109375 2683
12451.50390625 2811
12455.59375 2176
12485.146484375 169
12497.6826171875 2207
12501.4970703125 1144
12503.48046875 2180
12506.5634765625 73
12518.939453125 663
12535.736328125 677
12550.029296875 756
12579.359375 925
12604.462890625 927
12615.771484375 946
12624.98828125 996
12625.5166015625 1141
12630.57421875 1202
12631.0615234375 1251
12648.0595703125 1457
12652.7294921875 1502
12657.794921875 1591
12662.7939453125 1733
12665.29296875 1735
12670.921875 1919
12677.0703125 1933
12685.6435546875 1955
12699.99609375 2002
12703.380859375 2335
12703.650390625 2341
12704.1591796875 2565
12706.3876953125 2695
12722.8486328125 2763
12732.994140625 2840
12735.1484375 2422
12750.9384765625 1020
12750.953125 640
12781.9072265625 59
12789.6748046875 177
12794.5771484375 191
12812.935546875 575
12824.0439453125 687
12836.33984375 934
12851.5791015625 1119
12853.9482421875 1529
12859.9599609375 1697
12874.427734375 1810
12895.4423828125 1831
12902.55078125 2354
12912.0400390625 2528
12914.9951171875 2679
12916.390625 2712
12922.083984375 2747
12928.6376953125 2809
12934.7724609375 2821
12945.3212890625 2842
12954.3828125 2860
12960.2607421875 2906
12976.439453125 2994
12978.765625 186
13025.0009765625 223
13028.1083984375 1594
13048.7763671875 410
13057.1845703125 631
13059.46484375 132
13060.7802734375 2576
13086.8125 1282
13099.212890625 488
13110.423828125 869
13110.9765625 2059
13111.5595703125 787
13117.1357421875 904
13161.3134765625 137
13180.3974609375 275
13187.1845703125 328
13190.6806640625 333
13195.103515625 392
13208.033203125 407
13224.5146484375 489
13227.83984375 680
13237.6396484375 1022
13238.4990234375 1290
13246.2119140625 1358
13264.1005859375 1607
13266.228515625 1653
13270.8818359375 2024
13277.9345703125 2184
13279.783203125 2221
13287.638671875 2394
13301.65625 2427
13303.4931640625 2517
13309.869140625 2655
13321.21484375 2704
13328.619140625 2900
13333.982421875 2946
13335.46484375 459
13338.75 1408
13346.927734375 1339
13354.4580078125 22
13364.9423828125 45
13378.392578125 300
13380.0888671875 812
13384.171875 922
13385.609375 947
13390.220703125 975
13392.3603515625 1001
13407.400390625 1095
13418.5869140625 1275
13420.3330078125 1664
13425.5888671875 1708
13435.224609375 1763
13440.158203125 1766
13446.486328125 1889
13462.103515625 2077
13462.5498046875 2082
13473.669921875 2131
13474.4423828125 2315
13478.08984375 2317
13484.75 2409
13493.0205078125 2608
13507.88671875 2616
13508.9453125 2649
13511.3251953125 2819
13514.345703125 2862
13520.015625 1164
13533.341796875 2213
13533.853515625 1050
13546.248046875 979
13559.154296875 1562
13560.294921875 1597
13560.58984375 2334
13567.724609375 587
13585.5546875 630
13604.0810546875 777
13606.48046875 1012
13608.60546875 1064
13610.1220703125 1082
13622.716796875 1462
13647.1455078125 1501
13647.796875 1654
13673.10546875 1800
13673.109375 2656
13693.998046875 2884
13698.009765625 1416
13702.82421875 1575
13711.099609375 2889
13714.3828125 445
13717.31640625 30
13728.77734375 2484
13740.08984375 38
13755.943359375 40
13757.38671875 76
13758.5859375 77
13811.9677734375 108
13828.171875 164
13837.263671875 211
13843.8466796875 225
13845.3076171875 376
13849.75390625 437
13854.22265625 510
13857.25390625 646
13860.3046875 671
13873.033203125 738
13879.0244140625 770
13881.01171875 1434
13881.8544921875 1610
13887.43359375 1662
13891.818359375 1709
13893.7705078125 1998
13896.931640625 2166
13928.4619140625 2220
13929.298828125 2238
13930.55078125 2255
13947.34375 2345
13967.794921875 2510
13976.5087890625 2581
14031.2470703125 2607
14031.3447265625 2807
14043.8310546875 1015
14046.8203125 1984
14048.287109375 1258
14061.8486328125 2555
14067.87109375 1147
14068.875 865
14070.9921875 939
14073.1357421875 1497
14079.171875 2630
14079.41796875 2752
14086.96875 457
14107.3056640625 309
14114.75390625 316
14121.09765625 483
14131.005859375 484
14132.982421875 633
14136.6318359375 1026
14155.41796875 1036
14173.837890625 1176
14183.556640625 1423
14213.490234375 1485
14241.3623046875 1590
14245.8759765625 1702
14247.408203125 1759
14254.12890625 1818
14261.5478515625 1958
14267.4443359375 1963
14280.55078125 1977
14284.380859375 2053
14294.5361328125 2056
14304.2607421875 2125
14326.4814453125 2304
14344.3798828125 2356
14353.22265625 2477
14354.859375 2533
14367.3134765625 2732
14378.4404296875 2948
14392.7734375 1601
14399.65234375 2256
14400.0458984375 2104
14406.291015625 284
14429.7978515625 182
14430.4072265625 916
14485.044921875 1667
14487.8779296875 1852
14496.1904296875 727
14500.322265625 2036
14519.8115234375 2772
14524.8984375 130
14525.994140625 219
14537.958984375 394
14538.1796875 405
14539.6826171875 634
14553.0009765625 856
14556.4375 983
14559.3828125 1117
14571.4375 1386
14576.6474609375 1791
14580.654296875 1991
14621.248046875 2060
14630.6123046875 2215
14633.8515625 2314
14637.435546875 2440
14639.634765625 2467
14643.822265625 2618
14644.5244140625 2648
14649.5732421875 2694
14659.6640625 1772
14659.884765625 818
14663.755859375 2907
14679.8203125 660
14692.099609375 1168
14705.8251953125 1145
14717.25390625 1476
14718.3095703125 1618
14726.546875 655
14743.412109375 1592
14761.6748046875 2120
14779.1318359375 2557
14796.2919921875 112
14809.234375 350
14828.7744140625 356
14834.4267578125 448
14845.8798828125 1500
14854.99609375 1526
14863.0390625 1587
14870.14453125 1881
14876.4140625 1943
14888.0283203125 1962
14896.50390625 1995
14898.9921875 2075
14913.3974609375 2118
14927.48046875 2309
14941.8046875 2418
14948.80078125 2516
14982.4931640625 2588
14988.0869140625 2605
15000.421875 2623
15021.2822265625 2937
15027.5703125 1005
15031.68359375 110
15043.0771484375 2360
15047.82421875 121
15047.87890625 1046
15062.5869140625 298
15073.197265625 372
15082.7890625 492
15084.73046875 752
15137.638671875 838
15140.994140625 903
15143.046875 1034
15175.6015625 1128
15204.0634765625 1187
15214.080078125 1437
15230.08203125 1488
15233.3076171875 1534
15250.7041015625 1657
15255.64453125 1678
15262.919921875 1824
15291.5966796875 1826
15302.46875 1941
15304.9267578125 1997
15317.4794921875 2318
15319.650390625 2327
15355.482421875 2362
15362.07421875 2404
15378.705078125 2453
15403.89453125 2458
15412.6201171875 2496
15418.814453125 2696
15439.4921875 2722
15460.8291015625 2796
15465.3203125 2584
15474.693359375 2872
15514.875 2589
15515.458984375 2135
15516.646484375 1802
15528.4169921875 1853
15531.1025390625 1892
15533.6064453125 1580
15538.265625 25
15553.8076171875 72
15565.091796875 343
15565.619140625 710
15569.48046875 755
15573.4990234375 885
15578.9921875 1683
15594.2392578125 1776
15643.8671875 1972
15658.1025390625 2047
15670.48046875 2138
15681.7763671875 2185
15728.705078125 2344
15730.166015625 2545
15745.162109375 2573
15747.982421875 2855
15752.96875 2159
15767.90234375 1067
15820.638671875 371
15840.8828125 243
15869.18359375 1301
15870.333984375 311
15877.8046875 426
15896.40234375 648
15898.494140625 720
15915.6015625 792
15931.3623046875 940
15934.24609375 1006
15934.775390625 1032
15937.32421875 1160
15952.33984375 1189
15955.591796875 2183
15956.1083984375 2190
15961.69921875 2301
15979.86328125 1459
15982.169921875 1649
15986.3671875 353
15993.876953125 2706
15998.01953125 1511
16022.708984375 1778
16053.396484375 329
16075.6787109375 731
16104.357421875 1400
16137.59375 2070
16139.36328125 1480
16151.67578125 1714
16159.56640625 249
16165.759765625 94
16169.658203125 2823
16177.48046875 471
16178.732421875 473
16200.10546875 747
16208.0615234375 915
16217.771484375 921
16237.6875 993
16248.5146484375 1072
16253.779296875 1415
16264.544921875 1541
16275.0869140625 1746
16289.2724609375 1949
16299.9921875 2079
16300.3232421875 2219
16345.421875 2258
16346.1591796875 2413
16352.25 2628
16354.38671875 2828
16365.1767578125 2903
16382.6669921875 2996
16409.08203125 204
16412.55078125 1247
16438.19921875 1410
16452.5390625 1888
16470.634765625 1214
16506.216796875 1658
16580.537109375 2587
16609.802734375 380
16624.91015625 688
16633.9375 1761
16645.462890625 66
16664.369140625 127
16726.12109375 179
16737.240234375 855
16771.0546875 1198
16790.75390625 1250
16798.951171875 1507
16807.041015625 1558
16831.853515625 2007
16832.353515625 2092
16839.828125 2231
16863.015625 2384
16882.765625 2457
16888.919921875 2544
16910.32421875 2717
16928.65234375 2774
16932.923828125 2794
16935.81640625 2909
16942.916015625 972
16968.669921875 1138
16977.478515625 1442
16999.244140625 1137
17106.908203125 102
17128.826171875 667
17150.9140625 1935
17203.279296875 2352
17236.205078125 2887
17285.45703125 427
17394.9609375 1533
17434.44921875 170
17440.912109375 262
17456.775390625 306
17460.41796875 596
17473.732421875 805
17538.171875 849
17538.376953125 850
17577.80078125 965
17584.84765625 976
17625.388671875 1058
17698.025390625 1403
17725.310546875 1645
17765.88671875 1999
17774.53515625 2292
17793.24609375 2392
17816.04296875 2403
17817.935546875 2497
17856.66015625 2524
17860.03515625 2601
17889.677734375 2652
17910.650390625 2657
17968.283203125 2761
17988.162109375 2839
18042.6875 2939
18186.0234375 2984
18273.9921875 1027
18274.43359375 622
18296.7109375 417
18376.978515625 450
18410.1015625 690
18421.701171875 969
18422.978515625 982
18430.18359375 1040
18452.337890625 1078
18470.25390625 1083
18471.6875 1382
18484.837890625 1391
18542.4453125 1486
18595.900390625 1503
18655.552734375 1547
18690.595703125 1561
18696.048828125 1965
18757.505859375 2026
18835.0234375 2066
18835.255859375 2182
18876.84375 2245
18881.771484375 2460
18885.599609375 2466
18896.025390625 2540
18913.794921875 2593
18984.759765625 2632
19066.1171875 2753
19112.482421875 2759
19172.943359375 2793
19219.568359375 2925
19245.208984375 2032
19278.810546875 2259
19309.224609375 771
19328.869140625 1543
19332.1015625 2241
19339.37890625 1964
19387.57421875 1625
19426.97265625 2693
19431.93359375 222
19431.93359375 258
19479.66015625 281
19536.748046875 506
19639.36328125 582
19717.546875 724
19743.443359375 879
19755.435546875 1003
19953.5234375 1171
19974.53515625 1182
19980.5 1588
20069.46484375 1685
20119.892578125 1758
20138.078125 2300
20174.208984375 2310
20175.31640625 2705
20253.298828125 2845
20322.626953125 2916
20344.498046875 1811
20632.80859375 2701
20734.291015625 421
20748.86328125 1440
20750.287109375 2337
20812.755859375 2531
20823.5546875 18
20926.751953125 29
21076.841796875 31
21187.431640625 104
21194.6171875 274
21194.6171875 321
21220.677734375 370
21454.671875 375
21455.453125 562
21480.52734375 914
21517.19140625 944
21520.423828125 1672
21547.09375 1684
21600.48828125 1825
21645.18359375 1846
21752.56640625 1960
21781.63671875 1976
21842.19921875 2006
22051.037109375 2319
22247.197265625 2405
22276.748046875 2550
22478.92578125 2606
22504.748046875 2768
22516.5859375 1081
22553.0234375 1780
22634.41015625 16
22757.416015625 28
22929.5625 125
23127.33984375 212
23755.154296875 265
23815.12890625 295
23981.41796875 360
24103.99609375 364
24210.859375 937
24395.552734375 1077
24769.806640625 1101
24795.7109375 1241
24832.75 1243
25056.01953125 1307
25447.685546875 1343
25591.00390625 1404
25649.23046875 1418
25669.044921875 1585
25680.462890625 1719
25703.91015625 1822
27286.84765625 2009
27425.23046875 2164
27604.2578125 2214
27866.70703125 2250
28357.646484375 2263
28521.078125 2342
28679.130859375 2359
30170.181640625 2547
