4591.9365234375 1408
4675.42626953125 1339
5125.89990234375 22
5178.2197265625 45
5178.2197265625 300
5504.04052734375 812
5693.94091796875 922
5731.3056640625 947
5742.83935546875 975
5787.1259765625 1001
5816.9990234375 1095
5866.900390625 1275
6045.22607421875 1664
6063.2587890625 1708
6324.04248046875 1763
6384.43505859375 1766
6394.60009765625 1889
6422.74658203125 2077
6536.2333984375 2082
6570.80908203125 2131
6732.634765625 2315
7046.93310546875 2317
7149.689453125 2409
7217.29443359375 2608
7597.126953125 2616
7703.1259765625 2649
7732.17822265625 2819
7739.3828125 2862
7747.98095703125 1164
7814.66455078125 2213
7887.2109375 1446
7902.14599609375 87
8010.31640625 251
8084.1337890625 527
8084.1337890625 529
8219.75 625
8254.853515625 641
8259.7763671875 693
8377.9609375 873
8427.4404296875 881
8507.62890625 928
8600.240234375 1133
8671.91015625 1283
8857.775390625 1318
8901.6806640625 1346
8936.90625 1417
9009.58203125 1720
9034.85546875 1987
9127.1533203125 2226
9155.1025390625 2296
9163.482421875 2515
9168.248046875 2572
9170.3359375 2669
9191.5810546875 2728
9209.029296875 2734
9388.162109375 2746
9438.087890625 2852
9485.357421875 2866
9515.95703125 2915
9570.1572265625 2949
9667.7705078125 377
9714.3154296875 2281
9725.62890625 160
9801.1455078125 1
9814.181640625 425
9842.6298828125 446
9884.60546875 800
9890.98828125 918
9953.4521484375 953
10012.5947265625 985
10064.7431640625 986
10107.734375 1008
10132.435546875 1043
10161.046875 1270
10216.4697265625 1317
10262.453125 1435
10333.1435546875 1548
10355.16796875 1606
10426.8310546875 1661
10532.7958984375 1712
10559.123046875 2010
10574.5302734375 2088
10595.966796875 2365
10596.9970703125 2410
10609.9169921875 2414
10697.982421875 2482
10719.037109375 2560
10796.5087890625 2781
10799.87890625 2820
10807.931640625 997
10817.123046875 1781
10819.33203125 81
10822.17578125 229
10853.74609375 440
10863.470703125 548
10916.505859375 611
10947.8984375 826
10995.466796875 834
11006.125 848
11027.7861328125 871
11028.2119140625 893
11044.298828125 1231
11045.8173828125 1256
11047.67578125 1315
11070.28125 1458
11071.74609375 1550
11088.8154296875 1671
11091.1640625 1711
11101.296875 1815
11130.841796875 1893
11194.654296875 2312
11279.974609375 2324
11342.427734375 2385
11362.697265625 2447
11372.6318359375 2562
11381.482421875 2610
11406.111328125 2622
11407.8564453125 2853
11442.228515625 2924
11452.6904296875 2927
11476.8525390625 2239
11480.5712890625 1362
11491.8916015625 1926
11522.6298828125 2997
11543.8408203125 254
11607.5595703125 388
11620.0361328125 465
11656.0751953125 498
11660.716796875 520
11670.34765625 962
11690.0234375 981
11690.416015625 1156
11695.5546875 1652
11781.5107421875 2205
11794.8203125 2339
11815.525390625 2417
11822.0166015625 2494
11823.3076171875 2687
11823.62890625 1122
11837.91015625 1670
11887.44140625 264
11920.67578125 2173
11966.5361328125 1646
11967.4541015625 2396
11976.0087890625 49
11995.81640625 189
12001.173828125 261
12024.708984375 263
12026.119140625 430
12041.6396484375 831
12050.287109375 899
12061.4033203125 1123
12068.0048828125 1169
12078.1015625 1350
12085.6533203125 1405
12090.9658203125 1512
12092.19140625 1750
12160.857421875 1769
12169.2861328125 1908
12199.798828125 1966
12214.3623046875 1982
12233.814453125 1993
12249.42578125 2094
12251.208984375 2126
12261.921875 2141
12318.177734375 2171
12330.7138671875 2174
12383.4384765625 2177
12392.470703125 2237
12412.009765625 2367
12454.92578125 2536
12460.96484375 2542
12471.525390625 2582
12480.8046875 2675
12593.3662109375 2703
12613.0615234375 1873
12628.8544921875 2107
12641.7705078125 1281
12658.845703125 455
12667.7421875 470
12674.07421875 902
12684.7978515625 926
12709.798828125 967
12792.8759765625 1104
12795.5791015625 1225
12805.5849609375 1286
12805.828125 1506
12826.193359375 1516
12826.443359375 1599
12845.466796875 1779
12853.9326171875 1848
12866.6171875 1867
12885.16015625 1883
12923.154296875 2063
12962.365234375 2210
12976.9560546875 2246
13006.904296875 2285
13034.693359375 2361
13042.26171875 2686
13045.9169921875 2700
13046.005859375 88
13086.25 586
13096.6494140625 136
13101.890625 1471
13105.248046875 226
13131.673828125 296
13131.83984375 1197
13137.078125 1666
13148.0693359375 2511
13151.5517578125 101
13183.0107421875 215
13250.455078125 549
13261.0107421875 550
13273.1201171875 573
13279.3671875 1136
13306.2265625 1199
13314.798828125 1530
13370.255859375 1581
13384.025390625 1640
13415.8681640625 1688
13419.1826171875 1968
13422.560546875 2526
13454.1953125 2571
13467.37109375 2983
13477.755859375 1787
13493.259765625 602
13509.0556640625 1146
13523.365234375 253
13528.83203125 342
13572.853515625 843
13580.537109375 1233
13595.4384765625 1335
13601.1630859375 1394
13639.9501953125 1737
13643.2724609375 1784
13676.056640625 1950
13685.8681640625 2025
13716.20703125 2473
13720.9716796875 2518
13752.7900390625 999
13828.5712890625 1056
13829.8154296875 1900
13852.806640625 1304
13896.6484375 1326
13912.134765625 2967
13920.708984375 1329
13923.4501953125 50
13937.7197265625 318
13939.1171875 389
13944.1943359375 478
13954.7705078125 491
13964.708984375 580
13968.6357421875 599
13969.208984375 890
13973.1552734375 896
13985.09765625 909
13985.6474609375 919
13999.115234375 995
14012.21484375 1273
14044.5068359375 1342
14065.1953125 1430
14068.9677734375 1495
14074.5185546875 1568
14084.111328125 1583
14089.166015625 1764
14106.2822265625 1774
14106.708984375 2065
14113.2998046875 2117
14119.6435546875 2181
14122.46484375 2268
14141.3984375 2465
14143.3564453125 2664
14155.125 2760
14156.279296875 2764
14160.8564453125 2938
14163.494140625 2943
14172.09765625 1860
14188.80859375 2880
14212.5341796875 1333
14224.080078125 2631
14226.79296875 146
14241.3203125 1538
14280.5751953125 21
14287.37109375 34
14295.56640625 200
14295.8779296875 288
14310.6806640625 336
14315.2490234375 385
14327.1337890625 517
14332.4560546875 546
14335.138671875 609
14346.2509765625 614
14379.7568359375 683
14388.10546875 686
14409.90625 769
14415.4521484375 1097
14440.2705078125 1221
14458.00390625 1322
14480.55859375 1359
14497.8427734375 1376
14509.6865234375 1686
14530.2373046875 1854
14532.916015625 2513
14538.7197265625 2553
14572.1640625 2650
14586.111328125 2672
14587.91796875 2911
14616.806640625 78
14629.8046875 2713
14633.02734375 2800
14637.5068359375 2651
14670.4013671875 2970
14674.7607421875 1045
14681.26171875 1068
14696.6435546875 2078
14711.8369140625 884
14720.5234375 886
14737.1611328125 1028
14740.228515625 1845
14740.5283203125 1932
14748.2333984375 2489
14780.080078125 90
14800.4150390625 153
14824.0732421875 240
14850.4091796875 256
14862.69921875 531
14879.396484375 644
14886.0966796875 706
14922.6796875 775
14923.9423828125 1163
14942.5625 1483
14944.41015625 2114
14961.8291015625 2379
14966.2880859375 2424
14982.2109375 2433
15032.2216796875 2435
15036.453125 2442
15051.603515625 2683
15057.66015625 2811
15064.98046875 2176
15067.296875 169
15095.8193359375 2207
15105.6513671875 1144
15114.9189453125 2180
15125.771484375 73
15125.771484375 663
15129.93359375 677
15131.384765625 756
15142.357421875 925
15158.7236328125 927
15168.3759765625 946
15181.41015625 996
15189.5087890625 1141
15204.9013671875 1202
15207.9765625 1251
15228.794921875 1457
15232.0810546875 1502
15236.1259765625 1591
15237.59765625 1733
15239.818359375 1735
15254.4873046875 1919
15263.3544921875 1933
15272.54296875 1955
15283.189453125 2002
15284.216796875 2335
15339.6318359375 2341
15340.4677734375 2565
15348.6689453125 2695
15368.177734375 2763
15392.7265625 2840
15394.8466796875 2422
15404.2431640625 1020
15418.451171875 640
15443.466796875 59
15457.3544921875 177
15459.3583984375 191
15463.7529296875 575
15464.798828125 687
15482.5869140625 934
15484.6220703125 1119
15485.1865234375 1529
15488.271484375 1697
15488.6640625 1810
15498.1982421875 1831
15504.5546875 2354
15515.9453125 2528
15523.6982421875 2679
15527.5791015625 2712
15533.55078125 2747
15543.5283203125 2809
15545.6572265625 2821
15561.7744140625 2842
15565.37109375 2860
15569.490234375 2906
15573.0966796875 2994
15576.07421875 186
15582.798828125 223
15609.38671875 1594
15609.4619140625 410
15616.193359375 631
15629.1025390625 132
15666.8974609375 2576
15684.841796875 1282
15707.599609375 488
15713.0537109375 869
15714.140625 2059
15714.3779296875 787
15717.46484375 904
15745.15625 137
15747.404296875 275
15755.048828125 328
15771.037109375 333
15789.4794921875 392
15805.6884765625 407
15826.349609375 489
15832.8310546875 680
15838.6083984375 1022
15844.7294921875 1290
15847.1943359375 1358
15897.064453125 1607
15907.546875 1653
15923.6796875 2024
15991.259765625 2184
16021.84375 2221
16032.244140625 2394
16046.775390625 2427
16073.6591796875 2517
16078.1845703125 2655
16085.0009765625 2704
16095.0478515625 2900
16104.2802734375 2946
16108.2333984375 459
16120.7783203125 1050
16157.86328125 979
16167.517578125 1562
16172.376953125 1597
16219.712890625 2334
16219.7255859375 587
16238.615234375 630
16274.1083984375 777
16276.6982421875 1012
16278.306640625 1064
16286.716796875 1082
16295.8642578125 1462
16302.3359375 1501
16303.3291015625 1654
16304.5732421875 1800
16319.1748046875 2656
16319.23046875 2884
16330.646484375 1416
16397.26953125 1575
16412.166015625 2889
16433.439453125 445
16459.673828125 30
16461.41015625 2484
16469.671875 38
16474.486328125 40
16498.140625 76
16511.16796875 77
16533.734375 108
16538.404296875 164
16572.6015625 211
16594.0078125 225
16618.16796875 376
16618.828125 437
16622.88671875 510
16712.54296875 646
16712.65234375 671
16752.349609375 738
16764.142578125 770
16788.669921875 1434
16832.74609375 1610
16853.08203125 1662
16869.814453125 1709
16871.009765625 1998
16882.482421875 2166
16902.5546875 2220
16936.462890625 2238
16949.892578125 2255
16960.958984375 2345
16973.59765625 2510
16979.744140625 2581
16983.484375 2607
16985.01953125 2807
17006.84765625 1015
17012.55859375 1984
17030.505859375 1258
17033.705078125 2555
17067.04296875 1147
17069.169921875 865
17114.1015625 939
17116.615234375 1497
17150.1328125 2630
17165.306640625 2752
17166.29296875 457
17179.482421875 309
17181.1796875 316
17185.939453125 483
17188.5078125 484
17223.62109375 633
17225.552734375 1026
17242.328125 1036
17263.748046875 1176
17279.501953125 1423
17281.671875 1485
17314.95703125 1590
17366.638671875 1702
17373.771484375 1759
17390.158203125 1818
17404.986328125 1958
17414.6796875 1963
17454.560546875 1977
17455.3359375 2053
17482.603515625 2056
17488.138671875 2125
17492.984375 2304
17509.240234375 2356
17536.41796875 2477
17543.271484375 2533
17560.572265625 2732
17567.97265625 2948
17616.595703125 1601
17628.662109375 2256
17634.619140625 2104
17638.8046875 284
17640.2265625 182
17640.8125 916
17642.0390625 1667
17656.970703125 1852
17665.572265625 727
17686.48828125 2036
17692.921875 2772
17708.7578125 130
17721.953125 219
17784.15625 394
17786.544921875 405
17812.615234375 634
17837.93359375 856
17864.0078125 983
17896.06640625 1117
17898.9140625 1386
17911.24609375 1791
17916.392578125 1991
17919.279296875 2060
17923.693359375 2215
17924.59765625 2314
17940.884765625 2440
17959.57421875 2467
17978.474609375 2618
18011.76171875 2648
18017.740234375 2694
18029.794921875 1772
18037.091796875 818
18038.33984375 2907
18060.025390625 660
18092.66015625 1168
18102.12109375 1145
18102.298828125 1476
18123.892578125 1618
18131.95703125 655
18146.9921875 1592
18171.494140625 2120
18180.232421875 2557
18184.15625 112
18187.697265625 350
18224.25 356
18247.013671875 448
18276.947265625 1500
18293.7109375 1526
18345.255859375 1587
18350.87890625 1881
18387.794921875 1943
18389.67578125 1962
18395.208984375 1995
18417.408203125 2075
18418.068359375 2118
18427.173828125 2309
18438.27734375 2418
18475.4921875 2516
18484.525390625 2588
18500.724609375 2605
18501.900390625 2623
18506.169921875 2937
18507.619140625 1005
18568.916015625 110
18598.123046875 2360
18601.671875 121
18611.45703125 1046
18640.873046875 298
18672.8359375 372
18673.484375 492
18682.525390625 752
18709.9765625 838
18719.76171875 903
18725.728515625 1034
18729.990234375 1128
18732.986328125 1187
18768.875 1437
18773.337890625 1488
18785.55078125 1534
18796.06640625 1657
18803.82421875 1678
18804.150390625 1824
18807.830078125 1826
18840.177734375 1941
18848.6015625 1997
18851.349609375 2318
18905.154296875 2327
18921.49609375 2362
18953.029296875 2404
18956.314453125 2453
18989.3828125 2458
19002.58984375 2496
19045.6328125 2696
19051.947265625 2722
19062.533203125 2796
19073.384765625 2584
19102.41796875 2872
19111.509765625 2589
19115.5625 2135
19138.31640625 1802
19142.609375 1853
19170.197265625 1892
19196.697265625 1580
19203.267578125 25
19244.287109375 72
19265.869140625 343
19292.841796875 710
19314.888671875 755
19318.630859375 885
19338.095703125 1683
19378.6796875 1776
19417.423828125 1972
19438.98828125 2047
19453.908203125 2138
19476.01171875 2185
19481.146484375 2344
19492.755859375 2545
19523.57421875 2573
19534.9375 2855
19553.833984375 2159
19576.501953125 1067
19590.224609375 371
19601.103515625 243
19624.306640625 1301
19647.0859375 311
19654.2734375 426
19689.013671875 648
19699.0859375 720
19706.01171875 792
19735.236328125 940
19767.84765625 1006
19769.9140625 1032
19769.9140625 1160
19777.0234375 1189
19778.076171875 2183
19778.830078125 2190
19815.62109375 2301
19825.013671875 1459
19834.974609375 1649
19854.607421875 353
19860.802734375 2706
19880.1015625 1511
19899.4609375 1778
19904.224609375 329
19929.7578125 731
19954.9453125 1400
19958.095703125 2070
19970.83203125 1480
19981.224609375 1714
20001.40625 249
20003.58203125 94
20023.185546875 2823
20034.5234375 471
20035.34765625 473
20047.634765625 747
20079.181640625 915
20124.990234375 921
20128.36328125 993
20202.2578125 1072
20219.466796875 1415
20241.068359375 1541
20244.005859375 1746
20251.03515625 1949
20256.56640625 2079
20269.603515625 2219
20312.494140625 2258
20350.580078125 2413
20377.58984375 2628
20407.61328125 2828
20419.767578125 2903
20463.375 2996
20490.921875 204
20572.294921875 1247
20582.935546875 1410
20613.609375 1888
20644.1484375 1214
20653.05859375 1658
20655.779296875 2587
20719.244140625 380
20744.447265625 688
20874.20703125 1761
20884.537109375 66
20919.1484375 127
20920.42578125 179
20931.08203125 855
20945.541015625 1198
20985.00390625 1250
20989.44921875 1507
21011.607421875 1558
21014.716796875 2007
21014.716796875 2092
21021.509765625 2231
21026.185546875 2384
21036.8203125 2457
21065.796875 2544
21076.232421875 2717
21082.01953125 2774
21088.27734375 2794
21129.619140625 2909
21137.4609375 972
21177.142578125 1138
21185.123046875 1442
21192.55078125 1137
21208.7734375 102
21251.474609375 667
21259.583984375 1935
21295.154296875 2352
21305.47265625 2887
21332.20703125 427
21337.255859375 1533
21392.341796875 170
21401.75 262
21477.5 306
21481.81640625 596
21488.73046875 805
21491.14453125 849
21504.53125 850
21505.955078125 965
21507.349609375 976
21524.9140625 1058
21535.46484375 1403
21548.017578125 1645
21562.216796875 1999
21625.001953125 2292
21733.677734375 2392
21758.4296875 2403
21779.7890625 2497
21779.7890625 2524
21822.087890625 2601
21845.455078125 2652
21882.19921875 2657
21948.625 2761
21966.73046875 2839
21966.830078125 2939
21968.81640625 2984
22008.271484375 1027
22045.75 622
22084.068359375 417
22169.34765625 450
22186.142578125 690
22187.927734375 969
22190.482421875 982
22205.193359375 1040
22208.755859375 1078
22219.24609375 1083
22221.43359375 1382
22260.123046875 1391
22290.380859375 1486
22294.921875 1503
22307.951171875 1547
22308.181640625 1561
22323.380859375 1965
22328.60546875 2026
22363.36328125 2066
22381.1171875 2182
22405.96484375 2245
22410.876953125 2460
22431.705078125 2466
22441.181640625 2540
22473.69140625 2593
22487.041015625 2632
22534.00390625 2753
22646.880859375 2759
22683.580078125 2793
22687.24609375 2925
22738.5234375 2152
22743.92578125 762
22812.16796875 2757
22817.208984375 37
22865.77734375 1624
22878.7734375 1271
22979.845703125 2370
23010.09375 2895
23029.841796875 2411
23032.396484375 67
23056.291015625 150
23098.482421875 171
23099.81640625 195
23122.48828125 363
23204.544921875 522
23223.5234375 657
23244.177734375 701
23381.73046875 760
23429.791015625 811
23442.529296875 874
23574.927734375 875
23621.755859375 1002
23632.896484375 1007
23657.52734375 1023
23661.265625 1356
23745.294921875 1378
23790.796875 1489
23805.423828125 1629
23828.3828125 2721
23863.853515625 2032
23955.572265625 2259
24001.494140625 771
24137.154296875 1543
24203.609375 2241
24258.654296875 1964
24263.87109375 1625
24321.646484375 2693
24369.11328125 222
24416.603515625 258
24587.505859375 281
24649.423828125 506
24681.822265625 582
24739.287109375 724
24754.978515625 879
24764.76171875 1003
24823.66796875 1171
24823.75390625 1182
24923.2734375 1588
25027.392578125 1685
25273.25390625 1758
25298.974609375 2300
25317.044921875 2310
25403.37890625 2705
25523.96484375 2845
25532.564453125 2916
25711.19140625 1811
25751.181640625 2701
25760.8125 421
25776.8984375 1440
25910.5859375 2337
26006.541015625 2531
26033.509765625 18
26038.78125 29
26075.107421875 31
26271.3828125 104
26406.232421875 274
26523.49609375 321
26581.7890625 370
26585.1953125 375
26624.591796875 562
26628.2578125 914
26628.2578125 944
26668.64453125 1672
26722.791015625 1684
26743.9375 1825
26810.6796875 1846
26825.115234375 1960
26934.271484375 1976
27028.1953125 2006
27068.591796875 2319
27094.412109375 2405
27181.68359375 2550
27223.775390625 2606
27390.6953125 2768
27470.90234375 1081
27505.642578125 1780
27717.380859375 16
27880.919921875 28
28000.537109375 125
28131.58984375 212
28217.646484375 265
28365.654296875 295
28413.384765625 360
28617.61328125 364
28689.99609375 937
28833.00390625 1077
28945.931640625 1101
29027.392578125 1241
29132.3125 1243
29404.033203125 1307
29886.08984375 1343
29922.68359375 1404
30109.9609375 1418
30272.0 1585
30527.90625 1719
30759.462890625 1822
31022.443359375 2009
31379.59375 2164
31778.4296875 2214
31898.85546875 2250
31935.09765625 2263
32521.087890625 2342
32905.14453125 2359
35635.73046875 2547
