1471.9169921875 1329
2362.357666015625 50
2564.452880859375 318
2636.45947265625 389
2687.333251953125 478
3003.03125 491
3044.67529296875 580
3058.22216796875 599
3062.248046875 890
3238.9306640625 896
3281.12841796875 909
3295.7939453125 919
3335.27685546875 995
3523.8701171875 1273
3572.587890625 1342
3666.25390625 1430
3797.474853515625 1495
3975.09912109375 1568
4163.7880859375 1583
4192.87939453125 1764
4292.33544921875 1774
4365.61376953125 2065
4599.73876953125 2117
4887.0654296875 2181
4952.09619140625 2268
5042.7275390625 2465
5062.06787109375 2664
5120.1474609375 2760
5126.58642578125 2764
5233.8251953125 2938
5322.3173828125 2943
5480.77978515625 1860
5560.38916015625 2880
5594.869140625 1446
5670.068359375 87
5775.2255859375 251
5884.427734375 527
5886.908203125 529
5928.5791015625 625
6021.8447265625 641
6043.873046875 693
6083.17333984375 873
6401.44091796875 881
6467.1142578125 928
6486.5322265625 1133
6504.94970703125 1283
6550.005859375 1318
6928.2685546875 1346
7005.43115234375 1417
7115.5927734375 1720
7196.513671875 1987
7200.9970703125 2226
7247.82421875 2296
7268.61572265625 2515
7519.611328125 2572
7675.05517578125 2669
7880.14599609375 2728
7938.521484375 2734
7966.685546875 2746
7999.28515625 2852
8113.81005859375 2866
8298.2666015625 2915
8298.2666015625 2949
8311.2958984375 377
8339.0791015625 2281
8407.302734375 160
8509.1396484375 1
8612.5517578125 425
8812.0986328125 446
8815.9423828125 800
8818.5732421875 918
8839.87890625 953
8855.1875 985
8920.283203125 986
9035.69140625 1008
9145.212890625 1043
9317.5859375 1270
9488.7841796875 1317
9504.65625 1435
9533.876953125 1548
9625.7998046875 1606
9641.12890625 1661
9825.95703125 1712
9917.9013671875 2010
9954.6806640625 2088
10007.7353515625 2365
10009.6015625 2410
10014.888671875 2414
10020.5400390625 2482
10032.017578125 2560
10036.6953125 2781
10076.291015625 2820
10100.4658203125 997
10161.583984375 1781
10184.1025390625 81
10197.890625 229
10201.89453125 440
10301.048828125 548
10381.05078125 611
10387.9326171875 826
10400.564453125 834
10426.3466796875 848
10578.328125 871
10614.5478515625 893
10656.84765625 1231
10704.29296875 1256
10705.95703125 1315
10754.6083984375 1458
10844.603515625 1550
10845.9306640625 1671
10890.2421875 1711
10975.974609375 1815
10977.2451171875 1893
11031.4326171875 2312
11043.0390625 2324
11099.7880859375 2385
11105.693359375 2447
11130.064453125 2562
11157.046875 2610
11164.962890625 2622
11187.25390625 2853
11188.90234375 2924
11228.69140625 2927
11231.85546875 2239
11241.4365234375 1362
11249.607421875 1926
11318.6640625 2997
11362.0380859375 254
11398.37109375 388
11425.4521484375 465
11434.462890625 498
11471.947265625 520
11474.09765625 962
11499.8466796875 981
11512.29296875 1156
11606.4326171875 1652
11648.61328125 2205
11657.310546875 2339
11667.703125 2417
11671.2421875 2494
11676.478515625 2687
11793.9990234375 1122
11804.2666015625 1670
11812.0556640625 264
11822.5830078125 2173
11831.953125 1646
11866.3876953125 2396
11874.087890625 49
11892.8154296875 189
11897.2568359375 261
11906.8359375 263
11969.501953125 430
11982.0546875 831
12002.7236328125 899
12010.2314453125 1123
12018.251953125 1169
12060.857421875 1350
12100.08203125 1405
12135.7783203125 1512
12163.6181640625 1750
12212.7421875 1769
12243.095703125 1908
12273.822265625 1966
12276.818359375 1982
12327.9482421875 1993
12328.115234375 2094
12366.228515625 2126
12375.783203125 2141
12403.484375 2171
12419.1640625 2174
12442.6875 2177
12446.2138671875 2237
12514.3720703125 2367
12514.3798828125 2536
12539.49609375 2542
12577.7958984375 2582
12640.478515625 2675
12665.9619140625 2703
12684.025390625 1873
12693.67578125 2107
12698.634765625 1281
12796.923828125 455
12860.66796875 470
12886.4150390625 902
12918.7373046875 926
12945.072265625 967
12970.6708984375 1104
13011.541015625 1225
13046.525390625 1286
13060.0322265625 1506
13096.1591796875 1516
13102.91015625 1599
13116.744140625 1779
13140.7958984375 1848
13282.8134765625 1867
13304.2890625 1883
13317.46875 2063
13335.994140625 2210
13376.5341796875 2246
13441.2666015625 2285
13498.234375 2361
13514.65625 2686
13527.78125 2700
13534.5458984375 88
13535.328125 586
13566.67578125 136
13598.515625 1471
13626.3916015625 226
13627.1826171875 296
13656.5546875 1197
13671.24609375 1666
13674.5966796875 2511
13675.0224609375 101
13677.953125 215
13685.3984375 549
13702.013671875 550
13721.03515625 573
13741.267578125 1136
13784.634765625 1199
13836.3896484375 1530
13887.3232421875 1581
13901.7734375 1640
13916.150390625 1688
13919.9619140625 1968
13944.34765625 2526
13952.2060546875 2571
14029.662109375 2983
14054.353515625 1787
14065.455078125 602
14102.845703125 1146
14141.05078125 253
14151.1015625 342
14163.013671875 843
14177.408203125 1233
14233.6630859375 1335
14274.849609375 1394
14279.8310546875 1737
14287.5986328125 1784
14297.2451171875 1950
14311.03125 2025
14314.69921875 2473
14402.671875 2518
14426.2490234375 999
14426.2490234375 1056
14440.58984375 1900
14461.349609375 1304
14469.388671875 1326
14470.28125 2967
14502.642578125 1333
14516.623046875 2631
14523.16796875 146
14530.5634765625 1538
14559.3564453125 21
14567.966796875 34
14570.43359375 200
14588.7001953125 288
14598.7275390625 336
14611.744140625 385
14635.904296875 517
14645.80078125 546
14650.06640625 609
14686.9833984375 614
14773.322265625 683
14840.625 686
14867.673828125 769
14877.9306640625 1097
14879.32421875 1221
14896.5263671875 1322
14921.22265625 1359
14921.2939453125 1376
14940.9267578125 1686
14942.2763671875 1854
14943.59765625 2513
14954.595703125 2553
14959.9765625 2650
14976.310546875 2672
14988.1875 2911
14993.3310546875 78
14996.595703125 2713
15014.8349609375 2800
15038.724609375 2651
15048.904296875 2970
15088.671875 1045
15105.546875 1068
15133.2109375 2078
15147.66796875 884
15172.958984375 886
15206.041015625 1028
15251.4609375 1845
15255.119140625 1932
15255.119140625 2489
15292.490234375 90
15331.2353515625 153
15336.8916015625 240
15340.951171875 256
15409.75390625 531
15446.001953125 644
15451.97265625 706
15458.4130859375 775
15473.119140625 1163
15555.2705078125 1483
15583.6845703125 2114
15585.4296875 2379
15597.35546875 2424
15616.3115234375 2433
15617.556640625 2435
15736.40234375 2442
15795.9892578125 2683
15811.154296875 2811
15812.7216796875 2176
15831.1787109375 169
15877.24609375 2207
15901.146484375 1144
15907.4912109375 2180
15908.947265625 73
15923.0009765625 663
15939.0146484375 677
15964.2373046875 756
15970.814453125 925
16025.38671875 927
16027.3134765625 946
16053.3095703125 996
16073.1328125 1141
16120.646484375 1202
16126.947265625 1251
16164.029296875 1457
16167.333984375 1502
16199.2666015625 1591
16238.9296875 1733
16243.09375 1735
16256.7998046875 1919
16258.9599609375 1933
16279.365234375 1955
16282.2265625 2002
16288.763671875 2335
16289.7197265625 2341
16303.08203125 2565
16325.5029296875 2695
16370.328125 2763
16380.7705078125 2840
16409.14453125 2422
16421.486328125 1020
16446.783203125 640
16456.0703125 59
16487.01953125 177
16523.974609375 191
16557.53515625 575
16572.353515625 687
16575.11328125 934
16581.80078125 1119
16600.978515625 1529
16610.552734375 1697
16614.9921875 1810
16622.62890625 1831
16632.087890625 2354
16639.2265625 2528
16659.005859375 2679
16685.525390625 2712
16687.341796875 2747
16716.90234375 2809
16743.40625 2821
16755.857421875 2842
16786.1875 2860
16788.951171875 2906
16822.90234375 2994
16837.98046875 186
16843.841796875 223
16859.66015625 1594
16888.482421875 410
16906.09375 631
16917.904296875 132
16939.962890625 2576
16943.298828125 1282
16980.296875 488
16985.01171875 869
16986.73828125 2059
17024.037109375 787
17053.98046875 904
17069.458984375 137
17123.931640625 275
17130.564453125 328
17139.53125 333
17193.0625 392
17202.349609375 407
17222.46875 489
17228.8359375 680
17231.923828125 1022
17240.435546875 1290
17241.146484375 1358
17242.40625 1607
17242.40625 1653
17249.45703125 2024
17264.875 2184
17357.921875 2221
17402.138671875 2394
17402.515625 2427
17445.017578125 2517
17486.1953125 2655
17553.275390625 2704
17565.951171875 2900
17574.63671875 2946
17578.306640625 459
17582.251953125 1408
17584.978515625 1339
17635.390625 22
17647.978515625 45
17660.255859375 300
17732.80859375 812
17759.767578125 922
17761.865234375 947
17856.2890625 975
17881.3359375 1001
17886.521484375 1095
17887.11328125 1275
17917.71875 1664
17920.494140625 1708
17922.673828125 1763
17930.578125 1766
18045.2421875 1889
18050.908203125 2077
18059.275390625 2082
18061.5234375 2131
18063.931640625 2315
18074.78125 2317
18098.625 2409
18149.6328125 2608
18160.10546875 2616
18163.73046875 2649
18180.435546875 2819
18205.6484375 2862
18207.576171875 1164
18222.599609375 2213
18227.935546875 1050
18229.38671875 979
18236.52734375 1562
18253.6640625 1597
18253.8828125 2334
18278.962890625 587
18289.94140625 630
18324.35546875 777
18333.224609375 1012
18337.8046875 1064
18338.6796875 1082
18342.013671875 1462
18345.61328125 1501
18364.365234375 1654
18399.07421875 1800
18400.87890625 2656
18403.859375 2884
18406.94921875 1416
18407.9921875 1575
18425.94140625 2889
18430.041015625 445
18450.42578125 30
18458.7265625 2484
18466.751953125 38
18467.283203125 40
18489.03125 76
18492.654296875 77
18506.341796875 108
18510.70703125 164
18560.818359375 211
18567.10546875 225
18584.748046875 376
18641.7421875 437
18646.005859375 510
18669.23828125 646
18681.1875 671
18684.189453125 738
18744.2578125 770
18752.427734375 1434
18757.490234375 1610
18770.8828125 1662
18802.44140625 1709
18814.1875 1998
18823.962890625 2166
18826.7421875 2220
18836.978515625 2238
18852.619140625 2255
18864.59375 2345
18894.0078125 2510
18896.1484375 2581
18921.634765625 2607
18931.814453125 2807
18940.16015625 1015
18948.486328125 1984
18949.962890625 1258
18975.28125 2555
18979.8203125 1147
18982.1484375 865
18988.96875 939
19023.6953125 1497
19084.544921875 2630
19095.111328125 2752
19126.603515625 457
19126.603515625 309
19140.32421875 316
19160.779296875 483
19163.63671875 484
19233.052734375 633
19240.0078125 1026
19306.78125 1036
19334.779296875 1176
19364.19921875 1423
19420.7734375 1485
19426.23828125 1590
19446.083984375 1702
19446.083984375 1759
19459.443359375 1818
19464.44140625 1958
19465.607421875 1963
19476.40625 1977
19490.775390625 2053
19497.208984375 2056
19533.974609375 2125
19538.876953125 2304
19569.68359375 2356
19579.46484375 2477
19583.107421875 2533
19585.986328125 2732
19589.09765625 2948
19598.21875 1601
19603.59765625 2256
19604.4140625 2104
19620.953125 284
19627.265625 182
19634.203125 916
19643.04296875 1667
19660.828125 1852
19665.47265625 727
19688.38671875 2036
19691.73046875 2772
19693.12109375 130
19747.58984375 219
19762.806640625 394
19778.34375 405
19780.1171875 634
19807.5625 856
19807.736328125 983
19810.650390625 1117
19817.025390625 1386
19831.56640625 1791
19853.103515625 1991
19873.869140625 2060
19895.837890625 2215
19901.546875 2314
19915.17578125 2440
19938.91796875 2467
19944.001953125 2618
19960.158203125 2648
19963.267578125 2694
19981.876953125 1772
19982.94140625 818
19992.93359375 2907
20006.787109375 660
20035.087890625 1168
20047.359375 1145
20065.947265625 1476
20073.001953125 1618
20095.2109375 655
20102.658203125 1592
20117.220703125 2120
20117.220703125 2557
20121.740234375 112
20153.33984375 350
20275.078125 356
20302.64453125 448
20312.25 1500
20332.3046875 1526
20372.234375 1587
20390.703125 1881
20441.314453125 1943
20451.533203125 1962
20476.548828125 1995
20485.81640625 2075
20486.236328125 2118
20502.546875 2309
20510.662109375 2418
20519.85546875 2516
20526.90625 2588
20535.291015625 2605
20566.26171875 2623
20576.83984375 2937
20589.41796875 1005
20608.744140625 110
20613.51171875 2360
20615.6015625 121
20659.64453125 1046
20668.560546875 298
20676.25 372
20678.90625 492
20679.55859375 752
20697.16796875 838
20734.958984375 903
20740.96875 1034
20762.197265625 1128
20781.87109375 1187
20825.265625 1437
20840.478515625 1488
20849.306640625 1534
20861.685546875 1657
20875.0546875 1678
20906.830078125 1824
20940.80859375 1826
20975.794921875 1941
20979.232421875 1997
20988.53515625 2318
21016.740234375 2327
21034.05859375 2362
21041.802734375 2404
21060.3671875 2453
21099.5078125 2458
21121.71484375 2496
21184.765625 2696
21197.904296875 2722
21210.84765625 2796
21216.16015625 2584
21268.96875 2872
21287.017578125 2589
21302.6484375 2135
21305.68359375 1802
21313.0234375 1853
21417.021484375 1892
21428.193359375 1580
21455.7265625 25
21471.1328125 72
21560.6640625 343
21593.607421875 710
21653.537109375 755
21656.0078125 885
21688.978515625 1683
21707.765625 1776
21712.86328125 1972
21731.134765625 2047
21744.869140625 2138
21793.431640625 2185
21794.2734375 2344
21800.21484375 2545
21803.56640625 2573
21806.375 2855
21869.7890625 2159
21877.505859375 1067
21882.111328125 371
21886.5234375 243
21887.224609375 1301
21888.068359375 311
21914.3046875 426
21929.341796875 648
21929.525390625 720
21932.0859375 792
21941.84375 940
21943.2890625 1006
21954.5703125 1032
21984.1796875 1160
21989.765625 1189
22002.681640625 2183
22024.689453125 2190
22032.68359375 2301
22037.73046875 1459
22064.224609375 1649
22071.51171875 353
22076.30859375 2706
22085.70703125 1511
22094.4296875 1778
22094.515625 329
22106.421875 731
22156.505859375 1400
22210.484375 2070
22233.55078125 1480
22243.58984375 1714
22249.49609375 249
22258.9765625 94
22268.84765625 2823
22276.0 471
22282.515625 473
22303.005859375 747
22323.0390625 915
22331.345703125 921
22351.748046875 993
22375.060546875 1072
22382.40625 1415
22384.203125 1541
22405.6640625 1746
22418.658203125 1949
22449.703125 2079
22462.6328125 2219
22463.15234375 2258
22484.822265625 2413
22513.271484375 2628
22538.2890625 2828
22551.87109375 2903
22555.58203125 2996
22586.646484375 204
22593.294921875 1247
22598.53515625 1410
22605.2578125 1888
22609.375 1214
22621.61328125 1658
22622.7421875 2587
22625.421875 380
22671.52734375 688
22689.728515625 1761
22717.82421875 66
22719.84765625 127
22733.171875 179
22736.46875 855
22790.173828125 1198
22810.4296875 1250
22822.01953125 1507
22833.109375 1558
22846.705078125 2007
22851.1875 2092
22915.26171875 2231
22927.607421875 2384
22927.845703125 2457
22950.98046875 2544
22998.173828125 2717
23036.33984375 2774
23045.2578125 2794
23056.36328125 2909
23073.62109375 972
23081.525390625 1138
23115.384765625 1442
23166.40625 1137
23174.970703125 102
23187.240234375 667
23194.376953125 1935
23208.142578125 2352
23216.76171875 2887
23247.4375 427
23282.0234375 1533
23289.23046875 170
23315.01171875 262
23360.119140625 306
23365.716796875 596
23369.578125 805
23400.865234375 849
23401.416015625 850
23442.962890625 965
23451.13671875 976
23479.02734375 1058
23479.80859375 1403
23485.9375 1645
23495.623046875 1999
23540.83203125 2292
23587.830078125 2392
23605.75 2403
23617.689453125 2497
23626.625 2524
23631.03125 2601
23687.771484375 2652
23693.91796875 2657
23765.259765625 2761
23778.455078125 2839
23785.970703125 2939
23785.970703125 2984
23794.146484375 1027
23810.279296875 622
23820.078125 417
23939.857421875 450
24054.177734375 690
24067.0 969
24079.595703125 982
24103.03125 1040
24109.8359375 1078
24131.279296875 1083
24135.107421875 1382
24176.18359375 1391
24180.9140625 1486
24200.919921875 1503
24213.361328125 1547
24232.765625 1561
24241.65234375 1965
24244.84765625 2026
24263.84375 2066
24317.625 2182
24358.28125 2245
24369.869140625 2460
24394.84375 2466
24510.68359375 2540
24537.8515625 2593
24553.767578125 2632
24561.51953125 2753
24576.75 2759
24594.55859375 2793
24621.951171875 2925
24645.64453125 2152
24658.15234375 762
24718.1953125 2757
24774.826171875 37
24897.578125 1624
24923.8828125 1271
24962.84765625 2370
24963.337890625 2895
25000.90234375 2411
25009.05078125 67
25039.064453125 150
25072.494140625 171
25085.943359375 195
25143.521484375 363
25163.2109375 522
25176.828125 657
25177.591796875 701
25344.4140625 760
25358.095703125 811
25420.591796875 874
25468.56640625 875
25475.705078125 1002
25513.802734375 1007
25566.76953125 1023
25658.794921875 1356
25684.75 1378
25717.4296875 1489
25727.162109375 1629
25777.876953125 2721
25780.91015625 2032
25799.896484375 2259
25821.505859375 771
25894.73046875 1543
25904.05078125 2241
25946.404296875 1964
25968.392578125 1625
26014.599609375 2693
26035.736328125 222
26047.427734375 258
26073.6640625 281
26203.78515625 506
26234.17578125 582
26270.712890625 724
26277.0859375 879
26331.640625 1003
26434.611328125 1171
26457.150390625 1182
26467.9296875 1588
26472.91015625 1685
26557.296875 1758
26571.2109375 2300
26575.529296875 2310
26648.39453125 2705
26662.029296875 2845
26713.26171875 2916
26716.68359375 1811
26745.130859375 2701
26768.146484375 421
26787.21484375 1440
26894.96875 2337
26907.650390625 2531
26921.373046875 18
26928.51953125 29
26981.96875 31
27021.255859375 104
27091.314453125 274
27122.166015625 321
27131.640625 370
27133.19140625 375
27150.978515625 562
27220.03125 914
27446.83203125 944
27481.970703125 1672
27545.123046875 1684
27592.3671875 1825
27649.30859375 1846
27700.9609375 1960
27782.818359375 1976
27795.353515625 2006
27805.681640625 2319
27813.904296875 2405
27932.998046875 2550
27974.390625 2606
28042.595703125 2768
28137.89453125 1081
28193.220703125 1780
28257.22265625 16
28511.9140625 28
28538.20703125 125
28638.658203125 212
28707.603515625 265
28849.5546875 295
29088.271484375 360
29128.72265625 364
29173.5078125 937
29220.099609375 1077
29376.978515625 1101
29447.216796875 1241
29450.091796875 1243
29538.908203125 1307
29551.126953125 1343
29574.376953125 1404
29706.8984375 1418
29848.984375 1585
29878.87890625 1719
29911.5625 1822
29990.02734375 2009
30045.66796875 2164
30054.6640625 2214
30840.021484375 2250
30968.783203125 2263
31043.775390625 2342
31248.82421875 2359
36437.25390625 2547
