3331.028076171875 2159
3346.72802734375 1067
3354.461181640625 371
3921.212646484375 243
4023.5703125 1301
4059.19091796875 311
4069.36669921875 426
4126.24560546875 648
4314.6982421875 720
4410.06787109375 792
4473.08349609375 940
4477.005859375 1006
4717.6142578125 1032
4728.46630859375 1160
4842.8828125 1189
4855.42529296875 2183
4889.6123046875 2190
5084.443359375 2301
5108.314453125 1459
5112.87109375 1649
5123.2890625 353
5170.8701171875 2706
5240.08935546875 1446
5332.19189453125 87
5349.23193359375 251
5378.18505859375 527
5380.8408203125 529
5459.7041015625 625
5480.37060546875 641
5502.10498046875 693
5516.18603515625 873
5576.43701171875 881
5620.6455078125 928
5622.12890625 1133
5748.91259765625 1283
5792.0126953125 1318
5801.0810546875 1346
5839.85400390625 1417
5842.22998046875 1720
5844.1806640625 1987
5939.0107421875 2226
5939.7744140625 2296
5967.5849609375 2515
6068.158203125 2572
6125.91796875 2669
6126.9970703125 2728
6195.630859375 2734
6223.974609375 2746
6279.599609375 2852
6280.6298828125 2866
6423.0546875 2915
6435.3369140625 2949
6500.5107421875 377
6513.92578125 2281
6540.0146484375 160
6542.4970703125 1
6583.95556640625 425
6601.99658203125 446
6661.150390625 800
6699.7724609375 918
6775.1689453125 953
6861.5712890625 985
6877.86328125 986
6989.68505859375 1008
7000.5673828125 1043
7200.927734375 1270
7235.216796875 1317
7238.7021484375 1435
7254.34765625 1548
7256.9716796875 1606
7263.86669921875 1661
7334.12451171875 1712
7400.638671875 2010
7432.46044921875 2088
7435.05419921875 2365
7446.1875 2410
7465.978515625 2414
7465.978515625 2482
7506.09765625 2560
7553.9697265625 2781
7556.390625 2820
7649.98583984375 997
7656.154296875 1781
7656.982421875 81
7671.681640625 229
7768.7109375 440
7791.07275390625 548
7844.98828125 611
7932.556640625 826
7932.6044921875 834
7946.591796875 848
7955.0986328125 871
7960.03125 893
7993.69873046875 1231
8056.7294921875 1256
8098.69970703125 1315
8123.7197265625 1458
8215.0283203125 1550
8230.0341796875 1671
8236.08203125 1711
8245.3603515625 1815
8265.9296875 1893
8276.0390625 2312
8307.8232421875 2324
8410.9228515625 2385
8454.841796875 2447
8468.828125 2562
8470.84375 2610
8483.595703125 2622
8510.04296875 2853
8580.693359375 2924
8599.4970703125 2927
8618.7841796875 2239
8637.091796875 1362
8649.6494140625 1926
8665.3828125 2997
8675.0517578125 254
8680.71484375 388
8696.0712890625 465
8790.0009765625 498
8790.5908203125 520
8794.7060546875 962
8822.0302734375 981
8836.21875 1156
8857.46484375 1652
8877.123046875 2205
8877.8505859375 2339
8886.8583984375 2417
8890.6025390625 2494
8933.4482421875 2687
8965.7275390625 1122
8982.2861328125 1670
9017.31640625 264
9060.310546875 2173
9068.5625 1646
9098.490234375 2396
9137.611328125 49
9218.0302734375 189
9220.548828125 261
9233.517578125 263
9312.6201171875 430
9393.74609375 831
9400.62109375 899
9408.61328125 1123
9417.7939453125 1169
9421.080078125 1350
9468.08984375 1405
9486.146484375 1512
9486.9912109375 1750
9534.9658203125 1769
9568.6220703125 1908
9580.9287109375 1966
9582.9267578125 1982
9611.4150390625 1993
9656.92578125 2094
9735.0205078125 2126
9752.5859375 2141
9767.1748046875 2171
9781.0146484375 2174
9789.30078125 2177
9869.6845703125 2237
9884.4521484375 2367
9887.90625 2536
9915.134765625 2542
9919.466796875 2582
9926.779296875 2675
9939.630859375 2703
9949.9189453125 1873
9957.234375 2107
10014.3564453125 1281
10023.5478515625 455
10051.099609375 470
10094.1953125 902
10100.2255859375 926
10120.1435546875 967
10124.7021484375 1104
10177.9111328125 1225
10191.3896484375 1286
10229.326171875 1506
10258.583984375 1516
10276.9912109375 1599
10287.73046875 1779
10330.59765625 1848
10427.744140625 1867
10479.8251953125 1883
10481.021484375 2063
10571.529296875 2210
10603.1455078125 2246
10648.041015625 2285
10680.8876953125 2361
10685.0712890625 2686
10686.287109375 2700
10719.0185546875 88
10741.7626953125 586
10769.599609375 136
10780.435546875 1471
10841.3955078125 226
10850.9375 296
10858.9794921875 1197
10868.98046875 1666
10879.357421875 2511
10899.458984375 101
10921.9765625 215
10945.8515625 549
10959.662109375 550
10968.109375 573
10974.3935546875 1136
10982.01171875 1199
11021.791015625 1530
11024.4892578125 1581
11024.4892578125 1640
11025.41796875 1688
11041.7734375 1968
11044.529296875 2526
11055.802734375 2571
11074.955078125 2983
11091.365234375 1787
11091.365234375 602
11093.0927734375 1146
11097.009765625 253
11117.828125 342
11121.74609375 843
11151.8759765625 1233
11178.8828125 1335
11207.34765625 1394
11227.67578125 1737
11235.0693359375 1784
11322.845703125 1950
11327.8935546875 2025
11381.736328125 2473
11392.9326171875 2518
11411.6650390625 999
11448.32421875 1056
11516.5556640625 1900
11586.4287109375 1304
11623.1708984375 1326
11626.94921875 2967
11634.435546875 1329
11639.1865234375 50
11645.6513671875 318
11654.310546875 389
11662.6123046875 478
11665.548828125 491
11755.333984375 580
11759.6474609375 599
11774.357421875 890
11803.0576171875 896
11812.6533203125 909
11824.6669921875 919
11841.4501953125 995
11900.802734375 1273
11906.7734375 1342
11912.3935546875 1430
11912.83984375 1495
11928.6259765625 1568
11945.26953125 1583
11971.1640625 1764
11981.115234375 1774
12013.9736328125 2065
12015.923828125 2117
12036.732421875 2181
12038.630859375 2268
12039.080078125 2465
12063.6318359375 2664
12087.5576171875 2760
12107.8984375 2764
12110.87109375 2938
12144.7421875 2943
12164.1396484375 1860
12172.49609375 2880
12175.3876953125 1333
12191.166015625 2631
12197.5625 146
12203.4853515625 1538
12210.69140625 21
12227.8134765625 34
12229.0625 200
12255.5478515625 288
12255.8994140625 336
12261.6884765625 385
12267.2275390625 517
12273.0107421875 546
12281.009765625 609
12284.783203125 614
12304.638671875 683
12375.4404296875 686
12404.6796875 769
12409.146484375 1097
12448.759765625 1221
12467.9599609375 1322
12473.8330078125 1359
12475.41796875 1376
12484.0048828125 1686
12514.3681640625 1854
12522.8623046875 2513
12542.509765625 2553
12545.939453125 2650
12546.69140625 2672
12579.275390625 2911
12590.99609375 78
12603.837890625 2713
12606.046875 2800
12645.1044921875 2651
12670.0927734375 2970
12701.4658203125 1045
12726.611328125 1068
12752.8515625 2078
12753.0107421875 884
12774.203125 886
12775.2060546875 1028
12790.6708984375 1845
12802.1435546875 1932
12809.083984375 2489
12837.861328125 90
12886.60546875 153
12908.455078125 240
12931.8505859375 256
12942.880859375 531
12965.865234375 644
12973.2724609375 706
12989.642578125 775
12996.9931640625 1163
13056.390625 1483
13081.671875 2114
13125.869140625 2379
13142.73046875 2424
13164.748046875 2433
13171.435546875 2435
13176.4111328125 2442
13184.849609375 2683
13190.0078125 2811
13203.4921875 2176
13211.6240234375 169
13230.87890625 2207
13232.021484375 1144
13266.58203125 2180
13272.2001953125 73
13274.2578125 663
13307.68359375 677
13316.80078125 756
13354.06640625 925
13381.8154296875 927
13382.794921875 946
13391.4033203125 996
13409.75 1141
13417.71875 1202
13469.1259765625 1251
13475.89453125 1457
13476.3544921875 1502
13482.7734375 1591
13546.845703125 1733
13549.81640625 1735
13563.462890625 1919
13567.5048828125 1933
13575.666015625 1955
13598.80078125 2002
13617.322265625 2335
13627.4033203125 2341
13645.1279296875 2565
13669.8203125 2695
13688.8544921875 2763
13711.0927734375 2840
13725.330078125 2422
13733.404296875 1020
13736.5771484375 640
13738.63671875 59
13750.3095703125 177
13755.95703125 191
13763.513671875 575
13764.244140625 687
13787.9169921875 934
13804.396484375 1119
13804.396484375 1529
13808.306640625 1697
13813.5625 1810
13851.1142578125 1831
13903.0966796875 2354
13921.291015625 2528
13929.5 2679
13931.857421875 2712
13933.837890625 2747
13946.763671875 2809
13957.3076171875 2821
13965.443359375 2842
13990.2548828125 2860
13995.7255859375 2906
14028.912109375 2994
14030.375 186
14040.7783203125 223
14047.466796875 1594
14050.453125 410
14067.0791015625 631
14082.4384765625 132
14091.130859375 2576
14092.365234375 1282
14095.96875 488
14104.6171875 869
14138.021484375 2059
14161.6416015625 787
14165.5634765625 904
14175.498046875 137
14178.1875 275
14180.1591796875 328
14183.091796875 333
14199.9326171875 392
14203.140625 407
14226.2255859375 489
14232.77734375 680
14254.673828125 1022
14264.087890625 1290
14265.34375 1358
14266.3427734375 1607
14268.279296875 1653
14268.943359375 2024
14278.71875 2184
14322.85546875 2221
14338.1357421875 2394
14359.744140625 2427
14365.90234375 2517
14365.9384765625 2655
14380.439453125 2704
14394.3984375 2900
14404.9619140625 2946
14437.908203125 459
14441.3486328125 1408
14484.416015625 1339
14487.771484375 22
14501.2158203125 45
14502.0771484375 300
14505.2900390625 812
14534.5146484375 922
14555.1123046875 947
14563.8330078125 975
14569.083984375 1001
14571.8310546875 1095
14611.3857421875 1275
14612.0908203125 1664
14624.7041015625 1708
14628.419921875 1763
14652.26171875 1766
14673.833984375 1889
14674.849609375 2077
14675.2216796875 2082
14707.23046875 2131
14717.3037109375 2315
14723.8837890625 2317
14769.4794921875 2409
14776.158203125 2608
14777.5224609375 2616
14778.802734375 2649
14781.685546875 2819
14794.431640625 2862
14802.400390625 1164
14814.4248046875 2213
14823.8671875 1050
14859.9990234375 979
14872.26171875 1562
14881.2724609375 1597
14902.2919921875 2334
14902.9482421875 587
14908.6064453125 630
14913.2900390625 777
14931.189453125 1012
14946.4970703125 1064
14959.3798828125 1082
14967.68359375 1462
14978.6025390625 1501
14981.08984375 1654
15005.001953125 1800
15020.7861328125 2656
15030.7333984375 2884
15043.3525390625 1416
15074.5576171875 1575
15084.482421875 2889
15100.4150390625 445
15113.6611328125 30
15115.6318359375 2484
15127.16015625 38
15132.892578125 40
15137.6103515625 76
15143.2236328125 77
15144.0595703125 108
15162.220703125 164
15163.6962890625 211
15182.169921875 225
15182.3369140625 376
15186.0283203125 437
15190.7021484375 510
15190.88671875 646
15205.9892578125 671
15209.041015625 738
15209.9609375 770
15217.1708984375 1434
15225.3798828125 1610
15257.15625 1662
15265.66015625 1709
15315.5439453125 1998
15326.66796875 2166
15362.5302734375 2220
15369.6630859375 2238
15380.3876953125 2255
15392.017578125 2345
15456.787109375 2510
15464.3740234375 2581
15477.3671875 2607
15485.810546875 2807
15487.345703125 1015
15510.8994140625 1984
15515.2685546875 1258
15518.7939453125 2555
15539.4482421875 1147
15546.939453125 865
15550.0068359375 939
15590.77734375 1497
15598.3310546875 2630
15603.1650390625 2752
15610.3837890625 457
15629.5556640625 309
15631.7724609375 316
15632.9267578125 483
15643.2451171875 484
15643.771484375 633
15652.6806640625 1026
15656.3369140625 1036
15701.2109375 1176
15705.033203125 1423
15716.58203125 1485
15728.18359375 1590
15731.30859375 1702
15734.9521484375 1759
15737.4794921875 1818
15757.642578125 1958
15763.7890625 1963
15785.33984375 1977
15789.26953125 2053
15858.6123046875 2056
15866.283203125 2125
15887.7578125 2304
15887.96875 2356
15895.5537109375 2477
15896.166015625 2533
15911.4111328125 2732
15957.103515625 2948
15973.3671875 1601
15989.4326171875 2256
16021.8193359375 2104
16028.0859375 284
16028.0859375 182
16032.4609375 916
16038.845703125 1667
16039.837890625 1852
16044.80078125 727
16060.9345703125 2036
16078.119140625 2772
16094.458984375 130
16094.458984375 219
16106.79296875 394
16106.8564453125 405
16118.197265625 634
16122.267578125 856
16130.248046875 983
16165.5693359375 1117
16198.359375 1386
16216.8828125 1791
16225.25390625 1991
16230.0048828125 2060
16257.279296875 2215
16260.908203125 2314
16266.357421875 2440
16267.9091796875 2467
16310.2509765625 2618
16362.6298828125 2648
16369.4365234375 2694
16371.9306640625 1772
16382.490234375 818
16384.685546875 2907
16398.953125 660
16412.533203125 1168
16420.26953125 1145
16436.267578125 1476
16437.04296875 1618
16439.017578125 655
16467.30859375 1592
16470.3046875 2120
16474.8984375 2557
16489.19140625 112
16490.41796875 350
16508.162109375 356
16556.05078125 448
16585.451171875 1500
16612.123046875 1526
16620.0078125 1587
16622.90234375 1881
16653.3046875 1943
16659.751953125 1962
16679.0390625 1995
16756.458984375 2075
16761.916015625 2118
16772.072265625 2309
16776.74609375 2418
16793.46484375 2516
16805.21484375 2588
16819.095703125 2605
16833.11328125 2623
16842.07421875 2937
16862.044921875 1005
16884.802734375 110
16916.869140625 2360
16919.41796875 121
16927.728515625 1046
16948.140625 298
16954.23046875 372
16979.65234375 492
17021.30859375 752
17034.310546875 838
17041.056640625 903
17071.837890625 1034
17078.4609375 1128
17106.435546875 1187
17143.51171875 1437
17156.671875 1488
17158.0546875 1534
17159.0234375 1657
17159.82421875 1678
17171.78515625 1824
17185.908203125 1826
17197.435546875 1941
17202.046875 1997
17212.962890625 2318
17216.439453125 2327
17218.7265625 2362
17228.8125 2404
17229.564453125 2453
17245.775390625 2458
17264.296875 2496
17271.306640625 2696
17274.72265625 2722
17289.0390625 2796
17309.78125 2584
17315.53125 2872
17326.34375 2589
17338.265625 2135
17345.5078125 1802
17348.119140625 1853
17372.8359375 1892
17382.916015625 1580
17412.064453125 25
17424.697265625 72
17447.517578125 343
17453.984375 710
17461.828125 755
17490.232421875 885
17497.08203125 1683
17504.021484375 1776
17514.18359375 1972
17526.88671875 2047
17527.734375 2138
17541.3359375 2185
17557.93359375 2344
17591.328125 2545
17593.7421875 2573
17594.76953125 2855
17685.91015625 1511
17713.568359375 1778
17787.677734375 329
17801.845703125 731
17808.087890625 1400
17823.48828125 2070
17826.5390625 1480
17829.13671875 1714
17829.2734375 249
17832.50390625 94
17859.3671875 2823
17939.61328125 471
17946.099609375 473
17955.28125 747
17969.470703125 915
17991.93359375 921
17994.509765625 993
18004.302734375 1072
18005.8046875 1415
18011.03125 1541
18027.12109375 1746
18048.6328125 1949
18061.53515625 2079
18076.14453125 2219
18085.09765625 2258
18088.046875 2413
18117.138671875 2628
18167.01171875 2828
18195.234375 2903
18201.564453125 2996
18211.5546875 204
18216.9296875 1247
18263.82421875 1410
18270.986328125 1888
18281.380859375 1214
18283.4296875 1658
18292.34765625 2587
18385.279296875 380
18415.79296875 688
18432.849609375 1761
18435.681640625 66
18448.9140625 127
18451.947265625 179
18489.81640625 855
18490.3671875 1198
18520.509765625 1250
18547.013671875 1507
18560.583984375 1558
18579.013671875 2007
18581.037109375 2092
18581.53125 2231
18587.5546875 2384
18598.041015625 2457
18621.392578125 2544
18633.396484375 2717
18639.740234375 2774
18659.216796875 2794
18660.724609375 2909
18683.912109375 972
18689.03515625 1138
18703.283203125 1442
18768.923828125 1137
18784.443359375 102
18800.013671875 667
18809.55859375 1935
18813.474609375 2352
18832.728515625 2887
18838.951171875 427
18892.470703125 1533
18940.546875 170
18959.69140625 262
18967.44140625 306
18968.1171875 596
18978.13671875 805
18983.16796875 849
18985.4765625 850
19003.61328125 965
19028.3984375 976
19037.470703125 1058
19129.5859375 1403
19161.5859375 1645
19172.375 1999
19213.091796875 2292
19234.109375 2392
19270.55859375 2403
19274.005859375 2497
19289.177734375 2524
19320.5 2601
19334.626953125 2652
19348.7421875 2657
19384.720703125 2761
19396.916015625 2839
19400.08203125 2939
19409.5390625 2984
19441.05078125 1027
19457.61328125 622
19477.349609375 417
19479.216796875 450
19480.263671875 690
19499.8671875 969
19517.546875 982
19530.404296875 1040
19540.765625 1078
19575.009765625 1083
19586.623046875 1382
19598.939453125 1391
19606.322265625 1486
19620.19140625 1503
19632.83984375 1547
19667.5 1561
19689.609375 1965
19695.794921875 2026
19718.6328125 2066
19781.818359375 2182
19787.71875 2245
19803.30859375 2460
19818.58984375 2466
19878.2265625 2540
20016.974609375 2593
20023.720703125 2632
20047.298828125 2753
20064.744140625 2759
20064.8671875 2793
20099.07421875 2925
20133.6640625 2152
20149.1328125 762
20159.28125 2757
20162.724609375 37
20206.068359375 1624
20262.546875 1271
20285.2890625 2370
20299.84375 2895
20414.3359375 2411
20418.76171875 67
20457.248046875 150
20530.365234375 171
20579.291015625 195
20650.92578125 363
20654.25 522
20743.23828125 657
20776.80078125 701
20822.34765625 760
20885.0625 811
20979.94140625 874
21029.708984375 875
21043.111328125 1002
21062.4921875 1007
21077.900390625 1023
21095.515625 1356
21104.69921875 1378
21115.484375 1489
21136.302734375 1629
21145.93359375 2721
21160.048828125 2032
21166.013671875 2259
21184.06640625 771
21267.109375 1543
21321.529296875 2241
21435.201171875 1964
21436.294921875 1625
21449.767578125 2693
21456.447265625 222
21597.38671875 258
21602.423828125 281
21680.82421875 506
21792.21875 582
21793.826171875 724
21965.234375 879
22032.7109375 1003
22081.359375 1171
22106.427734375 1182
22179.5625 1588
22306.74609375 1685
22309.59765625 1758
22577.43359375 2300
22607.326171875 2310
22611.0078125 2705
22634.490234375 2845
22849.7421875 2916
22887.51953125 1811
22988.837890625 2701
23204.396484375 421
23321.96875 1440
23379.625 2337
23381.275390625 2531
23403.677734375 18
23435.947265625 29
23632.482421875 31
23723.2265625 104
23735.875 274
23799.111328125 321
23856.115234375 370
23880.234375 375
23933.36328125 562
23999.318359375 914
24115.9765625 944
24123.93359375 1672
24194.9140625 1684
24329.08984375 1825
24379.556640625 1846
24523.158203125 1960
24544.62109375 1976
25030.466796875 2006
25067.77734375 2319
25087.91796875 2405
25674.3828125 2550
25806.15625 2606
25808.2890625 2768
25814.7109375 1081
25936.724609375 1780
26035.833984375 16
26046.271484375 28
26166.74609375 125
26241.1796875 212
26314.841796875 265
26777.392578125 295
26847.072265625 360
26855.466796875 364
26861.6328125 937
26939.2734375 1077
27398.322265625 1101
27429.076171875 1241
27456.693359375 1243
27585.126953125 1307
27903.208984375 1343
29051.23828125 1404
29301.296875 1418
29379.724609375 1585
29517.556640625 1719
29772.56640625 1822
30071.208984375 2009
30107.33984375 2164
30494.501953125 2214
31818.115234375 2250
32010.650390625 2263
33427.56640625 2342
35494.5546875 2359
35933.921875 2547
