6152.42333984375 1446
6260.92041015625 87
6442.208984375 251
6586.54833984375 527
6595.7294921875 529
6710.9638671875 625
6733.8623046875 641
7135.82421875 693
7276.8876953125 873
7310.2314453125 881
7349.03515625 928
7352.10205078125 1133
7383.43896484375 1283
7398.66552734375 1318
7581.955078125 1346
7617.7275390625 1417
7620.041015625 1720
7644.150390625 1987
7748.01708984375 2226
7776.39013671875 2296
7816.47998046875 2515
7827.76806640625 2572
7833.33349609375 2669
7895.62353515625 2728
7905.861328125 2734
7914.82373046875 2746
7958.60400390625 2852
8062.39697265625 2866
8107.2802734375 2915
8115.0322265625 2949
8118.9833984375 377
8171.18798828125 2281
8248.87890625 160
8252.189453125 1
8285.19140625 425
8290.90234375 446
8340.8818359375 800
8360.00390625 918
8372.0322265625 953
8427.041015625 985
8437.7373046875 986
8452.28125 1008
8479.091796875 1043
8486.603515625 1270
8492.6259765625 1317
8503.453125 1435
8503.6650390625 1548
8506.109375 1606
8538.18359375 1661
8554.1513671875 1712
8602.484375 2010
8607.1611328125 2088
8621.53125 2365
8641.96875 2410
8643.5146484375 2414
8683.33984375 2482
8699.251953125 2560
8722.900390625 2781
8723.0888671875 2820
8746.5107421875 997
8763.796875 1781
8763.796875 81
8888.9931640625 229
8948.80078125 440
8999.5322265625 548
9030.2109375 611
9036.3232421875 826
9041.853515625 834
9097.7958984375 848
9099.62109375 871
9103.2421875 893
9113.07421875 1231
9115.3369140625 1256
9121.939453125 1315
9134.451171875 1458
9145.4365234375 1550
9145.537109375 1671
9169.2763671875 1711
9188.4150390625 1815
9194.7109375 1893
9201.3212890625 2312
9207.45703125 2324
9222.9658203125 2385
9226.1904296875 2447
9251.3828125 2562
9259.443359375 2610
9275.4716796875 2622
9284.748046875 2853
9307.763671875 2924
9320.53125 2927
9343.3935546875 2239
9360.125 1362
9380.8603515625 1926
9411.673828125 2997
9445.1025390625 254
9454.98046875 388
9477.1787109375 465
9487.73046875 498
9499.06640625 520
9505.115234375 962
9515.3662109375 981
9515.3662109375 1156
9526.142578125 1652
9543.474609375 2205
9546.8359375 2339
9547.7978515625 2417
9589.486328125 2494
9597.013671875 2687
9605.25 1122
9611.091796875 1670
9615.9755859375 264
9636.29296875 2173
9643.859375 1646
9668.982421875 2396
9698.65234375 49
9726.794921875 189
9749.083984375 261
9773.84765625 263
9776.66796875 430
9794.7998046875 831
9801.662109375 899
9814.181640625 1123
9829.4716796875 1169
9846.763671875 1350
9847.6171875 1405
9854.5810546875 1512
9858.3291015625 1750
9863.869140625 1769
9871.294921875 1908
9880.3916015625 1966
9890.6572265625 1982
9897.7001953125 1993
9903.169921875 2094
9907.2919921875 2126
9914.619140625 2141
9925.07421875 2171
9926.5185546875 2174
9932.7421875 2177
9942.234375 2237
9943.4599609375 2367
9946.7421875 2536
9962.095703125 2542
9973.13671875 2582
9975.3740234375 2675
9979.419921875 2703
9984.29296875 1873
9985.4296875 2107
10001.810546875 1281
10014.623046875 455
10030.25390625 470
10050.765625 902
10052.0986328125 926
10057.99609375 967
10061.4580078125 1104
10063.548828125 1225
10063.5615234375 1286
10065.3505859375 1506
10077.771484375 1516
10111.86328125 1599
10116.4306640625 1779
10134.71875 1848
10141.75390625 1867
10154.708984375 1883
10158.677734375 2063
10168.783203125 2210
10173.658203125 2246
10174.7373046875 2285
10210.744140625 2361
10221.0537109375 2686
10221.8232421875 2700
10226.4013671875 88
10259.3876953125 586
10268.00390625 136
10282.123046875 1471
10302.61328125 226
10330.4580078125 296
10340.705078125 1197
10353.8115234375 1666
10367.6484375 2511
10368.515625 101
10368.8388671875 215
10375.037109375 549
10400.66015625 550
10401.294921875 573
10406.1845703125 1136
10431.1484375 1199
10465.59375 1530
10466.0810546875 1581
10469.767578125 1640
10476.7109375 1688
10478.09375 1968
10491.5595703125 2526
10494.7509765625 2571
10496.0556640625 2983
10516.060546875 1787
10528.888671875 602
10548.80078125 1146
10567.1298828125 253
10578.7978515625 342
10590.7060546875 843
10595.6826171875 1233
10636.8505859375 1335
10661.27734375 1394
10669.189453125 1737
10672.150390625 1784
10690.50390625 1950
10714.0439453125 2025
10724.169921875 2473
10737.3232421875 2518
10753.314453125 999
10754.505859375 1056
10754.52734375 1900
10762.1171875 1304
10764.5556640625 1326
10768.5810546875 2967
10769.1943359375 1329
10770.6884765625 50
10788.44921875 318
10789.6484375 389
10793.5703125 478
10794.775390625 491
10799.2236328125 580
10802.0556640625 599
10802.322265625 890
10803.3857421875 896
10807.2978515625 909
10819.9287109375 919
10825.3642578125 995
10827.4228515625 1273
10829.68359375 1342
10833.3427734375 1430
10852.197265625 1495
10852.6484375 1568
10862.7421875 1583
10867.79296875 1764
10872.0634765625 1774
10872.2939453125 2065
10893.31640625 2117
10899.3525390625 2181
10911.0517578125 2268
10926.0947265625 2465
10932.3037109375 2664
10949.412109375 2760
10950.396484375 2764
10966.6513671875 2938
10973.8740234375 2943
10979.33984375 1860
10983.171875 2880
10985.521484375 1333
10988.1982421875 2631
10990.115234375 146
11003.80078125 1538
11007.56640625 21
11036.119140625 34
11038.8544921875 200
11046.046875 288
11049.3857421875 336
11077.4755859375 385
11080.6806640625 517
11093.5009765625 546
11104.13671875 609
11113.7421875 614
11117.74609375 683
11128.8798828125 686
11131.537109375 769
11135.8095703125 1097
11149.3076171875 1221
11154.2001953125 1322
11183.8642578125 1359
11184.2451171875 1376
11193.0166015625 1686
11194.5087890625 1854
11196.173828125 2513
11201.986328125 2553
11204.7099609375 2650
11210.4814453125 2672
11211.7880859375 2911
11215.134765625 78
11217.296875 2713
11225.7265625 2800
11241.291015625 2651
11248.7392578125 2970
11257.1630859375 1045
11285.75390625 1068
11291.54296875 2078
11295.2216796875 884
11310.666015625 886
11314.03125 1028
11316.759765625 1845
11318.185546875 1932
11322.8515625 2489
11325.474609375 90
11331.470703125 153
11333.171875 240
11348.5986328125 256
11351.3154296875 531
11353.16015625 644
11359.02734375 706
11359.5107421875 775
11373.880859375 1163
11387.740234375 1483
11388.7470703125 2114
11395.3525390625 2379
11419.9560546875 2424
11430.865234375 2433
11443.046875 2435
11444.333984375 2442
11456.494140625 2683
11464.7587890625 2811
11465.9765625 2176
11481.56640625 169
11491.2666015625 2207
11492.5673828125 1144
11497.02734375 2180
11501.2333984375 73
11560.9052734375 663
11576.095703125 677
11588.3095703125 756
11615.859375 925
11619.603515625 927
11631.92578125 946
11653.736328125 996
11664.119140625 1141
11670.7705078125 1202
11681.6640625 1251
11687.4208984375 1457
11688.177734375 1502
11691.111328125 1591
11699.07421875 1733
11714.896484375 1735
11715.3212890625 1919
11723.26171875 1933
11747.716796875 1955
11755.9755859375 2002
11757.1806640625 2335
11773.875 2341
11785.970703125 2565
11798.921875 2695
11830.90625 2763
11834.228515625 2840
11847.5791015625 2422
11856.236328125 1020
11861.5947265625 640
11864.48046875 59
11892.3740234375 177
11892.431640625 191
11905.298828125 575
11910.0009765625 687
11927.8896484375 934
11950.4248046875 1119
11955.009765625 1529
11967.259765625 1697
11980.318359375 1810
11983.5 1831
12028.6474609375 2354
12052.57421875 2528
12057.0673828125 2679
12062.7900390625 2712
12064.5048828125 2747
12069.453125 2809
12082.2080078125 2821
12083.783203125 2842
12118.482421875 2860
12123.5830078125 2906
12135.1630859375 2994
12141.994140625 186
12179.5654296875 223
12184.8330078125 1594
12190.8125 410
12201.279296875 631
12203.6611328125 132
12222.3505859375 2576
12224.0380859375 1282
12239.0517578125 488
12286.91015625 869
12286.9228515625 2059
12295.111328125 787
12295.134765625 904
12302.55859375 137
12312.4853515625 275
12314.005859375 328
12326.3984375 333
12341.318359375 392
12360.958984375 407
12383.001953125 489
12390.1240234375 680
12399.12890625 1022
12406.6103515625 1290
12408.1865234375 1358
12413.4296875 1607
12421.412109375 1653
12428.390625 2024
12437.125 2184
12444.7939453125 2221
12479.18359375 2394
12490.009765625 2427
12490.4951171875 2517
12502.4423828125 2655
12502.9658203125 2704
12507.6357421875 2900
12507.880859375 2946
12518.8427734375 459
12519.5810546875 1408
12528.4375 1339
12533.1640625 22
12540.4990234375 45
12576.126953125 300
12586.525390625 812
12589.83984375 922
12616.326171875 947
12661.5439453125 975
12661.9541015625 1001
12670.119140625 1095
12672.615234375 1275
12681.4267578125 1664
12683.005859375 1708
12705.9189453125 1763
12711.966796875 1766
12722.255859375 1889
12725.5390625 2077
12733.47265625 2082
12737.13671875 2131
12739.751953125 2315
12776.087890625 2317
12805.6640625 2409
12815.71484375 2608
12817.587890625 2616
12821.3056640625 2649
12844.2734375 2819
12853.689453125 2862
12860.0146484375 1164
12860.052734375 2213
12885.0107421875 1050
12890.6240234375 979
12898.7421875 1562
12899.994140625 1597
12916.869140625 2334
12944.439453125 587
12948.2734375 630
12958.078125 777
12959.794921875 1012
12965.1904296875 1064
12967.056640625 1082
12973.5 1462
12984.6875 1501
13013.6640625 1654
13021.21875 1800
13024.1435546875 2656
13033.439453125 2884
13037.6572265625 1416
13041.568359375 1575
13054.822265625 2889
13076.146484375 445
13080.62890625 30
13096.95703125 2484
13109.7939453125 38
13114.07421875 40
13115.90234375 76
13121.408203125 77
13139.5322265625 108
13153.87890625 164
13188.73046875 211
13189.4287109375 225
13190.6025390625 376
13200.099609375 437
13213.7646484375 510
13226.62890625 646
13226.7099609375 671
13232.3125 738
13233.4990234375 770
13256.8017578125 1434
13267.541015625 1610
13287.2412109375 1662
13288.064453125 1709
13296.130859375 1998
13297.837890625 2166
13313.50390625 2220
13335.3818359375 2238
13361.6533203125 2255
13366.23828125 2345
13372.158203125 2510
13417.26953125 2581
13420.05078125 2607
13428.919921875 2807
13440.265625 1015
13441.4091796875 1984
13445.068359375 1258
13468.25 2555
13477.1962890625 1147
13481.3984375 865
13512.587890625 939
13514.57421875 1497
13532.796875 2630
13537.984375 2752
13540.7265625 457
13552.1767578125 309
13552.7275390625 316
13559.958984375 483
13559.958984375 484
13562.3359375 633
13564.7578125 1026
13565.19921875 1036
13590.638671875 1176
13602.126953125 1423
13607.2958984375 1485
13610.37890625 1590
13610.6962890625 1702
13610.6962890625 1759
13610.9228515625 1818
13615.6044921875 1958
13616.4794921875 1963
13621.43359375 1977
13653.224609375 2053
13669.951171875 2056
13671.0810546875 2125
13685.8564453125 2304
13696.6650390625 2356
13730.6298828125 2477
13744.60546875 2533
13744.982421875 2732
13770.34765625 2948
13779.7900390625 1601
13796.2841796875 2256
13803.705078125 2104
13829.275390625 284
13832.7197265625 182
13862.0439453125 916
13863.16796875 1667
13885.58203125 1852
13885.6923828125 727
13887.2958984375 2036
13896.564453125 2772
13906.486328125 130
13908.27734375 219
13910.314453125 394
13921.125 405
13921.70703125 634
13926.548828125 856
13932.9130859375 983
13948.744140625 1117
13954.60546875 1386
13955.908203125 1791
13970.1748046875 1991
14010.21484375 2060
14031.822265625 2215
14093.2041015625 2314
14106.95703125 2440
14113.0625 2467
14132.55859375 2618
14134.1708984375 2648
14134.1708984375 2694
14146.3017578125 1772
14157.353515625 818
14160.8115234375 2907
14164.798828125 660
14169.75 1168
14203.802734375 1145
14206.5029296875 1476
14208.2177734375 1618
14240.046875 655
14245.5439453125 1592
14288.8076171875 2120
14310.140625 2557
14321.2900390625 112
14352.109375 350
14358.611328125 356
14363.384765625 448
14366.8740234375 1500
14410.666015625 1526
14426.9892578125 1587
14449.4619140625 1881
14506.4951171875 1943
14509.171875 1962
14518.841796875 1995
14526.9443359375 2075
14535.8330078125 2118
14541.3466796875 2309
14566.771484375 2418
14581.5078125 2516
14583.7099609375 2588
14595.3330078125 2605
14597.91015625 2623
14606.4267578125 2937
14609.3544921875 1005
14616.4794921875 110
14633.8818359375 2360
14648.0732421875 121
14653.3798828125 1046
14723.369140625 298
14740.6865234375 372
14753.0341796875 492
14771.1767578125 752
14788.73046875 838
14804.1845703125 903
14805.05078125 1034
14817.6884765625 1128
14840.07421875 1187
14867.8330078125 1437
14958.5634765625 1488
14958.5634765625 1534
14962.3291015625 1657
14977.921875 1678
14989.6875 1824
15040.408203125 1826
15045.755859375 1941
15078.65625 1997
15093.2607421875 2318
15119.400390625 2327
15124.43359375 2362
15131.32421875 2404
15147.8427734375 2453
15161.33984375 2458
15184.1953125 2496
15201.931640625 2696
15222.232421875 2722
15228.421875 2796
15231.1171875 2584
15243.0185546875 2872
15249.3154296875 2589
15253.3857421875 2135
15340.2744140625 1802
15345.7958984375 1853
15356.4560546875 1892
15367.9677734375 1580
15396.025390625 25
15397.150390625 72
15420.0166015625 343
15424.34375 710
15438.8251953125 755
15452.4501953125 885
15494.869140625 1683
15527.48828125 1776
15527.6669921875 1972
15577.5546875 2047
15640.8876953125 2138
15690.72265625 2185
15767.96875 2344
15768.4970703125 2545
15828.7177734375 2573
15862.2861328125 2855
15897.23046875 2159
15899.677734375 1067
15899.751953125 371
15939.4296875 243
15939.73828125 1301
15953.3173828125 311
15954.8828125 426
15975.0478515625 648
15983.2822265625 720
16002.6376953125 792
16020.3271484375 940
16095.208984375 1006
16106.166015625 1032
16142.5283203125 1160
16148.5537109375 1189
16155.0986328125 2183
16169.216796875 2190
16172.06640625 2301
16195.9287109375 1459
16211.5966796875 1649
16214.3671875 353
16241.201171875 2706
16276.5458984375 1511
16278.6416015625 1778
16286.0810546875 329
16311.6611328125 731
16353.9443359375 1400
16355.20703125 2070
16357.728515625 1480
16367.17578125 1714
16399.5234375 249
16418.15625 94
16442.76953125 2823
16457.134765625 471
16470.291015625 473
16481.703125 747
16492.5234375 915
16529.9765625 921
16548.533203125 993
16586.673828125 1072
16639.728515625 1415
16642.56640625 1541
16656.369140625 1746
16666.30078125 1949
16698.1328125 2079
16737.150390625 2219
16756.86328125 2258
16762.42578125 2413
16778.412109375 2628
16794.388671875 2828
16805.869140625 2903
16895.865234375 2996
16950.3359375 204
16966.9609375 1247
17001.490234375 1410
17049.486328125 1888
17056.912109375 1214
17059.765625 1658
17060.25390625 2587
17120.390625 380
17135.677734375 688
17258.55078125 1761
17306.169921875 66
17314.86328125 127
17317.583984375 179
17409.203125 855
17412.880859375 1198
17501.220703125 1250
17517.736328125 1507
17551.841796875 1558
17576.798828125 2007
17595.1328125 2092
17636.13671875 2231
17637.5546875 2384
17650.103515625 2457
17661.15625 2544
17667.279296875 2717
17694.08984375 2774
17778.869140625 2794
17781.939453125 2909
17819.1171875 972
17823.224609375 1138
17859.107421875 1442
17865.244140625 1137
17879.3203125 102
17884.42578125 667
17962.708984375 1935
17988.853515625 2352
18042.173828125 2887
18054.654296875 427
18073.46875 1533
18124.646484375 170
18134.041015625 262
18163.2578125 306
18242.111328125 596
18383.615234375 805
18404.5 849
18407.296875 850
18418.384765625 965
18422.517578125 976
18560.46875 1058
18621.123046875 1403
18630.56640625 1645
18660.232421875 1999
18663.66796875 2292
18731.40234375 2392
18744.69921875 2403
18812.8828125 2497
18814.7109375 2524
18830.1953125 2601
18904.58203125 2652
18908.4765625 2657
18921.34375 2761
18941.525390625 2839
18943.564453125 2939
18984.98828125 2984
18988.970703125 1027
18989.029296875 622
19001.841796875 417
19251.841796875 450
19289.93359375 690
19311.181640625 969
19398.751953125 982
19470.0234375 1040
19519.419921875 1078
19545.97265625 1083
19624.46875 1382
19634.125 1391
19664.078125 1486
19689.671875 1503
19741.712890625 1547
19781.55078125 1561
19829.91796875 1965
19884.15234375 2026
19889.732421875 2066
19894.255859375 2182
20035.865234375 2245
20037.740234375 2460
20072.880859375 2466
20107.142578125 2540
20154.900390625 2593
20330.52734375 2632
20379.685546875 2753
20426.99609375 2759
20437.77734375 2793
20439.037109375 2925
20451.09375 2152
20461.146484375 762
20462.18359375 2757
20466.630859375 37
20510.876953125 1624
20581.80078125 1271
20590.65234375 2370
20605.16015625 2895
20649.845703125 2411
20657.615234375 67
20680.0703125 150
20688.51953125 171
20700.818359375 195
20704.560546875 363
20740.294921875 522
20744.69921875 657
20757.3984375 701
20798.138671875 760
20864.556640625 811
20930.701171875 874
20948.3046875 875
21017.2109375 1002
21176.119140625 1007
21199.41015625 1023
21215.353515625 1356
21222.779296875 1378
21244.095703125 1489
21263.388671875 1629
21394.673828125 2721
21484.775390625 2032
21499.05859375 2259
21510.42578125 771
21671.59765625 1543
21756.408203125 2241
21774.98046875 1964
21891.126953125 1625
21911.138671875 2693
21954.064453125 222
21968.896484375 258
21982.439453125 281
22027.7890625 506
22036.318359375 582
22086.65625 724
22089.380859375 879
22108.2421875 1003
22165.666015625 1171
22167.462890625 1182
22267.5546875 1588
22359.734375 1685
22384.9609375 1758
22426.021484375 2300
22426.021484375 2310
22457.291015625 2705
22488.28515625 2845
22491.611328125 2916
22596.3671875 1811
22824.73046875 2701
22899.451171875 421
22900.78125 1440
22916.69140625 2337
22954.876953125 2531
23053.828125 18
23162.76953125 29
23279.041015625 31
23297.1328125 104
23306.744140625 274
23359.744140625 321
23435.10546875 370
23447.318359375 375
23480.314453125 562
23723.8125 914
23903.78515625 944
23926.48046875 1672
23929.7421875 1684
23934.166015625 1825
24142.943359375 1846
24317.029296875 1960
24389.7109375 1976
24403.44921875 2006
24420.689453125 2319
24908.521484375 2405
24974.1015625 2550
24981.15625 2606
24989.853515625 2768
25037.76953125 1081
25360.2578125 1780
25365.966796875 16
25365.966796875 28
25372.38671875 125
25411.078125 212
25520.462890625 265
25563.08203125 295
25634.837890625 360
25746.68359375 364
25749.94921875 937
25880.0625 1077
25895.25 1101
25981.595703125 1241
26225.609375 1243
26509.640625 1307
26516.10546875 1343
26607.28515625 1404
27068.298828125 1418
27430.318359375 1585
27471.107421875 1719
27482.57421875 1822
27511.78515625 2009
27692.365234375 2164
27980.85546875 2214
29478.017578125 2250
30379.625 2263
31905.193359375 2342
32516.4296875 2359
34518.390625 2547
