5480.80322265625 2511
5505.2626953125 101
5965.8251953125 215
5999.3671875 549
6636.58154296875 550
6641.16357421875 573
6803.4404296875 1136
6939.65966796875 1199
6968.8740234375 1530
7027.97509765625 1581
7051.37744140625 1640
7061.04052734375 1688
7108.34228515625 1968
7108.34228515625 2526
7134.83837890625 2571
7153.0087890625 2983
7154.70947265625 1787
7165.33837890625 602
7226.728515625 1146
7252.33251953125 253
7295.77392578125 342
7308.55908203125 843
7359.001953125 1233
7359.9208984375 1335
7382.2724609375 1394
7383.1767578125 1737
7416.34326171875 1784
7427.962890625 1950
7427.962890625 2025
7480.4072265625 2473
7497.92529296875 2518
7504.7060546875 999
7520.28466796875 1056
7591.19140625 1900
7684.419921875 1304
7693.14599609375 1326
7778.9599609375 2967
7919.0205078125 1446
7963.69873046875 87
8031.97998046875 251
8042.013671875 527
8076.4228515625 529
8081.46142578125 625
8111.6943359375 641
8116.322265625 693
8124.27294921875 873
8133.4267578125 881
8168.84765625 928
8170.380859375 1133
8178.43017578125 1283
8207.6962890625 1318
8264.3388671875 1346
8333.34375 1417
8368.9560546875 1720
8385.2587890625 1987
8388.5166015625 2226
8410.7509765625 2296
8428.205078125 2515
8432.408203125 2572
8442.3134765625 2669
8450.87109375 2728
8489.93359375 2734
8497.388671875 2746
8517.3515625 2852
8530.251953125 2866
8618.560546875 2915
8679.2958984375 2949
8698.12890625 377
8722.193359375 2281
8724.921875 160
8766.369140625 1
8777.388671875 425
8788.068359375 446
8794.1474609375 800
8813.94921875 918
8832.888671875 953
8837.416015625 985
8844.509765625 986
8845.4296875 1008
8872.9189453125 1043
8879.673828125 1270
8908.54296875 1317
8908.54296875 1435
8917.482421875 1548
8924.423828125 1606
8932.84375 1661
8961.2998046875 1712
8984.50390625 2010
9004.306640625 2088
9017.029296875 2365
9028.060546875 2410
9048.6396484375 2414
9057.6904296875 2482
9067.791015625 2560
9071.3759765625 2781
9098.037109375 2820
9124.56640625 997
9125.671875 1781
9140.4140625 81
9181.83203125 229
9188.5048828125 440
9207.7080078125 548
9214.494140625 611
9251.509765625 826
9251.9716796875 834
9260.806640625 848
9287.876953125 871
9290.490234375 893
9302.162109375 1231
9303.98828125 1256
9317.4443359375 1315
9336.96875 1458
9340.99609375 1550
9349.3291015625 1671
9351.6943359375 1711
9366.7880859375 1815
9369.1728515625 1893
9378.748046875 2312
9385.57421875 2324
9401.1376953125 2385
9406.6357421875 2447
9434.2978515625 2562
9456.6474609375 2610
9525.7138671875 2622
9530.4052734375 2853
9534.4150390625 2924
9560.5107421875 2927
9575.638671875 2239
9600.7255859375 1362
9606.6494140625 1926
9625.6845703125 2997
9627.990234375 254
9637.40234375 388
9641.5751953125 465
9661.591796875 498
9662.275390625 520
9666.376953125 962
9676.0361328125 981
9728.521484375 1156
9735.3486328125 1652
9752.767578125 2205
9772.072265625 2339
9777.5244140625 2417
9783.373046875 2494
9814.052734375 2687
9838.556640625 1122
9862.1923828125 1670
9873.771484375 264
9890.7626953125 2173
9897.1201171875 1646
9922.0546875 2396
9946.18359375 49
9948.888671875 189
9951.8603515625 261
9968.619140625 263
9976.0849609375 430
9981.3515625 831
9989.79296875 899
10000.09765625 1123
10011.9638671875 1169
10050.9384765625 1350
10077.220703125 1405
10085.943359375 1512
10087.4033203125 1750
10090.53125 1769
10093.48046875 1908
10106.501953125 1966
10165.806640625 1982
10167.9287109375 1993
10172.845703125 2094
10198.853515625 2126
10207.609375 2141
10222.349609375 2171
10226.2734375 2174
10240.9287109375 2177
10242.705078125 2237
10245.0166015625 2367
10275.248046875 2536
10289.486328125 2542
10294.32421875 2582
10309.6123046875 2675
10334.45703125 2703
10346.0302734375 1873
10349.322265625 2107
10399.228515625 1281
10399.84765625 455
10434.818359375 470
10446.025390625 902
10446.12109375 926
10460.28125 967
10491.2568359375 1104
10516.7412109375 1225
10518.7021484375 1286
10547.830078125 1506
10557.2880859375 1516
10601.3974609375 1599
10603.7255859375 1779
10611.064453125 1848
10646.666015625 1867
10647.1806640625 1883
10656.322265625 2063
10676.478515625 2210
10679.9375 2246
10732.6318359375 2285
10743.96484375 2361
10748.6748046875 2686
10753.880859375 2700
10753.919921875 88
10778.4521484375 586
10797.6640625 136
10798.435546875 1471
10817.0068359375 226
10846.6005859375 296
10851.541015625 1197
10866.486328125 1666
10918.7646484375 1329
10919.3837890625 50
10919.5556640625 318
10930.236328125 389
10935.359375 478
10957.009765625 491
10958.8046875 580
10961.251953125 599
10966.890625 890
10970.517578125 896
10973.673828125 909
10975.4306640625 919
10984.9267578125 995
11004.306640625 1273
11011.81640625 1342
11041.6357421875 1430
11044.2998046875 1495
11066.509765625 1568
11073.396484375 1583
11101.333984375 1764
11105.5 1774
11106.8330078125 2065
11131.98046875 2117
11136.03125 2181
11143.015625 2268
11151.126953125 2465
11151.70703125 2664
11178.5859375 2760
11179.162109375 2764
11196.7275390625 2938
11218.52734375 2943
11221.13671875 1860
11257.626953125 2880
11265.4599609375 1333
11268.849609375 2631
11269.751953125 146
11300.443359375 1538
11301.0302734375 21
11306.580078125 34
11348.7890625 200
11351.201171875 288
11356.8642578125 336
11362.7880859375 385
11368.978515625 517
11377.5341796875 546
11378.2685546875 609
11390.162109375 614
11390.265625 683
11408.369140625 686
11410.3134765625 769
11429.08203125 1097
11431.486328125 1221
11437.77734375 1322
11453.3271484375 1359
11453.390625 1376
11474.0400390625 1686
11488.2685546875 1854
11513.3837890625 2513
11514.1845703125 2553
11517.763671875 2650
11528.5087890625 2672
11529.0458984375 2911
11531.8740234375 78
11545.126953125 2713
11547.6416015625 2800
11588.0283203125 2651
11595.404296875 2970
11596.2099609375 1045
11619.3681640625 1068
11622.40625 2078
11629.1904296875 884
11632.3193359375 886
11644.890625 1028
11665.1943359375 1845
11679.662109375 1932
11691.9169921875 2489
11694.2509765625 90
11702.927734375 153
11722.1416015625 240
11723.4326171875 256
11725.69921875 531
11728.6025390625 644
11733.3916015625 706
11737.796875 775
11740.1640625 1163
11742.7060546875 1483
11745.765625 2114
11746.55859375 2379
11748.7099609375 2424
11755.5791015625 2433
11770.216796875 2435
11775.6337890625 2442
11784.400390625 2683
11784.8935546875 2811
11787.404296875 2176
11789.416015625 169
11800.7412109375 2207
11801.5029296875 1144
11805.166015625 2180
11830.154296875 73
11848.826171875 663
11851.1982421875 677
11854.0859375 756
11858.208984375 925
11859.12109375 927
11866.6875 946
11868.18359375 996
11878.8955078125 1141
11884.177734375 1202
11885.662109375 1251
11896.017578125 1457
11904.40234375 1502
11907.720703125 1591
11912.3251953125 1733
11916.634765625 1735
11917.876953125 1919
11923.380859375 1933
11925.4228515625 1955
11943.626953125 2002
11950.51171875 2335
11955.84765625 2341
11957.2509765625 2565
11959.6240234375 2695
11960.306640625 2763
11967.1904296875 2840
11991.611328125 2422
12014.2861328125 1020
12023.9482421875 640
12035.9873046875 59
12036.43359375 177
12037.392578125 191
12040.494140625 575
12041.1796875 687
12046.650390625 934
12048.8896484375 1119
12084.83203125 1529
12100.4599609375 1697
12107.068359375 1810
12108.640625 1831
12122.1533203125 2354
12131.1328125 2528
12133.2724609375 2679
12144.111328125 2712
12147.705078125 2747
12151.669921875 2809
12170.2802734375 2821
12174.25 2842
12175.3623046875 2860
12186.375 2906
12226.66796875 2994
12232.4912109375 186
12244.34765625 223
12244.34765625 1594
12244.9638671875 410
12260.515625 631
12262.0078125 132
12270.255859375 2576
12281.0732421875 1282
12291.3935546875 488
12292.201171875 869
12294.1962890625 2059
12314.2919921875 787
12317.626953125 904
12320.9873046875 137
12360.6376953125 275
12391.087890625 328
12395.8017578125 333
12405.390625 392
12411.6591796875 407
12415.2431640625 489
12416.876953125 680
12423.7666015625 1022
12436.443359375 1290
12436.5712890625 1358
12444.572265625 1607
12445.923828125 1653
12451.7900390625 2024
12454.2607421875 2184
12459.166015625 2221
12461.0927734375 2394
12491.2734375 2427
12503.865234375 2517
12533.498046875 2655
12538.673828125 2704
12541.1083984375 2900
12541.1435546875 2946
12547.2763671875 459
12552.140625 1408
12567.5634765625 1339
12575.3046875 22
12607.224609375 45
12620.4677734375 300
12630.205078125 812
12636.7333984375 922
12642.6201171875 947
12654.234375 975
12661.7265625 1001
12672.6259765625 1095
12683.251953125 1275
12685.3955078125 1664
12711.884765625 1708
12718.33984375 1763
12725.69140625 1766
12725.71875 1889
12734.607421875 2077
12745.4677734375 2082
12747.7578125 2131
12756.0341796875 2315
12759.353515625 2317
12768.322265625 2409
12771.931640625 2608
12773.173828125 2616
12775.265625 2649
12787.2958984375 2819
12787.904296875 2862
12794.2119140625 1164
12803.3369140625 2213
12817.23828125 1050
12817.802734375 979
12821.7666015625 1562
12838.5986328125 1597
12842.2490234375 2334
12860.564453125 587
12862.365234375 630
12880.208984375 777
12896.482421875 1012
12898.47265625 1064
12900.8740234375 1082
12910.205078125 1462
12913.4462890625 1501
12938.6923828125 1654
12940.2158203125 1800
12952.4638671875 2656
12959.9951171875 2884
12969.0556640625 1416
12971.8359375 1575
12984.0927734375 2889
12985.1513671875 445
13004.51171875 30
13024.150390625 2484
13038.48046875 38
13065.4248046875 40
13097.9931640625 76
13101.7666015625 77
13132.0390625 108
13132.822265625 164
13133.5419921875 211
13142.7314453125 225
13143.775390625 376
13146.25390625 437
13150.189453125 510
13159.0625 646
13160.7734375 671
13165.873046875 738
13171.455078125 770
13171.9912109375 1434
13178.705078125 1610
13181.671875 1662
13182.4736328125 1709
13199.6474609375 1998
13201.0048828125 2166
13211.177734375 2220
13213.4326171875 2238
13222.1015625 2255
13267.9794921875 2345
13278.875 2510
13306.861328125 2581
13327.68359375 2607
13343.3095703125 2807
13350.92578125 1015
13370.2158203125 1984
13383.8662109375 1258
13385.142578125 2555
13408.9833984375 1147
13411.611328125 865
13430.7607421875 939
13433.830078125 1497
13434.71484375 2630
13435.98828125 2752
13438.3203125 457
13448.396484375 309
13475.8212890625 316
13490.1875 483
13497.2890625 484
13498.958984375 633
13499.416015625 1026
13516.96875 1036
13524.7314453125 1176
13527.9228515625 1423
13556.26953125 1485
13558.5966796875 1590
13570.1396484375 1702
13573.740234375 1759
13602.59765625 1818
13614.69921875 1958
13618.1865234375 1963
13629.8291015625 1977
13647.2705078125 2053
13655.1669921875 2056
13662.546875 2125
13674.1357421875 2304
13676.1162109375 2356
13681.3037109375 2477
13683.458984375 2533
13699.689453125 2732
13711.5205078125 2948
13722.0634765625 1601
13722.69921875 2256
13730.9658203125 2104
13734.7265625 284
13736.853515625 182
13753.67578125 916
13761.154296875 1667
13761.748046875 1852
13765.9072265625 727
13768.83984375 2036
13775.978515625 2772
13785.2509765625 130
13793.4775390625 219
13796.26171875 394
13796.609375 405
13808.7333984375 634
13838.498046875 856
13847.9267578125 983
13848.8662109375 1117
13854.87890625 1386
13874.1201171875 1791
13895.30078125 1991
13942.783203125 2060
13947.275390625 2215
13952.24609375 2314
13953.83984375 2440
13962.779296875 2467
13986.037109375 2618
14001.2060546875 2648
14021.595703125 2694
14028.6298828125 1772
14029.1787109375 818
14037.513671875 2907
14043.421875 660
14053.2890625 1168
14065.943359375 1145
14068.736328125 1476
14087.873046875 1618
14091.017578125 655
14097.9736328125 1592
14108.0166015625 2120
14112.4013671875 2557
14116.353515625 112
14131.255859375 350
14157.9609375 356
14158.806640625 448
14190.0166015625 1500
14190.1513671875 1526
14193.2333984375 1587
14195.740234375 1881
14196.162109375 1943
14224.501953125 1962
14235.3515625 1995
14252.3720703125 2075
14255.947265625 2118
14263.2041015625 2309
14263.341796875 2418
14276.0361328125 2516
14287.1142578125 2588
14319.111328125 2605
14320.20703125 2623
14351.3408203125 2937
14358.7578125 1005
14359.9736328125 110
14366.8857421875 2360
14367.3056640625 121
14426.3037109375 1046
14438.701171875 298
14445.2236328125 372
14452.154296875 492
14469.7958984375 752
14482.0458984375 838
14483.689453125 903
14492.6474609375 1034
14536.162109375 1128
14538.1513671875 1187
14548.4970703125 1437
14551.8330078125 1488
14558.6064453125 1534
14614.435546875 1657
14667.482421875 1678
14667.73046875 1824
14706.203125 1826
14711.6484375 1941
14730.3974609375 1997
14745.080078125 2318
14753.4052734375 2327
14778.46875 2362
14778.533203125 2404
14790.5224609375 2453
14840.4638671875 2458
14841.36328125 2496
14851.2021484375 2696
14883.509765625 2722
14885.5947265625 2796
14897.201171875 2584
14901.2333984375 2872
14938.501953125 2589
14956.8486328125 2135
14973.8251953125 1802
15011.5888671875 1853
15076.515625 1892
15097.642578125 1580
15097.6953125 25
15098.2587890625 72
15104.408203125 343
15118.4326171875 710
15126.8203125 755
15135.9013671875 885
15148.44921875 1683
15151.775390625 1776
15162.376953125 1972
15198.7001953125 2047
15210.6181640625 2138
15236.6455078125 2185
15251.5703125 2344
15257.859375 2545
15264.7919921875 2573
15276.3876953125 2855
15308.5283203125 2159
15308.705078125 1067
15345.1015625 371
15355.10546875 243
15369.1796875 1301
15375.38671875 311
15394.3818359375 426
15403.84375 648
15429.525390625 720
15432.005859375 792
15456.6826171875 940
15473.7529296875 1006
15506.51171875 1032
15509.029296875 1160
15511.033203125 1189
15541.12890625 2183
15585.294921875 2190
15622.560546875 2301
15634.4326171875 1459
15641.8330078125 1649
15651.0888671875 353
15652.4736328125 2706
15679.42578125 1511
15679.5419921875 1778
15703.6787109375 329
15707.005859375 731
15707.3388671875 1400
15749.5712890625 2070
15751.3974609375 1480
15776.5458984375 1714
15787.953125 249
15804.08984375 94
15820.833984375 2823
15838.958984375 471
15911.001953125 473
15911.2216796875 747
15916.5283203125 915
15931.767578125 921
15985.556640625 993
15987.7333984375 1072
15992.0478515625 1415
15992.314453125 1541
16000.087890625 1746
16031.5068359375 1949
16050.712890625 2079
16057.95703125 2219
16070.2861328125 2258
16077.5068359375 2413
16169.0078125 2628
16207.69140625 2828
16213.3671875 2903
16229.296875 2996
16270.853515625 204
16283.421875 1247
16293.544921875 1410
16372.58984375 1888
16387.03515625 1214
16398.33984375 1658
16417.66015625 2587
16438.251953125 380
16451.404296875 688
16514.54296875 1761
16515.06640625 66
16531.55859375 127
16536.791015625 179
16651.4375 855
16669.361328125 1198
16693.701171875 1250
16694.94140625 1507
16697.244140625 1558
16710.7890625 2007
16768.46484375 2092
16807.185546875 2231
16818.234375 2384
16818.26953125 2457
16839.5859375 2544
16847.1171875 2717
16866.904296875 2774
16979.31640625 2794
16986.740234375 2909
17001.890625 972
17036.265625 1138
17052.6484375 1442
17058.96484375 1137
17067.478515625 102
17073.87890625 667
17127.087890625 1935
17130.78515625 2352
17201.45703125 2887
17203.94921875 427
17220.798828125 1533
17259.275390625 170
17264.7890625 262
17321.1171875 306
17331.20703125 596
17346.115234375 805
17347.232421875 849
17352.7890625 850
17378.921875 965
17391.55078125 976
17399.177734375 1058
17475.857421875 1403
17517.568359375 1645
17565.169921875 1999
17576.94140625 2292
17579.228515625 2392
17600.892578125 2403
17639.919921875 2497
17643.30078125 2524
17646.537109375 2601
17783.765625 2652
17795.54296875 2657
17820.107421875 2761
17825.52734375 2839
17940.3828125 2939
17952.654296875 2984
17984.8984375 1027
18019.38671875 622
18060.890625 417
18065.84375 450
18128.419921875 690
18134.2265625 969
18190.45703125 982
18207.71484375 1040
18244.580078125 1078
18291.4921875 1083
18336.34375 1382
18361.189453125 1391
18376.28515625 1486
18423.15625 1503
18434.044921875 1547
18443.443359375 1561
18487.291015625 1965
18507.203125 2026
18520.052734375 2066
18532.380859375 2182
18554.484375 2245
18602.375 2460
18603.28515625 2466
18705.029296875 2540
18742.2734375 2593
18770.150390625 2632
18771.05078125 2753
18828.185546875 2759
18873.626953125 2793
18879.1171875 2925
18902.3046875 2152
18969.18359375 762
18973.943359375 2757
18995.6484375 37
19013.4921875 1624
19050.1875 1271
19057.091796875 2370
19231.0390625 2895
19241.935546875 2411
19248.294921875 67
19265.544921875 150
19411.70703125 171
19417.55078125 195
19434.525390625 363
19456.931640625 522
19507.3125 657
19571.74609375 701
19573.4140625 760
19577.16796875 811
19598.40625 874
19611.541015625 875
19617.23828125 1002
19657.732421875 1007
19672.119140625 1023
19705.521484375 1356
19713.181640625 1378
19783.982421875 1489
19808.75 1629
19902.076171875 2721
19912.599609375 2032
19917.67578125 2259
19967.236328125 771
19977.810546875 1543
20124.357421875 2241
20138.814453125 1964
20169.880859375 1625
20282.755859375 2693
20282.82421875 222
20355.412109375 258
20496.791015625 281
20567.52734375 506
20600.25390625 582
20645.576171875 724
20697.7890625 879
20786.47265625 1003
20835.92578125 1171
20860.33984375 1182
20869.00390625 1588
20877.67578125 1685
20892.322265625 1758
20924.40234375 2300
20928.619140625 2310
20945.765625 2705
21091.30078125 2845
21203.650390625 2916
21218.98828125 1811
21227.3046875 2701
21234.919921875 421
21262.701171875 1440
21418.6015625 2337
21514.712890625 2531
21516.876953125 18
21563.25 29
21613.232421875 31
21643.779296875 104
21688.4921875 274
21715.63671875 321
21825.95703125 370
21825.95703125 375
21882.7421875 562
21893.228515625 914
21895.37890625 944
22054.4140625 1672
22057.904296875 1684
22094.724609375 1825
22118.177734375 1846
22166.0234375 1960
22249.712890625 1976
22355.70703125 2006
22355.70703125 2319
22486.05859375 2405
22500.28515625 2550
22503.080078125 2606
22899.056640625 2768
22932.93359375 1081
23006.2109375 1780
23079.7421875 16
23191.546875 28
23227.306640625 125
23369.830078125 212
23393.07421875 265
23669.560546875 295
23735.810546875 360
23951.66796875 364
24086.201171875 937
24102.5859375 1077
24136.359375 1101
24216.314453125 1241
24292.109375 1243
24328.94140625 1307
24508.3515625 1343
24520.94140625 1404
25293.279296875 1418
25432.31640625 1585
25775.0078125 1719
26844.1171875 1822
26874.404296875 2009
28482.0859375 2164
28494.3984375 2214
29476.51171875 2250
29627.15625 2263
29862.01171875 2342
30713.595703125 2359
32453.97265625 2547
