1765.9327392578125 2078
1927.836181640625 884
1928.66552734375 886
2035.5888671875 1028
2206.8935546875 1845
2206.91845703125 1932
2578.47412109375 2489
2719.37548828125 90
2740.4912109375 153
2824.94775390625 240
2912.377685546875 256
2956.3525390625 531
3094.109375 644
3128.049072265625 706
3148.7578125 775
3270.416748046875 1163
3303.86474609375 1483
3411.18603515625 2114
3424.517333984375 2379
3425.1728515625 2424
3430.1455078125 2433
3584.873779296875 2435
3592.715576171875 2442
3744.7451171875 2683
3756.38623046875 2811
3764.39013671875 2176
3777.03466796875 169
3855.0927734375 2207
3855.0927734375 1446
3864.730224609375 87
3891.07421875 251
4010.42626953125 527
4071.7548828125 529
4078.0361328125 625
4107.08203125 641
4354.05859375 693
4447.9326171875 873
4454.2529296875 881
4561.7314453125 928
4562.4677734375 1133
4642.49755859375 1283
4802.8291015625 1318
4996.44970703125 1346
5138.673828125 1417
5218.74609375 1720
5237.58837890625 1987
5443.2958984375 2226
5448.9072265625 2296
5698.365234375 2515
5699.6787109375 2572
6053.25341796875 2669
6451.43310546875 2728
6454.5712890625 2734
6550.20703125 2746
6564.556640625 2852
6572.48583984375 2866
6686.0390625 2915
6944.4140625 2949
7144.87646484375 377
7165.77734375 2281
7174.08642578125 160
7336.078125 1
7403.990234375 425
7434.4912109375 446
7454.08544921875 800
7461.8759765625 918
7917.44384765625 953
7943.5849609375 985
7951.388671875 986
8251.4560546875 1008
8425.171875 1043
8495.0263671875 1270
8514.248046875 1317
8678.9609375 1435
8892.974609375 1548
8975.6201171875 1606
8997.609375 1661
9110.984375 1712
9115.5009765625 2010
9177.283203125 2088
9214.3291015625 2365
9222.84765625 2410
9228.8701171875 2414
9275.6669921875 2482
9316.724609375 2560
9328.373046875 2781
9337.7861328125 2820
9434.052734375 997
9437.0888671875 1781
9466.2724609375 81
9475.39453125 229
9484.05859375 440
9567.3076171875 548
9574.9189453125 611
9575.2314453125 826
9635.17578125 834
9693.751953125 848
9796.9892578125 871
9884.029296875 893
9886.962890625 1231
9900.396484375 1256
9934.333984375 1315
9936.830078125 1458
9968.271484375 1550
10005.150390625 1671
10096.234375 1711
10133.765625 1815
10265.509765625 1893
10320.830078125 2312
10354.95703125 2324
10359.2802734375 2385
10366.5859375 2447
10408.810546875 2562
10457.869140625 2610
10479.396484375 2622
10487.9296875 2853
10499.275390625 2924
10505.2060546875 2927
10509.7734375 2239
10570.4814453125 1362
10741.7744140625 1926
10852.48046875 2997
10868.9365234375 254
10977.4501953125 388
11001.1796875 465
11012.5908203125 498
11013.3017578125 520
11050.2509765625 962
11056.3828125 981
11091.349609375 1156
11141.28515625 1652
11203.27734375 2205
11216.1689453125 2339
11311.7685546875 2417
11346.197265625 2494
11356.390625 2687
11361.759765625 1122
11386.349609375 1670
11407.1728515625 264
11446.189453125 2173
11457.978515625 1646
11576.2041015625 2396
11637.7353515625 49
11654.4609375 189
11654.728515625 261
11682.751953125 263
11686.65625 430
11724.7041015625 831
11735.4443359375 899
11818.099609375 1123
11851.76171875 1169
11965.884765625 1350
11970.3154296875 1405
11994.3173828125 1512
11999.8583984375 1750
12008.9208984375 1769
12020.5234375 1908
12055.2734375 1966
12088.951171875 1982
12121.40234375 1993
12135.9921875 2094
12141.484375 2126
12186.658203125 2141
12214.6728515625 2171
12318.4033203125 2174
12365.94921875 2177
12389.13671875 2237
12409.1796875 2367
12438.947265625 2536
12477.9912109375 2542
12481.548828125 2582
12499.54296875 2675
12522.1796875 2703
12548.998046875 1873
12552.9169921875 2107
12561.3759765625 1281
12569.625 455
12583.333984375 470
12613.7099609375 902
12619.271484375 926
12645.2109375 967
12663.6171875 1104
12694.447265625 1225
12730.16015625 1286
12755.775390625 1506
12756.0556640625 1516
12857.3994140625 1599
12874.5556640625 1779
12882.0283203125 1848
12917.458984375 1867
12927.75390625 1883
12942.158203125 2063
13003.771484375 2210
13010.24609375 2246
13044.435546875 2285
13047.67578125 2361
13065.44921875 2686
13097.9697265625 2700
13109.37890625 88
13128.2451171875 586
13196.4033203125 136
13227.1884765625 1471
13327.7275390625 226
13381.708984375 296
13386.8984375 1197
13423.8212890625 1666
13442.2421875 2511
13447.25390625 101
13470.52734375 215
13474.287109375 549
13492.939453125 550
13498.4921875 573
13522.03515625 1136
13554.390625 1199
13554.46484375 1530
13584.576171875 1581
13586.6640625 1640
13593.3935546875 1688
13657.65625 1968
13668.625 2526
13681.123046875 2571
13685.2080078125 2983
13704.201171875 1787
13718.8193359375 602
13730.1767578125 1146
13742.3837890625 253
13745.9296875 342
13749.3740234375 843
13753.86328125 1233
13776.3740234375 1335
13793.4140625 1394
13860.26171875 1737
13901.171875 1784
13910.263671875 1950
13911.326171875 2025
13915.888671875 2473
13946.244140625 2518
13994.8515625 999
14017.3154296875 1056
14033.47265625 1900
14042.4365234375 1304
14085.357421875 1326
14102.0673828125 2967
14104.73828125 1329
14104.8603515625 50
14125.9111328125 318
14154.1064453125 389
14154.5068359375 478
14174.314453125 491
14175.3251953125 580
14181.1181640625 599
14187.0458984375 890
14199.7958984375 896
14218.8564453125 909
14229.7958984375 919
14236.201171875 995
14248.6787109375 1273
14251.3818359375 1342
14277.908203125 1430
14288.6103515625 1495
14296.59375 1568
14311.6708984375 1583
14311.916015625 1764
14322.3857421875 1774
14343.3916015625 2065
14356.7236328125 2117
14372.431640625 2181
14389.7080078125 2268
14410.451171875 2465
14410.9091796875 2664
14416.1328125 2760
14434.7509765625 2764
14440.1328125 2938
14449.611328125 2943
14450.6015625 1860
14459.40625 2880
14461.123046875 1333
14462.0009765625 2631
14468.5537109375 146
14509.8095703125 1538
14562.1025390625 21
14578.5224609375 34
14586.2978515625 200
14590.85546875 288
14607.982421875 336
14613.103515625 385
14698.7890625 517
14701.5390625 546
14708.451171875 609
14738.900390625 614
14740.337890625 683
14747.4150390625 686
14748.404296875 769
14775.36328125 1097
14775.5498046875 1221
14778.0 1322
14800.5068359375 1359
14808.060546875 1376
14819.615234375 1686
14848.314453125 1854
14857.2060546875 2513
14866.73046875 2553
14873.7412109375 2650
14900.759765625 2672
14911.625 2911
14940.8603515625 78
14952.3896484375 2713
14971.7734375 2800
14981.1953125 2651
15031.2255859375 2970
15048.296875 1045
15075.2490234375 1068
15090.0849609375 1144
15123.3916015625 2180
15126.919921875 73
15147.5703125 663
15164.048828125 677
15186.994140625 756
15205.2587890625 925
15218.95703125 927
15232.5009765625 946
15237.46484375 996
15322.0634765625 1141
15382.06640625 1202
15386.126953125 1251
15429.1953125 1457
15459.6494140625 1502
15504.1982421875 1591
15518.802734375 1733
15563.48828125 1735
15633.810546875 1919
15633.810546875 1933
15634.625 1955
15648.9140625 2002
15664.470703125 2335
15682.53515625 2341
15719.98046875 2565
15794.34375 2695
15805.7880859375 2763
15825.9658203125 2840
15844.0205078125 2422
15862.109375 1020
15921.2197265625 640
15994.5146484375 59
16003.7939453125 177
16010.9833984375 191
16019.556640625 575
16021.30078125 687
16043.421875 934
16044.26953125 1119
16050.677734375 1529
16053.9169921875 1697
16083.3701171875 1810
16087.5869140625 1831
16100.865234375 2354
16101.275390625 2528
16105.5654296875 2679
16141.6875 2712
16145.4658203125 2747
16147.677734375 2809
16152.705078125 2821
16162.107421875 2842
16189.5078125 2860
16215.17578125 2906
16220.75 2994
16226.89453125 186
16236.5830078125 223
16237.763671875 1594
16262.1845703125 410
16263.8427734375 631
16275.3017578125 132
16276.0732421875 2576
16281.0830078125 1282
16313.4619140625 488
16353.16796875 869
16360.0390625 2059
16372.9296875 787
16377.228515625 904
16385.26953125 137
16447.001953125 275
16460.888671875 328
16483.0 333
16517.1328125 392
16522.529296875 407
16526.4765625 489
16542.2109375 680
16567.76953125 1022
16615.099609375 1290
16635.580078125 1358
16638.046875 1607
16647.552734375 1653
16651.73828125 2024
16662.9453125 2184
16670.6640625 2221
16719.80078125 2394
16723.798828125 2427
16725.26171875 2517
16811.609375 2655
16840.13671875 2704
16844.0078125 2900
16858.875 2946
16872.078125 459
16888.84375 1408
16894.53125 1339
16912.541015625 22
16939.802734375 45
16955.041015625 300
16992.0859375 812
17004.689453125 922
17005.77734375 947
17015.5390625 975
17021.62890625 1001
17023.0234375 1095
17033.01953125 1275
17035.93359375 1664
17043.197265625 1708
17052.140625 1763
17063.1953125 1766
17073.427734375 1889
17082.232421875 2077
17116.966796875 2082
17116.966796875 2131
17128.15625 2315
17137.015625 2317
17138.744140625 2409
17152.134765625 2608
17166.548828125 2616
17172.0546875 2649
17177.943359375 2819
17225.716796875 2862
17230.130859375 1164
17235.025390625 2213
17312.869140625 1050
17321.04296875 979
17387.798828125 1562
17389.19921875 1597
17392.654296875 2334
17401.158203125 587
17426.310546875 630
17432.154296875 777
17455.23046875 1012
17478.462890625 1064
17478.9921875 1082
17481.25390625 1462
17481.48828125 1501
17483.07421875 1654
17488.78515625 1800
17490.310546875 2656
17493.939453125 2884
17544.30859375 1416
17555.90625 1575
17558.228515625 2889
17604.75 445
17623.111328125 30
17630.794921875 2484
17630.794921875 38
17660.92578125 40
17673.912109375 76
17698.748046875 77
17704.470703125 108
17714.0390625 164
17732.16015625 211
17780.26171875 225
17786.2421875 376
17824.36328125 437
17833.26953125 510
17841.453125 646
17843.3125 671
17856.072265625 738
17869.189453125 770
17872.412109375 1434
17927.939453125 1610
17931.26953125 1662
17936.201171875 1709
17954.21875 1998
17972.234375 2166
18014.494140625 2220
18025.95703125 2238
18031.51953125 2255
18041.052734375 2345
18053.3515625 2510
18077.494140625 2581
18094.951171875 2607
18103.20703125 2807
18132.712890625 1015
18140.359375 1984
18151.359375 1258
18211.359375 2555
18226.240234375 1147
18270.09765625 865
18304.408203125 939
18305.974609375 1497
18393.0 2630
18399.361328125 2752
18422.734375 457
18423.87890625 309
18443.92578125 316
18445.619140625 483
18453.095703125 484
18515.59765625 633
18529.35546875 1026
18537.865234375 1036
18540.912109375 1176
18561.58203125 1423
18600.853515625 1485
18600.8671875 1590
18601.224609375 1702
18608.021484375 1759
18619.626953125 1818
18646.9296875 1958
18658.20703125 1963
18673.169921875 1977
18673.169921875 2053
18679.56640625 2056
18751.134765625 2125
18757.05078125 2304
18774.880859375 2356
18784.22265625 2477
18848.642578125 2533
18858.537109375 2732
18865.13671875 2948
18867.765625 1601
18919.7578125 2256
18974.470703125 2104
18979.271484375 284
18991.603515625 182
18996.5390625 916
19006.685546875 1667
19044.228515625 1852
19064.236328125 727
19081.20703125 2036
19097.5234375 2772
19104.306640625 130
19113.875 219
19119.373046875 394
19132.91015625 405
19134.75 634
19156.4609375 856
19157.80078125 983
19173.900390625 1117
19211.38671875 1386
19228.845703125 1791
19245.46484375 1991
19271.1953125 2060
19279.78515625 2215
19280.279296875 2314
19284.103515625 2440
19307.712890625 2467
19438.044921875 2618
19447.9453125 2648
19450.869140625 2694
19453.865234375 1772
19466.384765625 818
19484.66015625 2907
19516.806640625 660
19541.2109375 1168
19543.62890625 1145
19549.970703125 1476
19566.90234375 1618
19593.1015625 655
19596.837890625 1592
19598.181640625 2120
19609.1875 2557
19633.013671875 112
19642.71484375 350
19644.859375 356
19653.279296875 448
19666.6796875 1500
19706.359375 1526
19713.419921875 1587
19730.2890625 1881
19754.83984375 1943
19757.458984375 1962
19772.931640625 1995
19778.478515625 2075
19811.3828125 2118
19821.69140625 2309
19844.193359375 2418
19851.322265625 2516
19854.37890625 2588
19857.732421875 2605
19859.990234375 2623
19876.609375 2937
19881.83984375 1005
19886.56640625 110
19892.767578125 2360
19905.994140625 121
19923.6171875 1046
19958.07421875 298
20003.87109375 372
20030.396484375 492
20041.087890625 752
20137.61328125 838
20271.193359375 903
20275.38671875 1034
20281.279296875 1128
20282.431640625 1187
20291.533203125 1437
20312.1015625 1488
20321.63671875 1534
20324.3359375 1657
20334.22265625 1678
20338.9921875 1824
20350.5078125 1826
20373.65625 1941
20373.94921875 1997
20380.060546875 2318
20420.490234375 2327
20423.57421875 2362
20451.478515625 2404
20476.958984375 2453
20478.265625 2458
20498.900390625 2496
20507.251953125 2696
20507.40234375 2722
20509.318359375 2796
20514.724609375 2584
20609.13671875 2872
20617.04296875 2589
20631.943359375 2135
20670.048828125 1802
20684.646484375 1853
20709.3359375 1892
20731.728515625 1580
20732.51953125 25
20786.005859375 72
20799.93359375 343
20804.5234375 710
20808.177734375 755
20808.59765625 885
20823.455078125 1683
20827.93359375 1776
20862.86328125 1972
20902.3203125 2047
20909.537109375 2138
20915.55078125 2185
20972.1171875 2344
21014.5078125 2545
21062.5234375 2573
21085.828125 2855
21086.6328125 2159
21091.1953125 1067
21093.19921875 371
21100.384765625 243
21105.8515625 1301
21117.580078125 311
21157.2578125 426
21167.447265625 648
21173.716796875 720
21204.107421875 792
21243.873046875 940
21247.732421875 1006
21253.205078125 1032
21255.171875 1160
21259.91796875 1189
21280.107421875 2183
21300.1875 2190
21312.798828125 2301
21317.458984375 1459
21327.98828125 1649
21350.580078125 353
21361.08203125 2706
21413.546875 1511
21438.599609375 1778
21490.51171875 329
21493.1953125 731
21496.17578125 1400
21545.005859375 2070
21547.626953125 1480
21552.0078125 1714
21574.1875 249
21586.017578125 94
21617.185546875 2823
21649.06640625 471
21649.06640625 473
21697.4921875 747
21715.91796875 915
21790.78125 921
21805.609375 993
21824.3828125 1072
21849.43359375 1415
21861.67578125 1541
21863.12109375 1746
21869.3984375 1949
21870.43359375 2079
21872.828125 2219
21882.673828125 2258
21908.73828125 2413
21996.27734375 2628
22002.41015625 2828
22028.775390625 2903
22030.330078125 2996
22034.62109375 204
22046.90625 1247
22092.966796875 1410
22115.701171875 1888
22164.658203125 1214
22219.861328125 1658
22299.490234375 2587
22360.57421875 380
22420.482421875 688
22426.4140625 1761
22454.28125 66
22479.20703125 127
22480.69921875 179
22485.640625 855
22508.529296875 1198
22509.62890625 1250
22547.26171875 1507
22605.3125 1558
22611.45703125 2007
22614.943359375 2092
22667.306640625 2231
22673.224609375 2384
22699.830078125 2457
22711.0078125 2544
22734.310546875 2717
22829.18359375 2774
22847.4921875 2794
22872.6484375 2909
22873.74609375 972
22905.2890625 1138
22908.6328125 1442
22961.87890625 1137
22964.767578125 102
22968.044921875 667
22968.044921875 1935
22998.662109375 2352
23038.1953125 2887
23044.19921875 427
23065.890625 1533
23096.408203125 170
23151.3203125 262
23160.380859375 306
23170.640625 596
23185.19921875 805
23277.38671875 849
23295.314453125 850
23297.640625 965
23299.68359375 976
23309.734375 1058
23310.17578125 1403
23312.654296875 1645
23324.12109375 1999
23383.87109375 2292
23414.638671875 2392
23438.19921875 2403
23444.689453125 2497
23489.078125 2524
23554.490234375 2601
23557.478515625 2652
23564.54296875 2657
23603.98828125 2761
23674.54296875 2839
23860.12890625 2939
23891.0625 2984
23897.8125 1027
24018.24609375 622
24141.30078125 417
24161.212890625 450
24234.529296875 690
24237.923828125 969
24268.28515625 982
24288.78125 1040
24323.75 1078
24371.224609375 1083
24376.275390625 1382
24453.705078125 1391
24563.88671875 1486
24564.986328125 1503
24564.986328125 1547
24590.392578125 1561
24626.185546875 1965
24627.75 2026
24632.033203125 2066
24644.794921875 2182
24665.77734375 2245
24671.44921875 2460
24702.18359375 2466
24705.1640625 2540
24713.71875 2593
24713.876953125 2632
24724.419921875 2753
24839.830078125 2759
24845.802734375 2793
24874.279296875 2925
24892.30859375 2152
24980.763671875 762
25073.255859375 2757
25115.548828125 37
25193.8671875 1624
25208.228515625 1271
25213.86328125 2370
25296.287109375 2895
25308.384765625 2411
25366.27734375 67
25399.40234375 150
25407.96875 171
25435.41015625 195
25452.455078125 363
25460.90625 522
25468.90625 657
25502.515625 701
25589.8515625 760
25610.53125 811
25643.029296875 874
25659.6484375 875
25716.126953125 1002
25720.201171875 1007
25749.44921875 1023
25777.7421875 1356
25817.140625 1378
25880.36328125 1489
25890.291015625 1629
25909.86328125 2721
25926.923828125 2032
25952.140625 2259
26012.587890625 771
26065.923828125 1543
26073.611328125 2241
26114.908203125 1964
26130.517578125 1625
26301.896484375 2693
26360.74609375 222
26361.162109375 258
26384.556640625 281
26400.53125 506
26431.798828125 582
26505.109375 724
26509.81640625 879
26520.666015625 1003
26545.80859375 1171
26641.849609375 1182
26835.50390625 1588
27005.30859375 1685
27030.48046875 1758
27079.451171875 2300
27093.1640625 2310
27149.107421875 2705
27217.33984375 2845
27225.62109375 2916
27496.2421875 1811
27550.255859375 2701
27595.126953125 421
27598.9375 1440
27617.18359375 2337
27660.66796875 2531
27707.41015625 18
27786.380859375 29
27930.041015625 31
28051.380859375 104
28127.775390625 274
28177.44140625 321
28251.11328125 370
28254.388671875 375
28339.37109375 562
28356.974609375 914
28400.80078125 944
28506.974609375 1672
28528.9296875 1684
28552.09765625 1825
28600.01953125 1846
28664.6875 1960
28683.669921875 1976
28688.19140625 2006
28787.826171875 2319
28790.34765625 2405
28878.015625 2550
28931.82421875 2606
29027.220703125 2768
29260.80078125 1081
29432.244140625 1780
29515.28125 16
29607.74609375 28
29608.015625 125
29700.220703125 212
29887.306640625 265
29997.099609375 295
30015.62109375 360
30042.359375 364
30070.3984375 937
30072.337890625 1077
30125.943359375 1101
30193.8671875 1241
30344.970703125 1243
30461.66015625 1307
30556.3828125 1343
30924.912109375 1404
31217.55078125 1418
31452.8125 1585
31475.99609375 1719
31778.986328125 1822
32706.65234375 2009
32753.416015625 2164
32898.41015625 2214
32950.6953125 2250
34410.82421875 2263
37287.5 2342
39586.875 2359
40886.01953125 2547
