2864.2958984375 1081
3082.358154296875 1780
3488.28369140625 16
3526.47265625 28
3559.917724609375 125
3616.002685546875 212
3660.69287109375 265
3676.9736328125 295
3765.121337890625 360
3790.6171875 364
3972.9423828125 937
3973.91455078125 1077
4010.62255859375 1101
4024.583984375 1241
4029.814453125 1243
4213.31103515625 1307
4259.537109375 1343
4313.087890625 1404
4329.841796875 1418
4386.8203125 1585
4424.169921875 1719
4430.63037109375 1822
4517.93359375 2009
4698.4033203125 2164
5081.12158203125 2214
5150.25830078125 2250
5186.1025390625 2263
5250.8857421875 2342
5256.39990234375 2359
5301.43408203125 2547
5758.7880859375 1446
5875.8603515625 87
5877.6669921875 251
5970.61376953125 527
5988.12890625 529
6036.30517578125 625
6141.07470703125 641
6184.2294921875 693
6207.044921875 873
6244.39208984375 881
6263.423828125 928
6331.76611328125 1133
6390.49169921875 1283
6441.7861328125 1318
6528.56005859375 1346
6529.2216796875 1417
6536.91845703125 1720
6582.67529296875 1987
6687.80322265625 2226
6770.0146484375 2296
6915.8720703125 2515
6968.6826171875 2572
6984.79052734375 2669
7009.54345703125 2728
7095.48828125 2734
7097.29443359375 2746
7125.716796875 2852
7147.7490234375 2866
7181.2646484375 2915
7313.732421875 2949
7362.701171875 377
7397.37451171875 2281
7430.82080078125 160
7439.337890625 1
7457.2841796875 425
7516.7109375 446
7533.70703125 800
7721.33740234375 918
7874.5830078125 953
7893.619140625 985
7902.39990234375 986
7995.3408203125 1008
8073.35009765625 1043
8079.689453125 1270
8094.5224609375 1317
8095.21923828125 1435
8169.72216796875 1548
8174.5498046875 1606
8278.119140625 1661
8290.8330078125 1712
8326.6474609375 2010
8466.8193359375 2088
8471.296875 2365
8475.314453125 2410
8482.8994140625 2414
8541.5517578125 2482
8591.4580078125 2560
8672.7275390625 2781
8715.0751953125 2820
8761.1669921875 997
8775.01953125 1781
8783.525390625 81
8885.2041015625 229
8913.8271484375 440
8981.3203125 548
8990.90234375 611
9123.47265625 826
9143.900390625 834
9155.83984375 848
9182.9970703125 871
9221.5107421875 893
9243.2109375 1231
9263.7685546875 1256
9271.5458984375 1315
9277.7021484375 1458
9296.80078125 1550
9303.455078125 1671
9341.5859375 1711
9366.4033203125 1815
9375.033203125 1893
9379.03125 2312
9397.7900390625 2324
9401.77734375 2385
9466.736328125 2447
9470.470703125 2562
9473.5263671875 2610
9478.69921875 2622
9521.228515625 2853
9590.73828125 2924
9614.9296875 2927
9839.5126953125 2239
9862.4326171875 1362
9868.5361328125 1926
9889.7236328125 2997
9904.421875 254
9916.02734375 388
9950.1201171875 465
9962.193359375 498
9981.6474609375 520
9991.6708984375 962
10001.2412109375 981
10031.51171875 1156
10031.9375 1652
10068.7509765625 2205
10104.4482421875 2339
10125.6748046875 2417
10131.46484375 2494
10134.1796875 2687
10141.4267578125 1122
10146.658203125 1670
10155.4541015625 264
10181.3349609375 2173
10184.6787109375 1646
10190.923828125 2396
10212.322265625 49
10253.837890625 189
10311.13671875 261
10317.42578125 263
10345.0869140625 430
10356.220703125 831
10434.05078125 899
10434.4375 1123
10441.234375 1169
10504.5791015625 1350
10506.751953125 1405
10510.974609375 1512
10555.744140625 1750
10585.7080078125 1769
10617.203125 1908
10629.2275390625 1966
10651.01953125 1982
10654.251953125 1993
10660.763671875 2094
10665.955078125 2126
10704.509765625 2141
10726.7607421875 2171
10748.802734375 2174
10773.3447265625 2177
10806.392578125 2237
10807.294921875 2367
10814.392578125 2536
10836.298828125 2542
10844.451171875 2582
10870.0048828125 2675
10878.8740234375 2703
10883.3203125 1873
10888.953125 2107
10902.3154296875 1281
10906.080078125 455
10911.36328125 470
10912.93359375 902
10921.6328125 926
10924.3349609375 967
10981.2880859375 1104
11042.8203125 1225
11047.3251953125 1286
11077.8486328125 1506
11083.8466796875 1516
11099.21484375 1599
11112.939453125 1779
11142.6162109375 1848
11188.3388671875 1867
11202.408203125 1883
11232.1728515625 2063
11329.5029296875 2210
11351.416015625 2246
11359.1162109375 2285
11366.1826171875 2361
11370.7685546875 2686
11389.6572265625 2700
11391.7294921875 88
11437.9833984375 586
11491.5166015625 136
11541.6005859375 1471
11598.3740234375 226
11598.916015625 296
11607.0634765625 1197
11619.890625 1666
11641.30078125 2511
11667.369140625 101
11679.923828125 215
11682.6396484375 549
11683.0849609375 550
11695.89453125 573
11696.23828125 1136
11706.3203125 1199
11719.4482421875 1530
11723.6513671875 1581
11733.7197265625 1640
11740.4140625 1688
11744.4072265625 1968
11771.396484375 2526
11773.357421875 2571
11782.970703125 2983
11801.4443359375 1787
11804.962890625 602
11818.580078125 1146
11818.8017578125 253
11818.865234375 342
11885.0556640625 843
11894.6748046875 1233
11903.228515625 1335
11911.068359375 1394
11928.224609375 1737
11928.87890625 1784
11933.490234375 1950
11934.9697265625 2025
11940.0810546875 2473
11941.197265625 2518
11942.099609375 999
11975.765625 1056
11980.7802734375 1900
12009.470703125 1304
12015.6181640625 1326
12024.587890625 2967
12032.54296875 1329
12037.072265625 50
12058.2685546875 318
12089.896484375 389
12099.3134765625 478
12108.970703125 491
12168.4990234375 580
12175.447265625 599
12180.1484375 890
12185.7939453125 896
12186.189453125 909
12191.1123046875 919
12203.7001953125 995
12205.2158203125 1273
12207.0322265625 1342
12239.2021484375 1430
12251.7626953125 1495
12255.380859375 1568
12256.853515625 1583
12266.619140625 1764
12267.25 1774
12268.65625 2065
12282.12109375 2117
12284.798828125 2181
12287.630859375 2268
12322.724609375 2465
12341.189453125 2664
12349.0615234375 2760
12359.4990234375 2764
12363.4921875 2938
12393.546875 2943
12403.43359375 1860
12412.36328125 2880
12422.7333984375 1333
12430.3701171875 2631
12435.5302734375 146
12441.083984375 1538
12443.4541015625 21
12443.908203125 34
12492.50390625 200
12504.7822265625 288
12506.958984375 336
12520.474609375 385
12561.3759765625 517
12567.341796875 546
12576.984375 609
12580.076171875 614
12619.6962890625 683
12623.6640625 686
12632.83984375 769
12634.662109375 1097
12662.9453125 1221
12672.3935546875 1322
12695.9345703125 1359
12720.4013671875 1376
12724.70703125 1686
12765.4892578125 1854
12766.509765625 2513
12768.0859375 2553
12775.134765625 2650
12789.6787109375 2672
12794.3974609375 2911
12831.2158203125 78
12840.1328125 2713
12860.0 2800
12861.4736328125 2651
12907.6826171875 2970
12930.7080078125 1045
12942.607421875 1068
12951.39453125 2078
12962.6240234375 884
12967.126953125 886
12987.9248046875 1028
12993.052734375 1845
13020.7275390625 1932
13052.2421875 2489
13064.45703125 90
13087.16796875 153
13090.0771484375 240
13110.208984375 256
13112.404296875 531
13113.9873046875 644
13114.4072265625 706
13136.58984375 775
13144.744140625 1163
13165.0439453125 1483
13187.7880859375 2114
13202.830078125 2379
13207.966796875 2424
13213.341796875 2433
13221.947265625 2435
13226.7666015625 2442
13230.57421875 2683
13231.39453125 2811
13238.013671875 2176
13238.369140625 169
13250.5556640625 2207
13270.6884765625 1144
13274.537109375 2180
13288.9052734375 73
13291.9248046875 663
13294.8623046875 677
13311.7490234375 756
13338.2109375 925
13341.9921875 927
13361.8642578125 946
13365.6279296875 996
13365.6279296875 1141
13383.5439453125 1202
13426.87890625 1251
13437.0107421875 1457
13441.62890625 1502
13443.369140625 1591
13453.0302734375 1733
13460.962890625 1735
13473.4169921875 1919
13474.6962890625 1933
13493.220703125 1955
13523.9619140625 2002
13534.4052734375 2335
13557.1572265625 2341
13560.58984375 2565
13567.171875 2695
13573.80859375 2763
13576.890625 2840
13581.0107421875 2422
13583.962890625 1020
13587.41796875 640
13609.1005859375 59
13628.228515625 177
13640.845703125 191
13648.740234375 575
13651.33984375 687
13665.2412109375 934
13668.759765625 1119
13708.267578125 1529
13721.9306640625 1697
13731.9892578125 1810
13734.3759765625 1831
13762.37109375 2354
13767.0732421875 2528
13776.14453125 2679
13781.03515625 2712
13785.9326171875 2747
13794.3115234375 2809
13805.1708984375 2821
13809.1650390625 2842
13865.689453125 2860
13882.279296875 2906
13883.0234375 2994
13890.5732421875 186
13890.83984375 223
13909.63671875 1594
13912.4130859375 410
13917.6826171875 631
13932.806640625 132
13956.21875 2576
13959.6416015625 1282
13968.814453125 488
13982.890625 869
14001.1640625 2059
14006.63671875 787
14008.0185546875 904
14021.83203125 137
14027.6025390625 275
14036.90625 328
14071.7783203125 333
14072.5947265625 392
14079.3076171875 407
14100.931640625 489
14107.92578125 680
14114.3857421875 1022
14122.4873046875 1290
14138.267578125 1358
14149.0732421875 1607
14164.025390625 1653
14175.1201171875 2024
14186.7353515625 2184
14189.39453125 2221
14201.267578125 2394
14205.541015625 2427
14233.5732421875 2517
14233.9287109375 2655
14244.2783203125 2704
14249.482421875 2900
14256.34765625 2946
14256.9990234375 459
14279.2890625 1408
14287.857421875 1339
14303.91015625 22
14325.8564453125 45
14328.7109375 300
14332.29296875 812
14332.7255859375 922
14336.994140625 947
14349.3466796875 975
14367.1591796875 1001
14387.9736328125 1095
14414.787109375 1275
14416.9052734375 1664
14436.185546875 1708
14469.337890625 1763
14492.3623046875 1766
14498.4521484375 1889
14498.685546875 2077
14520.541015625 2082
14536.3837890625 2131
14572.9267578125 2315
14576.181640625 2317
14579.921875 2409
14584.052734375 2608
14584.1796875 2616
14600.767578125 2649
14610.3955078125 2819
14611.763671875 2862
14613.791015625 1164
14626.7041015625 2213
14643.5224609375 1050
14650.1015625 979
14652.7080078125 1562
14667.984375 1597
14684.7177734375 2334
14692.259765625 587
14705.09765625 630
14716.3583984375 777
14726.9072265625 1012
14728.9013671875 1064
14750.1669921875 1082
14770.087890625 1462
14776.9111328125 1501
14779.74609375 1654
14843.923828125 1800
14872.1201171875 2656
14888.42578125 2884
14894.048828125 1416
14935.076171875 1575
14958.7265625 2889
14966.921875 445
14971.0302734375 30
14981.2822265625 2484
14997.6767578125 38
15028.5556640625 40
15030.248046875 76
15033.26953125 77
15036.3564453125 108
15036.46484375 164
15058.9453125 211
15062.177734375 225
15065.99609375 376
15070.1044921875 437
15101.5751953125 510
15106.00390625 646
15108.8681640625 671
15113.87890625 738
15117.04296875 770
15125.673828125 1434
15163.5859375 1610
15191.791015625 1662
15204.158203125 1709
15224.865234375 1998
15226.2587890625 2166
15240.5517578125 2220
15274.564453125 2238
15275.169921875 2255
15276.37890625 2345
15339.244140625 2510
15355.1337890625 2581
15358.0068359375 2607
15387.7900390625 2807
15392.748046875 1015
15409.44921875 1984
15425.1396484375 1258
15435.0869140625 2555
15442.4423828125 1147
15446.5439453125 865
15450.9169921875 939
15451.7119140625 1497
15463.150390625 2630
15469.302734375 2752
15471.134765625 457
15472.255859375 309
15478.9140625 316
15484.6572265625 483
15485.59375 484
15497.267578125 633
15500.44140625 1026
15501.044921875 1036
15524.099609375 1176
15542.1591796875 1423
15545.552734375 1485
15547.3056640625 1590
15547.830078125 1702
15558.396484375 1759
15560.029296875 1818
15580.4345703125 1958
15605.9345703125 1963
15621.1865234375 1977
15624.7265625 2053
15641.919921875 2056
15643.3173828125 2125
15662.9541015625 2304
15664.267578125 2356
15695.38671875 2477
15741.158203125 2533
15759.146484375 2732
15779.84375 2948
15803.12109375 1601
15812.1923828125 2256
15812.591796875 2104
15820.052734375 284
15828.3701171875 182
15838.265625 916
15841.423828125 1667
15850.6279296875 1852
15855.208984375 727
15859.5732421875 2036
15879.412109375 2772
15896.4736328125 130
15927.587890625 219
15931.9462890625 394
15948.9931640625 405
15954.7763671875 634
15958.3525390625 856
15973.017578125 983
15984.818359375 1117
15987.93359375 1386
15987.93359375 1791
15993.83203125 1991
15995.7041015625 2060
16000.32421875 2215
16005.859375 2314
16027.34765625 2440
16028.0302734375 2467
16031.2509765625 2618
16038.955078125 2648
16057.0625 2694
16057.0625 1772
16071.5458984375 818
16089.5498046875 2907
16091.39453125 660
16091.87890625 1168
16102.2861328125 1145
16146.5322265625 1476
16153.5517578125 1618
16172.87109375 655
16174.6416015625 1592
16182.88671875 2120
16182.88671875 2557
16192.2509765625 112
16233.4599609375 350
16244.49609375 356
16251.279296875 448
16252.7080078125 1500
16267.06640625 1526
16290.0732421875 1587
16291.810546875 1881
16336.5126953125 1943
16348.7421875 1962
16361.27734375 1995
16377.607421875 2075
16403.39453125 2118
16403.423828125 2309
16406.388671875 2418
16411.62890625 2516
16413.1015625 2588
16425.240234375 2605
16444.517578125 2623
16449.2890625 2937
16453.56640625 1005
16497.40234375 110
16503.724609375 2360
16503.990234375 121
16510.212890625 1046
16542.041015625 298
16564.384765625 372
16564.771484375 492
16569.365234375 752
16569.365234375 838
16576.923828125 903
16596.8515625 1034
16622.6015625 1128
16622.82421875 1187
16670.986328125 1437
16679.58203125 1488
16685.634765625 1534
16697.744140625 1657
16718.3359375 1678
16741.853515625 1824
16762.392578125 1826
16769.01953125 1941
16794.607421875 1997
16795.55859375 2318
16814.234375 2327
16881.01171875 2362
16895.806640625 2404
16903.611328125 2453
16908.79296875 2458
16930.92578125 2496
16947.330078125 2696
16954.720703125 2722
16956.8203125 2796
16968.9765625 2584
16973.365234375 2872
16976.373046875 2589
16985.26953125 2135
16990.943359375 1802
17033.759765625 1853
17049.599609375 1892
17067.1015625 1580
17079.87890625 25
17087.267578125 72
17093.40234375 343
17112.3671875 710
17115.669921875 755
17118.427734375 885
17130.47265625 1683
17142.814453125 1776
17145.923828125 1972
17152.6328125 2047
17175.8671875 2138
17181.36328125 2185
17214.423828125 2344
17215.912109375 2545
17220.423828125 2573
17222.255859375 2855
17237.318359375 2159
17263.05859375 1067
17291.21875 371
17291.46875 243
17294.712890625 1301
17336.294921875 311
17381.62109375 426
17386.396484375 648
17401.974609375 720
17406.513671875 792
17412.3671875 940
17416.890625 1006
17418.791015625 1032
17418.796875 1160
17460.779296875 1189
17462.08984375 2183
17463.51953125 2190
17473.154296875 2301
17488.564453125 1459
17495.064453125 1649
17510.33984375 353
17530.00390625 2706
17552.353515625 1511
17558.955078125 1778
17567.2265625 329
17624.306640625 731
17678.802734375 1400
17679.072265625 2070
17690.44140625 1480
17786.212890625 1714
17787.72265625 249
17808.20703125 94
17859.4140625 2823
17866.21875 471
17879.0390625 473
17894.9296875 747
17971.9296875 915
17983.712890625 921
17990.65625 993
18001.083984375 1072
18004.095703125 1415
18068.78515625 1541
18102.572265625 1746
18107.201171875 1949
18114.041015625 2079
18115.0234375 2219
18134.107421875 2258
18139.47265625 2413
18148.66796875 2628
18156.119140625 2828
18158.484375 2903
18165.095703125 2996
18191.6640625 204
18219.548828125 1247
18257.78125 1410
18273.28515625 1888
18326.103515625 1214
18328.279296875 1658
18328.279296875 2587
18333.52734375 380
18367.33203125 688
18392.787109375 1761
18398.234375 66
18419.46484375 127
18423.658203125 179
18454.767578125 855
18458.724609375 1198
18484.92578125 1250
18505.474609375 1507
18533.271484375 1558
18560.3359375 2007
18579.712890625 2092
18588.685546875 2231
18600.357421875 2384
18612.189453125 2457
18741.56640625 2544
18760.046875 2717
18760.705078125 2774
18773.015625 2794
18779.4140625 2909
18793.314453125 972
18830.26171875 1138
18834.078125 1442
18834.271484375 1137
18837.65625 102
18846.71484375 667
18880.267578125 1935
18899.04296875 2352
18903.52734375 2887
19010.505859375 427
19025.11328125 1533
19027.671875 170
19041.34375 262
19115.4453125 306
19116.4375 596
19126.361328125 805
19165.091796875 849
19169.2421875 850
19274.673828125 965
19301.26953125 976
19315.599609375 1058
19346.51171875 1403
19388.904296875 1645
19399.05078125 1999
19456.244140625 2292
19459.845703125 2392
19494.6328125 2403
19503.662109375 2497
19530.46875 2524
19553.69921875 2601
19555.29296875 2652
19595.26953125 2657
19657.564453125 2761
19664.888671875 2839
19686.65625 2939
19698.830078125 2984
19714.787109375 1027
19736.765625 622
19805.2265625 417
19816.083984375 450
19830.099609375 690
19860.521484375 969
19978.03515625 982
19980.7265625 1040
20045.30078125 1078
20059.03515625 1083
20077.58203125 1382
20106.2109375 1391
20136.412109375 1486
20170.12890625 1503
20172.625 1547
20225.171875 1561
20249.36328125 1965
20260.5703125 2026
20271.39453125 2066
20324.314453125 2182
20336.533203125 2245
20348.853515625 2460
20365.103515625 2466
20367.419921875 2540
20515.578125 2593
20524.16015625 2632
20526.380859375 2753
20578.685546875 2759
20590.529296875 2793
20664.451171875 2925
20681.35546875 2152
20732.646484375 762
20759.0546875 2757
20759.994140625 37
20802.0078125 1624
20894.982421875 1271
20933.52734375 2370
20961.955078125 2895
21125.72265625 2411
21139.97265625 67
21145.177734375 150
21226.71875 171
21241.658203125 195
21262.482421875 363
21265.33203125 522
21305.69921875 657
21408.017578125 701
21408.017578125 760
21412.771484375 811
21498.10546875 874
21596.431640625 875
21605.373046875 1002
21723.357421875 1007
21787.41015625 1023
21868.25390625 1356
21923.201171875 1378
22010.4140625 1489
22056.818359375 1629
22115.091796875 2721
22154.177734375 2032
22179.44140625 2259
22416.41796875 771
22422.669921875 1543
22473.95703125 2241
22611.046875 1964
22700.755859375 1625
22705.833984375 2693
22748.953125 222
22887.734375 258
22984.767578125 281
23108.505859375 506
23132.67578125 582
23206.552734375 724
23409.947265625 879
23417.63671875 1003
23448.58984375 1171
23627.515625 1182
23960.44140625 1588
24009.298828125 1685
24114.642578125 1758
24270.416015625 2300
24471.158203125 2310
24596.517578125 2705
24652.361328125 2845
24654.654296875 2916
24714.1875 1811
24778.359375 2701
24884.962890625 421
24927.62109375 1440
25165.580078125 2337
25410.876953125 2531
25595.6171875 18
25601.72265625 29
25692.4296875 31
25820.400390625 104
26058.791015625 274
26583.4296875 321
26882.48828125 370
26950.142578125 375
27321.234375 562
27728.12109375 914
28337.3359375 944
28486.009765625 1672
28752.427734375 1684
29255.775390625 1825
29426.123046875 1846
29576.025390625 1960
29716.611328125 1976
31702.142578125 2006
31888.216796875 2319
32179.630859375 2405
32219.51171875 2550
32422.494140625 2606
34874.7109375 2768
