2394.781982421875 1646
2632.23583984375 2396
2755.16455078125 49
2769.439453125 189
2829.148193359375 261
3079.822021484375 263
3168.906005859375 430
3306.88623046875 831
3506.53271484375 899
3527.1015625 1123
3551.14599609375 1169
3626.138671875 1350
3658.51123046875 1405
3661.388671875 1512
3670.8203125 1750
3743.075439453125 1769
3782.25341796875 1908
3837.4130859375 1966
4104.72900390625 1982
4308.13623046875 1993
4321.89697265625 2094
4345.26611328125 2126
4421.5224609375 2141
4692.439453125 2171
4724.3828125 2174
4908.9736328125 2177
4931.5224609375 2237
4934.50634765625 2367
5079.9638671875 2536
5130.44970703125 2542
5139.9462890625 2582
5183.0419921875 2675
5231.62646484375 2703
5348.52490234375 1873
5492.224609375 2107
5563.1083984375 1446
5563.14599609375 87
5566.71533203125 251
5620.4248046875 527
5841.833984375 529
5848.5771484375 625
5869.69921875 641
5892.54345703125 693
6004.98828125 873
6046.828125 881
6146.0732421875 928
6182.7421875 1133
6232.7978515625 1283
6276.87548828125 1318
6332.3232421875 1346
6343.6611328125 1417
6384.28955078125 1720
6420.7734375 1987
6482.96435546875 2226
6635.30126953125 2296
6639.2587890625 2515
6720.68701171875 2572
6809.9111328125 2669
6831.77880859375 2728
6897.8857421875 2734
6988.6611328125 2746
6989.458984375 2852
7003.22607421875 2866
7102.3955078125 2915
7119.5009765625 2949
7186.71826171875 377
7189.96240234375 2281
7375.75 160
7523.84814453125 1
7578.2646484375 425
7580.05224609375 446
7607.96240234375 800
7614.7998046875 918
7743.70166015625 953
7743.845703125 985
7763.39697265625 986
7770.28857421875 1008
7828.7998046875 1043
7842.98681640625 1270
7892.8505859375 1317
7932.669921875 1435
7949.4736328125 1548
7952.73193359375 1606
7997.5595703125 1661
8007.041015625 1712
8067.693359375 2010
8085.27197265625 2088
8103.05126953125 2365
8145.3388671875 2410
8159.5966796875 2414
8159.5966796875 2482
8180.2783203125 2560
8183.521484375 2781
8214.1767578125 2820
8255.240234375 997
8264.84765625 1781
8269.2685546875 81
8271.0078125 229
8276.0556640625 440
8306.546875 548
8343.4375 611
8365.6103515625 826
8393.5166015625 834
8403.9931640625 848
8449.197265625 871
8499.66015625 893
8507.5048828125 1231
8511.8330078125 1256
8516.626953125 1315
8525.3349609375 1458
8555.2646484375 1550
8556.462890625 1671
8574.7138671875 1711
8598.8984375 1815
8606.564453125 1893
8645.21484375 2312
8657.7197265625 2324
8717.353515625 2385
8755.15234375 2447
8768.1728515625 2562
8775.3740234375 2610
8840.4287109375 2622
8867.9248046875 2853
8960.5947265625 2924
8974.138671875 2927
8988.4306640625 2239
9041.486328125 1362
9044.2001953125 1926
9057.98828125 2997
9063.6025390625 254
9064.146484375 388
9068.1240234375 465
9100.0625 498
9125.1416015625 520
9159.1689453125 962
9168.861328125 981
9170.017578125 1156
9201.12109375 1652
9210.0859375 2205
9255.9755859375 2339
9298.958984375 2417
9302.404296875 2494
9305.1279296875 2687
9314.650390625 1122
9334.994140625 1670
9335.9619140625 264
9360.7490234375 2173
9371.240234375 1281
9395.9619140625 455
9413.279296875 470
9421.841796875 902
9430.4755859375 926
9488.478515625 967
9549.6728515625 1104
9562.0380859375 1225
9601.009765625 1286
9603.2021484375 1506
9607.484375 1516
9617.935546875 1599
9624.875 1779
9646.25 1848
9666.5615234375 1867
9683.7978515625 1883
9720.609375 2063
9748.7548828125 2210
9749.888671875 2246
9765.3837890625 2285
9788.541015625 2361
9800.927734375 2686
9803.283203125 2700
9810.0869140625 88
9810.0869140625 586
9815.5703125 136
9821.701171875 1471
9840.228515625 226
9885.1103515625 296
9924.30078125 1197
9928.0712890625 1666
9968.5419921875 2511
9970.58984375 101
9982.0810546875 215
10009.302734375 549
10022.48828125 550
10035.78125 573
10051.0859375 1136
10055.828125 1199
10071.0712890625 1530
10082.646484375 1581
10093.3505859375 1640
10117.630859375 1688
10174.4599609375 1968
10217.248046875 2526
10250.8896484375 2571
10259.2880859375 2983
10264.548828125 1787
10269.6484375 602
10301.068359375 1146
10326.400390625 253
10366.5517578125 342
10368.3193359375 843
10371.9658203125 1233
10454.974609375 1335
10459.4345703125 1394
10485.212890625 1737
10487.001953125 1784
10487.7802734375 1950
10491.93359375 2025
10539.8564453125 2473
10554.953125 2518
10561.2646484375 999
10563.83203125 1056
10588.3564453125 1900
10665.49609375 1304
10669.12109375 1326
10729.0234375 2967
10756.9267578125 1329
10760.587890625 50
10761.322265625 318
10796.421875 389
10796.9931640625 478
10883.7109375 491
10904.0458984375 580
10958.240234375 599
10974.6904296875 890
10987.4345703125 896
11003.375 909
11062.7646484375 919
11075.0166015625 995
11077.7451171875 1273
11114.1484375 1342
11116.7490234375 1430
11140.4677734375 1495
11196.8779296875 1568
11203.9580078125 1583
11227.4560546875 1764
11271.6484375 1774
11279.78125 2065
11300.3203125 2117
11308.6923828125 2181
11355.296875 2268
11376.2763671875 2465
11379.56640625 2664
11389.0166015625 2760
11409.6083984375 2764
11412.4443359375 2938
11436.25 2943
11438.6142578125 1860
11442.83203125 2880
11463.015625 1333
11472.37109375 2631
11495.1396484375 146
11498.3935546875 1538
11533.0625 21
11542.5791015625 34
11629.384765625 200
11669.94140625 288
11672.8994140625 336
11673.0595703125 385
11673.0595703125 517
11707.1962890625 546
11741.009765625 609
11809.763671875 614
11809.763671875 683
11813.2490234375 686
11814.875 769
11825.609375 1097
11827.7958984375 1221
11830.1708984375 1322
11830.4716796875 1359
11844.9091796875 1376
11845.6953125 1686
11857.8056640625 1854
11880.708984375 2513
11886.552734375 2553
11900.1015625 2650
11912.1142578125 2672
11918.62890625 2911
11927.4609375 78
11938.6064453125 2713
11971.404296875 2800
11988.626953125 2651
12034.244140625 2970
12043.6435546875 1045
12103.8974609375 1068
12107.849609375 2078
12109.4609375 884
12118.267578125 886
12129.072265625 1028
12134.5625 1845
12136.25390625 1932
12194.2451171875 2489
12209.2919921875 90
12214.5546875 153
12216.3876953125 240
12234.701171875 256
12264.171875 531
12271.185546875 644
12287.056640625 706
12297.08203125 775
12298.3388671875 1163
12304.5712890625 1483
12324.5234375 2114
12332.3310546875 2379
12338.3916015625 2424
12355.3369140625 2433
12364.68359375 2435
12393.599609375 2442
12413.9296875 2683
12508.376953125 2811
12554.6962890625 2176
12565.4716796875 169
12596.310546875 2207
12620.171875 1144
12628.181640625 2180
12692.1484375 73
12723.2158203125 663
12729.978515625 677
12744.5830078125 756
12758.8642578125 925
12782.6552734375 927
12808.5302734375 946
12834.6298828125 996
12856.091796875 1141
12859.970703125 1202
12863.7724609375 1251
12894.2421875 1457
12902.806640625 1502
12913.5595703125 1591
12921.1240234375 1733
12930.1865234375 1735
12942.0693359375 1919
12950.9208984375 1933
12953.4501953125 1955
13017.03125 2002
13052.3759765625 2335
13053.638671875 2341
13096.21484375 2565
13121.8671875 2695
13133.7158203125 2763
13135.8681640625 2840
13138.513671875 2422
13147.173828125 1020
13156.7177734375 640
13170.697265625 59
13175.2724609375 177
13179.1318359375 191
13208.408203125 575
13208.794921875 687
13210.7060546875 934
13232.7646484375 1119
13233.8828125 1529
13258.57421875 1697
13271.18359375 1810
13310.8623046875 1831
13325.59375 2354
13352.1708984375 2528
13382.9638671875 2679
13386.7392578125 2712
13391.40234375 2747
13402.650390625 2809
13435.0810546875 2821
13437.515625 2842
13443.548828125 2860
13447.283203125 2906
13448.0966796875 2994
13455.67578125 186
13460.009765625 223
13485.6298828125 1594
13491.5244140625 410
13532.943359375 631
13561.1083984375 132
13561.3046875 2576
13569.927734375 1282
13595.9619140625 488
13630.8173828125 869
13673.216796875 2059
13683.7265625 787
13692.478515625 904
13694.0322265625 137
13748.353515625 275
13761.697265625 328
13762.86328125 333
13771.4345703125 392
13781.1201171875 407
13798.0478515625 489
13807.3984375 680
13817.8974609375 1022
13820.673828125 1290
13822.9697265625 1358
13827.32421875 1607
13829.94921875 1653
13842.05859375 2024
13854.0166015625 2184
13863.8603515625 2221
13867.376953125 2394
13867.8134765625 2427
13878.9345703125 2517
13903.73046875 2655
13931.2294921875 2704
13978.384765625 2900
13980.3203125 2946
13988.3095703125 459
14002.65234375 1408
14007.013671875 1339
14020.314453125 22
14035.4130859375 45
14045.0126953125 300
14069.6396484375 812
14078.591796875 922
14099.703125 947
14101.0712890625 975
14134.515625 1001
14149.3564453125 1095
14181.4677734375 1275
14188.2490234375 1664
14190.201171875 1708
14191.376953125 1763
14200.2578125 1766
14217.205078125 1889
14218.4794921875 2077
14252.732421875 2082
14292.41015625 2131
14295.9951171875 2315
14312.0986328125 2317
14318.083984375 2409
14319.1591796875 2608
14322.31640625 2616
14340.3271484375 2649
14343.6572265625 2819
14394.72265625 2862
14395.84375 1164
14420.05078125 2213
14451.8876953125 1050
14452.2578125 979
14466.3017578125 1562
14470.26953125 1597
14474.7646484375 2334
14478.583984375 587
14480.4892578125 630
14491.283203125 777
14508.9248046875 1012
14522.0947265625 1064
14530.515625 1082
14553.158203125 1462
14565.05078125 1501
14568.6123046875 1654
14570.458984375 1800
14573.3779296875 2656
14584.552734375 2884
14598.6396484375 1416
14612.9599609375 1575
14644.6025390625 2889
14648.5908203125 445
14653.1162109375 30
14662.392578125 2484
14668.921875 38
14705.1689453125 40
14728.8857421875 76
14728.8857421875 77
14752.107421875 108
14756.80859375 164
14769.04296875 211
14769.04296875 225
14769.04296875 376
14769.04296875 437
14769.04296875 510
14804.4091796875 646
14806.2783203125 671
14811.7890625 738
14815.251953125 770
14821.3134765625 1434
14829.3671875 1610
14838.568359375 1662
14850.3310546875 1709
14857.845703125 1998
14885.224609375 2166
14886.0673828125 2220
14892.265625 2238
14898.03125 2255
14919.67578125 2345
14952.998046875 2510
14958.7890625 2581
14969.8486328125 2607
14975.6220703125 2807
15000.734375 1015
15032.5400390625 1984
15053.955078125 1258
15087.353515625 2555
15095.0810546875 1147
15112.0068359375 865
15114.0537109375 939
15132.5615234375 1497
15154.8154296875 2630
15157.291015625 2752
15158.46875 457
15176.2421875 309
15177.01171875 316
15224.2255859375 483
15235.0 484
15247.3701171875 633
15255.890625 1026
15294.671875 1036
15314.4775390625 1176
15325.3974609375 1423
15359.015625 1485
15369.13671875 1590
15374.3134765625 1702
15377.859375 1759
15400.232421875 1818
15403.1796875 1958
15404.185546875 1963
15440.216796875 1977
15459.0556640625 2053
15460.703125 2056
15491.0947265625 2125
15492.7265625 2304
15506.369140625 2356
15516.759765625 2477
15522.9755859375 2533
15523.568359375 2732
15523.7578125 2948
15525.19140625 1601
15544.037109375 2256
15555.89453125 2104
15560.041015625 284
15565.1796875 182
15571.4716796875 916
15576.2890625 1667
15602.9677734375 1852
15618.0888671875 727
15630.533203125 2036
15676.2900390625 2772
15700.3095703125 130
15718.482421875 219
15720.03515625 394
15723.86328125 405
15724.7890625 634
15729.845703125 856
15730.2587890625 983
15736.6865234375 1117
15753.705078125 1386
15757.47265625 1791
15760.1982421875 1991
15810.140625 2060
15817.5693359375 2215
15828.564453125 2314
15859.5419921875 2440
15861.126953125 2467
15863.509765625 2618
15877.287109375 2648
15901.1591796875 2694
15903.16796875 1772
15920.3291015625 818
15921.3642578125 2907
15930.9345703125 660
15933.6123046875 1168
15946.1962890625 1145
15954.7783203125 1476
15970.3671875 1618
15970.6005859375 655
15972.2734375 1592
15987.787109375 2120
15988.9794921875 2557
15989.59765625 112
15993.58203125 350
15994.8056640625 356
16008.6142578125 448
16024.90234375 1500
16047.0673828125 1526
16127.0625 1587
16151.65625 1881
16158.185546875 1943
16184.71484375 1962
16198.3388671875 1995
16263.1630859375 2075
16270.9521484375 2118
16274.85546875 2309
16277.052734375 2418
16286.5654296875 2516
16287.138671875 2588
16287.494140625 2605
16292.9482421875 2623
16322.5849609375 2937
16345.013671875 1005
16351.4697265625 110
16352.59765625 2360
16355.50390625 121
16363.4921875 1046
16385.6953125 298
16389.701171875 372
16410.732421875 492
16413.67578125 752
16447.8046875 838
16462.451171875 903
16477.154296875 1034
16507.4375 1128
16521.560546875 1187
16577.025390625 1437
16578.630859375 1488
16583.189453125 1534
16583.5390625 1657
16586.89453125 1678
16588.302734375 1824
16614.388671875 1826
16616.716796875 1941
16618.349609375 1997
16625.013671875 2318
16635.34375 2327
16642.841796875 2362
16658.05078125 2404
16701.58203125 2453
16706.439453125 2458
16707.046875 2496
16707.322265625 2696
16721.0390625 2722
16722.548828125 2796
16725.326171875 2584
16726.8359375 2872
16753.02734375 2589
16764.1796875 2135
16769.140625 1802
16775.30859375 1853
16798.15234375 1892
16807.95703125 1580
16818.126953125 25
16837.111328125 72
16857.873046875 343
16902.56640625 710
16903.861328125 755
16909.236328125 885
16912.94921875 1683
16917.435546875 1776
16925.03125 1972
16933.56640625 2047
16945.74609375 2138
16956.19140625 2185
16979.888671875 2344
16999.18359375 2545
17039.958984375 2573
17041.60546875 2855
17067.359375 2159
17076.421875 1067
17080.103515625 371
17085.546875 243
17104.12890625 1301
17109.88671875 311
17155.03515625 426
17156.16015625 648
17172.525390625 720
17205.04296875 792
17208.97265625 940
17222.869140625 1006
17233.39453125 1032
17238.044921875 1160
17239.29296875 1189
17248.58984375 2183
17250.05859375 2190
17253.28515625 2301
17301.44921875 1459
17325.568359375 1649
17331.453125 353
17347.853515625 2706
17360.7578125 1511
17373.03125 1778
17378.734375 329
17382.697265625 731
17405.98046875 1400
17435.015625 2070
17490.486328125 1480
17495.685546875 1714
17501.923828125 249
17508.546875 94
17547.595703125 2823
17600.751953125 471
17607.865234375 473
17630.763671875 747
17656.66796875 915
17727.03125 921
17728.474609375 993
17747.25 1072
17763.548828125 1415
17781.76953125 1541
17808.435546875 1746
17821.72265625 1949
17843.369140625 2079
17849.861328125 2219
17850.669921875 2258
17870.533203125 2413
17877.015625 2628
17891.861328125 2828
17914.248046875 2903
17915.265625 2996
17918.841796875 204
17923.37890625 1247
17930.62109375 1410
17934.552734375 1888
17953.669921875 1214
17977.5234375 1658
18054.9609375 2587
18066.25 380
18069.755859375 688
18074.8203125 1761
18074.859375 66
18079.517578125 127
18105.19921875 179
18110.45703125 855
18114.896484375 1198
18121.57421875 1250
18125.724609375 1507
18126.8046875 1558
18142.83203125 2007
18146.212890625 2092
18153.998046875 2231
18168.314453125 2384
18182.93359375 2457
18207.44140625 2544
18208.064453125 2717
18224.0390625 2774
18226.263671875 2794
18232.37109375 2909
18236.841796875 972
18245.9453125 1138
18254.853515625 1442
18262.0859375 1137
18283.55859375 102
18356.0546875 667
18361.5390625 1935
18382.513671875 2352
18393.4375 2887
18399.85546875 427
18468.337890625 1533
18497.8515625 170
18525.23828125 262
18527.3671875 306
18543.779296875 596
18572.9765625 805
18595.06640625 849
18622.49609375 850
18646.94921875 965
18685.359375 976
18702.201171875 1058
18741.556640625 1403
18756.125 1645
18773.15234375 1999
18773.29296875 2292
18797.41015625 2392
18831.91015625 2403
18877.52734375 2497
18899.30078125 2524
18948.876953125 2601
18957.6796875 2652
19024.9921875 2657
19026.083984375 2761
19039.22265625 2839
19070.400390625 2939
19079.544921875 2984
19087.78125 1027
19112.22265625 622
19131.662109375 417
19149.51953125 450
19195.21875 690
19207.947265625 969
19218.271484375 982
19235.060546875 1040
19245.38671875 1078
19255.763671875 1083
19299.943359375 1382
19301.84765625 1391
19326.80859375 1486
19373.5546875 1503
19449.802734375 1547
19467.341796875 1561
19487.74609375 1965
19519.828125 2026
19532.447265625 2066
19580.236328125 2182
19599.078125 2245
19612.36328125 2460
19614.376953125 2466
19620.23046875 2540
19628.6953125 2593
19630.810546875 2632
19675.169921875 2753
19709.64453125 2759
19721.4375 2793
19734.046875 2925
19761.392578125 2152
19774.19140625 762
19800.298828125 2757
19809.12890625 37
19814.97265625 1624
19826.2421875 1271
19840.513671875 2370
19846.728515625 2895
19861.384765625 2411
19872.0234375 67
19873.95703125 150
19924.8125 171
20069.0625 195
20075.416015625 363
20083.998046875 522
20106.267578125 657
20116.849609375 701
20118.646484375 760
20262.546875 811
20284.5859375 874
20298.169921875 875
20341.80078125 1002
20347.517578125 1007
20385.7578125 1023
20475.892578125 1356
20564.275390625 1378
20570.08984375 1489
20694.123046875 1629
20715.6796875 2721
20726.19921875 2032
20726.853515625 2259
20727.66796875 771
20779.533203125 1543
20822.2421875 2241
20834.419921875 1964
20861.611328125 1625
20899.078125 2693
20946.70703125 222
20977.8046875 258
21035.53125 281
21060.513671875 506
21074.384765625 582
21094.306640625 724
21207.181640625 879
21244.11328125 1003
21357.109375 1171
21510.30078125 1182
21566.306640625 1588
21598.740234375 1685
21612.595703125 1758
21617.203125 2300
21619.20703125 2310
21735.142578125 2705
21737.06640625 2845
21760.23828125 2916
21824.685546875 1811
21916.19140625 2701
21934.333984375 421
21965.1328125 1440
22014.8828125 2337
22044.21484375 2531
22160.41796875 18
22227.962890625 29
22329.1484375 31
22343.666015625 104
22376.576171875 274
22713.80078125 321
22764.08203125 370
22785.89453125 375
22800.955078125 562
22928.017578125 914
22928.82421875 944
22936.06640625 1672
22950.09375 1684
23014.17578125 1825
23045.3671875 1846
23195.974609375 1960
23214.31640625 1976
23215.14453125 2006
23243.857421875 2319
23278.4921875 2405
23390.314453125 2550
23454.423828125 2606
23558.7890625 2768
23845.33203125 1081
23869.787109375 1780
24031.06640625 16
24041.60546875 28
24135.9765625 125
24135.9765625 212
24262.123046875 265
24351.71484375 295
24607.455078125 360
24640.26953125 364
24740.68359375 937
24920.212890625 1077
24962.302734375 1101
25381.333984375 1241
25505.75390625 1243
25585.4140625 1307
25849.578125 1343
25895.1015625 1404
26050.724609375 1418
26298.826171875 1585
26402.673828125 1719
26440.87890625 1822
26739.490234375 2009
26937.98828125 2164
27280.52734375 2214
28430.560546875 2250
31248.357421875 2263
32305.056640625 2342
32456.7421875 2359
33029.8515625 2547
