4174.306640625 1282
4497.412109375 488
4568.36474609375 869
4784.7646484375 2059
4844.41455078125 787
5160.0712890625 904
5210.41259765625 137
5218.7294921875 275
5514.70068359375 328
5562.25927734375 333
5575.6689453125 392
5600.033203125 407
5636.9150390625 489
5737.63134765625 680
5879.61474609375 1022
6041.619140625 1290
6151.58642578125 1358
6247.5400390625 1607
6280.9931640625 1653
6281.73095703125 2024
6282.12353515625 2184
6296.6484375 2221
6396.908203125 2394
6419.31787109375 2427
6551.9755859375 2517
6692.55419921875 2655
7113.28857421875 2704
7115.83447265625 2900
7148.13134765625 2946
7204.220703125 459
7229.12353515625 1446
7424.0517578125 87
7450.6513671875 251
7737.67041015625 527
7805.7734375 529
7946.6259765625 625
8147.47314453125 641
8210.1953125 693
8237.08203125 873
8298.490234375 881
8335.2861328125 928
8378.2958984375 1133
8587.873046875 1283
8643.4375 1318
8644.36328125 1346
8670.162109375 1417
8698.1962890625 1720
8819.9931640625 1987
8924.3740234375 2226
8928.6904296875 2296
9024.8828125 2515
9097.6640625 2572
9188.708984375 2669
9353.77734375 2728
9362.123046875 2734
9383.791015625 2746
9398.3330078125 2852
9441.1982421875 2866
9638.8984375 2915
9706.193359375 2949
9835.8046875 377
9964.154296875 2281
9968.205078125 160
9993.068359375 1
10039.8916015625 425
10133.23828125 446
10144.017578125 800
10195.900390625 918
10393.5126953125 953
10403.755859375 985
10499.052734375 986
10556.005859375 1008
10660.9619140625 1043
10672.6083984375 1270
10744.8486328125 1317
10857.6396484375 1435
10959.2490234375 1548
10965.189453125 1606
11013.521484375 1661
11048.80859375 1712
11176.4609375 2010
11183.4775390625 2088
11258.966796875 2365
11264.544921875 2410
11267.6953125 2414
11300.5791015625 2482
11304.0859375 2560
11369.462890625 2781
11407.388671875 2820
11410.986328125 997
11438.59375 1781
11455.8037109375 81
11463.1103515625 229
11561.9755859375 440
11628.25 548
11750.740234375 611
11772.478515625 826
11827.474609375 834
11939.08984375 848
11976.92578125 871
11990.423828125 893
11993.109375 1231
12078.560546875 1256
12102.53125 1315
12102.611328125 1458
12151.6552734375 1550
12302.619140625 1671
12336.720703125 1711
12448.2724609375 1815
12457.49609375 1893
12478.853515625 2312
12660.7666015625 2324
12739.7197265625 2385
12760.552734375 2447
12799.669921875 2562
12887.37890625 2610
12925.58984375 2622
12925.58984375 2853
12929.919921875 2924
12934.7109375 2927
13013.7509765625 2239
13062.2734375 1362
13089.3662109375 1926
13138.0478515625 2997
13169.361328125 254
13250.0361328125 388
13316.880859375 465
13363.810546875 498
13399.982421875 520
13421.75390625 962
13476.3349609375 981
13497.466796875 1156
13497.91015625 1652
13509.6171875 2205
13513.140625 2339
13565.892578125 2417
13570.888671875 2494
13580.3857421875 2687
13611.884765625 1122
13615.986328125 1670
13630.4775390625 264
13672.0263671875 2173
13723.75 1646
13728.4169921875 2396
13735.3671875 49
13748.75 189
13842.380859375 261
13862.4580078125 263
13887.84765625 430
13891.6298828125 831
13892.439453125 899
13899.15625 1123
13921.94140625 1169
13950.0185546875 1350
13969.7919921875 1405
13982.294921875 1512
14032.06640625 1750
14067.771484375 1769
14159.83984375 1908
14175.9306640625 1966
14216.1201171875 1982
14251.0859375 1993
14277.693359375 2094
14285.9658203125 2126
14285.974609375 2141
14320.412109375 2171
14330.8125 2174
14358.548828125 2177
14359.369140625 2237
14392.59375 2367
14462.9697265625 2536
14464.302734375 2542
14472.9189453125 2582
14480.244140625 2675
14510.703125 2703
14526.08203125 1873
14538.19140625 2107
14574.4150390625 1281
14599.640625 455
14673.8330078125 470
14691.005859375 902
14714.07421875 926
14755.171875 967
14760.8603515625 1104
14767.890625 1225
14812.0732421875 1286
14834.125 1506
14869.2041015625 1516
14876.970703125 1599
14913.47265625 1779
14943.4921875 1848
14985.0078125 1867
14986.3359375 1883
14987.5029296875 2063
15066.8291015625 2210
15099.1591796875 2246
15107.2705078125 2285
15198.435546875 2361
15216.6005859375 2686
15291.4384765625 2700
15308.28515625 88
15345.7392578125 586
15353.6376953125 136
15440.8466796875 1471
15440.9404296875 226
15478.6513671875 296
15488.80859375 1197
15502.51171875 1666
15506.228515625 2511
15508.076171875 101
15614.2177734375 215
15655.1650390625 549
15678.583984375 550
15703.2529296875 573
15726.9453125 1136
15727.8779296875 1199
15773.111328125 1530
15776.5205078125 1581
15797.6689453125 1640
15801.337890625 1688
15824.3466796875 1968
15857.98828125 2526
15875.283203125 2571
15885.3544921875 2983
15889.283203125 1787
15952.857421875 602
15966.189453125 1146
15988.677734375 253
15997.8642578125 342
16001.2314453125 843
16023.2978515625 1233
16051.837890625 1335
16054.0615234375 1394
16070.97265625 1737
16071.59375 1784
16102.8916015625 1950
16110.595703125 2025
16138.2744140625 2473
16143.748046875 2518
16166.5361328125 999
16169.65625 1056
16205.6865234375 1900
16218.1572265625 1304
16254.0244140625 1326
16315.26171875 2967
16350.6376953125 1329
16353.0751953125 50
16376.908203125 318
16405.369140625 389
16419.0546875 478
16517.234375 491
16539.33984375 580
16541.822265625 599
16551.771484375 890
16561.5234375 896
16581.587890625 909
16613.69921875 919
16622.265625 995
16640.302734375 1273
16664.58984375 1342
16674.103515625 1430
16674.587890625 1495
16685.962890625 1568
16765.8515625 1583
16776.388671875 1764
16776.388671875 1774
16813.76953125 2065
16830.232421875 2117
16841.60546875 2181
16882.54296875 2268
16887.384765625 2465
16929.44921875 2664
16935.037109375 2760
16945.84765625 2764
16963.55078125 2938
16977.875 2943
16992.779296875 1860
17002.32421875 2880
17025.939453125 1333
17039.955078125 2631
17040.259765625 146
17066.14453125 1538
17067.310546875 21
17067.5625 34
17075.041015625 200
17083.412109375 288
17117.880859375 336
17125.005859375 385
17132.94140625 517
17135.947265625 546
17162.169921875 609
17206.779296875 614
17225.365234375 683
17226.921875 686
17228.009765625 769
17230.982421875 1097
17252.23046875 1221
17256.552734375 1322
17264.00390625 1359
17294.794921875 1376
17305.35546875 1686
17305.35546875 1854
17309.1484375 2513
17317.86328125 2553
17325.857421875 2650
17330.357421875 2672
17343.95703125 2911
17344.314453125 78
17351.642578125 2713
17355.169921875 2800
17363.435546875 2651
17384.322265625 2970
17408.521484375 1045
17412.515625 1068
17442.353515625 2078
17443.8828125 884
17447.955078125 886
17466.13671875 1028
17488.833984375 1845
17496.134765625 1932
17508.6171875 2489
17508.767578125 90
17523.939453125 153
17536.171875 240
17540.23828125 256
17595.4453125 531
17595.55078125 644
17644.548828125 706
17695.89453125 775
17706.935546875 1163
17712.890625 1483
17760.763671875 2114
17770.646484375 2379
17786.427734375 2424
17789.71875 2433
17793.5 2435
17794.2421875 2442
17800.75390625 2683
17803.2109375 2811
17817.19140625 2176
17841.298828125 169
17852.16015625 2207
17864.509765625 1144
17882.94140625 2180
17894.07421875 73
17896.99609375 663
17902.2890625 677
17903.62890625 756
17908.765625 925
17910.22265625 927
17919.07421875 946
17942.083984375 996
17960.55859375 1141
17962.484375 1202
17978.580078125 1251
18003.30078125 1457
18004.3359375 1502
18013.787109375 1591
18026.19921875 1733
18078.556640625 1735
18110.296875 1919
18141.7109375 1933
18151.96484375 1955
18168.076171875 2002
18182.90234375 2335
18188.044921875 2341
18190.080078125 2565
18195.974609375 2695
18200.00390625 2763
18211.173828125 2840
18212.931640625 2422
18268.765625 1020
18276.125 640
18278.515625 59
18322.642578125 177
18342.998046875 191
18344.203125 575
18376.880859375 687
18397.1953125 934
18455.84765625 1119
18456.4765625 1529
18467.017578125 1697
18492.16796875 1810
18494.96875 1831
18495.556640625 2354
18503.36328125 2528
18508.291015625 2679
18532.8359375 2712
18541.537109375 2747
18599.814453125 2809
18628.24609375 2821
18642.328125 2842
18740.70703125 2860
18780.240234375 2906
18797.95703125 2994
18804.390625 186
18879.091796875 223
18894.638671875 1594
18901.689453125 410
18946.69921875 631
18983.447265625 132
19013.35546875 2576
19014.806640625 1408
19027.923828125 1339
19044.322265625 22
19044.322265625 45
19047.3671875 300
19050.90234375 812
19050.92578125 922
19063.056640625 947
19064.185546875 975
19064.865234375 1001
19077.56640625 1095
19081.671875 1275
19087.07421875 1664
19090.31640625 1708
19095.166015625 1763
19127.220703125 1766
19130.84375 1889
19134.287109375 2077
19148.22265625 2082
19158.015625 2131
19165.578125 2315
19175.0078125 2317
19182.333984375 2409
19190.724609375 2608
19212.83203125 2616
19231.84765625 2649
19240.61328125 2819
19255.88671875 2862
19271.625 1164
19281.390625 2213
19312.482421875 1050
19320.59765625 979
19334.91796875 1562
19351.0859375 1597
19351.67578125 2334
19368.666015625 587
19394.16796875 630
19420.751953125 777
19424.94140625 1012
19463.38671875 1064
19474.28125 1082
19484.943359375 1462
19495.142578125 1501
19501.70703125 1654
19543.705078125 1800
19545.779296875 2656
19569.396484375 2884
19584.986328125 1416
19598.40625 1575
19601.99609375 2889
19602.501953125 445
19619.84375 30
19637.609375 2484
19644.853515625 38
19648.240234375 40
19649.087890625 76
19663.595703125 77
19674.96875 108
19686.201171875 164
19696.06640625 211
19706.166015625 225
19759.72265625 376
19773.8359375 437
19799.373046875 510
19810.0859375 646
19818.587890625 671
19822.083984375 738
19830.267578125 770
19830.62109375 1434
19831.61328125 1610
19832.953125 1662
19842.681640625 1709
19863.58203125 1998
19871.998046875 2166
19874.162109375 2220
19890.90234375 2238
19923.2578125 2255
19939.88671875 2345
19945.58203125 2510
19961.14453125 2581
19962.17578125 2607
19965.689453125 2807
19983.55078125 1015
20079.587890625 1984
20118.671875 1258
20126.1484375 2555
20133.107421875 1147
20147.072265625 865
20161.6640625 939
20170.953125 1497
20203.498046875 2630
20228.994140625 2752
20229.083984375 457
20232.359375 309
20241.18359375 316
20249.220703125 483
20268.984375 484
20272.28125 633
20291.916015625 1026
20294.732421875 1036
20295.701171875 1176
20303.802734375 1423
20311.79296875 1485
20314.72265625 1590
20318.35546875 1702
20331.978515625 1759
20347.50390625 1818
20347.984375 1958
20399.80078125 1963
20469.166015625 1977
20476.453125 2053
20481.701171875 2056
20485.73046875 2125
20486.240234375 2304
20496.744140625 2356
20503.814453125 2477
20510.78125 2533
20536.072265625 2732
20544.556640625 2948
20546.55859375 1601
20549.833984375 2256
20565.9921875 2104
20575.169921875 284
20590.939453125 182
20595.28515625 916
20614.029296875 1667
20692.384765625 1852
20722.697265625 727
20723.021484375 2036
20727.13671875 2772
20771.537109375 130
20774.931640625 219
20778.875 394
20787.998046875 405
20796.166015625 634
20869.125 856
20876.62109375 983
20878.53125 1117
20908.564453125 1386
20960.396484375 1791
20978.60546875 1991
20988.904296875 2060
20991.40625 2215
21034.48046875 2314
21046.224609375 2440
21069.4765625 2467
21101.146484375 2618
21105.8515625 2648
21121.1640625 2694
21125.2109375 1772
21148.875 818
21155.66796875 2907
21158.359375 660
21163.51171875 1168
21183.8671875 1145
21189.40234375 1476
21189.427734375 1618
21219.46484375 655
21232.509765625 1592
21242.76953125 2120
21252.357421875 2557
21254.125 112
21258.189453125 350
21271.697265625 356
21318.6171875 448
21321.884765625 1500
21322.01953125 1526
21354.291015625 1587
21358.54296875 1881
21366.130859375 1943
21369.94921875 1962
21420.744140625 1995
21423.1953125 2075
21429.984375 2118
21441.908203125 2309
21448.8515625 2418
21466.736328125 2516
21484.25390625 2588
21592.107421875 2605
21603.865234375 2623
21647.609375 2937
21664.26953125 1005
21689.474609375 110
21691.80078125 2360
21752.796875 121
21762.462890625 1046
21783.25390625 298
21806.51953125 372
21817.134765625 492
21817.37109375 752
21854.494140625 838
21858.4453125 903
21875.16796875 1034
21897.58203125 1128
21916.515625 1187
21921.943359375 1437
21949.439453125 1488
21968.037109375 1534
21970.61328125 1657
21972.533203125 1678
21992.42578125 1824
22002.216796875 1826
22027.267578125 1941
22044.78125 1997
22059.35546875 2318
22065.06640625 2327
22111.837890625 2362
22128.98046875 2404
22143.7734375 2453
22179.115234375 2458
22216.21484375 2496
22230.7421875 2696
22232.7578125 2722
22236.970703125 2796
22251.939453125 2584
22257.009765625 2872
22269.552734375 2589
22286.435546875 2135
22288.07421875 1802
22293.41796875 1853
22295.171875 1892
22296.265625 1580
22302.365234375 25
22311.537109375 72
22328.880859375 343
22332.076171875 710
22382.02734375 755
22405.1875 885
22408.248046875 1683
22409.857421875 1776
22418.357421875 1972
22430.759765625 2047
22473.72265625 2138
22474.7109375 2185
22475.470703125 2344
22503.6171875 2545
22504.05078125 2573
22512.734375 2855
22580.095703125 2159
22591.966796875 1067
22594.958984375 371
22640.259765625 243
22647.955078125 1301
22648.83984375 311
22662.375 426
22675.07421875 648
22703.654296875 720
22704.08203125 792
22717.43359375 940
22730.03125 1006
22767.478515625 1032
22792.9375 1160
22828.298828125 1189
22842.056640625 2183
22852.544921875 2190
22879.5078125 2301
22917.234375 1459
22932.732421875 1649
22933.12109375 353
22944.560546875 2706
22961.01171875 1511
22967.294921875 1778
23065.623046875 329
23088.09765625 731
23100.49609375 1400
23134.625 2070
23155.947265625 1480
23165.54296875 1714
23168.40625 249
23178.869140625 94
23203.49609375 2823
23214.96484375 471
23292.705078125 473
23307.38671875 747
23307.38671875 915
23315.888671875 921
23328.033203125 993
23367.1171875 1072
23400.990234375 1415
23412.458984375 1541
23447.703125 1746
23450.42578125 1949
23529.60546875 2079
23598.86328125 2219
23661.63671875 2258
23688.490234375 2413
23718.69921875 2628
23730.7890625 2828
23733.447265625 2903
23750.041015625 2996
23760.625 204
23768.8984375 1247
23771.7265625 1410
23775.21875 1888
23784.69140625 1214
23789.09375 1658
23795.947265625 2587
23797.12890625 380
23846.2890625 688
23895.75 1761
23920.09765625 66
23923.5859375 127
23931.439453125 179
23938.0390625 855
23962.19140625 1198
24024.30859375 1250
24040.966796875 1507
24045.529296875 1558
24053.986328125 2007
24101.390625 2092
24134.814453125 2231
24142.443359375 2384
24157.830078125 2457
24176.38671875 2544
24230.2578125 2717
24327.556640625 2774
24341.90234375 2794
24377.16015625 2909
24384.267578125 972
24410.7890625 1138
24423.43359375 1442
24427.064453125 1137
24429.36328125 102
24444.15234375 667
24452.09765625 1935
24515.603515625 2352
24552.435546875 2887
24577.41796875 427
24645.154296875 1533
24652.205078125 170
24661.673828125 262
24665.0390625 306
24668.279296875 596
24677.919921875 805
24679.7578125 849
24690.564453125 850
24712.64453125 965
24730.087890625 976
24757.451171875 1058
24822.78125 1403
24841.951171875 1645
24855.359375 1999
24868.25390625 2292
24871.666015625 2392
24871.95703125 2403
24873.603515625 2497
24873.603515625 2524
24937.287109375 2601
24942.728515625 2652
24970.46875 2657
25004.6171875 2761
25024.298828125 2839
25037.47265625 2939
25041.75390625 2984
25054.201171875 1027
25079.30859375 622
25087.619140625 417
25098.01953125 450
25243.91796875 690
25369.220703125 969
25390.662109375 982
25394.015625 1040
25437.123046875 1078
25475.826171875 1083
25479.240234375 1382
25485.71484375 1391
25507.8359375 1486
25549.966796875 1503
25655.90625 1547
25714.1171875 1561
25805.24609375 1965
25884.654296875 2026
25905.82421875 2066
25923.943359375 2182
25949.732421875 2245
25976.37109375 2460
25991.9375 2466
25999.375 2540
26019.65234375 2593
26034.994140625 2632
26051.078125 2753
26072.091796875 2759
26094.05859375 2793
26099.20703125 2925
26109.900390625 2152
26119.80859375 762
26136.658203125 2757
26145.326171875 37
26286.2578125 1624
26341.38671875 1271
26375.240234375 2370
26381.666015625 2895
26440.58984375 2411
26527.330078125 67
26536.12890625 150
26623.0390625 171
26654.435546875 195
26659.6796875 363
26745.0546875 522
26761.353515625 657
26784.048828125 701
26873.013671875 760
26892.83984375 811
26949.087890625 874
26990.548828125 875
27001.73046875 1002
27052.716796875 1007
27064.9765625 1023
27144.119140625 1356
27189.1015625 1378
27285.724609375 1489
27312.1953125 1629
27347.720703125 2721
27392.572265625 2032
27405.744140625 2259
27494.1640625 771
27573.0078125 1543
27604.296875 2241
27620.248046875 1964
27657.501953125 1625
27666.810546875 2693
27689.171875 222
27718.17578125 258
27757.390625 281
27822.806640625 506
27856.681640625 582
27875.09375 724
27956.283203125 879
27996.962890625 1003
28027.619140625 1171
28109.400390625 1182
28128.80078125 1588
28179.80859375 1685
28221.068359375 1758
28242.662109375 2300
28342.333984375 2310
28433.7578125 2705
28446.53515625 2845
28460.015625 2916
28480.998046875 1811
28716.107421875 2701
28882.833984375 421
28949.9609375 1440
28965.501953125 2337
29140.166015625 2531
29205.751953125 18
29242.515625 29
29301.91015625 31
29308.38671875 104
29378.796875 274
29450.41015625 321
29471.8828125 370
29474.796875 375
29605.80078125 562
29657.0625 914
29738.09375 944
29790.29296875 1672
29824.84765625 1684
29856.603515625 1825
29991.248046875 1846
30294.3671875 1960
30325.34765625 1976
30353.98828125 2006
30452.19921875 2319
30508.70703125 2405
30520.2890625 2550
30710.984375 2606
30790.857421875 2768
30952.673828125 1081
30955.12109375 1780
31028.1015625 16
31066.193359375 28
31253.26171875 125
31566.751953125 212
31569.26953125 265
31925.12890625 295
31959.57421875 360
31998.5 364
32039.384765625 937
32198.646484375 1077
32306.759765625 1101
32307.80859375 1241
32540.6796875 1243
32567.083984375 1307
33570.61328125 1343
33651.47265625 1404
34110.12890625 1418
35496.68359375 1585
35741.2421875 1719
35962.01953125 1822
36000.421875 2009
36276.0 2164
36988.32421875 2214
37177.89453125 2250
37336.55859375 2263
38043.45703125 2342
38316.55078125 2359
38499.3203125 2547
