408.1644287109375 1137
771.5798950195312 102
826.8759155273438 667
1100.61376953125 1935
1105.5711669921875 2352
1262.177001953125 2887
1532.64453125 427
1740.775634765625 1533
1791.212890625 170
1960.6845703125 262
2119.05419921875 306
2136.090576171875 596
2175.84130859375 805
2383.977783203125 849
2470.37939453125 850
2557.82373046875 965
2566.64892578125 976
2569.087890625 1058
2754.3583984375 1403
2781.303466796875 1645
2939.6650390625 1999
3131.060791015625 2292
3197.095703125 2392
3252.50048828125 2403
3265.213134765625 2497
3303.099365234375 2524
3632.833984375 2601
3674.65185546875 2652
3704.682373046875 2657
3730.748046875 2761
3907.2626953125 2839
3907.2626953125 2939
4042.129150390625 2984
4049.998291015625 1446
4175.63427734375 87
4217.50537109375 251
4412.9775390625 527
4563.52734375 529
4567.0556640625 625
4690.01220703125 641
4739.291015625 693
4748.55712890625 873
4809.22802734375 881
4889.46875 928
4920.51806640625 1133
5056.96875 1283
5074.7783203125 1318
5227.5087890625 1346
5793.8720703125 1417
5849.5166015625 1720
5926.05322265625 1987
6484.02783203125 2226
6566.98388671875 2296
6587.8759765625 2515
6605.44140625 2572
6622.8974609375 2669
6625.2001953125 2728
6677.859375 2734
7378.95849609375 2746
7545.609375 2852
7571.931640625 2866
7658.2265625 2915
7665.8876953125 2949
7843.35693359375 377
7863.146484375 2281
8017.166015625 160
8296.9013671875 1
8321.970703125 425
8419.1650390625 446
8513.0908203125 800
8872.85546875 918
8923.201171875 953
8926.5712890625 985
8974.6806640625 986
8999.521484375 1008
9037.8828125 1043
9161.0146484375 1270
9192.9267578125 1317
9210.0224609375 1435
9210.130859375 1548
9318.8203125 1606
9335.666015625 1661
9352.9609375 1712
9473.0263671875 2010
9741.712890625 2088
9755.6064453125 2365
9804.353515625 2410
9823.830078125 2414
9861.79296875 2482
9917.0400390625 2560
9976.2099609375 2781
9977.779296875 2820
10125.421875 997
10193.8134765625 1781
10225.46875 81
10341.6591796875 229
10392.162109375 440
10445.564453125 548
10481.1748046875 611
10481.908203125 826
10507.4833984375 834
10743.904296875 848
10808.2392578125 871
10826.31640625 893
11012.2353515625 1231
11066.177734375 1256
11164.2939453125 1315
11180.103515625 1458
11219.56640625 1550
11251.267578125 1671
11303.0869140625 1711
11312.673828125 1815
11394.0302734375 1893
11413.33203125 2312
11420.6328125 2324
11456.951171875 2385
11521.396484375 2447
11552.3720703125 2562
11562.9306640625 2610
11711.5341796875 2622
11753.0146484375 2853
11764.3076171875 2924
11929.0791015625 2927
12022.1689453125 2239
12088.396484375 1362
12111.6201171875 1926
12292.587890625 2997
12429.7255859375 254
12430.060546875 388
12434.2666015625 465
12547.765625 498
12550.1025390625 520
12552.08984375 962
12591.54296875 981
12600.9677734375 1156
12617.0810546875 1652
12639.7958984375 2205
12644.853515625 2339
12659.72265625 2417
12665.3515625 2494
12678.611328125 2687
12727.4091796875 1122
12731.4248046875 1670
12786.4931640625 264
12866.267578125 2173
12912.517578125 1646
13002.849609375 2396
13025.7177734375 49
13078.658203125 189
13200.650390625 261
13296.38671875 263
13320.7470703125 430
13366.98828125 831
13458.26171875 899
13486.5888671875 1123
13530.291015625 1169
13534.845703125 1350
13586.607421875 1405
13591.1708984375 1512
13593.8857421875 1750
13615.2421875 1769
13620.9248046875 1908
13630.0283203125 1966
13647.9697265625 1982
13702.1806640625 1993
13723.21484375 2094
13725.43359375 2126
13737.8564453125 2141
13766.38671875 2171
13779.3076171875 2174
13816.28125 2177
13833.3994140625 2237
13842.818359375 2367
13844.5546875 2536
13865.8798828125 2542
13877.9404296875 2582
13945.90625 2675
13960.9375 2703
13970.669921875 1873
13977.810546875 2107
13986.982421875 1281
14041.3662109375 455
14076.357421875 470
14081.83984375 902
14101.76953125 926
14132.841796875 967
14155.103515625 1104
14262.7177734375 1225
14274.8046875 1286
14304.263671875 1506
14315.498046875 1516
14365.0126953125 1599
14376.240234375 1779
14424.564453125 1848
14443.0986328125 1867
14456.0634765625 1883
14460.2724609375 2063
14463.328125 2210
14491.0146484375 2246
14516.751953125 2285
14535.3466796875 2361
14569.05859375 2686
14579.9453125 2700
14596.8515625 88
14641.06640625 586
14641.08984375 136
14664.1455078125 1471
14691.37890625 226
14708.0986328125 296
14712.2490234375 1197
14735.857421875 1666
14756.0361328125 2511
14781.306640625 101
14815.740234375 215
14823.57421875 549
14868.7890625 550
14869.73046875 573
14884.5390625 1136
14891.767578125 1199
14904.169921875 1530
14911.66796875 1581
14948.6171875 1640
14954.09375 1688
14956.7587890625 1968
14972.6708984375 2526
15024.7001953125 2571
15060.2294921875 2983
15070.638671875 1787
15074.552734375 602
15090.615234375 1146
15101.6484375 253
15103.1005859375 342
15128.2822265625 843
15138.541015625 1233
15140.0810546875 1335
15186.01171875 1394
15191.40625 1737
15202.6865234375 1784
15224.3212890625 1950
15227.0693359375 2025
15251.3779296875 2473
15338.8310546875 2518
15358.1484375 999
15365.595703125 1056
15368.8779296875 1900
15377.822265625 1304
15413.37890625 1326
15430.447265625 2967
15478.3076171875 1329
15523.853515625 50
15595.73046875 318
15608.4521484375 389
15658.013671875 478
15725.623046875 491
15749.091796875 580
15769.046875 599
15779.1005859375 890
15807.5458984375 896
15836.5517578125 909
15855.447265625 919
15860.0556640625 995
15867.8671875 1273
15977.1796875 1342
15997.7265625 1430
16012.6337890625 1495
16022.6103515625 1568
16045.0517578125 1583
16054.7353515625 1764
16065.126953125 1774
16068.212890625 2065
16080.78515625 2117
16132.21484375 2181
16189.19921875 2268
16191.927734375 2465
16211.9541015625 2664
16248.1962890625 2760
16253.806640625 2764
16263.6015625 2938
16278.1474609375 2943
16284.2197265625 1860
16294.3046875 2880
16318.5703125 1333
16340.1298828125 2631
16383.87109375 146
16387.390625 1538
16391.244140625 21
16395.7421875 34
16433.3359375 200
16441.15234375 288
16459.17578125 336
16468.0 385
16480.75390625 517
16487.111328125 546
16490.455078125 609
16501.548828125 614
16518.056640625 683
16520.412109375 686
16536.95703125 769
16540.140625 1097
16546.810546875 1221
16572.5078125 1322
16583.1015625 1359
16598.5234375 1376
16606.16015625 1686
16607.208984375 1854
16629.8046875 2513
16631.416015625 2553
16658.205078125 2650
16665.02734375 2672
16666.1953125 2911
16682.9296875 78
16693.0234375 2713
16700.203125 2800
16746.099609375 2651
16763.947265625 2970
16768.12109375 1045
16813.509765625 1068
16820.623046875 2078
16856.755859375 884
16872.623046875 886
16887.296875 1028
16931.654296875 1845
16948.529296875 1932
17017.76953125 2489
17096.2265625 90
17104.4375 153
17130.2109375 240
17149.708984375 256
17149.783203125 531
17168.580078125 644
17181.03515625 706
17207.033203125 775
17245.685546875 1163
17247.447265625 1483
17258.7421875 2114
17272.39453125 2379
17286.80859375 2424
17309.814453125 2433
17401.349609375 2435
17402.052734375 2442
17486.9609375 2683
17510.748046875 2811
17563.79296875 2176
17571.87890625 169
17582.529296875 2207
17598.01171875 1144
17609.267578125 2180
17703.265625 73
17704.474609375 663
17710.197265625 677
17713.2890625 756
17722.021484375 925
17727.22265625 927
17736.666015625 946
17749.42578125 996
17757.689453125 1141
17784.11328125 1202
17790.322265625 1251
17796.462890625 1457
17810.404296875 1502
17816.453125 1591
17825.66796875 1733
17838.830078125 1735
17889.822265625 1919
17901.318359375 1933
17903.08984375 1955
17927.5859375 2002
17944.251953125 2335
17972.533203125 2341
17976.841796875 2565
18003.49609375 2695
18014.431640625 2763
18018.283203125 2840
18046.453125 2422
18050.630859375 1020
18128.6953125 640
18150.052734375 59
18161.349609375 177
18169.98046875 191
18207.12109375 575
18212.736328125 687
18223.876953125 934
18230.828125 1119
18251.728515625 1529
18262.65234375 1697
18265.251953125 1810
18313.482421875 1831
18325.306640625 2354
18334.56640625 2528
18335.029296875 2679
18347.708984375 2712
18355.3359375 2747
18382.556640625 2809
18386.03125 2821
18387.240234375 2842
18404.068359375 2860
18421.89453125 2906
18469.4140625 2994
18492.2109375 186
18517.740234375 223
18533.828125 1594
18540.671875 410
18554.337890625 631
18560.3359375 132
18560.3359375 2576
18574.40234375 1282
18584.41796875 488
18591.4921875 869
18629.92578125 2059
18630.2734375 787
18658.71484375 904
18659.470703125 137
18660.09375 275
18666.916015625 328
18672.6484375 333
18715.66796875 392
18744.3359375 407
18762.75390625 489
18763.119140625 680
18781.625 1022
18815.34765625 1290
18831.439453125 1358
18835.92578125 1607
18858.611328125 1653
18865.404296875 2024
18869.40234375 2184
18884.138671875 2221
18908.76171875 2394
18930.2421875 2427
18938.736328125 2517
18940.228515625 2655
18971.13671875 2704
18977.5625 2900
18978.84765625 2946
18981.548828125 459
18987.4140625 1408
19006.09765625 1339
19018.771484375 22
19030.095703125 45
19056.296875 300
19079.04296875 812
19079.30078125 922
19084.947265625 947
19091.314453125 975
19092.640625 1001
19097.8203125 1095
19173.625 1275
19189.25390625 1664
19204.435546875 1708
19211.609375 1763
19234.3671875 1766
19238.705078125 1889
19244.85546875 2077
19264.16796875 2082
19266.1796875 2131
19288.552734375 2315
19288.962890625 2317
19319.154296875 2409
19326.244140625 2608
19331.544921875 2616
19338.33984375 2649
19365.2265625 2819
19384.49609375 2862
19405.87890625 1164
19424.25 2213
19442.51953125 1050
19449.6015625 979
19451.802734375 1562
19470.859375 1597
19497.453125 2334
19499.064453125 587
19503.072265625 630
19533.22265625 777
19539.234375 1012
19569.30078125 1064
19574.322265625 1082
19614.541015625 1462
19624.248046875 1501
19646.900390625 1654
19652.232421875 1800
19683.197265625 2656
19687.23046875 2884
19689.310546875 1416
19692.296875 1575
19727.796875 2889
19737.0625 445
19740.34375 30
19753.017578125 2484
19768.810546875 38
19792.15625 40
19798.56640625 76
19804.69921875 77
19827.056640625 108
19828.86328125 164
19858.884765625 211
19934.25390625 225
19946.828125 376
19955.580078125 437
19969.0625 510
19990.931640625 646
20009.33203125 671
20024.439453125 738
20024.439453125 770
20024.7578125 1434
20052.8359375 1610
20066.505859375 1662
20066.552734375 1709
20067.486328125 1998
20071.205078125 2166
20073.052734375 2220
20092.66796875 2238
20131.880859375 2255
20141.021484375 2345
20143.978515625 2510
20162.978515625 2581
20165.822265625 2607
20165.84375 2807
20168.421875 1015
20183.8046875 1984
20223.484375 1258
20234.705078125 2555
20237.853515625 1147
20254.61328125 865
20257.09765625 939
20267.673828125 1497
20347.92578125 2630
20348.75 2752
20357.833984375 457
20358.083984375 309
20367.37109375 316
20396.9609375 483
20411.0390625 484
20411.37890625 633
20458.23828125 1026
20460.306640625 1036
20483.369140625 1176
20483.369140625 1423
20491.341796875 1485
20497.91015625 1590
20512.095703125 1702
20518.5859375 1759
20540.283203125 1818
20540.283203125 1958
20552.126953125 1963
20554.72265625 1977
20564.3828125 2053
20575.033203125 2056
20588.787109375 2125
20589.00390625 2304
20602.314453125 2356
20631.201171875 2477
20634.09765625 2533
20647.302734375 2732
20652.158203125 2948
20672.83203125 1601
20673.625 2256
20702.783203125 2104
20728.9921875 284
20729.041015625 182
20742.341796875 916
20753.818359375 1667
20772.96484375 1852
20777.9296875 727
20782.271484375 2036
20782.677734375 2772
20786.111328125 130
20842.56640625 219
20848.333984375 394
20853.384765625 405
20867.166015625 634
20875.462890625 856
20882.0 983
20896.671875 1117
20914.70703125 1386
20928.599609375 1791
20941.69921875 1991
20942.650390625 2060
20945.451171875 2215
20955.580078125 2314
20979.1953125 2440
20993.951171875 2467
20999.341796875 2618
21043.50390625 2648
21050.9921875 2694
21105.478515625 1772
21122.09765625 818
21132.162109375 2907
21187.875 660
21189.22265625 1168
21190.517578125 1145
21223.69140625 1476
21240.29296875 1618
21251.64453125 655
21252.14453125 1592
21283.232421875 2120
21295.552734375 2557
21295.552734375 112
21308.32421875 350
21447.42578125 356
21457.697265625 448
21463.4375 1500
21480.146484375 1526
21491.6875 1587
21516.8046875 1881
21527.35546875 1943
21582.759765625 1962
21634.609375 1995
21646.353515625 2075
21649.224609375 2118
21657.2109375 2309
21668.619140625 2418
21688.044921875 2516
21689.744140625 2588
21692.0390625 2605
21693.35546875 2623
21696.625 2937
21731.76953125 1005
21731.884765625 110
21740.560546875 2360
21743.94921875 121
21749.255859375 1046
21749.44140625 298
21790.859375 372
21804.267578125 492
21805.37109375 752
21836.154296875 838
21877.490234375 903
21877.822265625 1034
21891.814453125 1128
21896.404296875 1187
21901.33984375 1437
21909.541015625 1488
21942.513671875 1534
21984.8671875 1657
21987.326171875 1678
21998.859375 1824
22011.166015625 1826
22025.62109375 1941
22031.119140625 1997
22042.94921875 2318
22047.8828125 2327
22050.89453125 2362
22050.89453125 2404
22086.759765625 2453
22114.962890625 2458
22151.884765625 2496
22160.224609375 2696
22171.806640625 2722
22187.80078125 2796
22202.046875 2584
22226.8984375 2872
22247.638671875 2589
22275.017578125 2135
22294.185546875 1802
22304.4453125 1853
22318.0859375 1892
22318.0859375 1580
22337.68359375 25
22367.998046875 72
22427.869140625 343
22480.73828125 710
22497.78125 755
22508.68359375 885
22550.20703125 1683
22598.755859375 1776
22612.09375 1972
22622.41015625 2047
22637.986328125 2138
22658.171875 2185
22673.375 2344
22729.119140625 2545
22731.78515625 2573
22734.48828125 2855
22808.64453125 2159
22822.193359375 1067
22825.55859375 371
22868.3359375 243
22898.943359375 1301
22926.673828125 311
22946.07421875 426
22956.46875 648
22958.03515625 720
22958.751953125 792
23010.24609375 940
23013.66015625 1006
23020.86328125 1032
23050.796875 1160
23058.744140625 1189
23073.470703125 2183
23091.8203125 2190
23103.6796875 2301
23106.640625 1459
23108.66015625 1649
23192.68359375 353
23196.0625 2706
23218.99609375 1511
23242.931640625 1778
23246.56640625 329
23287.81640625 731
23298.478515625 1400
23367.71875 2070
23395.2734375 1480
23403.125 1714
23434.8828125 249
23489.796875 94
23512.255859375 2823
23514.369140625 471
23546.53515625 473
23560.1796875 747
23576.369140625 915
23615.53125 921
23623.08984375 993
23643.603515625 1072
23643.970703125 1415
23672.462890625 1541
23682.572265625 1746
23686.15625 1949
23708.65625 2079
23711.572265625 2219
23713.66015625 2258
23730.57421875 2413
23740.30859375 2628
23757.037109375 2828
23784.234375 2903
23804.30859375 2996
23817.19140625 204
23886.984375 1247
23887.05859375 1410
23923.03125 1888
23938.34765625 1214
23994.28515625 1658
24047.875 2587
24053.15625 380
24116.04296875 688
24161.1484375 1761
24179.638671875 66
24184.3984375 127
24238.689453125 179
24270.31640625 855
24277.517578125 1198
24296.412109375 1250
24328.794921875 1507
24371.3671875 1558
24411.37890625 2007
24428.966796875 2092
24435.1328125 2231
24452.490234375 2384
24496.99609375 2457
24525.15234375 2544
24605.0 2717
24612.27734375 2774
24627.91796875 2794
24651.7421875 2909
24696.1875 972
24714.84765625 1138
24763.921875 1442
24771.517578125 1027
24797.1171875 622
24800.224609375 417
24827.921875 450
24834.447265625 690
24870.9453125 969
24951.65234375 982
25132.08984375 1040
25143.23828125 1078
25253.12109375 1083
25282.39453125 1382
25310.06640625 1391
25411.9140625 1486
25419.470703125 1503
25425.05078125 1547
25450.146484375 1561
25453.626953125 1965
25455.87109375 2026
25471.720703125 2066
25553.21484375 2182
25570.5703125 2245
25573.103515625 2460
25622.310546875 2466
25719.064453125 2540
25723.458984375 2593
25738.5078125 2632
25785.783203125 2753
25797.671875 2759
25900.3984375 2793
25909.158203125 2925
25920.03125 2152
25963.287109375 762
25969.455078125 2757
25982.677734375 37
25993.744140625 1624
26027.66796875 1271
26048.359375 2370
26049.46484375 2895
26080.951171875 2411
26147.142578125 67
26147.4765625 150
26147.734375 171
26161.740234375 195
26183.99609375 363
26222.62109375 522
26273.48046875 657
26317.28515625 701
26427.541015625 760
26437.501953125 811
26449.173828125 874
26504.291015625 875
26513.177734375 1002
26660.767578125 1007
26665.884765625 1023
26692.89453125 1356
26711.14453125 1378
26758.072265625 1489
26786.04296875 1629
26908.498046875 2721
26929.939453125 2032
27008.216796875 2259
27033.341796875 771
27084.7109375 1543
27097.69921875 2241
27158.322265625 1964
27291.830078125 1625
27298.087890625 2693
27318.900390625 222
27346.45703125 258
27367.951171875 281
27393.89453125 506
27443.79296875 582
27629.357421875 724
27698.146484375 879
27713.8046875 1003
27741.51953125 1171
27800.859375 1182
27849.84765625 1588
28054.3203125 1685
28066.40234375 1758
28069.697265625 2300
28105.080078125 2310
28168.513671875 2705
28212.75 2845
28215.16796875 2916
28239.47265625 1811
28281.390625 2701
28330.00390625 421
28379.9921875 1440
28384.875 2337
28414.16796875 2531
28455.576171875 18
28721.32421875 29
28927.068359375 31
28965.322265625 104
29034.94921875 274
29185.484375 321
29216.64453125 370
29371.53125 375
29493.48046875 562
29533.609375 914
29679.357421875 944
29688.53125 1672
29690.462890625 1684
29690.6015625 1825
29802.658203125 1846
29861.203125 1960
30026.986328125 1976
30250.341796875 2006
30288.314453125 2319
30324.392578125 2405
30328.982421875 2550
30449.83984375 2606
30451.53125 2768
30470.71875 1081
30588.0234375 1780
30635.474609375 16
30658.423828125 28
30730.3515625 125
30853.40234375 212
31148.92578125 265
31171.380859375 295
31174.962890625 360
31180.232421875 364
31276.8203125 937
31380.3046875 1077
31394.951171875 1101
31432.2265625 1241
31573.634765625 1243
31655.0703125 1307
31692.16796875 1343
31715.796875 1404
31763.162109375 1418
31885.630859375 1585
31916.232421875 1719
32040.400390625 1822
32324.2890625 2009
33484.26171875 2164
33593.43359375 2214
33908.859375 2250
34719.7265625 2263
38127.27734375 2342
39859.890625 2359
40065.8359375 2547
