3452.738037109375 1282
3985.401611328125 488
4132.87255859375 869
4284.6708984375 2059
4750.119140625 787
4833.2861328125 904
4845.50390625 137
4869.1171875 275
4894.08642578125 328
4895.17236328125 333
4964.4658203125 392
5004.1630859375 407
5009.431640625 489
5092.79443359375 680
5166.779296875 1022
5198.42529296875 1290
5317.4072265625 1358
5338.083984375 1607
5413.7939453125 1653
5574.57275390625 2024
5779.9365234375 2184
5844.0595703125 2221
5861.1083984375 2394
5973.4345703125 2427
5988.3544921875 2517
6019.4140625 2655
6036.404296875 2704
6133.6953125 2900
6172.6259765625 2946
6231.451171875 459
6257.1884765625 1446
6275.177734375 87
6295.8173828125 251
6331.3447265625 527
6385.087890625 529
6416.8359375 625
6423.11669921875 641
6457.0537109375 693
6565.5 873
6667.71044921875 881
6736.9775390625 928
6793.86767578125 1133
6907.3046875 1283
6965.41162109375 1318
7037.1650390625 1346
7069.890625 1417
7141.22998046875 1720
7360.9814453125 1987
7367.3056640625 2226
7399.416015625 2296
7405.1826171875 2515
7472.49267578125 2572
7530.126953125 2669
7644.80615234375 2728
7650.17578125 2734
7690.10595703125 2746
7724.74072265625 2852
7755.962890625 2866
7791.6181640625 2915
7944.9482421875 2949
7991.90234375 377
8010.265625 2281
8155.01220703125 160
8156.09130859375 1
8157.296875 425
8182.95556640625 446
8217.76171875 800
8255.5048828125 918
8333.1787109375 953
8333.1787109375 985
8387.623046875 986
8404.0244140625 1008
8408.1650390625 1043
8422.580078125 1270
8469.111328125 1317
8496.1318359375 1435
8510.8798828125 1548
8528.365234375 1606
8571.8203125 1661
8578.45703125 1712
8583.279296875 2010
8642.9228515625 2088
8666.662109375 2365
8689.984375 2410
8751.515625 2414
8764.9677734375 2482
8813.8994140625 2560
8843.22265625 2781
8852.345703125 2820
8854.6611328125 997
8926.779296875 1781
8984.41796875 81
9002.103515625 229
9081.3671875 440
9081.8359375 548
9110.8779296875 611
9126.9404296875 826
9157.7529296875 834
9186.2685546875 848
9227.302734375 871
9230.337890625 893
9286.87109375 1231
9315.1630859375 1256
9374.412109375 1315
9412.6865234375 1458
9412.8798828125 1550
9430.935546875 1671
9439.5830078125 1711
9471.4375 1815
9472.5205078125 1893
9502.4912109375 2312
9513.111328125 2324
9535.068359375 2385
9535.5654296875 2447
9537.853515625 2562
9573.400390625 2610
9588.5400390625 2622
9607.48828125 2853
9672.314453125 2924
9693.7314453125 2927
9704.955078125 2239
9719.869140625 1362
9757.0400390625 1926
9785.37109375 2997
9786.4228515625 254
9798.171875 388
9798.2470703125 465
9803.529296875 498
9814.4892578125 520
9849.703125 962
9852.7001953125 981
9863.8408203125 1156
9973.810546875 1652
9997.5166015625 2205
10010.265625 2339
10044.755859375 2417
10059.294921875 2494
10103.84375 2687
10111.15625 1122
10112.904296875 1670
10118.98046875 264
10193.0830078125 2173
10206.9384765625 1646
10223.787109375 2396
10262.8876953125 49
10288.0712890625 189
10293.3115234375 261
10344.6630859375 263
10373.7958984375 430
10386.728515625 831
10421.552734375 899
10434.6630859375 1123
10449.2470703125 1169
10454.1142578125 1350
10479.0146484375 1405
10481.40234375 1512
10510.2529296875 1750
10510.529296875 1769
10605.560546875 1908
10632.7978515625 1966
10654.390625 1982
10663.4921875 1993
10665.9287109375 2094
10676.146484375 2126
10689.6279296875 2141
10694.7568359375 2171
10725.2060546875 2174
10727.61328125 2177
10729.478515625 2237
10753.6015625 2367
10756.07421875 2536
10763.39453125 2542
10767.0166015625 2582
10768.1591796875 2675
10795.197265625 2703
10796.36328125 1873
10798.8857421875 2107
10808.603515625 1281
10822.4375 455
10822.7158203125 470
10882.294921875 902
10915.08203125 926
10953.916015625 967
10963.7490234375 1104
10969.2705078125 1225
11028.693359375 1286
11032.81640625 1506
11039.1201171875 1516
11059.4736328125 1599
11095.4892578125 1779
11110.453125 1848
11115.85546875 1867
11125.7353515625 1883
11130.4873046875 2063
11151.630859375 2210
11152.8359375 2246
11158.6708984375 2285
11184.4580078125 2361
11258.650390625 2686
11282.412109375 2700
11290.85546875 88
11297.833984375 586
11304.083984375 136
11338.20703125 1471
11342.341796875 226
11342.53515625 296
11349.3125 1197
11361.8671875 1666
11386.59375 2511
11399.638671875 101
11429.5224609375 215
11434.91015625 549
11437.9208984375 550
11438.5869140625 573
11443.890625 1136
11445.7255859375 1199
11445.888671875 1530
11492.9404296875 1581
11508.17578125 1640
11526.130859375 1688
11546.072265625 1968
11557.3408203125 2526
11584.484375 2571
11598.9990234375 2983
11657.623046875 1787
11659.0458984375 602
11669.724609375 1146
11697.3935546875 253
11716.521484375 342
11722.9072265625 843
11750.369140625 1233
11753.2861328125 1335
11768.8427734375 1394
11775.1064453125 1737
11794.8701171875 1784
11815.439453125 1950
11820.560546875 2025
11825.1298828125 2473
11835.427734375 2518
11851.6552734375 999
11863.05078125 1056
11874.5478515625 1900
11894.6943359375 1304
11922.73828125 1326
11952.0419921875 2967
11969.1796875 1329
11972.7412109375 50
11977.7236328125 318
12019.2724609375 389
12019.583984375 478
12058.642578125 491
12064.443359375 580
12069.0546875 599
12098.3193359375 890
12105.4091796875 896
12110.583984375 909
12115.322265625 919
12116.4208984375 995
12181.1083984375 1273
12194.03125 1342
12215.8359375 1430
12257.421875 1495
12287.724609375 1568
12290.662109375 1583
12303.80078125 1764
12322.130859375 1774
12325.7626953125 2065
12334.34765625 2117
12335.0546875 2181
12343.1943359375 2268
12350.7060546875 2465
12351.1640625 2664
12369.49609375 2760
12408.943359375 2764
12457.650390625 2938
12477.970703125 2943
12482.2080078125 1860
12485.466796875 2880
12505.41796875 1333
12512.7841796875 2631
12515.751953125 146
12520.0107421875 1538
12521.9267578125 21
12568.3212890625 34
12586.4765625 200
12587.025390625 288
12611.994140625 336
12614.5146484375 385
12629.1923828125 517
12635.826171875 546
12673.1171875 609
12685.0634765625 614
12706.1767578125 683
12723.060546875 686
12786.5068359375 769
12790.802734375 1097
12800.2900390625 1221
12804.1962890625 1322
12806.025390625 1359
12809.517578125 1376
12825.7109375 1686
12834.9248046875 1854
12840.1904296875 2513
12889.9365234375 2553
12895.91015625 2650
12902.6650390625 2672
12903.7412109375 2911
12915.4013671875 78
12927.9013671875 2713
12930.138671875 2800
12930.138671875 2651
12935.349609375 2970
12952.611328125 1045
12962.818359375 1068
12968.361328125 2078
12983.873046875 884
12987.7607421875 886
12995.939453125 1028
13084.5888671875 1845
13094.396484375 1932
13096.328125 2489
13100.533203125 90
13104.1240234375 153
13113.248046875 240
13123.888671875 256
13150.16796875 531
13150.193359375 644
13151.353515625 706
13159.08203125 775
13163.697265625 1163
13170.5498046875 1483
13189.681640625 2114
13213.18359375 2379
13226.11328125 2424
13258.052734375 2433
13260.669921875 2435
13265.6142578125 2442
13269.46875 2683
13296.1396484375 2811
13298.6064453125 2176
13364.138671875 169
13405.7080078125 2207
13424.4140625 1144
13442.265625 2180
13446.2919921875 73
13447.296875 663
13448.9658203125 677
13458.67578125 756
13477.6376953125 925
13482.6435546875 927
13503.384765625 946
13537.77734375 996
13541.4912109375 1141
13551.5390625 1202
13573.84765625 1251
13574.166015625 1457
13653.96875 1502
13664.115234375 1591
13665.2568359375 1733
13665.2568359375 1735
13668.9111328125 1919
13685.197265625 1933
13693.484375 1955
13701.0869140625 2002
13715.158203125 2335
13718.8544921875 2341
13724.087890625 2565
13740.8076171875 2695
13759.1865234375 2763
13781.4638671875 2840
13793.0458984375 2422
13806.28125 1020
13828.1298828125 640
13832.853515625 59
13841.619140625 177
13850.171875 191
13866.80078125 575
13870.044921875 687
13875.6904296875 934
13887.953125 1119
13888.1435546875 1529
13901.83984375 1697
13944.33984375 1810
13945.8759765625 1831
13946.212890625 2354
13952.009765625 2528
13990.55859375 2679
14011.65625 2712
14026.1396484375 2747
14070.55078125 2809
14134.423828125 2821
14148.681640625 2842
14171.2353515625 2860
14181.41015625 2906
14186.076171875 2994
14209.7998046875 186
14240.7998046875 223
14259.5 1594
14259.7958984375 410
14259.7958984375 631
14269.4443359375 132
14273.6884765625 2576
14319.7490234375 1408
14329.0087890625 1339
14332.107421875 22
14346.5966796875 45
14354.6640625 300
14356.271484375 812
14368.1240234375 922
14403.029296875 947
14403.2314453125 975
14428.9375 1001
14440.7216796875 1095
14460.6552734375 1275
14464.048828125 1664
14528.0478515625 1708
14552.044921875 1763
14586.9853515625 1766
14594.427734375 1889
14612.3193359375 2077
14625.3916015625 2082
14630.525390625 2131
14676.90625 2315
14678.568359375 2317
14688.18359375 2409
14714.1171875 2608
14733.5537109375 2616
14745.037109375 2649
14773.685546875 2819
14780.7451171875 2862
14807.1103515625 1164
14812.53125 2213
14825.4775390625 1050
14841.2255859375 979
14843.0390625 1562
14878.8359375 1597
14906.453125 2334
14915.5634765625 587
14943.498046875 630
14992.4111328125 777
15007.7900390625 1012
15012.3486328125 1064
15020.333984375 1082
15027.783203125 1462
15056.4296875 1501
15061.3466796875 1654
15062.09765625 1800
15067.7548828125 2656
15080.7216796875 2884
15097.14453125 1416
15100.203125 1575
15114.5947265625 2889
15132.505859375 445
15156.8740234375 30
15165.91015625 2484
15181.14453125 38
15182.86328125 40
15192.3662109375 76
15202.322265625 77
15218.01953125 108
15236.9677734375 164
15301.05859375 211
15301.27734375 225
15310.9580078125 376
15316.5166015625 437
15316.7333984375 510
15318.671875 646
15342.37890625 671
15344.4306640625 738
15353.49609375 770
15381.8994140625 1434
15432.8623046875 1610
15495.9267578125 1662
15507.009765625 1709
15510.0224609375 1998
15513.2529296875 2166
15558.748046875 2220
15562.59765625 2238
15567.5107421875 2255
15601.453125 2345
15627.171875 2510
15659.943359375 2581
15669.6083984375 2607
15671.2998046875 2807
15674.849609375 1015
15685.0166015625 1984
15711.328125 1258
15722.52734375 2555
15725.9169921875 1147
15728.5576171875 865
15776.9931640625 939
15795.6064453125 1497
15835.970703125 2630
15864.2890625 2752
15871.1181640625 457
15871.1416015625 309
15873.2275390625 316
15873.2275390625 483
15881.171875 484
15886.380859375 633
15953.8173828125 1026
15979.56640625 1036
15988.025390625 1176
15995.2490234375 1423
16000.216796875 1485
16022.337890625 1590
16025.556640625 1702
16037.8037109375 1759
16039.470703125 1818
16087.9072265625 1958
16089.6044921875 1963
16116.021484375 1977
16142.9853515625 2053
16178.546875 2056
16213.630859375 2125
16221.611328125 2304
16229.9482421875 2356
16232.056640625 2477
16248.322265625 2533
16252.6806640625 2732
16257.4716796875 2948
16269.99609375 1601
16275.8203125 2256
16287.3857421875 2104
16313.6572265625 284
16339.7060546875 182
16344.1162109375 916
16344.7451171875 1667
16365.7958984375 1852
16375.662109375 727
16378.755859375 2036
16390.025390625 2772
16408.201171875 130
16420.12890625 219
16424.935546875 394
16450.640625 405
16468.12109375 634
16487.029296875 856
16490.998046875 983
16501.45703125 1117
16504.8359375 1386
16506.884765625 1791
16526.701171875 1991
16533.0390625 2060
16540.103515625 2215
16545.48828125 2314
16548.283203125 2440
16557.759765625 2467
16574.640625 2618
16585.26171875 2648
16591.1015625 2694
16600.5 1772
16619.92578125 818
16629.986328125 2907
16645.1328125 660
16681.08203125 1168
16683.80078125 1145
16707.4453125 1476
16708.728515625 1618
16727.140625 655
16729.88671875 1592
16738.34765625 2120
16738.67578125 2557
16744.623046875 112
16779.537109375 350
16785.2734375 356
16785.2734375 448
16785.3125 1500
16790.953125 1526
16806.734375 1587
16872.72265625 1881
16910.1875 1943
16929.4765625 1962
16949.98828125 1995
16983.048828125 2075
16998.681640625 2118
17021.017578125 2309
17054.060546875 2418
17059.23046875 2516
17090.90234375 2588
17096.2734375 2605
17102.90625 2623
17131.115234375 2937
17137.666015625 1005
17139.67578125 110
17164.5078125 2360
17165.904296875 121
17168.671875 1046
17168.671875 298
17179.767578125 372
17216.953125 492
17221.201171875 752
17221.38671875 838
17225.181640625 903
17239.021484375 1034
17266.830078125 1128
17274.033203125 1187
17310.6015625 1437
17325.544921875 1488
17333.908203125 1534
17338.720703125 1657
17369.193359375 1678
17391.763671875 1824
17403.79296875 1826
17482.0 1941
17492.037109375 1997
17500.638671875 2318
17503.388671875 2327
17507.564453125 2362
17509.93359375 2404
17512.123046875 2453
17531.94140625 2458
17558.021484375 2496
17564.875 2696
17582.435546875 2722
17603.53125 2796
17608.896484375 2584
17612.89453125 2872
17622.103515625 2589
17642.95703125 2135
17654.4921875 1802
17659.865234375 1853
17691.390625 1892
17694.28125 1580
17726.681640625 25
17730.564453125 72
17734.166015625 343
17736.681640625 710
17751.28515625 755
17773.671875 885
17773.890625 1683
17778.48828125 1776
17779.42578125 1972
17846.181640625 2047
17855.822265625 2138
17878.5703125 2185
17886.02734375 2344
17898.3046875 2545
17911.9921875 2573
17959.775390625 2855
17961.857421875 2159
17966.556640625 1067
17969.640625 371
17993.681640625 243
18010.1953125 1301
18019.119140625 311
18023.5703125 426
18070.044921875 648
18078.095703125 720
18081.28515625 792
18092.765625 940
18111.833984375 1006
18118.546875 1032
18121.373046875 1160
18134.115234375 1189
18153.361328125 2183
18155.01171875 2190
18174.06640625 2301
18177.8984375 1459
18199.568359375 1649
18204.46484375 353
18213.140625 2706
18229.951171875 1511
18266.73828125 1778
18277.28125 329
18298.490234375 731
18331.158203125 1400
18383.130859375 2070
18383.802734375 1480
18387.734375 1714
18394.537109375 249
18413.26171875 94
18450.24609375 2823
18462.259765625 471
18468.953125 473
18499.451171875 747
18506.169921875 915
18513.41796875 921
18549.560546875 993
18557.0546875 1072
18568.40625 1415
18575.5390625 1541
18630.60546875 1746
18663.65625 1949
18676.7109375 2079
18682.361328125 2219
18713.2890625 2258
18724.88671875 2413
18731.845703125 2628
18738.408203125 2828
18753.87890625 2903
18761.607421875 2996
18765.8125 204
18801.314453125 1247
18862.458984375 1410
18864.373046875 1888
18866.107421875 1214
18898.326171875 1658
18911.126953125 2587
18990.677734375 380
18993.10546875 688
19012.630859375 1761
19051.75390625 66
19082.255859375 127
19116.169921875 179
19169.806640625 855
19189.322265625 1198
19194.919921875 1250
19197.751953125 1507
19221.744140625 1558
19245.740234375 2007
19274.216796875 2092
19277.216796875 2231
19300.46484375 2384
19307.345703125 2457
19320.03515625 2544
19339.66015625 2717
19342.505859375 2774
19364.06640625 2794
19388.91796875 2909
19421.8359375 972
19429.875 1138
19430.646484375 1442
19433.40625 1137
19440.923828125 102
19492.97265625 667
19546.95703125 1935
19549.69140625 2352
19565.09375 2887
19578.623046875 427
19589.00390625 1533
19677.875 170
19682.666015625 262
19683.5703125 306
19700.162109375 596
19729.05078125 805
19807.564453125 849
19815.595703125 850
19819.18359375 965
19852.4765625 976
19864.392578125 1058
19879.6015625 1403
19886.529296875 1645
19906.9375 1999
19925.7421875 2292
19934.671875 2392
19950.119140625 2403
19994.783203125 2497
20019.81640625 2524
20034.267578125 2601
20047.142578125 2652
20164.57421875 2657
20171.5 2761
20302.099609375 2839
20376.677734375 2939
20394.41015625 2984
20400.103515625 1027
20409.34765625 622
20420.578125 417
20448.220703125 450
20454.83984375 690
20566.83984375 969
20610.634765625 982
20637.375 1040
20641.291015625 1078
20667.462890625 1083
20726.779296875 1382
20766.138671875 1391
20769.6171875 1486
20771.73046875 1503
20814.36328125 1547
20849.6640625 1561
20887.822265625 1965
20918.857421875 2026
20921.4140625 2066
20922.22265625 2182
20931.1015625 2245
20987.66015625 2460
21008.69140625 2466
21017.259765625 2540
21048.927734375 2593
21084.794921875 2632
21107.744140625 2753
21127.900390625 2759
21148.18359375 2793
21166.958984375 2925
21204.654296875 2152
21225.33984375 762
21225.587890625 2757
21242.791015625 37
21259.982421875 1624
21266.62109375 1271
21276.67578125 2370
21290.3046875 2895
21304.71875 2411
21308.23828125 67
21317.58203125 150
21383.416015625 171
21391.314453125 195
21412.5703125 363
21414.361328125 522
21473.45703125 657
21558.884765625 701
21587.00390625 760
21630.142578125 811
21636.96484375 874
21643.146484375 875
21664.625 1002
21728.310546875 1007
21756.72265625 1023
21829.689453125 1356
21848.56640625 1378
21897.451171875 1489
21939.546875 1629
21951.884765625 2721
21989.07421875 2032
22032.173828125 2259
22066.919921875 771
22085.361328125 1543
22111.568359375 2241
22139.28515625 1964
22194.17578125 1625
22216.728515625 2693
22257.6328125 222
22260.57421875 258
22323.734375 281
22327.19140625 506
22351.5 582
22354.294921875 724
22365.794921875 879
22482.0078125 1003
22488.478515625 1171
22489.353515625 1182
22514.19140625 1588
22514.19140625 1685
22582.515625 1758
22595.021484375 2300
22611.40234375 2310
22613.90234375 2705
22907.814453125 2845
22968.728515625 2916
23031.201171875 1811
23120.90625 2701
23138.859375 421
23220.3203125 1440
23290.736328125 2337
23327.3046875 2531
23377.94921875 18
23404.359375 29
23407.17578125 31
23413.890625 104
23432.18359375 274
23450.4609375 321
23516.708984375 370
23523.03515625 375
23533.8671875 562
23572.66796875 914
23656.28125 944
23669.87890625 1672
23673.28125 1684
23692.583984375 1825
23779.03125 1846
23827.693359375 1960
23889.060546875 1976
23903.5 2006
23962.294921875 2319
24013.734375 2405
24031.888671875 2550
24173.603515625 2606
24239.95703125 2768
24375.13671875 1081
24379.48046875 1780
24402.58203125 16
24410.177734375 28
24441.171875 125
24452.814453125 212
24487.451171875 265
24488.591796875 295
24585.96484375 360
24588.416015625 364
24616.53515625 937
25141.275390625 1077
25581.767578125 1101
25798.353515625 1241
26015.150390625 1243
26288.796875 1307
26301.09765625 1343
26364.529296875 1404
26999.203125 1418
27073.708984375 1585
27129.1640625 1719
27181.02734375 1822
27421.380859375 2009
27553.23828125 2164
27712.515625 2214
27822.509765625 2250
28840.6875 2263
29106.9609375 2342
29455.330078125 2359
29507.953125 2547
