616.940185546875 1282
857.4938354492188 488
859.4988403320312 869
914.792236328125 2059
986.351806640625 787
1008.564697265625 904
1030.7396240234375 137
1071.498291015625 275
1072.7740478515625 328
1135.536865234375 333
1254.755859375 392
1261.484130859375 407
1261.52099609375 489
1275.7987060546875 680
1327.393310546875 1022
1373.1448974609375 1290
1381.03662109375 1358
1419.431396484375 1607
1433.10400390625 1653
1491.6220703125 2024
1511.2393798828125 2184
1511.4189453125 2221
1577.613525390625 2394
1973.23193359375 2427
2234.0390625 2517
2300.6708984375 2655
2410.839599609375 2704
2444.73876953125 2900
2470.9150390625 2946
2617.90625 459
2629.078369140625 1446
2691.063720703125 87
2840.926025390625 251
3047.192138671875 527
3168.4609375 529
3356.43212890625 625
3599.0087890625 641
3620.3466796875 693
3929.215087890625 873
3986.973388671875 881
3992.97216796875 928
4289.66845703125 1133
4307.4169921875 1283
4376.15185546875 1318
4392.265625 1346
4427.3232421875 1417
4496.8408203125 1720
4568.533203125 1987
4668.388671875 2226
4761.400390625 2296
4892.2021484375 2515
4930.00341796875 2572
5100.07568359375 2669
5360.64501953125 2728
5371.53271484375 2734
5375.87890625 2746
5468.23193359375 2852
5761.875 2866
5842.98193359375 2915
5869.37646484375 2949
6043.33349609375 377
6230.5888671875 2281
6233.88916015625 160
6233.88916015625 1
6240.8125 425
6284.4140625 446
6416.23046875 800
6496.82470703125 918
6544.88232421875 953
6620.15869140625 985
6640.3662109375 986
6723.7421875 1008
6798.46826171875 1043
6803.87109375 1270
6881.580078125 1317
6965.36962890625 1435
6967.1357421875 1548
6996.783203125 1606
7045.27880859375 1661
7131.2431640625 1712
7140.26953125 2010
7432.06103515625 2088
7454.138671875 2365
7600.322265625 2410
7666.8115234375 2414
7920.92822265625 2482
7925.5078125 2560
7933.42333984375 2781
7946.26416015625 2820
8136.82421875 997
8161.353515625 1781
8360.2880859375 81
8398.5751953125 229
8404.2431640625 440
8406.859375 548
8504.28515625 611
8599.6748046875 826
8695.8701171875 834
8778.60546875 848
8816.9619140625 871
8839.845703125 893
8966.197265625 1231
9076.5654296875 1256
9099.2001953125 1315
9139.2109375 1458
9143.25 1550
9190.2568359375 1671
9192.21875 1711
9336.34375 1815
9376.5146484375 1893
9457.78125 2312
9558.0654296875 2324
9567.4111328125 2385
9612.7041015625 2447
9613.669921875 2562
9643.646484375 2610
9949.416015625 2622
10262.099609375 2853
10328.681640625 2924
10347.2197265625 2927
10362.9912109375 2239
10374.29296875 1362
10418.572265625 1926
10463.876953125 2997
10551.7333984375 254
10667.7529296875 388
10704.232421875 465
10790.3984375 498
10858.4658203125 520
10908.982421875 962
10927.0244140625 981
10988.798828125 1156
10991.615234375 1652
11010.107421875 2205
11030.87890625 2339
11108.5390625 2417
11124.3515625 2494
11159.5302734375 2687
11177.318359375 1122
11220.640625 1670
11246.576171875 264
11277.5234375 2173
11284.6142578125 1646
11287.1787109375 2396
11315.17578125 49
11315.9140625 189
11426.146484375 261
11448.12890625 263
11459.7353515625 430
11476.9296875 831
11484.25 899
11564.580078125 1123
11591.8447265625 1169
11667.423828125 1350
11675.08984375 1405
11747.232421875 1512
11777.30859375 1750
11806.8232421875 1769
11847.1005859375 1908
11850.0849609375 1966
11933.23828125 1982
11993.365234375 1993
12027.4443359375 2094
12048.28125 2126
12056.796875 2141
12086.2626953125 2171
12087.91015625 2174
12172.43359375 2177
12174.099609375 2237
12192.4111328125 2367
12193.4794921875 2536
12196.4208984375 2542
12225.021484375 2582
12272.9794921875 2675
12318.94140625 2703
12319.8330078125 1873
12342.0703125 2107
12371.56640625 1281
12388.541015625 455
12400.517578125 470
12432.7861328125 902
12433.986328125 926
12470.458984375 967
12493.740234375 1104
12516.345703125 1225
12547.4619140625 1286
12579.931640625 1506
12586.1064453125 1516
12634.693359375 1599
12648.59375 1779
12654.681640625 1848
12763.728515625 1867
12772.7138671875 1883
12793.9501953125 2063
12810.830078125 2210
12813.3984375 2246
12829.49609375 2285
12854.771484375 2361
12866.0 2686
12866.193359375 2700
12917.474609375 88
12923.0078125 586
12936.76953125 136
12950.0009765625 1471
12998.9716796875 226
13029.41015625 296
13030.25390625 1197
13087.080078125 1666
13095.4443359375 2511
13225.1142578125 101
13230.7119140625 215
13231.58984375 549
13276.080078125 550
13281.919921875 573
13288.1357421875 1136
13315.4345703125 1199
13345.390625 1530
13382.185546875 1581
13388.216796875 1640
13397.6171875 1688
13401.8994140625 1968
13405.353515625 2526
13410.2421875 2571
13411.6572265625 2983
13420.0380859375 1787
13474.0 602
13489.7900390625 1146
13504.8037109375 253
13505.5224609375 342
13535.2763671875 843
13540.5986328125 1233
13651.4609375 1335
13657.5546875 1394
13726.513671875 1737
13752.66015625 1784
13785.166015625 1950
13811.3984375 2025
13814.806640625 2473
13822.8994140625 2518
13897.9404296875 999
13901.259765625 1056
13903.478515625 1900
13907.37890625 1304
14100.34765625 1326
14182.685546875 2967
14188.5859375 1329
14204.0146484375 50
14224.0087890625 318
14261.080078125 389
14299.0322265625 478
14367.318359375 491
14375.8095703125 580
14382.900390625 599
14385.193359375 890
14406.279296875 896
14428.677734375 909
14445.1337890625 919
14449.0244140625 995
14468.9248046875 1273
14490.25 1342
14501.5595703125 1430
14513.201171875 1495
14545.44921875 1568
14558.0419921875 1583
14560.734375 1764
14574.482421875 1774
14639.6279296875 2065
14641.150390625 2117
14653.9697265625 2181
14656.734375 2268
14661.9150390625 2465
14663.994140625 2664
14666.267578125 2760
14681.1201171875 2764
14704.423828125 2938
14722.8095703125 2943
14726.5556640625 1860
14730.0439453125 2880
14749.54296875 1333
14789.626953125 2631
14809.2099609375 146
14823.416015625 1538
14877.57421875 21
14900.98046875 34
14906.5263671875 200
14947.70703125 288
14954.15625 336
14965.84375 385
14970.38671875 517
14973.361328125 546
14991.328125 609
15006.0498046875 614
15025.4853515625 683
15030.2880859375 686
15140.119140625 769
15146.24609375 1097
15198.2275390625 1221
15223.7568359375 1322
15233.185546875 1359
15235.359375 1376
15237.4658203125 1686
15273.79296875 1854
15287.2705078125 2513
15300.28125 2553
15300.64453125 2650
15333.998046875 2672
15335.3427734375 2911
15340.935546875 78
15348.66796875 2713
15351.115234375 2800
15371.0341796875 2651
15379.6484375 2970
15389.7734375 1045
15403.564453125 1068
15411.11328125 2078
15411.8115234375 884
15422.716796875 886
15437.5009765625 1028
15462.6357421875 1845
15465.5126953125 1932
15473.33984375 2489
15486.2900390625 90
15492.53125 153
15514.1435546875 240
15528.216796875 256
15529.5205078125 531
15530.15234375 644
15537.625 706
15539.380859375 775
15556.953125 1163
15568.568359375 1483
15618.04296875 2114
15620.6982421875 2379
15660.6533203125 2424
15670.4287109375 2433
15711.38671875 2435
15712.5986328125 2442
15729.724609375 2683
15747.9453125 2811
15751.001953125 2176
15765.00390625 169
15778.375 2207
15798.6943359375 1144
15807.7734375 2180
15825.3115234375 73
15825.9189453125 663
15835.828125 677
15840.8876953125 756
15853.03515625 925
15857.6640625 927
15890.3076171875 946
15951.0166015625 996
16004.1591796875 1141
16017.3125 1202
16017.607421875 1251
16028.7119140625 1457
16099.984375 1502
16131.875 1591
16178.2744140625 1733
16254.7099609375 1735
16264.1650390625 1919
16271.396484375 1933
16312.296875 1955
16315.70703125 2002
16357.279296875 2335
16369.822265625 2341
16379.478515625 2565
16396.646484375 2695
16422.08203125 2763
16472.771484375 2840
16480.677734375 2422
16506.396484375 1020
16515.474609375 640
16523.4453125 59
16529.537109375 177
16532.03515625 191
16560.158203125 575
16597.646484375 687
16627.76953125 934
16686.861328125 1119
16702.2734375 1529
16706.6171875 1697
16731.396484375 1810
16739.703125 1831
16764.271484375 2354
16795.8515625 2528
16832.3828125 2679
16845.76953125 2712
16861.21484375 2747
16870.3671875 2809
16889.9609375 2821
16891.580078125 2842
16918.623046875 2860
16924.0390625 2906
16967.833984375 2994
16969.06640625 186
16977.259765625 223
17007.0078125 1594
17029.95703125 410
17030.150390625 631
17032.787109375 132
17034.923828125 2576
17056.287109375 1408
17122.421875 1339
17177.20703125 22
17216.62109375 45
17229.162109375 300
17230.810546875 812
17264.900390625 922
17269.578125 947
17270.443359375 975
17278.48828125 1001
17289.27734375 1095
17290.42578125 1275
17303.1640625 1664
17309.2421875 1708
17310.55859375 1763
17360.18359375 1766
17368.62890625 1889
17395.037109375 2077
17402.494140625 2082
17414.7734375 2131
17420.36328125 2315
17440.794921875 2317
17521.044921875 2409
17525.318359375 2608
17535.71484375 2616
17539.23828125 2649
17547.44140625 2819
17571.17578125 2862
17591.12890625 1164
17594.00390625 2213
17613.90625 1050
17619.083984375 979
17629.15625 1562
17641.865234375 1597
17677.32421875 2334
17702.8828125 587
17721.83984375 630
17722.31640625 777
17733.751953125 1012
17775.171875 1064
17776.09375 1082
17777.47265625 1462
17794.529296875 1501
17794.82421875 1654
17809.189453125 1800
17851.4921875 2656
17871.830078125 2884
17871.93359375 1416
17875.880859375 1575
17906.716796875 2889
17924.76171875 445
17925.87109375 30
17939.33984375 2484
17984.779296875 38
17993.01171875 40
17996.28515625 76
18011.78515625 77
18029.455078125 108
18029.455078125 164
18043.60546875 211
18044.84765625 225
18076.154296875 376
18089.548828125 437
18136.8828125 510
18140.828125 646
18143.32421875 671
18145.47265625 738
18149.67578125 770
18169.236328125 1434
18169.681640625 1610
18193.99609375 1662
18204.939453125 1709
18281.681640625 1998
18296.48046875 2166
18310.865234375 2220
18424.423828125 2238
18437.6484375 2255
18441.3359375 2345
18445.54296875 2510
18448.896484375 2581
18470.08984375 2607
18500.951171875 2807
18510.359375 1015
18520.73046875 1984
18543.560546875 1258
18572.1015625 2555
18580.71875 1147
18616.1015625 865
18630.5078125 939
18633.58984375 1497
18637.572265625 2630
18677.265625 2752
18691.650390625 457
18708.654296875 309
18769.90234375 316
18784.814453125 483
18790.966796875 484
18796.0390625 633
18812.236328125 1026
18884.048828125 1036
18888.77734375 1176
18908.44140625 1423
18912.62890625 1485
18918.828125 1590
18934.58203125 1702
18940.31640625 1759
18948.37890625 1818
18971.181640625 1958
18972.43359375 1963
18993.9765625 1977
19009.9140625 2053
19012.5546875 2056
19014.33984375 2125
19014.439453125 2304
19033.462890625 2356
19047.92578125 2477
19057.5546875 2533
19083.810546875 2732
19110.099609375 2948
19110.099609375 1601
19116.82421875 2256
19142.833984375 2104
19148.134765625 284
19150.41015625 182
19162.4921875 916
19164.3203125 1667
19244.12109375 1852
19248.078125 727
19275.994140625 2036
19332.01171875 2772
19360.861328125 130
19408.34375 219
19410.26953125 394
19434.455078125 405
19436.72265625 634
19444.357421875 856
19464.390625 983
19477.759765625 1117
19492.943359375 1386
19504.37890625 1791
19522.75 1991
19522.79296875 2060
19589.359375 2215
19616.771484375 2314
19631.20703125 2440
19649.177734375 2467
19655.689453125 2618
19661.9375 2648
19684.072265625 2694
19698.232421875 1772
19706.880859375 818
19714.12109375 2907
19725.501953125 660
19734.880859375 1168
19761.87890625 1145
19790.140625 1476
19811.02734375 1618
19842.6328125 655
19857.064453125 1592
19870.126953125 2120
19887.673828125 2557
19900.9296875 112
19901.11328125 350
19934.294921875 356
19935.421875 448
19941.0859375 1500
19960.90234375 1526
20001.330078125 1587
20014.44140625 1881
20016.328125 1943
20022.3671875 1962
20028.115234375 1995
20060.1875 2075
20089.716796875 2118
20128.765625 2309
20136.22265625 2418
20164.04296875 2516
20245.666015625 2588
20250.96484375 2605
20261.22265625 2623
20262.146484375 2937
20268.6015625 1005
20294.416015625 110
20297.87890625 2360
20298.43359375 121
20298.43359375 1046
20306.720703125 298
20312.900390625 372
20323.072265625 492
20338.697265625 752
20392.169921875 838
20400.806640625 903
20405.705078125 1034
20425.30078125 1128
20465.37890625 1187
20472.783203125 1437
20477.271484375 1488
20483.740234375 1534
20497.62109375 1657
20532.396484375 1678
20599.84375 1824
20602.521484375 1826
20603.34375 1941
20642.8046875 1997
20658.60546875 2318
20739.03125 2327
20744.955078125 2362
20749.26953125 2404
20760.470703125 2453
20780.052734375 2458
20781.966796875 2496
20785.43359375 2696
20810.15625 2722
20818.361328125 2796
20839.748046875 2584
20848.546875 2872
20870.845703125 2589
20878.09375 2135
20915.7734375 1802
20944.25 1853
20946.69921875 1892
20953.4921875 1580
20968.251953125 25
20976.896484375 72
21007.841796875 343
21072.5234375 710
21083.287109375 755
21108.330078125 885
21112.494140625 1683
21137.908203125 1776
21147.970703125 1972
21151.83984375 2047
21175.23828125 2138
21177.568359375 2185
21204.845703125 2344
21214.966796875 2545
21259.755859375 2573
21293.298828125 2855
21306.71875 2159
21333.275390625 1067
21334.19921875 371
21354.515625 243
21398.36328125 1301
21432.12890625 311
21433.083984375 426
21442.75390625 648
21455.78125 720
21461.966796875 792
21466.970703125 940
21485.05859375 1006
21487.134765625 1032
21508.720703125 1160
21517.451171875 1189
21576.146484375 2183
21601.095703125 2190
21606.244140625 2301
21629.126953125 1459
21667.513671875 1649
21740.2890625 353
21781.419921875 2706
21792.44921875 1511
21795.083984375 1778
21804.234375 329
21812.654296875 731
21940.994140625 1400
21954.994140625 2070
21963.798828125 1480
21981.9140625 1714
21995.572265625 249
21998.96484375 94
22059.25 2823
22065.228515625 471
22070.458984375 473
22090.341796875 747
22107.796875 915
22125.599609375 921
22182.595703125 993
22226.203125 1072
22278.21875 1415
22279.21875 1541
22334.197265625 1746
22395.701171875 1949
22424.75390625 2079
22464.287109375 2219
22517.619140625 2258
22526.744140625 2413
22539.794921875 2628
22557.1640625 2828
22568.541015625 2903
22632.91015625 2996
22633.400390625 204
22637.546875 1247
22693.49609375 1410
22730.96484375 1888
22739.7109375 1214
22745.1328125 1658
22840.08203125 2587
22862.84765625 380
22877.158203125 688
22898.705078125 1761
22906.22265625 66
22961.701171875 127
23094.466796875 179
23150.708984375 855
23193.009765625 1198
23255.392578125 1250
23262.91796875 1507
23308.001953125 1558
23474.9609375 2007
23531.30078125 2092
23541.27734375 2231
23546.388671875 2384
23548.251953125 2457
23563.69140625 2544
23580.404296875 2717
23592.310546875 2774
23602.662109375 2794
23615.546875 2909
23641.869140625 972
23689.53125 1138
23701.099609375 1442
23721.001953125 1137
23766.537109375 102
23803.90234375 667
23815.076171875 1935
23816.4375 2352
23823.22265625 2887
23871.494140625 427
23947.126953125 1533
23970.201171875 170
23975.814453125 262
23993.9375 306
24007.45703125 596
24062.505859375 805
24098.34375 849
24108.43359375 850
24160.60546875 965
24176.703125 976
24197.15234375 1058
24201.748046875 1403
24351.03515625 1645
24388.744140625 1999
24411.3671875 2292
24491.23046875 2392
24512.9453125 2403
24529.96484375 2497
24553.109375 2524
24589.828125 2601
24595.87890625 2652
24632.671875 2657
24659.998046875 2761
24671.3671875 2839
24675.013671875 2939
24702.4296875 2984
24714.70703125 1027
24752.82421875 622
24758.302734375 417
24810.634765625 450
24820.888671875 690
24830.63671875 969
24867.4296875 982
24963.498046875 1040
24970.18359375 1078
24970.54296875 1083
24970.54296875 1382
24987.064453125 1391
25056.068359375 1486
25085.8046875 1503
25117.966796875 1547
25145.390625 1561
25148.525390625 1965
25198.837890625 2026
25266.37890625 2066
25268.490234375 2182
25324.17578125 2245
25367.431640625 2460
25379.7578125 2466
25415.98828125 2540
25451.857421875 2593
25470.6484375 2632
25545.259765625 2753
25569.404296875 2759
25660.859375 2793
25704.712890625 2925
25796.271484375 2152
25871.32421875 762
25917.912109375 2757
25929.607421875 37
25938.837890625 1624
25956.365234375 1271
25960.484375 2370
25967.140625 2895
25983.2890625 2411
26000.259765625 67
26006.16796875 150
26023.28125 171
26115.60546875 195
26175.05859375 363
26189.41015625 522
26219.970703125 657
26226.076171875 701
26277.69140625 760
26352.546875 811
26415.337890625 874
26436.859375 875
26477.396484375 1002
26481.6875 1007
26490.060546875 1023
26494.90625 1356
26506.68359375 1378
26514.89453125 1489
26576.322265625 1629
26576.322265625 2721
26690.451171875 2032
26735.453125 2259
26746.125 771
26765.76171875 1543
26783.1171875 2241
26914.802734375 1964
27082.275390625 1625
27108.01953125 2693
27236.94140625 222
27247.53125 258
27331.337890625 281
27354.20703125 506
27386.072265625 582
27409.673828125 724
27436.251953125 879
27559.2421875 1003
27594.56640625 1171
27607.806640625 1182
27745.091796875 1588
27760.40234375 1685
27783.86328125 1758
27820.982421875 2300
27829.2109375 2310
27997.90625 2705
28020.1328125 2845
28037.30078125 2916
28072.125 1811
28072.986328125 2701
28184.49609375 421
28257.603515625 1440
28351.4453125 2337
28356.83203125 2531
28428.142578125 18
28469.26953125 29
28489.8359375 31
28651.712890625 104
28691.67578125 274
28816.408203125 321
28885.224609375 370
28886.37109375 375
29016.513671875 562
29126.08203125 914
29141.076171875 944
29160.0703125 1672
29190.068359375 1684
29228.453125 1825
29339.59375 1846
29614.5703125 1960
29974.29296875 1976
30122.5 2006
30234.85546875 2319
30296.513671875 2405
30362.001953125 2550
30392.0625 2606
30534.796875 2768
30535.419921875 1081
30721.203125 1780
30793.775390625 16
30941.525390625 28
31137.91015625 125
31139.251953125 212
31187.888671875 265
31215.87109375 295
31284.98828125 360
31637.15234375 364
31667.310546875 937
31702.81640625 1077
31816.318359375 1101
31839.169921875 1241
31873.83203125 1243
31986.0859375 1307
32608.5859375 1343
32849.078125 1404
33294.7421875 1418
33409.08984375 1585
33464.796875 1719
33789.6640625 1822
34035.2890625 2009
34157.51953125 2164
34457.21875 2214
34938.20703125 2250
35333.17578125 2263
36121.46875 2342
37072.69921875 2359
38696.0390625 2547
