5103.02587890625 1144
5277.02734375 2180
5330.43798828125 73
5700.98583984375 663
5718.453125 677
5721.017578125 756
5723.21826171875 925
5895.4697265625 927
6000.41259765625 946
6094.658203125 996
6100.001953125 1141
6241.24853515625 1202
6292.87841796875 1251
6326.47021484375 1457
6356.29052734375 1502
6517.2451171875 1591
6522.451171875 1733
6533.7294921875 1735
6562.81982421875 1919
6642.1376953125 1933
6739.7763671875 1955
6769.9921875 2002
6803.4091796875 2335
6826.59814453125 2341
6828.7333984375 2565
6849.27294921875 2695
6854.3515625 2763
6857.66455078125 2840
6889.26220703125 2422
6897.41259765625 1446
7098.9248046875 87
7107.3837890625 251
7119.7373046875 527
7141.7421875 529
7152.8525390625 625
7169.533203125 641
7192.2861328125 693
7312.7421875 873
7354.54296875 881
7453.20166015625 928
7501.935546875 1133
7542.541015625 1283
7640.359375 1318
7656.8955078125 1346
7662.51025390625 1417
7662.51025390625 1720
7752.50048828125 1987
7824.662109375 2226
7832.76123046875 2296
7833.6845703125 2515
7840.40234375 2572
7841.654296875 2669
7863.8095703125 2728
7925.55859375 2734
7949.341796875 2746
7962.01025390625 2852
8062.1640625 2866
8069.8037109375 2915
8096.88818359375 2949
8115.54833984375 377
8177.0576171875 2281
8179.68505859375 160
8187.431640625 1
8193.1806640625 425
8199.814453125 446
8253.8564453125 800
8265.0 918
8340.1435546875 953
8345.80859375 985
8346.033203125 986
8355.185546875 1008
8358.3623046875 1043
8414.263671875 1270
8414.865234375 1317
8440.0341796875 1435
8486.8642578125 1548
8488.9189453125 1606
8491.1181640625 1661
8535.18359375 1712
8566.6455078125 2010
8611.1552734375 2088
8635.650390625 2365
8646.8818359375 2410
8686.2939453125 2414
8689.75390625 2482
8708.443359375 2560
8710.20703125 2781
8726.9111328125 2820
8729.439453125 997
8736.39453125 1781
8762.919921875 81
8779.68359375 229
8791.18359375 440
8791.7861328125 548
8860.171875 611
8875.986328125 826
8884.4052734375 834
8909.8857421875 848
8924.6416015625 871
8929.55078125 893
8954.96484375 1231
8955.5751953125 1256
8955.7861328125 1315
8973.32421875 1458
8989.8427734375 1550
8995.033203125 1671
8997.859375 1711
8997.859375 1815
9031.8271484375 1893
9064.3583984375 2312
9069.71484375 2324
9089.865234375 2385
9129.3203125 2447
9161.42578125 2562
9164.45703125 2610
9231.853515625 2622
9242.9169921875 2853
9255.25 2924
9279.2138671875 2927
9291.70703125 2239
9294.458984375 1362
9321.4931640625 1926
9339.9091796875 2997
9349.7177734375 254
9352.119140625 388
9352.119140625 465
9377.86328125 498
9386.5390625 520
9424.09375 962
9439.5830078125 981
9455.634765625 1156
9468.6376953125 1652
9475.7919921875 2205
9484.3720703125 2339
9514.00390625 2417
9535.6962890625 2494
9548.8671875 2687
9555.361328125 1122
9615.78515625 1670
9628.6865234375 264
9634.744140625 2173
9644.87109375 1646
9652.6337890625 2396
9664.4541015625 49
9691.7265625 189
9719.1181640625 261
9724.220703125 263
9738.212890625 430
9752.900390625 831
9775.416015625 899
9782.51171875 1123
9784.140625 1169
9804.2470703125 1350
9819.4111328125 1405
9829.9501953125 1512
9879.455078125 1750
9885.8369140625 1769
9905.36328125 1908
9905.521484375 1966
9926.3076171875 1982
9933.65625 1993
9936.9462890625 2094
9952.544921875 2126
9959.8115234375 2141
9961.23828125 2171
9968.38671875 2174
9981.9365234375 2177
10003.7861328125 2237
10029.376953125 2367
10056.12109375 2536
10056.12109375 2542
10083.01171875 2582
10087.7333984375 2675
10088.41796875 2703
10117.45703125 1873
10136.95703125 2107
10162.2958984375 1281
10164.853515625 455
10170.4912109375 470
10208.2919921875 902
10213.486328125 926
10219.423828125 967
10225.943359375 1104
10255.7587890625 1225
10275.580078125 1286
10286.744140625 1506
10298.697265625 1516
10304.056640625 1599
10320.5458984375 1779
10341.759765625 1848
10359.404296875 1867
10399.4287109375 1883
10419.724609375 2063
10423.28125 2210
10442.4404296875 2246
10450.96484375 2285
10456.5068359375 2361
10465.8828125 2686
10478.0224609375 2700
10508.3310546875 88
10517.00390625 586
10519.28515625 136
10526.453125 1471
10535.619140625 226
10537.3818359375 296
10540.1650390625 1197
10543.462890625 1666
10547.8134765625 2511
10554.814453125 101
10569.419921875 215
10573.220703125 549
10591.2763671875 550
10593.1083984375 573
10607.7333984375 1136
10612.267578125 1199
10624.2646484375 1530
10663.3818359375 1581
10677.88671875 1640
10681.193359375 1688
10686.4296875 1968
10694.4755859375 2526
10696.267578125 2571
10707.173828125 2983
10718.328125 1787
10718.51953125 602
10719.8935546875 1146
10728.23828125 253
10753.0517578125 342
10765.6396484375 843
10787.27734375 1233
10804.91015625 1335
10811.0146484375 1394
10815.966796875 1737
10820.623046875 1784
10822.2568359375 1950
10830.908203125 2025
10856.259765625 2473
10887.7099609375 2518
10896.564453125 999
10900.525390625 1056
10912.2705078125 1900
10926.044921875 1304
10940.64453125 1326
10941.533203125 2967
10942.52734375 1329
10960.4765625 50
11001.765625 318
11006.7138671875 389
11009.580078125 478
11024.6162109375 491
11039.291015625 580
11063.20703125 599
11070.453125 890
11077.783203125 896
11102.322265625 909
11105.65234375 919
11109.6103515625 995
11114.263671875 1273
11127.3330078125 1342
11140.921875 1430
11149.533203125 1495
11174.6083984375 1568
11175.72265625 1583
11180.548828125 1764
11181.40625 1774
11181.931640625 2065
11216.2216796875 2117
11219.5302734375 2181
11226.29296875 2268
11228.6533203125 2465
11234.3955078125 2664
11235.103515625 2760
11278.0595703125 2764
11318.24609375 2938
11323.056640625 2943
11323.2705078125 1860
11336.255859375 2880
11376.8193359375 1333
11380.806640625 2631
11398.25 146
11406.4345703125 1538
11437.173828125 21
11441.3134765625 34
11455.4833984375 200
11461.1640625 288
11461.2568359375 336
11475.17578125 385
11477.458984375 517
11491.404296875 546
11497.01171875 609
11505.248046875 614
11513.7919921875 683
11515.1826171875 686
11516.5966796875 769
11523.7119140625 1097
11544.59765625 1221
11549.529296875 1322
11583.7109375 1359
11595.7666015625 1376
11596.74609375 1686
11613.1884765625 1854
11615.435546875 2513
11619.39453125 2553
11627.68359375 2650
11635.439453125 2672
11662.43359375 2911
11675.3359375 78
11704.29296875 2713
11716.96484375 2800
11717.8779296875 2651
11724.943359375 2970
11743.4345703125 1045
11761.6484375 1068
11762.0478515625 2078
11769.693359375 884
11772.5146484375 886
11775.6259765625 1028
11781.197265625 1845
11786.380859375 1932
11787.771484375 2489
11791.0986328125 90
11802.2236328125 153
11809.2265625 240
11810.3759765625 256
11813.5654296875 531
11833.27734375 644
11834.1552734375 706
11852.8095703125 775
11855.650390625 1163
11859.404296875 1483
11876.12890625 2114
11878.57421875 2379
11888.140625 2424
11905.8134765625 2433
11909.7158203125 2435
11930.7890625 2442
11933.685546875 2683
11950.7431640625 2811
11953.7998046875 2176
11962.9482421875 169
11969.033203125 2207
11975.908203125 1020
11981.23828125 640
12003.36328125 59
12014.0537109375 177
12015.2548828125 191
12016.0595703125 575
12045.845703125 687
12050.2275390625 934
12050.4990234375 1119
12055.240234375 1529
12058.9140625 1697
12075.66015625 1810
12076.4892578125 1831
12122.18359375 2354
12126.734375 2528
12128.986328125 2679
12143.287109375 2712
12158.5185546875 2747
12159.275390625 2809
12164.6748046875 2821
12174.4375 2842
12182.666015625 2860
12184.4140625 2906
12193.0234375 2994
12212.20703125 186
12230.90625 223
12231.0498046875 1594
12241.7685546875 410
12245.701171875 631
12247.3515625 132
12256.0595703125 2576
12297.51953125 1282
12297.6982421875 488
12301.103515625 869
12303.314453125 2059
12319.490234375 787
12319.5478515625 904
12327.435546875 137
12336.357421875 275
12345.421875 328
12360.6298828125 333
12361.0244140625 392
12379.1220703125 407
12381.685546875 489
12382.8359375 680
12391.97265625 1022
12397.576171875 1290
12400.958984375 1358
12411.1025390625 1607
12414.58203125 1653
12415.453125 2024
12431.943359375 2184
12447.94921875 2221
12452.578125 2394
12458.19140625 2427
12471.990234375 2517
12480.4794921875 2655
12484.490234375 2704
12492.2568359375 2900
12510.015625 2946
12516.033203125 459
12526.29296875 1408
12530.1787109375 1339
12532.1552734375 22
12550.6240234375 45
12555.2275390625 300
12559.701171875 812
12560.0283203125 922
12565.6533203125 947
12577.421875 975
12580.990234375 1001
12588.5791015625 1095
12595.568359375 1275
12601.220703125 1664
12605.140625 1708
12621.6376953125 1763
12629.8046875 1766
12633.21875 1889
12635.2626953125 2077
12636.4658203125 2082
12638.8916015625 2131
12639.2119140625 2315
12639.6728515625 2317
12646.8759765625 2409
12654.208984375 2608
12666.810546875 2616
12681.404296875 2649
12684.603515625 2819
12689.2900390625 2862
12701.23828125 1164
12706.373046875 2213
12745.384765625 1050
12745.7890625 979
12773.6142578125 1562
12777.171875 1597
12783.310546875 2334
12783.3427734375 587
12793.423828125 630
12796.79296875 777
12799.4453125 1012
12801.9189453125 1064
12804.185546875 1082
12805.2783203125 1462
12810.83203125 1501
12814.44140625 1654
12815.4931640625 1800
12832.7353515625 2656
12839.943359375 2884
12863.916015625 1416
12865.3134765625 1575
12867.4892578125 2889
12884.7958984375 445
12889.5009765625 30
12890.7646484375 2484
12896.7958984375 38
12898.818359375 40
12901.0615234375 76
12912.01171875 77
12921.767578125 108
12922.7353515625 164
12924.8369140625 211
12928.05078125 225
12935.4853515625 376
12936.73046875 437
12938.015625 510
12946.60546875 646
12949.669921875 671
12952.5478515625 738
12976.748046875 770
12980.6611328125 1434
12983.64453125 1610
13023.5673828125 1662
13030.7685546875 1709
13036.56640625 1998
13051.40625 2166
13063.72265625 2220
13071.4814453125 2238
13073.400390625 2255
13075.658203125 2345
13124.484375 2510
13146.87109375 2581
13170.712890625 2607
13184.6865234375 2807
13192.8740234375 1015
13199.599609375 1984
13200.087890625 1258
13215.9609375 2555
13217.28125 1147
13220.091796875 865
13248.1689453125 939
13250.779296875 1497
13260.765625 2630
13265.697265625 2752
13270.1376953125 457
13290.740234375 309
13363.2041015625 316
13378.3544921875 483
13394.27734375 484
13409.08203125 633
13410.615234375 1026
13434.328125 1036
13443.47265625 1176
13448.3193359375 1423
13455.408203125 1485
13460.6591796875 1590
13465.5615234375 1702
13493.2666015625 1759
13519.0703125 1818
13521.4091796875 1958
13524.8388671875 1963
13531.5146484375 1977
13531.5146484375 2053
13534.775390625 2056
13536.7109375 2125
13555.083984375 2304
13573.6904296875 2356
13573.8388671875 2477
13581.48046875 2533
13584.193359375 2732
13598.4794921875 2948
13622.6494140625 1601
13624.8515625 2256
13627.689453125 2104
13633.6416015625 284
13648.3310546875 182
13657.326171875 916
13659.1796875 1667
13661.837890625 1852
13692.6650390625 727
13694.353515625 2036
13698.4677734375 2772
13698.5712890625 130
13711.1025390625 219
13719.2529296875 394
13723.02734375 405
13728.697265625 634
13736.4423828125 856
13744.17578125 983
13760.19140625 1117
13764.0908203125 1386
13787.490234375 1791
13790.8427734375 1991
13803.28125 2060
13807.1015625 2215
13820.6396484375 2314
13824.5908203125 2440
13849.064453125 2467
13849.072265625 2618
13851.6259765625 2648
13853.947265625 2694
13860.974609375 1772
13861.2197265625 818
13864.5986328125 2907
13865.4599609375 660
13887.8193359375 1168
13895.421875 1145
13898.21875 1476
13902.2119140625 1618
13904.0302734375 655
13906.0771484375 1592
13928.67578125 2120
13939.09375 2557
13960.736328125 112
13960.736328125 350
13966.701171875 356
14001.552734375 448
14010.1591796875 1500
14018.865234375 1526
14040.6103515625 1587
14045.458984375 1881
14070.4794921875 1943
14098.501953125 1962
14100.9365234375 1995
14118.7861328125 2075
14129.29296875 2118
14134.828125 2309
14135.1201171875 2418
14141.939453125 2516
14145.42578125 2588
14151.4453125 2605
14161.02734375 2623
14171.4453125 2937
14179.6923828125 1005
14184.5107421875 110
14185.9755859375 2360
14193.9794921875 121
14200.95703125 1046
14215.6953125 298
14240.666015625 372
14244.4345703125 492
14264.2080078125 752
14278.8818359375 838
14280.6982421875 903
14285.03125 1034
14285.111328125 1128
14286.955078125 1187
14299.21484375 1437
14312.1513671875 1488
14319.5556640625 1534
14326.2919921875 1657
14335.3203125 1678
14361.8740234375 1824
14379.09765625 1826
14385.8505859375 1941
14385.9140625 1997
14388.318359375 2318
14399.4853515625 2327
14411.322265625 2362
14423.52734375 2404
14425.875 2453
14438.8388671875 2458
14461.02734375 2496
14463.6455078125 2696
14473.40625 2722
14497.58984375 2796
14508.7724609375 2584
14513.8447265625 2872
14514.228515625 2589
14530.6787109375 2135
14552.240234375 1802
14576.0498046875 1853
14616.7275390625 1892
14622.3427734375 1580
14637.009765625 25
14649.38671875 72
14659.158203125 343
14665.4404296875 710
14681.20703125 755
14684.626953125 885
14689.6943359375 1683
14704.68359375 1776
14705.5908203125 1972
14711.259765625 2047
14712.3203125 2138
14719.3671875 2185
14743.19140625 2344
14745.2265625 2545
14764.87109375 2573
14769.794921875 2855
14780.4541015625 2159
14787.033203125 1067
14792.611328125 371
14800.09375 243
14800.7373046875 1301
14802.748046875 311
14805.421875 426
14807.18359375 648
14832.6484375 720
14833.70703125 792
14858.0625 940
14893.0283203125 1006
14896.6962890625 1032
14917.30078125 1160
14920.564453125 1189
14921.2822265625 2183
14940.05078125 2190
14945.6875 2301
14952.8291015625 1459
14957.4375 1649
14998.912109375 353
15008.25390625 2706
15017.5087890625 1511
15024.72265625 1778
15030.21875 329
15050.4111328125 731
15066.4736328125 1400
15072.30859375 2070
15105.8203125 1480
15112.96484375 1714
15122.5966796875 249
15124.775390625 94
15130.90234375 2823
15141.970703125 471
15168.5615234375 473
15170.8642578125 747
15172.03125 915
15222.0732421875 921
15253.7490234375 993
15303.7255859375 1072
15311.306640625 1415
15314.837890625 1541
15335.29296875 1746
15355.28125 1949
15371.416015625 2079
15410.25390625 2219
15414.67578125 2258
15418.1767578125 2413
15423.0283203125 2628
15432.6865234375 2828
15468.279296875 2903
15476.3994140625 2996
15479.51953125 204
15486.35546875 1247
15514.04296875 1410
15533.4921875 1888
15538.947265625 1214
15569.8837890625 1658
15581.18359375 2587
15595.45703125 380
15596.5400390625 688
15603.2978515625 1761
15616.484375 66
15621.060546875 127
15660.994140625 179
15667.96875 855
15675.8369140625 1198
15701.0830078125 1250
15701.7470703125 1507
15702.09375 1558
15756.794921875 2007
15785.546875 2092
15789.3623046875 2231
15797.9140625 2384
15800.7841796875 2457
15885.5634765625 2544
15904.6064453125 2717
15912.1376953125 2774
15935.06640625 2794
15936.578125 2909
15966.2578125 972
15975.994140625 1138
15992.2685546875 1442
16006.666015625 1137
16017.361328125 102
16036.736328125 667
16069.0751953125 1935
16076.0029296875 2352
16080.4755859375 2887
16086.1201171875 427
16102.4111328125 1533
16122.583984375 170
16129.58203125 262
16149.8232421875 306
16164.341796875 596
16193.9384765625 805
16204.75 849
16212.3701171875 850
16225.5078125 965
16250.537109375 976
16257.9228515625 1058
16304.8779296875 1403
16337.5380859375 1645
16343.982421875 1999
16347.39453125 2292
16368.869140625 2392
16457.533203125 2403
16473.83203125 2497
16533.283203125 2524
16566.455078125 2601
16589.947265625 2652
16626.5625 2657
16647.583984375 2761
16666.98828125 2839
16696.28515625 2939
16717.072265625 2984
16727.890625 1027
16733.8125 622
16769.029296875 417
16774.857421875 450
16807.462890625 690
16829.04296875 969
16861.369140625 982
16878.548828125 1040
16899.9375 1078
16924.751953125 1083
16927.037109375 1382
16936.951171875 1391
16994.31640625 1486
16997.15234375 1503
17058.28515625 1547
17058.927734375 1561
17147.51953125 1965
17147.951171875 2026
17181.60546875 2066
17209.80859375 2182
17223.0390625 2245
17249.556640625 2460
17307.65234375 2466
17315.65625 2540
17366.177734375 2593
17375.3046875 2632
17402.27734375 2753
17408.703125 2759
17411.181640625 2793
17425.94140625 2925
17441.5703125 2152
17442.8984375 762
17484.857421875 2757
17522.048828125 37
17555.193359375 1624
17608.8515625 1271
17653.228515625 2370
17676.44921875 2895
17745.208984375 2411
17746.2109375 67
17757.33203125 150
17853.84375 171
17858.779296875 195
17863.57421875 363
17876.7578125 522
17879.77734375 657
17888.828125 701
17892.041015625 760
17896.732421875 811
17954.611328125 874
17980.328125 875
18047.185546875 1002
18091.24609375 1007
18098.8203125 1023
18144.509765625 1356
18147.759765625 1378
18157.09765625 1489
18170.578125 1629
18174.9921875 2721
18177.818359375 2032
18252.373046875 2259
18273.17578125 771
18276.591796875 1543
18294.427734375 2241
18299.73046875 1964
18338.916015625 1625
18338.916015625 2693
18340.783203125 222
18346.208984375 258
18451.134765625 281
18488.51171875 506
18497.001953125 582
18501.052734375 724
18536.7265625 879
18650.1875 1003
18724.740234375 1171
18806.30078125 1182
18823.412109375 1588
18826.080078125 1685
18860.994140625 1758
18911.86328125 2300
18935.974609375 2310
18937.203125 2705
18964.71484375 2845
19004.435546875 2916
19007.341796875 1811
19017.92578125 2701
19079.748046875 421
19098.560546875 1440
19113.8515625 2337
19196.26953125 2531
19324.8203125 18
19484.328125 29
19497.265625 31
19509.30078125 104
19566.337890625 274
19613.671875 321
19696.431640625 370
19752.70703125 375
19777.294921875 562
19892.533203125 914
19907.0703125 944
19924.095703125 1672
20016.267578125 1684
20052.826171875 1825
20075.28515625 1846
20111.35546875 1960
20135.20703125 1976
20182.34765625 2006
20187.25 2319
20204.912109375 2405
20273.609375 2550
20386.49609375 2606
20640.23828125 2768
20656.2734375 1081
20720.96484375 1780
20860.02734375 16
21019.388671875 28
21196.69921875 125
21280.08203125 212
21449.6796875 265
21594.2265625 295
21606.947265625 360
22466.068359375 364
22507.625 937
22534.984375 1077
22562.35546875 1101
22668.7890625 1241
22726.185546875 1243
22764.515625 1307
22848.35546875 1343
23413.587890625 1404
23428.05078125 1418
23611.9140625 1585
23786.21875 1719
23837.119140625 1822
24147.322265625 2009
24639.1015625 2164
25161.18359375 2214
25433.486328125 2250
26327.873046875 2263
26778.34765625 2342
27428.326171875 2359
27972.001953125 2547
