1401.3067626953125 1027
1862.302490234375 622
2133.834228515625 417
2202.725830078125 450
2798.740234375 690
3024.435546875 969
3095.547607421875 982
3598.280029296875 1040
3781.758544921875 1078
3964.90673828125 1083
3986.13671875 1382
4056.0693359375 1391
4067.318359375 1486
4124.44140625 1503
4128.0703125 1547
4138.94775390625 1561
4148.90234375 1965
4167.6005859375 2026
4169.09814453125 2066
4264.46875 2182
4271.6298828125 2245
4292.1630859375 2460
4310.3232421875 2466
4447.4052734375 2540
4451.173828125 2593
4455.13037109375 2632
4527.310546875 2753
4542.2255859375 2759
4677.7021484375 2793
4693.68212890625 2925
4720.04296875 1446
4901.62353515625 87
5006.1884765625 251
5174.705078125 527
5202.154296875 529
5211.6630859375 625
5380.42578125 641
5401.58203125 693
5401.58203125 873
5471.3779296875 881
5638.6689453125 928
5709.1025390625 1133
5858.4228515625 1283
5874.79345703125 1318
5883.3017578125 1346
5906.26171875 1417
5967.80615234375 1720
6051.98583984375 1987
6105.96826171875 2226
6334.4951171875 2296
6361.02978515625 2515
6554.068359375 2572
6706.53515625 2669
6727.90771484375 2728
6792.009765625 2734
6795.7451171875 2746
7053.6416015625 2852
7131.64208984375 2866
7161.61279296875 2915
7273.8134765625 2949
7309.02001953125 377
7314.5751953125 2281
7348.5478515625 160
7453.7685546875 1
7588.6357421875 425
7621.9287109375 446
7628.1103515625 800
7816.10400390625 918
7881.2353515625 953
7949.1796875 985
7971.5146484375 986
8159.978515625 1008
8162.6298828125 1043
8227.72265625 1270
8364.6083984375 1317
8817.5244140625 1435
8832.2177734375 1548
8930.0634765625 1606
8994.1728515625 1661
9033.765625 1712
9059.7509765625 2010
9066.857421875 2088
9067.78515625 2365
9107.505859375 2410
9144.5263671875 2414
9192.583984375 2482
9335.6083984375 2560
9345.4755859375 2781
9362.43359375 2820
9403.6279296875 997
9451.830078125 1781
9480.7138671875 81
9499.0390625 229
9565.1416015625 440
9615.142578125 548
9630.525390625 611
9687.4189453125 826
9697.033203125 834
9709.8154296875 848
9787.8828125 871
9809.8896484375 893
9823.3369140625 1231
9848.8671875 1256
9905.7548828125 1315
9988.587890625 1458
10002.7998046875 1550
10068.095703125 1671
10139.9052734375 1711
10174.458984375 1815
10466.0830078125 1893
10608.611328125 2312
10618.5703125 2324
10621.5439453125 2385
10721.625 2447
10731.2138671875 2562
10739.4638671875 2610
10780.490234375 2622
10828.0478515625 2853
10966.943359375 2924
11057.72265625 2927
11089.93359375 2239
11135.017578125 1362
11139.90234375 1926
11145.82421875 2997
11251.26953125 254
11274.2177734375 388
11384.05859375 465
11456.7021484375 498
11519.447265625 520
11581.5830078125 962
11921.658203125 981
11923.439453125 1156
11989.0224609375 1652
12071.3349609375 2205
12112.27734375 2339
12117.474609375 2417
12159.8974609375 2494
12196.275390625 2687
12282.2861328125 1122
12317.03125 1670
12378.9267578125 264
12405.677734375 2173
12412.58203125 1646
12514.2451171875 2396
12565.2666015625 49
12577.48828125 189
12591.5 261
12651.3125 263
12666.384765625 430
12698.4658203125 831
12733.0576171875 899
12787.998046875 1123
12828.6982421875 1169
12897.9462890625 1350
12969.916015625 1405
12996.6162109375 1512
13045.685546875 1750
13153.896484375 1769
13177.7802734375 1908
13232.8740234375 1966
13238.7197265625 1982
13334.0 1993
13423.7470703125 2094
13486.708984375 2126
13498.875 2141
13522.3271484375 2171
13550.0244140625 2174
13560.482421875 2177
13572.37109375 2237
13607.875 2367
13668.01953125 2536
13670.21875 2542
13772.578125 2582
13830.6318359375 2675
13857.5361328125 2703
13859.6826171875 1873
13881.33203125 2107
13898.517578125 1281
13924.396484375 455
13924.396484375 470
13952.544921875 902
13956.2041015625 926
13956.9794921875 967
14055.8515625 1104
14066.2451171875 1225
14114.6484375 1286
14126.9482421875 1506
14149.625 1516
14169.515625 1599
14178.837890625 1779
14178.837890625 1848
14185.8115234375 1867
14217.419921875 1883
14221.83203125 2063
14275.5927734375 2210
14361.8603515625 2246
14383.24609375 2285
14384.7646484375 2361
14387.0439453125 2686
14397.43359375 2700
14412.9951171875 88
14439.49609375 586
14443.021484375 136
14464.892578125 1471
14490.45703125 226
14506.779296875 296
14527.26953125 1197
14533.5078125 1666
14570.6171875 2511
14570.9453125 101
14589.041015625 215
14621.625 549
14691.4091796875 550
14710.814453125 573
14714.982421875 1136
14729.5283203125 1199
14737.80859375 1530
14752.697265625 1581
14812.8203125 1640
14833.9892578125 1688
14849.80859375 1968
14942.3271484375 2526
14958.966796875 2571
14960.2421875 2983
14962.41796875 1787
14966.7578125 602
14981.9189453125 1146
15004.130859375 253
15006.0498046875 342
15006.3203125 843
15032.33984375 1233
15038.70703125 1335
15101.29296875 1394
15107.30078125 1737
15110.556640625 1784
15117.302734375 1950
15135.2958984375 2025
15137.83203125 2473
15154.8271484375 2518
15220.2041015625 999
15256.5869140625 1056
15258.802734375 1900
15271.361328125 1304
15298.548828125 1326
15361.8330078125 2967
15405.76953125 1329
15407.658203125 50
15421.6357421875 318
15422.08203125 389
15430.61328125 478
15431.494140625 491
15455.9404296875 580
15511.3720703125 599
15575.171875 890
15619.4189453125 896
15690.8525390625 909
15715.84375 919
15717.3193359375 995
15804.58203125 1273
15807.005859375 1342
15824.056640625 1430
15873.2783203125 1495
15899.5380859375 1568
15924.7216796875 1583
15924.7216796875 1764
15926.130859375 1774
15936.041015625 2065
15936.4853515625 2117
15947.470703125 2181
16003.54296875 2268
16008.39453125 2465
16014.3046875 2664
16036.9599609375 2760
16090.724609375 2764
16119.19140625 2938
16129.380859375 2943
16151.595703125 1860
16153.12109375 2880
16163.6748046875 1333
16185.150390625 2631
16187.341796875 146
16202.791015625 1538
16222.494140625 21
16227.9326171875 34
16315.521484375 200
16333.078125 288
16339.048828125 336
16391.30859375 385
16398.064453125 517
16402.833984375 546
16406.228515625 609
16422.9921875 614
16452.0859375 683
16544.390625 686
16555.671875 769
16565.60546875 1097
16600.830078125 1221
16605.34765625 1322
16641.33203125 1359
16652.65234375 1376
16658.208984375 1686
16694.88671875 1854
16709.451171875 2513
16732.150390625 2553
16762.0625 2650
16783.65625 2672
16788.806640625 2911
16796.669921875 78
16806.29296875 2713
16830.328125 2800
16833.85546875 2651
16836.556640625 2970
16844.32421875 1045
16851.91796875 1068
16864.51953125 2078
16878.876953125 884
16886.193359375 886
16893.068359375 1028
16896.357421875 1845
16901.556640625 1932
16917.140625 2489
16921.76171875 90
16927.521484375 153
16927.80859375 240
16931.591796875 256
16938.14453125 531
16943.384765625 644
16970.8359375 706
16971.205078125 775
16971.68359375 1163
16975.150390625 1483
16979.8984375 2114
16984.828125 2379
16994.67578125 2424
17002.630859375 2433
17009.9453125 2435
17067.03515625 2442
17069.79296875 2683
17079.98828125 2811
17091.39453125 2176
17093.783203125 169
17104.125 2207
17107.51171875 1144
17112.955078125 2180
17113.39453125 73
17115.703125 663
17138.875 677
17153.87890625 756
17154.236328125 925
17180.908203125 927
17189.84765625 946
17209.568359375 996
17214.037109375 1141
17218.75390625 1202
17219.95703125 1251
17224.107421875 1457
17227.908203125 1502
17248.498046875 1591
17272.26953125 1733
17333.23828125 1735
17347.30859375 1919
17349.970703125 1933
17374.380859375 1955
17381.421875 2002
17385.49609375 2335
17401.173828125 2341
17417.3359375 2565
17422.44921875 2695
17424.478515625 2763
17433.576171875 2840
17439.10546875 2422
17452.74609375 1020
17473.75390625 640
17479.265625 59
17489.271484375 177
17491.88671875 191
17515.443359375 575
17519.46484375 687
17519.580078125 934
17523.103515625 1119
17548.234375 1529
17579.35546875 1697
17595.462890625 1810
17613.677734375 1831
17656.173828125 2354
17676.505859375 2528
17712.572265625 2679
17717.109375 2712
17724.53515625 2747
17729.3984375 2809
17729.578125 2821
17759.205078125 2842
17765.4140625 2860
17782.24609375 2906
17783.015625 2994
17801.658203125 186
17803.51171875 223
17817.86328125 1594
17817.892578125 410
17833.015625 631
17877.4609375 132
17877.794921875 2576
17945.6171875 1282
17965.708984375 488
17967.94140625 869
17976.013671875 2059
17976.08984375 787
18017.40625 904
18017.52734375 137
18066.294921875 275
18135.2890625 328
18137.52734375 333
18158.267578125 392
18216.19921875 407
18234.91015625 489
18235.447265625 680
18263.119140625 1022
18293.453125 1290
18293.708984375 1358
18296.359375 1607
18298.6796875 1653
18345.205078125 2024
18366.275390625 2184
18383.494140625 2221
18389.423828125 2394
18398.37890625 2427
18409.9375 2517
18427.11328125 2655
18459.982421875 2704
18479.095703125 2900
18504.134765625 2946
18506.28125 459
18533.658203125 1408
18588.51171875 1339
18599.080078125 22
18605.974609375 45
18631.62109375 300
18650.517578125 812
18697.470703125 922
18718.943359375 947
18721.306640625 975
18734.68359375 1001
18740.900390625 1095
18748.53125 1275
18749.27734375 1664
18759.857421875 1708
18774.919921875 1763
18787.68359375 1766
18790.06640625 1889
18790.765625 2077
18801.7890625 2082
18814.529296875 2131
18818.19140625 2315
18858.845703125 2317
18867.091796875 2409
18874.12890625 2608
18896.078125 2616
18912.73828125 2649
18925.869140625 2819
18953.029296875 2862
18959.01171875 1164
18963.5078125 2213
18995.640625 1050
18998.814453125 979
19011.96484375 1562
19017.041015625 1597
19020.2421875 2334
19026.71484375 587
19034.62109375 630
19046.62109375 777
19051.51953125 1012
19053.353515625 1064
19055.44140625 1082
19060.818359375 1462
19095.974609375 1501
19096.833984375 1654
19134.86328125 1800
19162.130859375 2656
19202.16015625 2884
19212.845703125 1416
19226.171875 1575
19226.28515625 2889
19252.927734375 445
19264.705078125 30
19276.40234375 2484
19291.087890625 38
19311.158203125 40
19357.96875 76
19368.37109375 77
19371.19140625 108
19372.24609375 164
19413.626953125 211
19442.869140625 225
19446.10546875 376
19458.75390625 437
19467.6171875 510
19474.138671875 646
19534.365234375 671
19558.578125 738
19558.58203125 770
19558.767578125 1434
19566.712890625 1610
19568.8125 1662
19603.130859375 1709
19623.8046875 1998
19646.5078125 2166
19647.5546875 2220
19657.658203125 2238
19661.728515625 2255
19662.716796875 2345
19664.3046875 2510
19674.30078125 2581
19688.921875 2607
19689.01953125 2807
19697.822265625 1015
19700.73046875 1984
19701.21484375 1258
19701.365234375 2555
19701.673828125 1147
19708.755859375 865
19715.54296875 939
19745.53515625 1497
19745.98828125 2630
19756.193359375 2752
19793.0859375 457
19793.74609375 309
19800.158203125 316
19811.791015625 483
19824.26953125 484
19838.953125 633
19847.771484375 1026
19882.8046875 1036
19890.728515625 1176
19932.8359375 1423
19949.95703125 1485
19959.521484375 1590
19974.005859375 1702
19997.693359375 1759
20098.08984375 1818
20108.1484375 1958
20109.001953125 1963
20110.76953125 1977
20123.5703125 2053
20138.265625 2056
20143.16015625 2125
20212.3203125 2304
20298.734375 2356
20302.130859375 2477
20303.138671875 2533
20304.87890625 2732
20346.287109375 2948
20352.6015625 1601
20355.02734375 2256
20376.666015625 2104
20406.5546875 284
20420.59765625 182
20468.646484375 916
20501.326171875 1667
20504.283203125 1852
20532.56640625 727
20546.109375 2036
20567.84375 2772
20575.689453125 130
20587.7109375 219
20631.22265625 394
20665.16015625 405
20672.923828125 634
20714.203125 856
20719.0859375 983
20734.236328125 1117
20754.923828125 1386
20773.904296875 1791
20812.244140625 1991
20829.68359375 2060
20834.134765625 2215
20843.23828125 2314
20913.814453125 2440
20919.703125 2467
20925.2578125 2618
20936.302734375 2648
20946.373046875 2694
20962.6796875 1772
20966.78515625 818
21015.431640625 2907
21030.2265625 660
21053.087890625 1168
21057.92578125 1145
21072.509765625 1476
21080.37890625 1618
21082.76953125 655
21091.2421875 1592
21095.224609375 2120
21104.791015625 2557
21112.24609375 112
21136.283203125 350
21148.080078125 356
21154.796875 448
21172.83203125 1500
21174.927734375 1526
21180.88671875 1587
21181.1484375 1881
21183.15625 1943
21189.7734375 1962
21196.548828125 1995
21215.8984375 2075
21216.3984375 2118
21258.28125 2309
21286.875 2418
21289.658203125 2516
21291.080078125 2588
21333.9765625 2605
21351.900390625 2623
21372.890625 2937
21406.22265625 1005
21461.376953125 110
21463.62890625 2360
21483.330078125 121
21497.05078125 1046
21526.978515625 298
21536.5078125 372
21547.44921875 492
21584.373046875 752
21634.775390625 838
21663.685546875 903
21664.30078125 1034
21692.173828125 1128
21720.703125 1187
21725.185546875 1437
21739.7265625 1488
21741.59375 1534
21762.5390625 1657
21769.453125 1678
21773.779296875 1824
21773.779296875 1826
21821.15234375 1941
21828.533203125 1997
21845.38671875 2318
21854.267578125 2327
21907.29296875 2362
21909.64453125 2404
21918.9375 2453
21922.443359375 2458
21958.630859375 2496
21971.73046875 2696
22001.185546875 2722
22002.5078125 2796
22003.08984375 2584
22022.490234375 2872
22042.138671875 2589
22054.78125 2135
22085.544921875 1802
22103.314453125 1853
22128.3515625 1892
22143.736328125 1580
22163.6875 25
22202.46484375 72
22237.5234375 343
22240.44140625 710
22241.16015625 755
22248.05078125 885
22251.626953125 1683
22253.18359375 1776
22385.671875 1972
22388.357421875 2047
22414.0390625 2138
22415.79296875 2185
22435.982421875 2344
22437.142578125 2545
22443.974609375 2573
22449.0078125 2855
22460.08203125 2159
22471.1484375 1067
22510.572265625 371
22532.130859375 243
22550.857421875 1301
22586.265625 311
22591.521484375 426
22592.0703125 648
22602.970703125 720
22621.623046875 792
22671.208984375 940
22687.734375 1006
22696.671875 1032
22727.1015625 1160
22730.7421875 1189
22746.76953125 2183
22747.15234375 2190
22759.86328125 2301
22762.58984375 1459
22764.29296875 1649
22777.4453125 353
22782.546875 2706
22851.9921875 1511
22859.806640625 1778
22861.365234375 329
22877.837890625 731
22887.12890625 1400
22893.009765625 2070
22908.015625 1480
22934.84375 1714
22967.439453125 249
23003.3203125 94
23007.66015625 2823
23028.03515625 471
23039.7421875 473
23106.65234375 747
23118.68359375 915
23144.82421875 921
23152.5546875 993
23168.400390625 1072
23173.068359375 1415
23206.22265625 1541
23214.5546875 1746
23217.572265625 1949
23225.75 2079
23269.296875 2219
23283.01171875 2258
23305.43359375 2413
23312.076171875 2628
23327.37890625 2828
23334.841796875 2903
23346.904296875 2996
23350.748046875 204
23354.677734375 1247
23378.3359375 1410
23411.130859375 1888
23456.669921875 1214
23464.451171875 1658
23490.853515625 2587
23517.466796875 380
23525.083984375 688
23551.69140625 1761
23564.28515625 66
23569.087890625 127
23590.021484375 179
23639.134765625 855
23643.76953125 1198
23653.041015625 1250
23662.76171875 1507
23664.91796875 1558
23677.345703125 2007
23680.08203125 2092
23685.560546875 2231
23697.8359375 2384
23762.703125 2457
23801.8203125 2544
23820.7734375 2717
23848.447265625 2774
23861.10546875 2794
23892.2734375 2909
23899.369140625 972
23905.275390625 1138
23912.3828125 1442
23928.056640625 1137
24058.49609375 102
24071.57421875 667
24169.21875 1935
24216.310546875 2352
24293.13671875 2887
24369.244140625 427
24380.84375 1533
24380.84375 170
24420.974609375 262
24434.865234375 306
24461.13671875 596
24474.861328125 805
24505.583984375 849
24518.626953125 850
24540.31640625 965
24642.453125 976
24673.916015625 1058
24684.46875 1403
24713.16015625 1645
24741.9140625 1999
24884.802734375 2292
24931.2265625 2392
24996.150390625 2403
25033.072265625 2497
25050.40234375 2524
25071.076171875 2601
25093.09765625 2652
25117.427734375 2657
25131.0625 2761
25200.4296875 2839
25297.755859375 2939
25320.251953125 2984
25332.220703125 2152
25348.439453125 762
25370.30859375 2757
25391.134765625 37
25411.4296875 1624
25437.673828125 1271
25542.09375 2370
25542.845703125 2895
25555.4453125 2411
25586.376953125 67
25594.3984375 150
25610.77734375 171
25647.125 195
25652.310546875 363
25653.45703125 522
25773.203125 657
25845.044921875 701
25863.251953125 760
25912.05078125 811
25925.5234375 874
25939.2578125 875
25975.203125 1002
26049.279296875 1007
26103.541015625 1023
26106.603515625 1356
26148.197265625 1378
26192.203125 1489
26195.140625 1629
26199.103515625 2721
26214.02734375 2032
26417.4375 2259
26423.509765625 771
26474.126953125 1543
26652.982421875 2241
26652.982421875 1964
26659.6953125 1625
26661.375 2693
26679.515625 222
26820.7578125 258
26833.20703125 281
26897.302734375 506
26906.7109375 582
26947.205078125 724
27007.515625 879
27028.234375 1003
27035.37109375 1171
27111.9453125 1182
27154.55859375 1588
27157.052734375 1685
27182.20703125 1758
27313.0 2300
27456.73046875 2310
27541.3203125 2705
27541.85546875 2845
27563.890625 2916
27573.658203125 1811
27588.689453125 2701
27608.265625 421
27608.93359375 1440
27690.27734375 2337
27701.087890625 2531
27860.654296875 18
27966.853515625 29
27986.677734375 31
28030.87890625 104
28248.392578125 274
28271.654296875 321
28289.73828125 370
28329.796875 375
28533.00390625 562
28552.876953125 914
28577.369140625 944
28648.833984375 1672
28812.69921875 1684
28874.04296875 1825
28923.974609375 1846
28979.20703125 1960
29117.61328125 1976
29374.685546875 2006
29399.224609375 2319
29438.595703125 2405
29534.76171875 2550
29723.189453125 2606
29823.58984375 2768
30127.62109375 1081
30157.51953125 1780
30605.806640625 16
30640.11328125 28
30744.29296875 125
30943.900390625 212
31101.4375 265
31125.361328125 295
31137.763671875 360
31206.251953125 364
31269.677734375 937
31284.474609375 1077
31354.091796875 1101
31355.046875 1241
31431.556640625 1243
31558.60546875 1307
31841.630859375 1343
31888.646484375 1404
31900.365234375 1418
32380.216796875 1585
32703.216796875 1719
32926.578125 1822
32970.15234375 2009
33920.30859375 2164
34237.8125 2214
34278.5078125 2250
34344.3984375 2263
34714.97265625 2342
36270.63671875 2359
37826.2890625 2547
