6128.42724609375 2152
6141.712890625 762
6347.49365234375 2757
6354.53369140625 37
6377.1884765625 1624
6483.2265625 1271
6497.96875 2370
6618.9736328125 2895
6621.96826171875 2411
6632.9072265625 67
6655.22998046875 150
6708.990234375 171
6786.64599609375 195
6824.77490234375 363
6857.2685546875 522
6890.74267578125 657
6919.248046875 701
6934.375 760
7029.40625 811
7051.47607421875 874
7077.380859375 875
7127.9736328125 1002
7180.03857421875 1007
7188.86474609375 1023
7227.95263671875 1356
7251.61328125 1378
7255.2314453125 1489
7316.1484375 1629
7360.73193359375 2721
7367.00390625 1446
7427.79150390625 87
7485.791015625 251
7492.57958984375 527
7499.48388671875 529
7566.59375 625
7578.87060546875 641
7579.119140625 693
7596.5830078125 873
7598.015625 881
7662.00830078125 928
7667.9501953125 1133
7674.474609375 1283
7703.7958984375 1318
7731.71533203125 1346
7743.46728515625 1417
7767.4111328125 1720
7810.0107421875 1987
7811.22119140625 2226
7868.89404296875 2296
7899.060546875 2515
7932.73193359375 2572
7933.072265625 2669
7963.3408203125 2728
8001.353515625 2734
8006.0947265625 2746
8010.38916015625 2852
8025.79248046875 2866
8029.94189453125 2915
8088.580078125 2949
8096.9619140625 377
8155.63720703125 2281
8185.6728515625 160
8187.13720703125 1
8236.4814453125 425
8244.7587890625 446
8253.7109375 800
8261.943359375 918
8266.828125 953
8290.080078125 985
8314.728515625 986
8321.5322265625 1008
8323.0087890625 1043
8330.6875 1270
8370.9814453125 1317
8385.29296875 1435
8422.1005859375 1548
8424.9140625 1606
8429.111328125 1661
8432.8818359375 1712
8455.935546875 2010
8456.6865234375 2088
8501.8642578125 2365
8518.7958984375 2410
8532.03515625 2414
8573.330078125 2482
8588.6494140625 2560
8624.3427734375 2781
8650.6865234375 2820
8650.6865234375 997
8651.8388671875 1781
8651.8388671875 81
8659.6962890625 229
8694.2314453125 440
8701.8681640625 548
8774.2529296875 611
8788.0048828125 826
8832.5966796875 834
8845.396484375 848
8846.451171875 871
8858.9892578125 893
8868.5859375 1231
8878.2216796875 1256
8886.5625 1315
8918.7275390625 1458
8930.4501953125 1550
8933.3564453125 1671
8940.328125 1711
8975.9521484375 1815
8995.2490234375 1893
9001.71484375 2312
9018.66015625 2324
9023.4609375 2385
9023.4609375 2447
9026.6142578125 2562
9033.8720703125 2610
9034.283203125 2622
9046.4228515625 2853
9054.798828125 2924
9061.208984375 2927
9071.087890625 2239
9073.720703125 1362
9088.9990234375 1926
9104.5341796875 2997
9108.248046875 254
9119.1943359375 388
9150.921875 465
9154.279296875 498
9177.828125 520
9186.373046875 962
9199.466796875 981
9251.78515625 1156
9281.6748046875 1652
9288.259765625 2205
9330.7255859375 2339
9336.896484375 2417
9339.193359375 2494
9364.669921875 2687
9369.3232421875 1122
9374.0029296875 1670
9375.0927734375 264
9378.501953125 2173
9379.7490234375 1646
9397.767578125 2396
9415.8681640625 49
9436.3681640625 189
9450.095703125 261
9457.728515625 263
9462.1943359375 430
9465.6640625 831
9472.912109375 899
9514.552734375 1123
9533.1064453125 1169
9591.7470703125 1350
9595.9052734375 1405
9608.0361328125 1512
9618.3818359375 1750
9630.033203125 1769
9633.0712890625 1908
9637.44921875 1966
9649.921875 1982
9660.5400390625 1993
9664.0927734375 2094
9676.8095703125 2126
9680.2353515625 2141
9687.8154296875 2171
9688.7734375 2174
9705.775390625 2177
9713.1259765625 2237
9713.1669921875 2367
9726.921875 2536
9734.0888671875 2542
9736.7392578125 2582
9748.599609375 2675
9755.267578125 2703
9759.0419921875 1873
9759.703125 2107
9763.1484375 1281
9780.2509765625 455
9780.9736328125 470
9783.1015625 902
9794.4384765625 926
9810.0537109375 967
9812.546875 1104
9820.189453125 1225
9826.771484375 1286
9827.5107421875 1506
9831.6904296875 1516
9836.2236328125 1599
9852.087890625 1779
9899.8876953125 1848
9903.8974609375 1867
9907.6328125 1883
9913.8203125 2063
9922.669921875 2210
9928.4541015625 2246
9931.5048828125 2285
9951.3681640625 2361
9980.4140625 2686
9990.1884765625 2700
9993.5458984375 88
10003.5234375 586
10004.7724609375 136
10009.6611328125 1471
10019.3447265625 226
10035.32421875 296
10040.1787109375 1197
10050.353515625 1666
10091.830078125 2511
10127.48046875 101
10143.044921875 215
10152.158203125 549
10157.5380859375 550
10158.541015625 573
10159.490234375 1136
10163.6552734375 1199
10187.884765625 1530
10191.376953125 1581
10201.5009765625 1640
10201.7373046875 1688
10219.052734375 1968
10220.48828125 2526
10221.466796875 2571
10238.3349609375 2983
10243.0439453125 1787
10243.755859375 602
10255.8896484375 1146
10284.0625 253
10290.138671875 342
10291.6328125 843
10309.099609375 1233
10314.318359375 1335
10315.08203125 1394
10323.5078125 1737
10332.263671875 1784
10349.712890625 1950
10351.53515625 2025
10369.0546875 2473
10387.296875 2518
10387.431640625 999
10400.37890625 1056
10402.8798828125 1900
10408.1005859375 1304
10411.6572265625 1326
10417.466796875 2967
10417.837890625 1329
10444.142578125 50
10448.267578125 318
10457.4384765625 389
10464.185546875 478
10472.36328125 491
10493.78125 580
10515.8203125 599
10516.46875 890
10517.3134765625 896
10519.724609375 909
10536.85546875 919
10538.4580078125 995
10549.8984375 1273
10555.3291015625 1342
10569.158203125 1430
10581.7412109375 1495
10583.30078125 1568
10587.3427734375 1583
10590.291015625 1764
10595.9296875 1774
10598.25 2065
10607.9599609375 2117
10613.837890625 2181
10630.2607421875 2268
10637.4599609375 2465
10641.791015625 2664
10646.73828125 2760
10649.255859375 2764
10651.3564453125 2938
10659.4326171875 2943
10666.796875 1860
10713.89453125 2880
10719.3232421875 1333
10730.70703125 2631
10751.291015625 146
10751.9775390625 1538
10765.435546875 21
10781.623046875 34
10794.6513671875 200
10798.7109375 288
10807.677734375 336
10875.330078125 385
10884.4765625 517
10884.4765625 546
10907.576171875 609
10913.623046875 614
10943.8994140625 683
10944.224609375 686
10957.322265625 769
10957.7548828125 1097
10972.7578125 1221
10990.0771484375 1322
11003.869140625 1359
11003.875 1376
11004.0869140625 1686
11013.228515625 1854
11020.369140625 2513
11029.8154296875 2553
11034.4091796875 2650
11037.9990234375 2672
11062.3955078125 2911
11070.150390625 78
11080.134765625 2713
11086.9765625 2800
11120.48046875 2651
11123.29296875 2970
11163.89453125 1045
11168.4228515625 1068
11169.107421875 2078
11173.0693359375 884
11189.09765625 886
11201.560546875 1028
11227.3349609375 1845
11232.576171875 1932
11239.6357421875 2489
11242.345703125 90
11242.4619140625 153
11255.7802734375 240
11257.005859375 256
11266.6240234375 531
11266.6259765625 644
11278.7109375 706
11278.8134765625 775
11291.7412109375 1163
11294.517578125 1483
11360.56640625 2114
11362.3447265625 2379
11368.9912109375 2424
11390.53515625 2433
11396.6083984375 2435
11401.845703125 2442
11405.26171875 2683
11408.1259765625 2811
11411.66015625 2176
11423.4931640625 169
11430.2001953125 2207
11438.345703125 1144
11444.30078125 2180
11445.3203125 73
11448.5068359375 663
11451.8525390625 677
11460.4404296875 756
11466.1875 925
11473.7392578125 927
11493.6884765625 946
11505.90234375 996
11512.84375 1141
11520.2861328125 1202
11521.818359375 1251
11527.7646484375 1457
11529.1171875 1502
11532.1533203125 1591
11543.29296875 1733
11552.1484375 1735
11555.263671875 1919
11555.5673828125 1933
11557.388671875 1955
11557.796875 2002
11583.541015625 2335
11606.5908203125 2341
11614.83203125 2565
11617.291015625 2695
11626.2255859375 2763
11639.140625 2840
11675.66796875 2422
11704.2392578125 1020
11706.71875 640
11724.052734375 59
11727.6767578125 177
11728.3525390625 191
11730.7705078125 575
11733.34375 687
11734.9423828125 934
11755.5244140625 1119
11773.8291015625 1529
11786.5205078125 1697
11800.78125 1810
11805.4521484375 1831
11821.271484375 2354
11823.025390625 2528
11833.216796875 2679
11834.62109375 2712
11834.96484375 2747
11847.0205078125 2809
11859.27734375 2821
11873.271484375 2842
11912.6123046875 2860
11919.337890625 2906
11922.8359375 2994
11923.0908203125 186
11929.591796875 223
11935.8095703125 1594
11939.126953125 410
11939.7412109375 631
11947.099609375 132
11951.1689453125 2576
11953.857421875 1282
11954.7802734375 488
11969.5625 869
11972.125 2059
11983.701171875 787
12006.166015625 904
12016.3046875 137
12026.9111328125 275
12041.357421875 328
12043.818359375 333
12054.740234375 392
12057.0947265625 407
12067.9111328125 489
12083.4619140625 680
12099.0546875 1022
12102.35546875 1290
12106.474609375 1358
12110.3916015625 1607
12113.2529296875 1653
12113.3193359375 2024
12115.625 2184
12140.9033203125 2221
12177.916015625 2394
12180.20703125 2427
12195.0390625 2517
12210.033203125 2655
12228.6474609375 2704
12240.7099609375 2900
12246.064453125 2946
12248.0869140625 459
12249.8896484375 1408
12254.18359375 1339
12255.1416015625 22
12258.603515625 45
12261.1640625 300
12277.6962890625 812
12291.3955078125 922
12294.5693359375 947
12306.349609375 975
12312.9638671875 1001
12321.689453125 1095
12324.86328125 1275
12325.798828125 1664
12338.3642578125 1708
12357.302734375 1763
12362.6923828125 1766
12371.33984375 1889
12418.8408203125 2077
12428.0224609375 2082
12428.189453125 2131
12432.2060546875 2315
12448.15625 2317
12464.33984375 2409
12504.806640625 2608
12515.9921875 2616
12518.685546875 2649
12541.244140625 2819
12548.083984375 2862
12556.052734375 1164
12601.546875 2213
12609.6025390625 1050
12612.208984375 979
12620.427734375 1562
12628.0615234375 1597
12628.5185546875 2334
12629.1884765625 587
12645.0400390625 630
12708.18359375 777
12714.873046875 1012
12724.380859375 1064
12728.75 1082
12753.6123046875 1462
12766.0859375 1501
12780.380859375 1654
12809.794921875 1800
12829.595703125 2656
12859.34765625 2884
12862.517578125 1416
12865.1962890625 1575
12882.03125 2889
12893.392578125 445
12916.98828125 30
12922.623046875 2484
12956.1884765625 38
12959.255859375 40
12961.998046875 76
12971.6025390625 77
12979.548828125 108
13003.3681640625 164
13006.8544921875 211
13008.326171875 225
13016.0947265625 376
13056.4404296875 437
13057.0 510
13090.41796875 646
13128.8076171875 671
13135.623046875 738
13136.5390625 770
13152.3935546875 1434
13158.720703125 1610
13163.0595703125 1662
13167.77734375 1709
13168.4140625 1998
13172.984375 2166
13186.0263671875 2220
13189.8408203125 2238
13208.3779296875 2255
13208.927734375 2345
13216.5732421875 2510
13236.697265625 2581
13261.2724609375 2607
13275.1298828125 2807
13300.845703125 1015
13306.0185546875 1984
13362.4267578125 1258
13393.0458984375 2555
13399.287109375 1147
13410.5966796875 865
13434.314453125 939
13445.3203125 1497
13452.0615234375 2630
13461.064453125 2752
13469.71875 457
13474.34375 309
13474.5537109375 316
13475.7216796875 483
13492.888671875 484
13532.05859375 633
13540.6943359375 1026
13546.736328125 1036
13551.4814453125 1176
13560.0654296875 1423
13560.99609375 1485
13602.033203125 1590
13627.841796875 1702
13628.1884765625 1759
13630.587890625 1818
13637.34375 1958
13651.5986328125 1963
13664.705078125 1977
13670.5703125 2053
13670.6357421875 2056
13675.181640625 2125
13680.091796875 2304
13701.8671875 2356
13711.443359375 2477
13723.60546875 2533
13752.509765625 2732
13752.7666015625 2948
13753.779296875 1601
13758.287109375 2256
13763.4609375 2104
13764.439453125 284
13783.681640625 182
13793.345703125 916
13807.3896484375 1667
13812.703125 1852
13828.8515625 727
13838.3154296875 2036
13858.37109375 2772
13883.8525390625 130
13885.1611328125 219
13930.0751953125 394
13932.8388671875 405
13952.4169921875 634
13956.8388671875 856
13961.72265625 983
13987.2421875 1117
14026.345703125 1386
14031.251953125 1791
14031.265625 1991
14040.7333984375 2060
14068.5283203125 2215
14068.5283203125 2314
14089.6162109375 2440
14111.732421875 2467
14113.8486328125 2618
14114.609375 2648
14137.45703125 2694
14143.0908203125 1772
14152.384765625 818
14157.5595703125 2907
14159.3095703125 660
14186.59765625 1168
14189.4755859375 1145
14223.8720703125 1476
14229.82421875 1618
14254.9560546875 655
14256.7890625 1592
14296.736328125 2120
14327.884765625 2557
14328.630859375 112
14332.314453125 350
14344.5830078125 356
14357.8525390625 448
14361.4052734375 1500
14371.1142578125 1526
14372.9521484375 1587
14374.0927734375 1881
14402.4287109375 1943
14405.6552734375 1962
14422.9375 1995
14426.771484375 2075
14429.58984375 2118
14458.4267578125 2309
14488.568359375 2418
14535.5927734375 2516
14545.60546875 2588
14546.494140625 2605
14550.0341796875 2623
14572.5625 2937
14581.375 1005
14585.7431640625 110
14586.578125 2360
14588.92578125 121
14600.5751953125 1046
14615.0654296875 298
14647.6455078125 372
14671.943359375 492
14717.3447265625 752
14717.7265625 838
14750.076171875 903
14753.916015625 1034
14754.6923828125 1128
14771.82421875 1187
14780.453125 1437
14790.091796875 1488
14791.4404296875 1534
14797.466796875 1657
14814.552734375 1678
14815.4775390625 1824
14844.232421875 1826
14853.9970703125 1941
14868.71484375 1997
14880.0791015625 2318
14907.330078125 2327
14923.0380859375 2362
14932.427734375 2404
14933.19921875 2453
14948.5185546875 2458
14954.5263671875 2496
14974.2626953125 2696
14997.8623046875 2722
15007.3505859375 2796
15029.232421875 2584
15034.0673828125 2872
15038.240234375 2589
15048.8388671875 2135
15051.14453125 1802
15106.619140625 1853
15115.51171875 1892
15145.3310546875 1580
15157.1376953125 25
15165.7333984375 72
15170.3525390625 343
15170.48046875 710
15179.0478515625 755
15217.80859375 885
15249.4345703125 1683
15261.873046875 1776
15279.0439453125 1972
15330.296875 2047
15332.8857421875 2138
15343.8369140625 2185
15363.38671875 2344
15380.4453125 2545
15453.33984375 2573
15457.9697265625 2855
15471.634765625 2159
15490.3994140625 1067
15502.572265625 371
15509.603515625 243
15513.09375 1301
15525.48828125 311
15529.240234375 426
15540.4560546875 648
15544.333984375 720
15545.5234375 792
15572.9296875 940
15573.97265625 1006
15591.73046875 1032
15603.7744140625 1160
15612.404296875 1189
15617.6533203125 2183
15619.830078125 2190
15642.65625 2301
15660.08203125 1459
15679.033203125 1649
15725.3818359375 353
15753.7509765625 2706
15754.494140625 1511
15769.369140625 1778
15778.560546875 329
15810.7529296875 731
15820.9541015625 1400
15822.900390625 2070
15872.3828125 1480
15879.6845703125 1714
15889.27734375 249
15907.14453125 94
15920.55078125 2823
15948.2822265625 471
15965.25 473
15998.2333984375 747
16056.5859375 915
16068.724609375 921
16076.53125 993
16084.7626953125 1072
16120.5712890625 1415
16133.9091796875 1541
16145.0458984375 1746
16185.99609375 1949
16187.71484375 2079
16206.251953125 2219
16226.541015625 2258
16255.890625 2413
16288.125 2628
16305.3671875 2828
16331.5888671875 2903
16349.7109375 2996
16351.630859375 204
16357.39453125 1247
16361.9775390625 1410
16364.337890625 1888
16369.9140625 1214
16427.69921875 1658
16445.03125 2587
16466.123046875 380
16466.5390625 688
16500.80078125 1761
16502.576171875 66
16533.625 127
16540.609375 179
16560.298828125 855
16587.74609375 1198
16587.919921875 1250
16588.82421875 1507
16602.50390625 1558
16605.80078125 2007
16605.80078125 2092
16630.59765625 2231
16722.94921875 2384
16724.0078125 2457
16768.2578125 2544
16817.40234375 2717
16821.04296875 2774
16834.287109375 2794
16843.509765625 2909
16900.251953125 972
16901.3203125 1138
16921.830078125 1442
16927.8359375 1137
16939.28125 102
16990.64453125 667
17091.2421875 1935
17150.869140625 2352
17165.859375 2887
17257.513671875 427
17259.990234375 1533
17269.013671875 170
17275.29296875 262
17282.90234375 306
17288.82421875 596
17296.09765625 805
17317.89453125 849
17335.865234375 850
17432.912109375 965
17441.5625 976
17446.40234375 1058
17459.09765625 1403
17474.98046875 1645
17549.76953125 1999
17627.892578125 2292
17631.068359375 2392
17650.7578125 2403
17663.05859375 2497
17668.3671875 2524
17671.71484375 2601
17723.49609375 2652
17731.7421875 2657
17750.53515625 2761
17755.533203125 2839
17874.3828125 2939
17905.388671875 2984
17931.44921875 1027
17952.623046875 622
17952.794921875 417
17963.91796875 450
17981.205078125 690
17984.9609375 969
18014.62890625 982
18025.28515625 1040
18027.65234375 1078
18030.5390625 1083
18066.416015625 1382
18079.810546875 1391
18089.591796875 1486
18146.009765625 1503
18198.462890625 1547
18203.26171875 1561
18242.326171875 1965
18306.146484375 2026
18338.40625 2066
18348.9921875 2182
18370.462890625 2245
18372.146484375 2460
18389.861328125 2466
18393.427734375 2540
18511.302734375 2593
18515.322265625 2632
18529.619140625 2753
18535.205078125 2759
18583.091796875 2793
18667.73828125 2925
18698.494140625 2032
18704.373046875 2259
18743.732421875 771
18776.697265625 1543
18801.94140625 2241
18821.345703125 1964
18821.39453125 1625
18826.025390625 2693
18838.20703125 222
18913.634765625 258
18918.837890625 281
18955.05078125 506
18956.115234375 582
18964.44140625 724
19020.806640625 879
19056.771484375 1003
19099.787109375 1171
19188.98828125 1182
19221.353515625 1588
19251.033203125 1685
19321.802734375 1758
19366.3359375 2300
19397.8046875 2310
19455.490234375 2705
19468.599609375 2845
19474.779296875 2916
19537.02734375 1811
19578.9921875 2701
19620.259765625 421
19633.306640625 1440
19634.23828125 2337
19729.4921875 2531
19863.400390625 18
20032.38671875 29
20085.25 31
20100.30078125 104
20104.439453125 274
20182.40625 321
20220.203125 370
20247.453125 375
20370.734375 562
20396.33203125 914
20500.728515625 944
20515.666015625 1672
20521.90625 1684
20541.388671875 1825
20543.15234375 1846
20562.82421875 1960
20644.056640625 1976
20651.552734375 2006
20739.875 2319
20755.751953125 2405
20771.142578125 2550
20781.1171875 2606
20872.51953125 2768
21212.947265625 1081
21218.953125 1780
21287.84765625 16
21440.828125 28
21513.994140625 125
21622.310546875 212
21776.609375 265
21859.974609375 295
22103.662109375 360
22270.294921875 364
22342.005859375 937
22530.580078125 1077
22643.876953125 1101
22693.283203125 1241
22948.48828125 1243
22990.0859375 1307
23015.337890625 1343
23017.140625 1404
23064.8984375 1418
23233.876953125 1585
23861.876953125 1719
24346.203125 1822
25123.966796875 2009
25126.244140625 2164
26092.533203125 2214
26243.615234375 2250
26814.4140625 2263
27769.515625 2342
28927.7421875 2359
31681.796875 2547
