5574.4423828125 1137
5765.556640625 102
6017.15283203125 667
6099.67333984375 1935
6342.291015625 2352
6433.32763671875 2887
6778.828125 427
6867.265625 1533
6997.521484375 170
7095.7900390625 262
7272.908203125 306
7379.08349609375 596
7453.69580078125 805
7453.82470703125 849
7608.9560546875 850
7840.9326171875 965
7911.6669921875 976
7963.931640625 1058
7984.8916015625 1403
8038.19482421875 1645
8326.0673828125 1999
8362.228515625 2292
8382.2958984375 2392
8424.9951171875 2403
8731.61328125 2497
8797.8154296875 2524
8921.205078125 2601
8955.279296875 2652
8998.6416015625 2657
9037.138671875 2761
9089.060546875 2839
9316.87109375 2939
9407.62109375 2984
9408.166015625 1446
9519.5419921875 87
9564.30078125 251
9577.4130859375 527
9616.66796875 529
9687.03125 625
9751.693359375 641
9802.595703125 693
9808.1044921875 873
9834.142578125 881
9870.140625 928
9934.123046875 1133
10020.2744140625 1283
10102.77734375 1318
10109.9140625 1346
10126.744140625 1417
10129.181640625 1720
10145.8193359375 1987
10154.501953125 2226
10171.40234375 2296
10195.5595703125 2515
10209.8544921875 2572
10242.4736328125 2669
10335.09765625 2728
10337.181640625 2734
10343.888671875 2746
10355.447265625 2852
10422.44140625 2866
10440.51171875 2915
10609.4404296875 2949
10622.115234375 377
10650.560546875 2281
10698.9501953125 160
10711.15625 1
10722.53515625 425
10734.1328125 446
10749.3193359375 800
10760.205078125 918
10879.9931640625 953
10892.9921875 985
10907.8564453125 986
10916.984375 1008
10922.078125 1043
10943.8798828125 1270
10952.8330078125 1317
10965.1484375 1435
10977.3115234375 1548
10983.015625 1606
11053.9189453125 1661
11054.642578125 1712
11058.2998046875 2010
11063.666015625 2088
11081.732421875 2365
11081.890625 2410
11139.859375 2414
11187.3330078125 2482
11220.693359375 2560
11227.462890625 2781
11227.462890625 2820
11229.0576171875 997
11236.609375 1781
11263.724609375 81
11279.05859375 229
11370.505859375 440
11404.1962890625 548
11405.345703125 611
11461.55859375 826
11468.6083984375 834
11492.642578125 848
11509.4072265625 871
11516.3701171875 893
11550.3203125 1231
11581.138671875 1256
11582.146484375 1315
11591.005859375 1458
11600.400390625 1550
11623.482421875 1671
11653.3837890625 1711
11732.291015625 1815
11738.3349609375 1893
11744.9951171875 2312
11754.8642578125 2324
11755.662109375 2385
11765.064453125 2447
11780.509765625 2562
11812.0859375 2610
11820.6279296875 2622
11828.76953125 2853
11851.0859375 2924
11894.3037109375 2927
11901.1669921875 2239
11905.9765625 1362
11981.9091796875 1926
12036.5546875 2997
12038.078125 254
12049.5712890625 388
12051.5224609375 465
12060.4853515625 498
12124.9755859375 520
12179.6484375 962
12187.6015625 981
12214.2236328125 1156
12214.2236328125 1652
12225.623046875 2205
12240.9365234375 2339
12258.083984375 2417
12302.72265625 2494
12315.845703125 2687
12339.09765625 1122
12349.6025390625 1670
12353.734375 264
12371.2197265625 2173
12384.076171875 1646
12402.2197265625 2396
12410.1083984375 49
12458.7822265625 189
12468.42578125 261
12471.201171875 263
12488.3203125 430
12488.8564453125 831
12490.2158203125 899
12491.18359375 1123
12514.126953125 1169
12516.068359375 1350
12523.9365234375 1405
12547.064453125 1512
12553.349609375 1750
12571.701171875 1769
12572.369140625 1908
12574.6123046875 1966
12577.0791015625 1982
12614.9208984375 1993
12616.41015625 2094
12632.46484375 2126
12633.974609375 2141
12682.841796875 2171
12698.845703125 2174
12708.0615234375 2177
12717.580078125 2237
12717.591796875 2367
12726.9814453125 2536
12729.1708984375 2542
12729.513671875 2582
12736.5 2675
12752.2109375 2703
12758.38671875 1873
12760.2939453125 2107
12797.8388671875 1281
12833.896484375 455
12882.490234375 470
12894.10546875 902
12908.38671875 926
12909.3193359375 967
12927.12109375 1104
12928.9541015625 1225
12939.5390625 1286
12950.119140625 1506
12958.548828125 1516
12962.73046875 1599
12996.181640625 1779
12997.970703125 1848
13010.314453125 1867
13012.7568359375 1883
13027.4775390625 2063
13030.517578125 2210
13036.5048828125 2246
13041.5751953125 2285
13041.7958984375 2361
13042.3720703125 2686
13059.056640625 2700
13069.626953125 88
13075.90625 586
13089.2841796875 136
13133.998046875 1471
13136.3193359375 226
13160.2265625 296
13177.4208984375 1197
13177.955078125 1666
13178.626953125 2511
13182.7998046875 101
13192.8525390625 215
13208.13671875 549
13208.63671875 550
13212.7421875 573
13240.73046875 1136
13249.552734375 1199
13268.3984375 1530
13276.673828125 1581
13286.6533203125 1640
13293.1015625 1688
13297.10546875 1968
13302.9345703125 2526
13328.08203125 2571
13343.2197265625 2983
13367.35546875 1787
13369.884765625 602
13380.509765625 1146
13415.796875 253
13455.9990234375 342
13456.55078125 843
13457.9267578125 1233
13466.96875 1335
13492.0556640625 1394
13503.9443359375 1737
13539.3896484375 1784
13563.681640625 1950
13564.5380859375 2025
13578.78125 2473
13582.90234375 2518
13584.474609375 999
13587.02734375 1056
13596.7744140625 1900
13619.0419921875 1304
13629.0146484375 1326
13629.0869140625 2967
13629.66015625 1329
13629.845703125 50
13641.224609375 318
13680.46875 389
13681.1494140625 478
13688.2216796875 491
13697.9375 580
13697.9736328125 599
13712.607421875 890
13717.64453125 896
13718.849609375 909
13728.814453125 919
13729.396484375 995
13730.408203125 1273
13730.94921875 1342
13734.8076171875 1430
13745.3603515625 1495
13804.1708984375 1568
13810.271484375 1583
13834.8037109375 1764
13838.8408203125 1774
13846.23046875 2065
13860.2607421875 2117
13868.240234375 2181
13876.5166015625 2268
13877.25 2465
13882.67578125 2664
13889.291015625 2760
13895.9228515625 2764
13917.724609375 2938
13919.9912109375 2943
13925.3203125 1860
13934.7890625 2880
13970.5478515625 1333
13975.779296875 2631
13978.7802734375 146
13985.533203125 1538
13986.666015625 21
14012.7548828125 34
14016.134765625 200
14019.767578125 288
14030.666015625 336
14033.0 385
14041.203125 517
14043.78515625 546
14044.537109375 609
14053.2841796875 614
14054.962890625 683
14056.970703125 686
14062.55859375 769
14070.1572265625 1097
14077.048828125 1221
14079.87109375 1322
14080.4365234375 1359
14082.50390625 1376
14086.38671875 1686
14095.1171875 1854
14114.041015625 2513
14118.9580078125 2553
14127.5224609375 2650
14141.376953125 2672
14143.0 2911
14157.2978515625 78
14159.837890625 2713
14161.1787109375 2800
14166.9326171875 2651
14167.341796875 2970
14169.5556640625 1045
14182.5087890625 1068
14185.7265625 2078
14201.0361328125 884
14208.4892578125 886
14210.166015625 1028
14232.1572265625 1845
14233.1103515625 1932
14238.224609375 2489
14244.701171875 90
14253.56640625 153
14268.826171875 240
14270.123046875 256
14271.546875 531
14282.29296875 644
14283.181640625 706
14300.138671875 775
14302.384765625 1163
14305.953125 1483
14334.615234375 2114
14336.359375 2379
14339.73828125 2424
14340.064453125 2433
14344.021484375 2435
14349.2529296875 2442
14371.4814453125 2683
14377.4541015625 2811
14384.798828125 2176
14423.0087890625 169
14424.42578125 2207
14436.6494140625 1144
14439.587890625 2180
14439.587890625 73
14461.1396484375 663
14462.015625 677
14462.818359375 756
14475.298828125 925
14483.4384765625 927
14508.724609375 946
14512.841796875 996
14513.4404296875 1141
14516.7734375 1202
14534.6328125 1251
14542.3388671875 1457
14561.03515625 1502
14585.251953125 1591
14586.09375 1733
14600.1904296875 1735
14636.62109375 1919
14637.318359375 1933
14643.544921875 1955
14645.21484375 2002
14654.880859375 2335
14687.1376953125 2341
14695.0498046875 2565
14698.5947265625 2695
14712.05859375 2763
14717.837890625 2840
14719.5439453125 2422
14724.9140625 1020
14726.1826171875 640
14734.9453125 59
14737.115234375 177
14752.7626953125 191
14759.857421875 575
14769.712890625 687
14784.212890625 934
14797.3173828125 1119
14799.6630859375 1529
14807.4794921875 1697
14812.1484375 1810
14814.2880859375 1831
14817.8427734375 2354
14822.873046875 2528
14824.1796875 2679
14831.271484375 2712
14833.74609375 2747
14842.4033203125 2809
14842.619140625 2821
14847.298828125 2842
14848.216796875 2860
14851.14453125 2906
14852.94140625 2994
14858.306640625 186
14859.4541015625 223
14860.197265625 1594
14871.4345703125 410
14877.2724609375 631
14900.6396484375 132
14903.5146484375 2576
14903.9169921875 1282
14904.025390625 488
14911.697265625 869
14915.0380859375 2059
14919.029296875 787
14926.580078125 904
14962.630859375 137
14975.6298828125 275
14976.359375 328
15022.40234375 333
15056.67578125 392
15059.7958984375 407
15062.375 489
15083.998046875 680
15116.7548828125 1022
15119.0400390625 1290
15119.25 1358
15122.794921875 1607
15124.369140625 1653
15126.9521484375 2024
15134.6328125 2184
15141.3876953125 2221
15152.85546875 2394
15189.4013671875 2427
15194.369140625 2517
15206.5341796875 2655
15213.8681640625 2704
15214.7138671875 2900
15225.0185546875 2946
15231.724609375 459
15241.2197265625 1408
15243.8681640625 1339
15245.1796875 22
15247.5458984375 45
15258.013671875 300
15266.6748046875 812
15283.1552734375 922
15302.087890625 947
15316.162109375 975
15323.7060546875 1001
15324.703125 1095
15325.1865234375 1275
15326.5419921875 1664
15335.8466796875 1708
15339.05078125 1763
15346.998046875 1766
15352.5888671875 1889
15358.4033203125 2077
15359.736328125 2082
15363.37890625 2131
15369.650390625 2315
15373.591796875 2317
15393.7998046875 2409
15396.7744140625 2608
15398.474609375 2616
15443.62109375 2649
15447.66796875 2819
15452.095703125 2862
15452.8173828125 1164
15455.6171875 2213
15470.958984375 1050
15494.2587890625 979
15515.580078125 1562
15515.580078125 1597
15541.90234375 2334
15548.306640625 587
15561.162109375 630
15583.4365234375 777
15591.2666015625 1012
15597.3564453125 1064
15597.9140625 1082
15603.314453125 1462
15613.888671875 1501
15614.2109375 1654
15616.671875 1800
15621.3671875 2656
15626.46875 2884
15685.421875 1416
15691.357421875 1575
15695.1962890625 2889
15708.3212890625 445
15709.7724609375 30
15724.1884765625 2484
15725.0244140625 38
15746.5185546875 40
15749.54296875 76
15763.6513671875 77
15765.40234375 108
15772.1474609375 164
15788.4140625 211
15791.908203125 225
15793.67578125 376
15793.7177734375 437
15802.04296875 510
15807.474609375 646
15817.689453125 671
15839.6767578125 738
15843.2470703125 770
15847.009765625 1434
15852.3017578125 1610
15853.666015625 1662
15865.298828125 1709
15876.23828125 1998
15885.091796875 2166
15891.44140625 2220
15892.7080078125 2238
15897.5859375 2255
15901.701171875 2345
15914.205078125 2510
15921.150390625 2581
15937.625 2607
15939.357421875 2807
15942.6875 1015
15965.9892578125 1984
15969.44921875 1258
15972.275390625 2555
15973.578125 1147
15978.0556640625 865
15986.5478515625 939
15992.9404296875 1497
16003.16015625 2630
16030.5244140625 2752
16039.3671875 457
16053.2080078125 309
16068.5029296875 316
16073.5029296875 483
16075.5322265625 484
16076.25390625 633
16077.630859375 1026
16077.8251953125 1036
16079.1904296875 1176
16106.892578125 1423
16120.2294921875 1485
16139.0546875 1590
16155.306640625 1702
16158.556640625 1759
16160.1552734375 1818
16168.8349609375 1958
16179.07421875 1963
16191.3525390625 1977
16204.1396484375 2053
16209.849609375 2056
16222.2978515625 2125
16224.12109375 2304
16242.3486328125 2356
16256.10546875 2477
16258.8388671875 2533
16260.4013671875 2732
16261.12109375 2948
16275.3125 1601
16276.390625 2256
16279.9931640625 2104
16281.3701171875 284
16301.0361328125 182
16307.1455078125 916
16307.525390625 1667
16344.1728515625 1852
16362.30859375 727
16369.5693359375 2036
16375.4345703125 2772
16389.04296875 130
16392.767578125 219
16400.6953125 394
16403.6171875 405
16405.7890625 634
16406.64453125 856
16416.748046875 983
16418.66796875 1117
16421.767578125 1386
16430.669921875 1791
16433.8984375 1991
16437.765625 2060
16441.919921875 2215
16441.919921875 2314
16447.80078125 2440
16449.1171875 2467
16454.15625 2618
16458.2890625 2648
16477.689453125 2694
16479.8828125 1772
16488.828125 818
16493.7734375 2907
16505.19921875 660
16532.857421875 1168
16533.556640625 1145
16535.044921875 1476
16543.2734375 1618
16567.025390625 655
16578.173828125 1592
16581.3046875 2120
16595.49609375 2557
16599.912109375 112
16606.271484375 350
16607.71875 356
16609.919921875 448
16616.2265625 1500
16616.45703125 1526
16621.900390625 1587
16630.978515625 1881
16633.140625 1943
16635.19140625 1962
16641.501953125 1995
16641.724609375 2075
16656.59765625 2118
16673.986328125 2309
16675.59375 2418
16676.8046875 2516
16687.384765625 2588
16727.41015625 2605
16734.2109375 2623
16746.75 2937
16747.66015625 1005
16750.654296875 110
16786.60546875 2360
16802.669921875 121
16829.310546875 1046
16852.68359375 298
16853.474609375 372
16863.439453125 492
16898.2578125 752
16899.279296875 838
16901.55859375 903
16916.369140625 1034
16930.779296875 1128
16939.685546875 1187
16954.830078125 1437
16961.0 1488
16990.326171875 1534
17018.015625 1657
17024.853515625 1678
17031.767578125 1824
17043.78515625 1826
17057.044921875 1941
17057.140625 1997
17067.259765625 2318
17106.86328125 2327
17110.91015625 2362
17118.71484375 2404
17123.19140625 2453
17150.3046875 2458
17183.01953125 2496
17184.0546875 2696
17185.744140625 2722
17189.83203125 2796
17190.302734375 2584
17197.197265625 2872
17205.431640625 2589
17234.541015625 2135
17238.951171875 1802
17247.771484375 1853
17258.134765625 1892
17299.615234375 1580
17305.1328125 25
17307.892578125 72
17320.708984375 343
17322.61328125 710
17328.966796875 755
17351.537109375 885
17358.30078125 1683
17363.298828125 1776
17364.48828125 1972
17371.259765625 2047
17395.283203125 2138
17397.837890625 2185
17401.62890625 2344
17408.119140625 2545
17423.134765625 2573
17424.16015625 2855
17432.5 2159
17440.912109375 1067
17459.88671875 371
17464.708984375 243
17467.28515625 1301
17467.541015625 311
17467.541015625 426
17468.03515625 648
17486.109375 720
17504.400390625 792
17524.671875 940
17534.15234375 1006
17542.68359375 1032
17548.607421875 1160
17554.11328125 1189
17560.5703125 2183
17573.880859375 2190
17612.3046875 2301
17626.646484375 1459
17648.67578125 1649
17665.45703125 353
17694.78125 2706
17696.361328125 1511
17696.4609375 1778
17699.201171875 329
17699.365234375 731
17705.20703125 1400
17721.60546875 2070
17750.244140625 1480
17774.8203125 1714
17777.08203125 249
17777.72265625 94
17790.49609375 2823
17792.171875 471
17803.630859375 473
17819.234375 747
17819.3359375 915
17835.76953125 921
17903.19140625 993
17918.6796875 1072
17977.6484375 1415
18024.87109375 1541
18036.521484375 1746
18053.310546875 1949
18061.462890625 2079
18069.40234375 2219
18070.603515625 2258
18083.623046875 2413
18086.7734375 2628
18088.365234375 2828
18103.15234375 2903
18151.443359375 2996
18155.21875 204
18155.5625 1247
18155.681640625 1410
18157.9375 1888
18166.546875 1214
18167.150390625 1658
18194.6328125 2587
18204.119140625 380
18208.2890625 688
18225.8515625 1761
18234.078125 66
18275.021484375 127
18297.5234375 179
18300.51953125 855
18312.8203125 1198
18328.119140625 1250
18330.65625 1507
18331.30859375 1558
18379.58984375 2007
18380.234375 2092
18385.103515625 2231
18404.958984375 2384
18415.35546875 2457
18438.849609375 2544
18438.96484375 2717
18459.298828125 2774
18469.76953125 2794
18481.796875 2909
18498.337890625 972
18540.630859375 1138
18556.92578125 1442
18566.08203125 1027
18567.984375 622
18595.162109375 417
18601.9453125 450
18616.8828125 690
18624.720703125 969
18626.140625 982
18632.611328125 1040
18638.923828125 1078
18663.966796875 1083
18701.490234375 1382
18701.490234375 1391
18745.796875 1486
18775.541015625 1503
18779.375 1547
18785.16015625 1561
18864.416015625 1965
18900.080078125 2026
18920.341796875 2066
18951.35546875 2182
18969.232421875 2245
18979.08203125 2460
19003.388671875 2466
19019.138671875 2540
19025.798828125 2593
19044.966796875 2632
19051.48046875 2753
19101.666015625 2759
19160.5625 2793
19207.888671875 2925
19231.2265625 2152
19257.44140625 762
19293.203125 2757
19306.673828125 37
19319.587890625 1624
19324.140625 1271
19366.64453125 2370
19409.7265625 2895
19419.03125 2411
19437.15625 67
19437.93359375 150
19489.51953125 171
19490.40625 195
19516.244140625 363
19527.654296875 522
19600.3671875 657
19605.53125 701
19607.611328125 760
19627.19921875 811
19638.67578125 874
19682.169921875 875
19702.72265625 1002
19733.833984375 1007
19751.3203125 1023
19758.69140625 1356
19760.841796875 1378
19772.83203125 1489
19790.525390625 1629
19798.818359375 2721
19803.955078125 2032
19806.962890625 2259
19814.720703125 771
19823.865234375 1543
19826.646484375 2241
19853.08984375 1964
19863.29296875 1625
19892.41015625 2693
19904.44140625 222
19913.55859375 258
19923.072265625 281
19950.849609375 506
19952.4453125 582
19971.720703125 724
20025.6953125 879
20034.271484375 1003
20076.39453125 1171
20094.029296875 1182
20106.03125 1588
20140.341796875 1685
20147.61328125 1758
20147.61328125 2300
20178.701171875 2310
20180.17578125 2705
20181.755859375 2845
20196.48046875 2916
20214.38671875 1811
20277.83203125 2701
20295.390625 421
20327.4375 1440
20402.73046875 2337
20468.603515625 2531
20554.607421875 18
20656.861328125 29
20828.869140625 31
20846.6015625 104
20888.447265625 274
20895.900390625 321
20946.45703125 370
20998.875 375
21015.03515625 562
21207.96484375 914
21223.775390625 944
21356.2578125 1672
21384.91796875 1684
21518.52734375 1825
21546.5 1846
21562.318359375 1960
21581.73828125 1976
21612.1953125 2006
21636.60546875 2319
21654.90234375 2405
21682.640625 2550
21718.68359375 2606
21866.83203125 2768
21888.1015625 1081
21906.44921875 1780
22064.88671875 16
22081.248046875 28
22133.3046875 125
22252.287109375 212
22329.416015625 265
22988.369140625 295
22997.845703125 360
23057.818359375 364
23227.0234375 937
23230.7265625 1077
23474.93359375 1101
23503.201171875 1241
23739.650390625 1243
24442.69140625 1307
24631.3046875 1343
24703.646484375 1404
24831.828125 1418
25087.888671875 1585
25865.5390625 1719
26473.96875 1822
26833.4296875 2009
27014.0 2164
27128.06640625 2214
27451.5625 2250
29042.619140625 2263
31513.73046875 2342
34257.1953125 2359
37476.01953125 2547
