2729.983154296875 1020
2938.106201171875 640
3204.0888671875 59
3228.52099609375 177
3255.25048828125 191
3294.979736328125 575
3453.7587890625 687
3502.284423828125 934
3535.864501953125 1119
3539.35986328125 1529
3584.37158203125 1697
3620.24560546875 1810
3620.9814453125 1831
3766.623291015625 2354
3771.357421875 2528
3978.0869140625 2679
4079.510009765625 2712
4110.1982421875 2747
4113.4970703125 2809
4297.908203125 2821
4410.3642578125 2842
4432.29052734375 2860
4437.71484375 2906
4507.5869140625 2994
5232.03173828125 186
5245.78759765625 223
5582.4755859375 1594
5609.1220703125 410
5713.0888671875 631
5783.0068359375 132
6127.642578125 2576
6629.51611328125 1446
6832.8916015625 87
6869.07861328125 251
7076.9912109375 527
7345.80029296875 529
7357.50341796875 625
7455.28955078125 641
7523.93359375 693
7707.759765625 873
7787.11865234375 881
7899.02734375 928
7975.5595703125 1133
7975.5595703125 1283
8201.587890625 1318
8236.26953125 1346
8259.453125 1417
8356.31640625 1720
8606.0380859375 1987
8662.482421875 2226
8840.8349609375 2296
8898.4892578125 2515
8927.5615234375 2572
8955.572265625 2669
9035.8583984375 2728
9166.935546875 2734
9177.5048828125 2746
9196.7666015625 2852
9226.2880859375 2866
9230.2255859375 2915
9268.2109375 2949
9573.65234375 377
9643.021484375 2281
9643.021484375 160
9673.5595703125 1
9792.322265625 425
9802.828125 446
9876.1220703125 800
10030.1796875 918
10051.470703125 953
10058.40625 985
10217.3388671875 986
10369.0068359375 1008
10440.4697265625 1043
10479.666015625 1270
10495.3916015625 1317
10505.0029296875 1435
10507.203125 1548
10556.3408203125 1606
10559.8544921875 1661
10658.8515625 1712
10671.611328125 2010
10730.90234375 2088
10734.6015625 2365
10773.791015625 2410
10781.71484375 2414
10821.6435546875 2482
10879.2021484375 2560
10945.69921875 2781
10964.572265625 2820
11006.8037109375 997
11051.419921875 1781
11111.830078125 81
11149.953125 229
11211.763671875 440
11232.384765625 548
11341.5830078125 611
11431.603515625 826
11437.72265625 834
11494.943359375 848
11546.2353515625 871
11567.6435546875 893
11639.9580078125 1231
11717.48828125 1256
11761.037109375 1315
11763.39453125 1458
11883.783203125 1550
11941.5166015625 1671
11953.8876953125 1711
11967.1220703125 1815
11975.4736328125 1893
12032.9296875 2312
12085.587890625 2324
12118.1357421875 2385
12128.767578125 2447
12184.4951171875 2562
12198.67578125 2610
12261.5703125 2622
12315.7138671875 2853
12373.8359375 2924
12397.0 2927
12403.3193359375 2239
12411.419921875 1362
12515.5478515625 1926
12538.3876953125 2997
12595.455078125 254
12642.380859375 388
12753.525390625 465
12801.7265625 498
12833.228515625 520
12899.0458984375 962
12905.5615234375 981
12935.3935546875 1156
12964.822265625 1652
12991.349609375 2205
12992.19921875 2339
13017.162109375 2417
13020.794921875 2494
13032.8271484375 2687
13054.1708984375 1122
13064.466796875 1670
13105.111328125 264
13138.6044921875 2173
13143.701171875 1646
13243.2939453125 2396
13291.1484375 49
13304.1171875 189
13421.3564453125 261
13466.73828125 263
13534.5966796875 430
13545.8056640625 831
13584.5244140625 899
13620.4306640625 1123
13627.37109375 1169
13699.1416015625 1350
13730.10546875 1405
13735.404296875 1512
13750.7216796875 1750
13831.501953125 1769
13845.865234375 1908
13847.083984375 1966
13908.185546875 1982
13920.072265625 1993
13962.6591796875 2094
14048.8095703125 2126
14065.15625 2141
14084.27734375 2171
14151.4794921875 2174
14158.9619140625 2177
14164.3857421875 2237
14206.998046875 2367
14215.14453125 2536
14284.4453125 2542
14330.2177734375 2582
14401.0615234375 2675
14520.95703125 2703
14559.01953125 1873
14607.818359375 2107
14621.9169921875 1281
14626.63671875 455
14634.7080078125 470
14652.4658203125 902
14676.1181640625 926
14774.58984375 967
14813.3681640625 1104
14826.521484375 1225
14839.712890625 1286
14891.416015625 1506
14897.54296875 1516
14912.240234375 1599
14920.2529296875 1779
14926.486328125 1848
14937.7548828125 1867
14945.0087890625 1883
15036.669921875 2063
15062.2177734375 2210
15108.703125 2246
15114.78125 2285
15177.59375 2361
15180.94140625 2686
15280.00390625 2700
15297.435546875 88
15298.1806640625 586
15304.9375 136
15310.443359375 1471
15328.669921875 226
15328.669921875 296
15333.271484375 1197
15336.306640625 1666
15339.265625 2511
15369.6708984375 101
15399.9580078125 215
15435.2255859375 549
15436.9248046875 550
15495.5087890625 573
15498.984375 1136
15522.853515625 1199
15549.7666015625 1530
15570.5751953125 1581
15574.466796875 1640
15584.806640625 1688
15626.7548828125 1968
15676.60546875 2526
15717.7119140625 2571
15742.1298828125 2983
15748.8125 1787
15821.3720703125 602
15845.2998046875 1146
15885.5029296875 253
15937.986328125 342
15951.8125 843
15981.392578125 1233
16008.1298828125 1335
16019.845703125 1394
16030.2294921875 1737
16044.1298828125 1784
16092.83984375 1950
16119.9853515625 2025
16190.66796875 2473
16201.662109375 2518
16222.673828125 999
16241.9443359375 1056
16245.27734375 1900
16247.7060546875 1304
16291.3583984375 1326
16321.7470703125 2967
16343.3515625 1329
16404.9296875 50
16439.056640625 318
16449.10546875 389
16458.251953125 478
16462.09765625 491
16465.4375 580
16472.12890625 599
16478.50390625 890
16485.189453125 896
16486.95703125 909
16489.875 919
16500.46484375 995
16526.017578125 1273
16529.91796875 1342
16537.3125 1430
16549.259765625 1495
16554.037109375 1568
16555.79296875 1583
16558.2421875 1764
16589.37109375 1774
16602.515625 2065
16705.076171875 2117
16710.31640625 2181
16713.01171875 2268
16719.28125 2465
16729.625 2664
16753.59375 2760
16753.859375 2764
16866.267578125 2938
16867.443359375 2943
16876.970703125 1860
16888.3125 2880
16912.126953125 1333
16953.3046875 2631
16987.24609375 146
16996.115234375 1538
17034.685546875 21
17051.6953125 34
17073.509765625 200
17093.818359375 288
17116.65625 336
17124.0859375 385
17136.078125 517
17138.05859375 546
17219.390625 609
17221.73828125 614
17229.109375 683
17242.376953125 686
17278.02734375 769
17295.734375 1097
17315.8359375 1221
17317.9375 1322
17327.099609375 1359
17341.1875 1376
17359.119140625 1686
17436.37109375 1854
17442.310546875 2513
17454.841796875 2553
17461.529296875 2650
17480.140625 2672
17503.9296875 2911
17519.951171875 78
17543.517578125 2713
17544.5234375 2800
17548.734375 2651
17562.416015625 2970
17571.578125 1045
17577.599609375 1068
17587.228515625 2078
17608.591796875 884
17620.24609375 886
17676.982421875 1028
17682.716796875 1845
17687.9375 1932
17691.943359375 2489
17698.587890625 90
17702.9453125 153
17703.69921875 240
17740.259765625 256
17742.263671875 531
17743.408203125 644
17748.435546875 706
17749.134765625 775
17788.80859375 1163
17817.2890625 1483
17819.810546875 2114
17827.595703125 2379
17860.953125 2424
17868.337890625 2433
17875.06640625 2435
17880.81640625 2442
17943.470703125 2683
17960.3671875 2811
17968.58203125 2176
18012.76953125 169
18016.220703125 2207
18017.61328125 1144
18023.42578125 2180
18027.328125 73
18083.1171875 663
18116.8046875 677
18138.583984375 756
18166.26171875 925
18199.30859375 927
18200.76171875 946
18203.1484375 996
18204.533203125 1141
18205.041015625 1202
18223.267578125 1251
18258.748046875 1457
18270.13671875 1502
18272.701171875 1591
18292.98828125 1733
18336.9921875 1735
18411.697265625 1919
18428.703125 1933
18463.6640625 1955
18481.005859375 2002
18507.802734375 2335
18507.890625 2341
18531.3125 2565
18533.734375 2695
18544.98046875 2763
18545.671875 2840
18556.9921875 2422
18565.2265625 1282
18567.30078125 488
18587.251953125 869
18601.134765625 2059
18602.37890625 787
18618.859375 904
18632.34765625 137
18642.25 275
18667.947265625 328
18675.802734375 333
18675.962890625 392
18681.09765625 407
18699.009765625 489
18706.83984375 680
18709.5 1022
18725.138671875 1290
18731.81640625 1358
18737.6953125 1607
18762.59375 1653
18781.08203125 2024
18788.88671875 2184
18791.078125 2221
18794.6484375 2394
18803.6640625 2427
18825.5546875 2517
18832.484375 2655
18833.873046875 2704
18837.6015625 2900
18843.220703125 2946
18848.62890625 459
18885.81640625 1408
18896.470703125 1339
18937.224609375 22
18950.328125 45
18979.55078125 300
18981.3984375 812
18993.47265625 922
19001.974609375 947
19016.23828125 975
19045.615234375 1001
19090.853515625 1095
19109.779296875 1275
19121.0 1664
19123.19140625 1708
19134.0390625 1763
19150.28125 1766
19170.6484375 1889
19176.109375 2077
19186.201171875 2082
19191.419921875 2131
19192.16796875 2315
19193.294921875 2317
19220.12109375 2409
19221.71875 2608
19267.453125 2616
19282.060546875 2649
19323.16796875 2819
19324.185546875 2862
19324.189453125 1164
19334.9765625 2213
19353.0390625 1050
19356.71484375 979
19357.501953125 1562
19358.0078125 1597
19359.04296875 2334
19370.513671875 587
19379.583984375 630
19396.884765625 777
19413.755859375 1012
19417.21875 1064
19469.9609375 1082
19523.55078125 1462
19529.50390625 1501
19585.1484375 1654
19593.46875 1800
19602.876953125 2656
19609.458984375 2884
19618.6796875 1416
19625.8203125 1575
19627.123046875 2889
19661.708984375 445
19727.806640625 30
19742.134765625 2484
19752.572265625 38
19754.58984375 40
19768.6953125 76
19783.37109375 77
19789.78515625 108
19790.6953125 164
19817.0 211
19820.541015625 225
19874.71484375 376
19881.609375 437
19882.88671875 510
19886.50390625 646
19888.720703125 671
19888.97265625 738
19894.37890625 770
19900.02734375 1434
19901.03125 1610
19957.244140625 1662
19957.4921875 1709
19985.447265625 1998
19985.662109375 2166
19986.7578125 2220
20015.16796875 2238
20032.736328125 2255
20041.76171875 2345
20069.021484375 2510
20086.173828125 2581
20105.9140625 2607
20109.626953125 2807
20126.05078125 1015
20157.82421875 1984
20161.1328125 1258
20205.349609375 2555
20233.728515625 1147
20237.96875 865
20242.380859375 939
20243.103515625 1497
20253.74609375 2630
20259.578125 2752
20305.548828125 457
20337.685546875 309
20362.03515625 316
20363.53515625 483
20366.486328125 484
20382.228515625 633
20386.65625 1026
20399.396484375 1036
20417.552734375 1176
20431.87109375 1423
20432.484375 1485
20466.046875 1590
20477.95703125 1702
20509.650390625 1759
20533.45703125 1818
20536.3515625 1958
20543.728515625 1963
20555.51953125 1977
20558.373046875 2053
20604.458984375 2056
20617.431640625 2125
20638.453125 2304
20651.9296875 2356
20676.2265625 2477
20683.162109375 2533
20699.599609375 2732
20715.982421875 2948
20721.16015625 1601
20723.37109375 2256
20728.64453125 2104
20730.4140625 284
20737.4375 182
20783.443359375 916
20789.734375 1667
20795.140625 1852
20814.412109375 727
20833.53125 2036
20880.96484375 2772
20925.396484375 130
20927.7421875 219
20950.033203125 394
20959.583984375 405
20970.634765625 634
20974.134765625 856
20981.05078125 983
20984.01171875 1117
21008.423828125 1386
21033.267578125 1791
21033.798828125 1991
21038.880859375 2060
21049.1875 2215
21061.953125 2314
21063.3203125 2440
21066.673828125 2467
21084.423828125 2618
21084.482421875 2648
21094.02734375 2694
21124.521484375 1772
21147.9609375 818
21148.865234375 2907
21162.98046875 660
21166.416015625 1168
21167.625 1145
21186.11328125 1476
21207.615234375 1618
21224.556640625 655
21230.716796875 1592
21235.490234375 2120
21242.822265625 2557
21247.587890625 112
21257.046875 350
21276.166015625 356
21284.400390625 448
21316.052734375 1500
21317.845703125 1526
21330.974609375 1587
21351.6796875 1881
21357.083984375 1943
21360.58984375 1962
21361.78125 1995
21364.73046875 2075
21372.740234375 2118
21387.96875 2309
21411.814453125 2418
21423.099609375 2516
21424.947265625 2588
21432.146484375 2605
21435.306640625 2623
21439.92578125 2937
21453.927734375 1005
21465.771484375 110
21486.466796875 2360
21514.5703125 121
21524.626953125 1046
21539.748046875 298
21542.609375 372
21545.04296875 492
21560.431640625 752
21601.494140625 838
21601.90234375 903
21606.01953125 1034
21616.4375 1128
21665.015625 1187
21700.015625 1437
21700.0390625 1488
21716.0390625 1534
21718.46875 1657
21721.18359375 1678
21756.35546875 1824
21757.19921875 1826
21783.595703125 1941
21806.48828125 1997
21812.19921875 2318
21814.154296875 2327
21821.609375 2362
21835.955078125 2404
21843.12890625 2453
21854.9140625 2458
21855.078125 2496
21867.3046875 2696
21879.35546875 2722
21921.306640625 2796
21922.63671875 2584
21923.552734375 2872
21936.005859375 2589
21948.849609375 2135
21970.4296875 1802
21980.388671875 1853
22023.984375 1892
22041.47265625 1580
22054.326171875 25
22060.95703125 72
22099.6953125 343
22143.3359375 710
22144.48828125 755
22148.291015625 885
22154.921875 1683
22188.0625 1776
22206.763671875 1972
22269.775390625 2047
22292.837890625 2138
22295.349609375 2185
22301.375 2344
22310.421875 2545
22325.23046875 2573
22325.23046875 2855
22328.154296875 2159
22339.0234375 1067
22346.171875 371
22353.130859375 243
22356.1640625 1301
22359.17578125 311
22376.169921875 426
22434.779296875 648
22462.03125 720
22474.125 792
22488.0078125 940
22496.828125 1006
22497.869140625 1032
22503.8125 1160
22508.390625 1189
22510.94921875 2183
22526.796875 2190
22541.626953125 2301
22565.7109375 1459
22620.81640625 1649
22626.189453125 353
22644.517578125 2706
22660.115234375 1511
22662.240234375 1778
22663.55078125 329
22715.1328125 731
22722.05859375 1400
22771.865234375 2070
22779.349609375 1480
22779.349609375 1714
22798.765625 249
22861.935546875 94
22863.34375 2823
22864.568359375 471
22886.189453125 473
22931.123046875 747
22939.845703125 915
22979.75 921
22986.98046875 993
22988.48828125 1072
23025.146484375 1415
23054.708984375 1541
23062.09765625 1746
23069.6953125 1949
23070.89453125 2079
23098.744140625 2219
23106.22265625 2258
23124.94921875 2413
23125.46875 2628
23128.02734375 2828
23192.744140625 2903
23196.318359375 2996
23213.302734375 204
23274.470703125 1247
23332.962890625 1410
23345.93359375 1888
23457.21875 1214
23468.666015625 1658
23517.8984375 2587
23517.955078125 380
23552.388671875 688
23601.83984375 1761
23608.05078125 66
23622.935546875 127
23636.740234375 179
23641.60546875 855
23673.421875 1198
23711.03125 1250
23760.50390625 1507
23762.333984375 1558
23819.869140625 2007
23825.45703125 2092
23834.55859375 2231
23842.16015625 2384
23879.984375 2457
23897.580078125 2544
23957.19140625 2717
23960.375 2774
23975.603515625 2794
23991.3125 2909
24079.91796875 972
24100.50390625 1138
24102.548828125 1442
24131.14453125 1137
24155.826171875 102
24162.0078125 667
24162.21875 1935
24166.185546875 2352
24181.923828125 2887
24190.375 427
24199.37890625 1533
24200.6953125 170
24219.091796875 262
24275.869140625 306
24280.822265625 596
24346.96875 805
24360.357421875 849
24383.626953125 850
24405.560546875 965
24406.76953125 976
24409.109375 1058
24416.328125 1403
24427.158203125 1645
24476.48828125 1999
24561.107421875 2292
24562.412109375 2392
24577.6796875 2403
24650.962890625 2497
24664.94140625 2524
24675.9140625 2601
24706.455078125 2652
24706.455078125 2657
24733.265625 2761
24751.783203125 2839
24757.181640625 2939
24811.294921875 2984
24840.951171875 1027
24849.494140625 622
24880.375 417
24897.109375 450
24915.140625 690
24938.931640625 969
24975.8046875 982
25017.306640625 1040
25019.720703125 1078
25022.025390625 1083
25055.423828125 1382
25098.3515625 1391
25157.048828125 1486
25169.859375 1503
25175.96875 1547
25183.63671875 1561
25199.82421875 1965
25204.71484375 2026
25278.80859375 2066
25336.681640625 2182
25341.72265625 2245
25344.494140625 2460
25389.91796875 2466
25391.072265625 2540
25420.88671875 2593
25476.32421875 2632
25512.46484375 2753
25528.25390625 2759
25534.546875 2793
25539.791015625 2925
25554.408203125 2152
25598.0859375 762
25631.29296875 2757
25633.08984375 37
25646.931640625 1624
25647.98046875 1271
25648.810546875 2370
25651.73828125 2895
25683.373046875 2411
25685.044921875 67
25686.712890625 150
25749.119140625 171
25773.90234375 195
25808.947265625 363
25830.9453125 522
25868.18359375 657
25877.044921875 701
25912.302734375 760
25920.259765625 811
25975.828125 874
26021.892578125 875
26060.82421875 1002
26108.1640625 1007
26134.966796875 1023
26154.1953125 1356
26164.28515625 1378
26234.728515625 1489
26242.494140625 1629
26270.140625 2721
26286.353515625 2032
26375.90625 2259
26511.35546875 771
26528.05078125 1543
26600.03125 2241
26618.86328125 1964
26661.921875 1625
26683.837890625 2693
26744.40625 222
26744.916015625 258
26782.55078125 281
26826.642578125 506
26865.833984375 582
26885.451171875 724
26966.20703125 879
26969.943359375 1003
26997.37890625 1171
27012.78515625 1182
27100.8515625 1588
27255.4921875 1685
27274.080078125 1758
27281.12109375 2300
27284.45703125 2310
27288.5 2705
27300.1796875 2845
27342.65234375 2916
27385.6484375 1811
27486.982421875 2701
27610.33203125 421
27629.341796875 1440
27683.923828125 2337
27687.6796875 2531
27714.81640625 18
27740.171875 29
27821.82421875 31
27837.818359375 104
27837.818359375 274
27900.783203125 321
27929.103515625 370
27942.259765625 375
28081.76953125 562
28224.08203125 914
28293.337890625 944
28359.330078125 1672
28379.990234375 1684
28455.00390625 1825
28456.8359375 1846
28697.0703125 1960
28870.9765625 1976
28937.625 2006
29058.16796875 2319
29084.3828125 2405
29287.357421875 2550
29360.146484375 2606
29595.25 2768
29695.0625 1081
29869.169921875 1780
30011.744140625 16
30101.501953125 28
30143.3046875 125
30152.31640625 212
30262.466796875 265
30793.068359375 295
30806.9765625 360
30873.3984375 364
30948.70703125 937
31292.671875 1077
31317.857421875 1101
31500.9375 1241
31651.611328125 1243
31769.638671875 1307
31875.103515625 1343
31903.552734375 1404
31978.4921875 1418
32093.19140625 1585
32140.298828125 1719
32346.1953125 1822
32384.095703125 2009
32828.265625 2164
33372.765625 2214
34484.89453125 2250
35471.5703125 2263
36254.4296875 2342
36547.76171875 2359
36734.390625 2547
