6039.9267578125 1329
6240.83837890625 50
6467.71728515625 318
6861.0380859375 389
7017.7314453125 478
7113.8701171875 491
7140.705078125 580
7247.9912109375 599
7271.8994140625 890
7319.546875 896
7378.93994140625 909
7404.49560546875 919
7417.26708984375 995
7443.041015625 1273
7589.5380859375 1342
7658.98046875 1430
7672.91455078125 1495
7715.44921875 1568
7736.5107421875 1583
7765.958984375 1764
7787.77099609375 1774
7805.04833984375 2065
7978.78369140625 2117
8082.4619140625 2181
8105.55224609375 2268
8165.71826171875 2465
8166.6787109375 2664
8175.0205078125 2760
8224.296875 2764
8269.3984375 2938
8273.3212890625 2943
8412.9423828125 1860
8466.0322265625 2880
8498.51171875 1446
8571.7607421875 87
8607.9853515625 251
8614.0537109375 527
8634.052734375 529
8688.4052734375 625
8786.287109375 641
8789.6416015625 693
8802.9384765625 873
8804.40625 881
8842.2490234375 928
8842.3623046875 1133
8891.5703125 1283
8894.427734375 1318
8911.162109375 1346
8981.1962890625 1417
8986.2431640625 1720
9004.9130859375 1987
9077.623046875 2226
9081.7060546875 2296
9130.1298828125 2515
9131.0400390625 2572
9139.83984375 2669
9149.279296875 2728
9150.1201171875 2734
9150.724609375 2746
9208.3603515625 2852
9222.2197265625 2866
9222.2197265625 2915
9280.3544921875 2949
9314.193359375 377
9371.4052734375 2281
9379.91015625 160
9386.19921875 1
9402.1396484375 425
9446.84765625 446
9469.8486328125 800
9480.552734375 918
9549.78125 953
9565.876953125 985
9578.279296875 986
9693.62109375 1008
9755.69921875 1043
9761.9794921875 1270
9791.5810546875 1317
9827.6640625 1435
9834.943359375 1548
9835.46875 1606
9850.25390625 1661
9867.15234375 1712
9900.84375 2010
9959.205078125 2088
9973.734375 2365
9986.0888671875 2410
9988.8779296875 2414
10063.689453125 2482
10088.6923828125 2560
10108.7451171875 2781
10154.1484375 2820
10224.43359375 997
10241.564453125 1781
10261.6953125 81
10274.86328125 229
10295.1806640625 440
10323.15234375 548
10359.59765625 611
10410.15625 826
10432.0849609375 834
10437.787109375 848
10445.9130859375 871
10530.6240234375 893
10537.78125 1231
10539.0107421875 1256
10539.115234375 1315
10543.9208984375 1458
10567.4306640625 1550
10572.06640625 1671
10576.8232421875 1711
10580.541015625 1815
10589.7060546875 1893
10591.7109375 2312
10608.41796875 2324
10611.5849609375 2385
10636.150390625 2447
10662.48046875 2562
10679.578125 2610
10702.5185546875 2622
10726.4189453125 2853
10726.5126953125 2924
10785.2744140625 2927
10787.15234375 2239
10817.5947265625 1362
10827.4453125 1926
10836.1083984375 2997
10841.8857421875 254
10843.82421875 388
10856.56640625 465
10865.5166015625 498
10918.8037109375 520
10962.3037109375 962
10984.876953125 981
11001.1201171875 1156
11025.087890625 1652
11106.9423828125 2205
11110.7861328125 2339
11120.9033203125 2417
11131.5068359375 2494
11136.02734375 2687
11136.513671875 1122
11179.4912109375 1670
11190.755859375 264
11193.5693359375 2173
11214.7314453125 1646
11235.12890625 2396
11241.029296875 49
11244.380859375 189
11265.91015625 261
11285.525390625 263
11330.6376953125 430
11340.041015625 831
11340.498046875 899
11359.1416015625 1123
11367.275390625 1169
11371.5419921875 1350
11373.6962890625 1405
11376.48046875 1512
11397.2490234375 1750
11409.4990234375 1769
11411.6201171875 1908
11428.453125 1966
11448.5419921875 1982
11494.8603515625 1993
11532.4091796875 2094
11538.421875 2126
11551.9716796875 2141
11600.822265625 2171
11609.6689453125 2174
11646.0048828125 2177
11678.1904296875 2237
11692.8330078125 2367
11704.0966796875 2536
11757.7509765625 2542
11758.4345703125 2582
11765.1650390625 2675
11768.49609375 2703
11795.486328125 1873
11860.9716796875 2107
11873.62109375 1281
11910.025390625 455
11934.2421875 470
11936.2822265625 902
11962.767578125 926
11965.509765625 967
12001.2705078125 1104
12026.0087890625 1225
12028.7568359375 1286
12043.5478515625 1506
12067.1220703125 1516
12071.796875 1599
12096.19921875 1779
12097.5615234375 1848
12100.49609375 1867
12109.08984375 1883
12131.3603515625 2063
12132.052734375 2210
12147.1396484375 2246
12148.5634765625 2285
12149.0927734375 2361
12185.669921875 2686
12201.263671875 2700
12204.8271484375 88
12209.75390625 586
12209.755859375 136
12209.755859375 1471
12212.568359375 226
12223.7099609375 296
12243.5 1197
12244.505859375 1666
12247.630859375 2511
12270.1552734375 101
12313.6826171875 215
12328.5419921875 549
12364.19921875 550
12376.4375 573
12400.513671875 1136
12413.5634765625 1199
12460.9541015625 1530
12466.1181640625 1581
12473.2763671875 1640
12485.3359375 1688
12486.1357421875 1968
12493.7421875 2526
12502.1875 2571
12506.888671875 2983
12527.6337890625 1787
12553.21875 602
12558.73046875 1146
12563.4462890625 253
12591.6923828125 342
12597.26953125 843
12602.646484375 1233
12618.009765625 1335
12638.5341796875 1394
12639.970703125 1737
12641.6552734375 1784
12707.904296875 1950
12712.6806640625 2025
12721.43359375 2473
12733.314453125 2518
12740.4111328125 999
12749.0673828125 1056
12751.2421875 1900
12753.98046875 1304
12771.0205078125 1326
12773.6103515625 2967
12780.87890625 1333
12793.61328125 2631
12814.583984375 146
12842.16796875 1538
12849.8994140625 21
12864.09375 34
12887.857421875 200
12900.5205078125 288
12904.1220703125 336
12955.2236328125 385
12958.029296875 517
12963.822265625 546
12985.828125 609
12991.4873046875 614
13002.3046875 683
13005.94921875 686
13012.84765625 769
13059.4375 1097
13066.7255859375 1221
13161.0029296875 1322
13171.8251953125 1359
13202.0322265625 1376
13231.615234375 1686
13232.01171875 1854
13244.80078125 2513
13249.5361328125 2553
13254.0302734375 2650
13257.2080078125 2672
13275.705078125 2911
13279.166015625 78
13282.470703125 2713
13283.1787109375 2800
13285.0927734375 2651
13301.92578125 2970
13341.0185546875 1045
13356.9873046875 1068
13357.2978515625 2078
13371.8056640625 884
13381.6005859375 886
13420.64453125 1028
13422.921875 1845
13438.98046875 1932
13452.4599609375 2489
13471.75 90
13485.1904296875 153
13485.2119140625 240
13485.7138671875 256
13486.7177734375 531
13505.8857421875 644
13506.609375 706
13508.3515625 775
13553.130859375 1163
13599.1923828125 1483
13621.2412109375 2114
13632.021484375 2379
13657.3203125 2424
13666.6025390625 2433
13682.939453125 2435
13687.970703125 2442
13704.1181640625 2683
13719.22265625 2811
13766.279296875 2176
13768.462890625 169
13775.3291015625 2207
13796.791015625 1144
13810.685546875 2180
13818.0888671875 73
13822.95703125 663
13832.2177734375 677
13835.154296875 756
13840.501953125 925
13856.4228515625 927
13882.3154296875 946
13896.9638671875 996
13901.69140625 1141
13911.4755859375 1202
13911.716796875 1251
13917.5302734375 1457
13918.8037109375 1502
13923.1533203125 1591
13929.53125 1733
13933.2724609375 1735
13942.037109375 1919
13958.3583984375 1933
13976.1240234375 1955
13979.8759765625 2002
13984.5078125 2335
13989.798828125 2341
14005.40625 2565
14061.896484375 2695
14069.705078125 2763
14094.9736328125 2840
14101.4892578125 2422
14110.9306640625 1020
14153.00390625 640
14188.3134765625 59
14204.1943359375 177
14204.8310546875 191
14219.3837890625 575
14226.568359375 687
14232.9482421875 934
14235.759765625 1119
14247.1884765625 1529
14251.287109375 1697
14271.0341796875 1810
14275.9140625 1831
14292.8369140625 2354
14296.556640625 2528
14297.1494140625 2679
14314.2353515625 2712
14332.119140625 2747
14341.7666015625 2809
14349.947265625 2821
14368.9384765625 2842
14391.189453125 2860
14398.65234375 2906
14470.220703125 2994
14481.6435546875 186
14511.91796875 223
14519.0869140625 1594
14531.0185546875 410
14537.3291015625 631
14538.5244140625 132
14538.74609375 2576
14542.921875 1282
14549.04296875 488
14582.982421875 869
14585.9423828125 2059
14586.2314453125 787
14615.712890625 904
14625.6669921875 137
14627.2001953125 275
14632.888671875 328
14638.3115234375 333
14676.75 392
14680.7744140625 407
14682.4580078125 489
14683.5859375 680
14684.650390625 1022
14697.00390625 1290
14713.7451171875 1358
14734.646484375 1607
14746.01171875 1653
14756.9130859375 2024
14778.146484375 2184
14816.1318359375 2221
14819.4345703125 2394
14828.435546875 2427
14828.7919921875 2517
14850.2744140625 2655
14858.5556640625 2704
14874.1640625 2900
14878.630859375 2946
14908.29296875 459
14910.0029296875 1408
14922.091796875 1339
14925.8232421875 22
14925.8994140625 45
14942.0078125 300
14958.400390625 812
14974.33203125 922
14988.24609375 947
15005.7705078125 975
15015.8916015625 1001
15028.1298828125 1095
15029.052734375 1275
15031.6689453125 1664
15035.1298828125 1708
15042.21484375 1763
15042.611328125 1766
15090.603515625 1889
15102.6962890625 2077
15104.31640625 2082
15129.2158203125 2131
15134.9833984375 2315
15140.8740234375 2317
15147.525390625 2409
15156.255859375 2608
15156.255859375 2616
15202.0712890625 2649
15202.744140625 2819
15203.0625 2862
15229.41796875 1164
15229.939453125 2213
15231.3779296875 1050
15231.6748046875 979
15233.984375 1562
15247.416015625 1597
15251.96484375 2334
15298.3759765625 587
15304.6982421875 630
15328.7734375 777
15337.4677734375 1012
15338.6201171875 1064
15343.0205078125 1082
15366.583984375 1462
15371.1083984375 1501
15387.544921875 1654
15388.26171875 1800
15398.4775390625 2656
15415.8173828125 2884
15419.0947265625 1416
15438.87890625 1575
15440.5078125 2889
15450.58203125 445
15460.3994140625 30
15482.98828125 2484
15486.0595703125 38
15491.0576171875 40
15491.3291015625 76
15509.423828125 77
15513.33984375 108
15515.9521484375 164
15516.9921875 211
15521.673828125 225
15534.2861328125 376
15547.953125 437
15575.6552734375 510
15580.7578125 646
15582.2890625 671
15642.5341796875 738
15646.6005859375 770
15662.720703125 1434
15666.8603515625 1610
15690.5703125 1662
15697.88671875 1709
15698.349609375 1998
15699.6826171875 2166
15729.73828125 2220
15747.8388671875 2238
15749.587890625 2255
15761.0078125 2345
15772.1640625 2510
15797.419921875 2581
15835.458984375 2607
15839.17578125 2807
15844.6640625 1015
15861.859375 1984
15887.04296875 1258
15888.525390625 2555
15894.2548828125 1147
15902.0078125 865
15907.404296875 939
15962.8935546875 1497
15964.1787109375 2630
15980.4345703125 2752
16001.466796875 457
16024.9541015625 309
16043.091796875 316
16064.5146484375 483
16084.021484375 484
16113.7333984375 633
16133.2197265625 1026
16134.7412109375 1036
16164.142578125 1176
16194.984375 1423
16195.744140625 1485
16199.1708984375 1590
16215.84765625 1702
16217.486328125 1759
16224.357421875 1818
16259.46484375 1958
16264.8720703125 1963
16268.333984375 1977
16286.333984375 2053
16322.705078125 2056
16324.2197265625 2125
16341.591796875 2304
16384.21484375 2356
16392.75 2477
16400.0390625 2533
16412.498046875 2732
16414.306640625 2948
16419.998046875 1601
16421.9921875 2256
16436.869140625 2104
16474.1171875 284
16481.142578125 182
16499.296875 916
16510.3984375 1667
16518.796875 1852
16519.25390625 727
16530.197265625 2036
16592.013671875 2772
16601.25 130
16613.02734375 219
16618.61328125 394
16621.314453125 405
16621.7265625 634
16658.083984375 856
16666.494140625 983
16675.775390625 1117
16694.388671875 1386
16704.984375 1791
16718.64453125 1991
16729.63671875 2060
16734.3125 2215
16786.705078125 2314
16824.78515625 2440
16835.33984375 2467
16835.548828125 2618
16857.66015625 2648
16868.08203125 2694
16869.095703125 1772
16870.955078125 818
16876.373046875 2907
16889.2578125 660
16892.72265625 1168
16923.177734375 1145
16932.611328125 1476
16941.458984375 1618
16960.291015625 655
16961.052734375 1592
16972.7109375 2120
16975.05859375 2557
16975.955078125 112
16989.2578125 350
17016.2890625 356
17016.2890625 448
17020.64453125 1500
17025.3046875 1526
17042.181640625 1587
17078.935546875 1881
17151.123046875 1943
17152.48828125 1962
17154.337890625 1995
17177.810546875 2075
17203.44921875 2118
17228.55078125 2309
17232.6640625 2418
17245.005859375 2516
17376.4453125 2588
17379.650390625 2605
17395.25390625 2623
17398.24609375 2937
17401.16015625 1005
17412.19921875 110
17432.4921875 2360
17437.00390625 121
17496.3671875 1046
17498.296875 298
17507.60546875 372
17533.74609375 492
17562.408203125 752
17589.080078125 838
17604.41015625 903
17604.875 1034
17611.091796875 1128
17720.5625 1187
17723.470703125 1437
17736.775390625 1488
17737.203125 1534
17752.734375 1657
17773.4375 1678
17781.90234375 1824
17797.787109375 1826
17802.25 1941
17815.5546875 1997
17824.44140625 2318
17848.931640625 2327
17858.759765625 2362
17865.458984375 2404
17868.76953125 2453
17869.83984375 2458
17869.85546875 2496
17891.962890625 2696
17898.55859375 2722
17898.55859375 2796
17912.958984375 2584
17944.03125 2872
17969.119140625 2589
17982.296875 2135
17996.447265625 1802
18001.419921875 1853
18004.482421875 1892
18019.09375 1580
18034.9140625 25
18055.72265625 72
18089.2578125 343
18093.859375 710
18137.771484375 755
18143.576171875 885
18195.142578125 1683
18217.568359375 1776
18230.84375 1972
18248.279296875 2047
18255.857421875 2138
18270.119140625 2185
18278.935546875 2344
18313.95703125 2545
18321.873046875 2573
18327.966796875 2855
18335.21484375 2159
18344.708984375 1067
18350.888671875 371
18355.501953125 243
18362.705078125 1301
18370.9140625 311
18430.2109375 426
18433.216796875 648
18444.033203125 720
18467.8671875 792
18473.158203125 940
18502.41796875 1006
18514.0625 1032
18535.111328125 1160
18565.08203125 1189
18577.94140625 2183
18578.849609375 2190
18626.61328125 2301
18640.244140625 1459
18642.7890625 1649
18654.412109375 353
18732.068359375 2706
18771.783203125 1511
18790.1953125 1778
18793.21875 329
18822.580078125 731
18840.521484375 1400
18841.021484375 2070
18846.54296875 1480
18851.73046875 1714
18886.140625 249
18894.658203125 94
18934.115234375 2823
18934.166015625 471
18940.28125 473
18968.6171875 747
18971.91796875 915
18986.85546875 921
19035.55859375 993
19040.236328125 1072
19057.615234375 1415
19064.1796875 1541
19093.880859375 1746
19170.861328125 1949
19176.4765625 2079
19177.39453125 2219
19200.7421875 2258
19234.95703125 2413
19253.80859375 2628
19270.109375 2828
19271.70703125 2903
19281.892578125 2996
19281.91796875 204
19302.416015625 1247
19322.005859375 1410
19329.96484375 1888
19352.44921875 1214
19374.533203125 1658
19389.306640625 2587
19393.634765625 380
19412.3984375 688
19464.330078125 1761
19481.4140625 66
19482.755859375 127
19510.794921875 179
19530.9296875 855
19570.73828125 1198
19574.166015625 1250
19574.951171875 1507
19611.96484375 1558
19730.2578125 2007
19734.021484375 2092
19748.05859375 2231
19760.892578125 2384
19803.5078125 2457
19837.474609375 2544
19869.1171875 2717
19887.326171875 2774
19896.15625 2794
19915.6875 2909
19926.83984375 972
19966.7734375 1138
19977.21875 1442
19982.1796875 1137
19999.43359375 102
20009.04296875 667
20009.455078125 1935
20042.439453125 2352
20069.1484375 2887
20173.0625 427
20175.103515625 1533
20177.49609375 170
20185.283203125 262
20195.451171875 306
20258.54296875 596
20283.9453125 805
20285.927734375 849
20301.603515625 850
20313.26953125 965
20321.052734375 976
20326.689453125 1058
20373.046875 1403
20394.9609375 1645
20400.181640625 1999
20429.677734375 2292
20433.388671875 2392
20469.873046875 2403
20470.654296875 2497
20477.228515625 2524
20483.09375 2601
20524.626953125 2652
20563.544921875 2657
20568.91015625 2761
20623.708984375 2839
20642.53125 2939
20643.669921875 2984
20650.83984375 1027
20681.390625 622
20726.724609375 417
20727.5546875 450
20733.779296875 690
20752.072265625 969
20753.68359375 982
20781.962890625 1040
20796.326171875 1078
20813.818359375 1083
20874.796875 1382
20920.37890625 1391
20920.37890625 1486
20930.958984375 1503
20980.74609375 1547
21004.939453125 1561
21007.2421875 1965
21019.451171875 2026
21032.1953125 2066
21040.5 2182
21062.7578125 2245
21091.798828125 2460
21092.3046875 2466
21096.59375 2540
21194.4453125 2593
21199.6796875 2632
21284.91796875 2753
21301.724609375 2759
21356.09765625 2793
21401.8671875 2925
21412.0 2152
21459.873046875 762
21487.23046875 2757
21591.048828125 37
21599.203125 1624
21627.91015625 1271
21686.521484375 2370
21772.43359375 2895
21784.728515625 2411
21795.830078125 67
21812.80078125 150
21828.564453125 171
21832.685546875 195
21845.0234375 363
21969.87890625 522
22098.173828125 657
22132.12109375 701
22272.23828125 760
22298.0625 811
22368.640625 874
22382.396484375 875
22395.4375 1002
22399.369140625 1007
22432.396484375 1023
22549.912109375 1356
22603.560546875 1378
22731.41796875 1489
22734.35546875 1629
22741.466796875 2721
22884.099609375 2032
22989.453125 2259
23139.767578125 771
23142.6171875 1543
23165.107421875 2241
23280.5234375 1964
23387.5390625 1625
23489.0 2693
23492.9453125 222
23653.47265625 258
23739.396484375 281
23753.73828125 506
23766.41796875 582
23769.5234375 724
23769.5234375 879
23903.05078125 1003
23950.98046875 1171
23951.646484375 1182
24018.7578125 1588
24080.490234375 1685
24101.19921875 1758
24257.548828125 2300
24339.255859375 2310
24597.130859375 2705
24624.375 2845
24637.642578125 2916
24716.060546875 1811
24756.47265625 2701
24781.00390625 421
24859.2265625 1440
24864.326171875 2337
24893.732421875 2531
25001.775390625 18
25005.544921875 29
25088.888671875 31
25285.73046875 104
25336.595703125 274
25681.77734375 321
25767.119140625 370
25784.60546875 375
25910.689453125 562
25975.18359375 914
26036.134765625 944
26061.935546875 1672
26243.0390625 1684
26300.9921875 1825
26430.7890625 1846
26518.90234375 1960
26534.49609375 1976
26564.3125 2006
26586.93359375 2319
26676.005859375 2405
26708.28125 2550
26728.634765625 2606
26992.42578125 2768
27252.37109375 1081
27262.03515625 1780
27397.697265625 16
27444.693359375 28
27482.837890625 125
27580.443359375 212
27611.166015625 265
27688.083984375 295
27745.86328125 360
27838.498046875 364
27896.171875 937
27919.68359375 1077
28265.04296875 1101
28286.283203125 1241
28635.4296875 1243
28809.224609375 1307
29531.36328125 1343
29619.134765625 1404
29721.712890625 1418
29945.970703125 1585
30062.779296875 1719
30941.671875 1822
31058.0625 2009
31244.90625 2164
31330.48828125 2214
31805.962890625 2250
31850.12109375 2263
31964.55859375 2342
32777.30078125 2359
35227.38671875 2547
