6421.59619140625 1046
6706.06689453125 298
6908.4580078125 372
6978.3212890625 492
7060.95166015625 752
7199.892578125 838
7203.142578125 903
7390.7275390625 1034
7442.6884765625 1128
7478.99951171875 1187
7593.90234375 1437
7694.61181640625 1488
7703.841796875 1534
7745.787109375 1657
7868.5703125 1678
7909.49365234375 1824
8054.67578125 1826
8054.79296875 1941
8083.767578125 1997
8104.03857421875 2318
8124.904296875 2327
8124.904296875 2362
8126.22119140625 2404
8131.1376953125 2453
8137.146484375 2458
8280.353515625 2496
8280.8046875 2696
8377.0419921875 2722
8410.150390625 2796
8412.498046875 2584
8428.380859375 2872
8437.1015625 1446
8456.455078125 87
8583.5078125 251
8601.125 527
8615.3671875 529
8615.5390625 625
8650.3505859375 641
8695.7216796875 693
8704.9228515625 873
8773.060546875 881
8837.568359375 928
8839.91796875 1133
8843.951171875 1283
8899.125 1318
8923.826171875 1346
8929.3427734375 1417
8957.576171875 1720
8958.5869140625 1987
8991.7373046875 2226
9028.705078125 2296
9039.326171875 2515
9049.833984375 2572
9106.677734375 2669
9123.345703125 2728
9200.4658203125 2734
9252.876953125 2746
9266.060546875 2852
9271.875 2866
9311.095703125 2915
9333.0458984375 2949
9356.53125 377
9360.365234375 2281
9385.869140625 160
9403.86328125 1
9414.279296875 425
9416.61328125 446
9453.517578125 800
9517.052734375 918
9537.6171875 953
9542.9287109375 985
9556.9228515625 986
9557.4033203125 1008
9562.005859375 1043
9565.20703125 1270
9569.5947265625 1317
9611.6708984375 1435
9615.5400390625 1548
9778.4091796875 1606
9784.9599609375 1661
9828.9013671875 1712
9856.2705078125 2010
9921.0126953125 2088
9984.21875 2365
9991.607421875 2410
10019.099609375 2414
10081.59375 2482
10097.42578125 2560
10108.453125 2781
10145.1435546875 2820
10169.9267578125 997
10179.3232421875 1781
10183.146484375 81
10183.146484375 229
10201.5361328125 440
10205.431640625 548
10217.857421875 611
10221.79296875 826
10237.90234375 834
10268.9296875 848
10279.4404296875 871
10281.1708984375 893
10308.09375 1231
10352.9697265625 1256
10353.8095703125 1315
10370.529296875 1458
10404.2490234375 1550
10409.59765625 1671
10421.126953125 1711
10425.3818359375 1815
10447.5341796875 1893
10473.48046875 2312
10473.6533203125 2324
10480.1513671875 2385
10481.4091796875 2447
10483.693359375 2562
10484.568359375 2610
10510.849609375 2622
10538.01171875 2853
10546.337890625 2924
10550.990234375 2927
10557.208984375 2239
10571.9267578125 1362
10577.994140625 1926
10583.0087890625 2997
10601.19140625 254
10639.9423828125 388
10660.603515625 465
10670.3740234375 498
10679.2998046875 520
10705.115234375 962
10711.59375 981
10725.490234375 1156
10731.9130859375 1652
10733.8681640625 2205
10767.8212890625 2339
10780.203125 2417
10788.5693359375 2494
10797.5126953125 2687
10806.95703125 1122
10825.42578125 1670
10832.884765625 264
10853.5302734375 2173
10854.9140625 1646
10858.318359375 2396
10860.759765625 49
10861.755859375 189
10862.8134765625 261
10883.140625 263
10914.322265625 430
10914.427734375 831
10917.814453125 899
10939.0478515625 1123
10966.9873046875 1169
10973.9365234375 1350
11010.158203125 1405
11025.7431640625 1512
11055.12109375 1750
11082.3203125 1769
11134.35546875 1908
11194.421875 1966
11202.1474609375 1982
11211.8642578125 1993
11242.9072265625 2094
11281.876953125 2126
11317.6552734375 2141
11324.9228515625 2171
11443.857421875 2174
11460.6943359375 2177
11465.20703125 2237
11472.91015625 2367
11500.6220703125 2536
11504.73828125 2542
11506.21875 2582
11509.884765625 2675
11513.01953125 2703
11513.1982421875 1873
11514.87109375 2107
11520.0693359375 1281
11520.30078125 455
11527.078125 470
11538.2373046875 902
11541.8544921875 926
11542.69921875 967
11551.88671875 1104
11552.6416015625 1225
11561.66015625 1286
11573.70703125 1506
11582.7119140625 1516
11583.19140625 1599
11585.04296875 1779
11587.0673828125 1848
11606.0771484375 1867
11607.1259765625 1883
11626.037109375 2063
11642.947265625 2210
11667.986328125 2246
11669.8095703125 2285
11688.435546875 2361
11697.875 2686
11701.556640625 2700
11709.5400390625 88
11715.7509765625 586
11718.775390625 136
11722.3984375 1471
11738.9482421875 226
11744.572265625 296
11757.537109375 1197
11759.0703125 1666
11771.068359375 2511
11792.43359375 101
11809.5400390625 215
11818.20703125 549
11842.083984375 550
11842.5673828125 573
11848.392578125 1136
11851.5361328125 1199
11859.9755859375 1530
11863.193359375 1581
11863.392578125 1640
11872.8623046875 1688
11876.890625 1968
11880.6220703125 2526
11883.5712890625 2571
11901.98046875 2983
11920.5458984375 1787
11929.517578125 602
11960.837890625 1146
11966.607421875 253
11970.2958984375 342
11971.5283203125 843
12000.166015625 1233
12000.224609375 1335
12006.5927734375 1394
12008.84375 1737
12013.216796875 1784
12021.17578125 1950
12034.3779296875 2025
12037.3505859375 2473
12043.181640625 2518
12050.2802734375 999
12057.7890625 1056
12058.388671875 1900
12071.0537109375 1304
12118.8671875 1326
12120.681640625 2967
12126.9970703125 1329
12127.19921875 50
12138.759765625 318
12143.544921875 389
12150.45703125 478
12169.796875 491
12175.583984375 580
12189.037109375 599
12197.029296875 890
12206.9189453125 896
12219.4306640625 909
12221.7744140625 919
12232.66796875 995
12236.8876953125 1273
12240.310546875 1342
12241.5009765625 1430
12244.341796875 1495
12247.099609375 1568
12259.876953125 1583
12269.96875 1764
12270.63671875 1774
12281.060546875 2065
12283.1572265625 2117
12289.0078125 2181
12289.05859375 2268
12289.765625 2465
12309.24609375 2664
12314.5625 2760
12321.29296875 2764
12330.49609375 2938
12332.63671875 2943
12339.6044921875 1860
12344.16796875 2880
12353.193359375 1333
12374.908203125 2631
12379.47265625 146
12386.716796875 1538
12393.8154296875 21
12419.1513671875 34
12428.05859375 200
12436.7822265625 288
12439.62109375 336
12443.64453125 385
12445.05859375 517
12446.2275390625 546
12456.8056640625 609
12490.8193359375 614
12502.0625 683
12502.8232421875 686
12514.50390625 769
12518.3037109375 1097
12525.791015625 1221
12534.2734375 1322
12557.763671875 1359
12579.849609375 1376
12588.28515625 1686
12590.6708984375 1854
12591.2353515625 2513
12596.3828125 2553
12604.3525390625 2650
12607.8876953125 2672
12625.3642578125 2911
12625.794921875 78
12629.03515625 2713
12645.013671875 2800
12647.8505859375 2651
12654.1845703125 2970
12659.0361328125 1045
12662.8701171875 1068
12662.8701171875 2078
12663.8564453125 884
12699.736328125 886
12734.78515625 1028
12753.1328125 1845
12771.8671875 1932
12812.87109375 2489
12829.943359375 90
12838.44921875 153
12841.7802734375 240
12847.8369140625 256
12862.951171875 531
12863.966796875 644
12873.177734375 706
12884.8359375 775
12898.11328125 1163
12907.697265625 1483
12909.4873046875 2114
12919.0869140625 2379
12943.90625 2424
12959.7607421875 2433
12981.966796875 2435
12986.17578125 2442
12994.529296875 2683
12999.4462890625 2811
13007.4833984375 2176
13011.4931640625 169
13013.9228515625 2207
13036.619140625 1144
13065.236328125 2180
13076.24609375 73
13088.8935546875 663
13092.869140625 677
13106.310546875 756
13107.9736328125 925
13124.083984375 927
13172.4609375 946
13173.47265625 996
13190.3759765625 1141
13211.314453125 1202
13217.9150390625 1251
13220.5205078125 1457
13237.1904296875 1502
13241.296875 1591
13256.51171875 1733
13270.57421875 1735
13270.6708984375 1919
13273.587890625 1933
13284.279296875 1955
13298.4951171875 2002
13305.5400390625 2335
13306.078125 2341
13310.57421875 2565
13351.20703125 2695
13354.75390625 2763
13357.72265625 2840
13357.7333984375 2422
13358.9013671875 1020
13379.138671875 640
13379.958984375 59
13393.751953125 177
13403.43359375 191
13408.50390625 575
13418.2119140625 687
13418.890625 934
13427.310546875 1119
13428.9609375 1529
13431.333984375 1697
13431.3359375 1810
13439.490234375 1831
13455.5 2354
13457.3017578125 2528
13466.8740234375 2679
13479.9150390625 2712
13488.513671875 2747
13499.1552734375 2809
13505.111328125 2821
13517.5908203125 2842
13518.5107421875 2860
13546.044921875 2906
13551.6376953125 2994
13602.5244140625 186
13603.958984375 223
13612.19921875 1594
13613.181640625 410
13613.2890625 631
13613.7333984375 132
13616.033203125 2576
13617.845703125 1282
13623.4072265625 488
13629.4189453125 869
13647.4296875 2059
13659.76171875 787
13672.6220703125 904
13677.421875 137
13694.365234375 275
13727.7490234375 328
13742.08203125 333
13746.34765625 392
13770.111328125 407
13772.3720703125 489
13779.16796875 680
13785.4375 1022
13786.609375 1290
13787.123046875 1358
13790.517578125 1607
13791.4716796875 1653
13794.8154296875 2024
13835.0830078125 2184
13853.2197265625 2221
13853.6494140625 2394
13872.5234375 2427
13882.4501953125 2517
13919.2919921875 2655
13923.15234375 2704
13923.3857421875 2900
13934.8154296875 2946
13954.51953125 459
13960.728515625 1408
13962.97265625 1339
13967.908203125 22
13975.0244140625 45
13979.564453125 300
13979.7919921875 812
13980.93359375 922
13982.9365234375 947
13983.84765625 975
13987.3134765625 1001
13988.259765625 1095
13989.5029296875 1275
13994.427734375 1664
14002.92578125 1708
14011.974609375 1763
14024.8330078125 1766
14029.193359375 1889
14038.52734375 2077
14054.333984375 2082
14066.1513671875 2131
14083.140625 2315
14095.3681640625 2317
14101.9541015625 2409
14111.4736328125 2608
14118.853515625 2616
14122.30859375 2649
14126.28515625 2819
14142.111328125 2862
14147.70703125 1164
14164.041015625 2213
14184.85546875 1050
14198.625 979
14205.2255859375 1562
14209.595703125 1597
14212.17578125 2334
14214.1201171875 587
14226.6240234375 630
14235.9306640625 777
14248.9169921875 1012
14251.0341796875 1064
14253.294921875 1082
14253.294921875 1462
14253.294921875 1501
14255.59765625 1654
14293.892578125 1800
14303.298828125 2656
14319.064453125 2884
14320.4052734375 1416
14326.716796875 1575
14326.98828125 2889
14330.8857421875 445
14332.4169921875 30
14342.5078125 2484
14347.0732421875 38
14364.88671875 40
14370.5751953125 76
14374.296875 77
14381.576171875 108
14394.8779296875 164
14394.8779296875 211
14400.189453125 225
14405.466796875 376
14407.04296875 437
14413.396484375 510
14430.583984375 646
14432.974609375 671
14455.30078125 738
14459.6796875 770
14473.4482421875 1434
14485.0361328125 1610
14507.220703125 1662
14513.35546875 1709
14548.177734375 1998
14548.5 2166
14555.76953125 2220
14578.3671875 2238
14584.9462890625 2255
14602.2529296875 2345
14608.091796875 2510
14624.046875 2581
14642.8310546875 2607
14647.4423828125 2807
14653.580078125 1015
14660.37890625 1984
14661.6943359375 1258
14665.6083984375 2555
14670.458984375 1147
14674.189453125 865
14699.3330078125 939
14755.83203125 1497
14795.3837890625 2630
14803.181640625 2752
14806.421875 457
14828.361328125 309
14832.96484375 316
14847.6142578125 483
14848.9013671875 484
14850.736328125 633
14852.240234375 1026
14876.08203125 1036
14899.2275390625 1176
14909.6943359375 1423
14912.361328125 1485
14921.865234375 1590
14931.37890625 1702
14952.1181640625 1759
14956.822265625 1818
14956.822265625 1958
14957.998046875 1963
14965.171875 1977
14996.9853515625 2053
15007.22265625 2056
15014.2431640625 2125
15041.0126953125 2304
15044.5224609375 2356
15047.6669921875 2477
15061.96484375 2533
15080.65625 2732
15088.4404296875 2948
15106.248046875 1601
15106.453125 2256
15125.541015625 2104
15151.150390625 284
15163.095703125 182
15165.6923828125 916
15184.7822265625 1667
15201.1884765625 1852
15246.537109375 727
15302.08203125 2036
15304.8193359375 2772
15306.8681640625 130
15310.1943359375 219
15313.271484375 394
15332.275390625 405
15338.423828125 634
15338.7998046875 856
15340.6259765625 983
15353.2001953125 1117
15362.189453125 1386
15385.42578125 1791
15430.0 1991
15436.4189453125 2060
15452.4287109375 2215
15455.9873046875 2314
15456.1689453125 2440
15456.5361328125 2467
15466.5576171875 2618
15473.49609375 2648
15484.0234375 2694
15498.8447265625 1772
15518.2041015625 818
15531.1064453125 2907
15531.7763671875 660
15541.33984375 1168
15548.642578125 1145
15563.859375 1476
15600.53125 1618
15613.4130859375 655
15616.7724609375 1592
15631.26953125 2120
15670.7236328125 2557
15705.728515625 112
15712.0400390625 350
15716.37109375 356
15717.564453125 448
15734.1484375 1500
15740.25 1526
15766.81640625 1587
15789.876953125 1881
15802.20703125 1943
15822.361328125 1962
15828.150390625 1995
15861.6484375 2075
15868.302734375 2118
15895.5947265625 2309
15909.0498046875 2418
15921.890625 2516
15922.15234375 2588
15928.537109375 2605
15930.2158203125 2623
15934.228515625 2937
15935.5380859375 1005
15938.037109375 110
15946.0166015625 2360
15957.3154296875 121
15960.80859375 2589
15962.5048828125 2135
15982.2666015625 1802
16003.888671875 1853
16051.1640625 1892
16053.9140625 1580
16059.6669921875 25
16091.9453125 72
16125.9013671875 343
16132.10546875 710
16142.6015625 755
16155.748046875 885
16155.9765625 1683
16174.28515625 1776
16218.9072265625 1972
16243.03515625 2047
16268.3251953125 2138
16272.4814453125 2185
16294.2626953125 2344
16316.5703125 2545
16321.84375 2573
16329.0888671875 2855
16376.7919921875 2159
16418.798828125 1067
16442.44921875 371
16442.84765625 243
16445.599609375 1301
16452.40234375 311
16460.58203125 426
16493.65234375 648
16498.396484375 720
16500.28515625 792
16510.8359375 940
16521.95703125 1006
16554.015625 1032
16554.8125 1160
16613.201171875 1189
16631.509765625 2183
16637.87890625 2190
16643.11328125 2301
16661.95703125 1459
16662.685546875 1649
16662.9921875 353
16704.78515625 2706
16723.8046875 1511
16725.73828125 1778
16741.697265625 329
16747.548828125 731
16756.58984375 1400
16761.984375 2070
16768.076171875 1480
16789.970703125 1714
16805.34765625 249
16808.138671875 94
16862.662109375 2823
16870.939453125 471
16871.630859375 473
16876.615234375 747
16889.599609375 915
16951.255859375 921
16979.40625 993
16984.291015625 1072
17102.34765625 1415
17139.494140625 1541
17148.537109375 1746
17181.49609375 1949
17187.400390625 2079
17196.46875 2219
17200.36328125 2258
17200.43359375 2413
17202.048828125 2628
17220.3984375 2828
17235.560546875 2903
17237.078125 2996
17271.568359375 204
17271.744140625 1247
17359.552734375 1410
17411.498046875 1888
17421.34375 1214
17437.986328125 1658
17448.50390625 2587
17470.052734375 380
17482.4296875 688
17510.568359375 1761
17512.369140625 66
17519.712890625 127
17553.3125 179
17588.45703125 855
17589.705078125 1198
17590.015625 1250
17597.572265625 1507
17606.072265625 1558
17612.119140625 2007
17622.349609375 2092
17625.49609375 2231
17649.369140625 2384
17680.87890625 2457
17699.046875 2544
17704.69140625 2717
17710.232421875 2774
17717.642578125 2794
17723.93359375 2909
17727.916015625 972
17740.859375 1138
17740.859375 1442
17759.58984375 1137
17768.791015625 102
17784.84375 667
17797.708984375 1935
17798.490234375 2352
17799.36328125 2887
17844.349609375 427
17874.736328125 1533
17898.958984375 170
17909.498046875 262
17959.9765625 306
17962.564453125 596
18010.255859375 805
18010.912109375 849
18027.599609375 850
18037.68359375 965
18055.6171875 976
18073.62890625 1058
18075.84765625 1403
18076.3515625 1645
18078.11328125 1999
18107.419921875 2292
18117.3984375 2392
18119.3984375 2403
18212.177734375 2497
18222.224609375 2524
18254.349609375 2601
18316.0625 2652
18349.71875 2657
18352.380859375 2761
18356.419921875 2839
18384.138671875 2939
18406.244140625 2984
18464.359375 1027
18491.123046875 622
18515.46484375 417
18531.02734375 450
18553.32421875 690
18556.97265625 969
18627.720703125 982
18645.34765625 1040
18651.43359375 1078
18669.029296875 1083
18762.779296875 1382
18785.896484375 1391
18787.05078125 1486
18798.3828125 1503
18821.7421875 1547
18823.33203125 1561
18870.09765625 1965
18877.30859375 2026
18902.685546875 2066
18939.501953125 2182
18947.787109375 2245
19007.1875 2460
19015.2734375 2466
19015.953125 2540
19018.03515625 2593
19025.65234375 2632
19035.8125 2753
19037.431640625 2759
19069.998046875 2793
19076.99609375 2925
19093.1875 2152
19110.0546875 762
19140.0078125 2757
19214.623046875 37
19305.689453125 1624
19352.87890625 1271
19434.552734375 2370
19505.37109375 2895
19634.0625 2411
19659.0 67
19677.50390625 150
19685.53515625 171
19685.53515625 195
19773.5 363
19794.25390625 522
19800.73828125 657
19800.796875 701
19919.91015625 760
19934.7734375 811
20005.970703125 874
20056.87890625 875
20307.615234375 1002
20383.10546875 1007
20520.994140625 1023
20564.5234375 1356
20569.69140625 1378
20576.244140625 1489
20666.75390625 1629
20747.208984375 2721
20758.669921875 2032
20819.107421875 2259
20830.66015625 771
20890.9453125 1543
20905.572265625 2241
20911.501953125 1964
20990.908203125 1625
20992.3515625 2693
20994.609375 222
21045.076171875 258
21086.625 281
21232.6640625 506
21357.759765625 582
21359.138671875 724
21454.9765625 879
21568.06640625 1003
21580.623046875 1171
21586.12890625 1182
21805.1640625 1588
21828.54296875 1685
21916.564453125 1758
21933.01171875 2300
21969.0703125 2310
21972.5234375 2705
22078.73046875 2845
22124.810546875 2916
22306.52734375 1811
22407.96875 2701
22433.046875 421
22477.8828125 1440
22541.12109375 2337
22552.21484375 2531
22594.564453125 18
22617.4609375 29
22671.794921875 31
22791.419921875 104
22795.646484375 274
22802.462890625 321
22827.533203125 370
22908.267578125 375
22992.767578125 562
23074.763671875 914
23089.6328125 944
23214.978515625 1672
23218.25 1684
23278.47265625 1825
23343.59375 1846
23358.29296875 1960
23531.892578125 1976
23612.189453125 2006
23643.20703125 2319
23776.37109375 2405
23790.7890625 2550
23927.541015625 2606
23972.384765625 2768
23978.80078125 1081
23999.314453125 1780
24233.90625 16
24445.7734375 28
24740.919921875 125
25060.060546875 212
25362.19921875 265
25363.9453125 295
25655.26171875 360
25749.390625 364
26519.318359375 937
26529.7734375 1077
26529.873046875 1101
26723.611328125 1241
26934.1953125 1243
27284.3515625 1307
27339.720703125 1343
27411.41015625 1404
27456.03515625 1418
27577.6796875 1585
27801.388671875 1719
28145.33984375 1822
29430.609375 2009
29879.287109375 2164
29984.0703125 2214
30006.99609375 2250
31618.4921875 2263
32912.71875 2342
34355.140625 2359
38953.703125 2547
