1719.2275390625 1020
2322.6865234375 640
2343.737060546875 59
2630.142578125 177
2781.95751953125 191
2900.54052734375 575
3234.837890625 687
3343.042236328125 934
3607.76904296875 1119
3639.6728515625 1529
3641.02978515625 1697
3712.117919921875 1810
3751.39501953125 1831
3901.802001953125 2354
3918.900390625 2528
3986.22900390625 2679
4125.1708984375 2712
4136.71484375 2747
4145.1484375 2809
4165.0888671875 2821
4315.349609375 2842
4549.97607421875 2860
4985.7470703125 2906
5102.52099609375 2994
5358.46435546875 186
5362.21826171875 223
5550.5869140625 1594
5556.2646484375 410
5561.7333984375 631
5733.01708984375 132
6011.1806640625 2576
6206.2626953125 1446
6206.91796875 87
6338.2685546875 251
6713.0947265625 527
6738.25732421875 529
7070.4326171875 625
7098.37158203125 641
7127.72998046875 693
7227.73486328125 873
7285.2490234375 881
7304.12744140625 928
7740.56103515625 1133
7740.56103515625 1283
7801.97265625 1318
7997.42041015625 1346
8019.61328125 1417
8054.326171875 1720
8164.35986328125 1987
8220.09375 2226
8462.08203125 2296
8512.03125 2515
8552.8720703125 2572
8589.330078125 2669
8845.232421875 2728
8912.0888671875 2734
8964.8642578125 2746
8976.177734375 2852
8988.09375 2866
9134.2265625 2915
9136.1318359375 2949
9151.9873046875 377
9419.921875 2281
9503.2890625 160
9504.6923828125 1
9535.5439453125 425
9647.4140625 446
9814.818359375 800
9830.716796875 918
9938.03125 953
9977.50390625 985
9994.6181640625 986
10031.5556640625 1008
10038.6396484375 1043
10146.751953125 1270
10218.1005859375 1317
10247.205078125 1435
10379.9287109375 1548
10389.76953125 1606
10396.2451171875 1661
10408.982421875 1712
10448.7666015625 2010
10473.55078125 2088
10567.0771484375 2365
10620.6640625 2410
10769.4609375 2414
10775.96484375 2482
10804.4541015625 2560
10883.541015625 2781
10900.119140625 2820
11028.87109375 997
11035.306640625 1781
11105.560546875 81
11110.6796875 229
11145.7275390625 440
11229.5791015625 548
11232.5048828125 611
11243.0703125 826
11260.6650390625 834
11272.3212890625 848
11272.3212890625 871
11291.576171875 893
11315.365234375 1231
11320.765625 1256
11378.73046875 1315
11478.544921875 1458
11670.9716796875 1550
11698.5673828125 1671
11726.509765625 1711
11784.076171875 1815
11820.9052734375 1893
11845.9208984375 2312
11846.693359375 2324
11899.064453125 2385
11922.7177734375 2447
12123.884765625 2562
12143.453125 2610
12166.5400390625 2622
12212.080078125 2853
12250.9052734375 2924
12306.7705078125 2927
12321.5439453125 2239
12324.140625 1362
12572.5556640625 1926
12618.2421875 2997
12640.90234375 254
12746.30859375 388
12758.3583984375 465
12770.193359375 498
12847.58984375 520
12861.291015625 962
12915.7138671875 981
12977.3818359375 1156
13048.5927734375 1652
13078.8466796875 2205
13112.2412109375 2339
13239.7734375 2417
13262.9287109375 2494
13306.9609375 2687
13322.794921875 1122
13364.4580078125 1670
13397.5546875 264
13467.31640625 2173
13501.7744140625 1646
13513.556640625 2396
13519.4111328125 49
13545.580078125 189
13584.798828125 261
13632.134765625 263
13648.1806640625 430
13652.857421875 831
13656.466796875 899
13705.974609375 1123
13777.2763671875 1169
13786.119140625 1350
13798.6376953125 1405
13803.75390625 1512
13834.6689453125 1750
13928.6962890625 1769
13981.2060546875 1908
14057.82421875 1966
14094.3115234375 1982
14098.9541015625 1993
14129.6767578125 2094
14160.56640625 2126
14179.755859375 2141
14188.982421875 2171
14217.4169921875 2174
14222.0751953125 2177
14223.0009765625 2237
14233.3916015625 2367
14234.8349609375 2536
14248.4345703125 2542
14259.15625 2582
14284.0908203125 2675
14304.744140625 2703
14347.77734375 1873
14365.4755859375 2107
14365.732421875 1281
14367.5869140625 455
14380.1845703125 470
14398.943359375 902
14400.2119140625 926
14456.66796875 967
14464.39453125 1104
14476.5068359375 1225
14633.5966796875 1286
14638.7001953125 1506
14686.1669921875 1516
14745.025390625 1599
14760.8857421875 1779
14791.62890625 1848
14861.8095703125 1867
14908.85546875 1883
14915.7197265625 2063
14924.19140625 2210
14947.5556640625 2246
14961.8818359375 2285
15014.8095703125 2361
15033.484375 2686
15036.7578125 2700
15048.197265625 88
15058.0654296875 586
15064.8466796875 136
15092.693359375 1471
15099.1025390625 226
15100.037109375 296
15106.0234375 1197
15139.2841796875 1666
15151.4443359375 2511
15166.673828125 101
15174.37890625 215
15175.1943359375 549
15213.548828125 550
15239.548828125 573
15278.0439453125 1136
15279.4228515625 1199
15301.580078125 1530
15316.4951171875 1581
15319.876953125 1640
15320.2373046875 1688
15370.3046875 1968
15376.3974609375 2526
15396.8115234375 2571
15439.4677734375 2983
15442.662109375 1787
15523.904296875 602
15527.09765625 1146
15532.10546875 253
15584.01171875 342
15634.8955078125 843
15692.072265625 1233
15734.24609375 1335
15741.931640625 1394
15759.328125 1737
15791.38671875 1784
15812.2275390625 1950
15812.6767578125 2025
15823.486328125 2473
15844.7724609375 2518
15855.5146484375 999
15881.3720703125 1056
15894.3701171875 1900
15911.0283203125 1304
15929.3095703125 1326
15953.5234375 2967
15960.4873046875 1329
15984.939453125 50
15985.71875 318
15989.9990234375 389
16006.7041015625 478
16067.6865234375 491
16074.0927734375 580
16119.888671875 599
16143.3115234375 890
16150.3349609375 896
16178.73828125 909
16211.52734375 919
16237.947265625 995
16271.03125 1273
16290.77734375 1342
16290.9248046875 1430
16298.119140625 1495
16319.0947265625 1568
16326.6171875 1583
16326.6865234375 1764
16328.54296875 1774
16342.2021484375 2065
16347.41015625 2117
16354.099609375 2181
16405.83984375 2268
16413.736328125 2465
16427.703125 2664
16445.16015625 2760
16448.509765625 2764
16449.240234375 2938
16460.76953125 2943
16463.625 1860
16474.044921875 2880
16475.486328125 1333
16505.13671875 2631
16505.3671875 146
16528.734375 1538
16536.1328125 21
16549.8203125 34
16570.474609375 200
16578.669921875 288
16587.537109375 336
16611.3671875 385
16636.271484375 517
16668.875 546
16682.982421875 609
16714.828125 614
16715.9140625 683
16716.462890625 686
16718.27734375 769
16725.7421875 1097
16746.26171875 1221
16760.1484375 1322
16760.287109375 1359
16790.595703125 1376
16818.32421875 1686
16823.173828125 1854
16823.333984375 2513
16825.90234375 2553
16826.58984375 2650
16832.447265625 2672
16847.869140625 2911
16876.23046875 78
16877.71875 2713
16888.798828125 2800
16896.30859375 2651
16900.359375 2970
16910.27734375 1045
16922.654296875 1068
16932.22265625 2078
16933.384765625 884
16940.65625 886
17029.62109375 1028
17045.888671875 1845
17046.51953125 1932
17063.97265625 2489
17067.900390625 90
17071.00390625 153
17081.064453125 240
17091.8828125 256
17102.8125 531
17120.4140625 644
17131.58203125 706
17178.28515625 775
17184.708984375 1163
17189.66796875 1483
17211.08984375 2114
17213.716796875 2379
17224.333984375 2424
17225.291015625 2433
17243.326171875 2435
17247.970703125 2442
17267.15234375 2683
17301.734375 2811
17304.908203125 2176
17317.59375 169
17337.197265625 2207
17362.72265625 1144
17368.75390625 2180
17382.267578125 73
17401.64453125 663
17412.66796875 677
17428.3828125 756
17428.5390625 925
17430.529296875 927
17442.1796875 946
17442.87890625 996
17450.37890625 1141
17493.66796875 1202
17534.32421875 1251
17541.486328125 1457
17543.994140625 1502
17545.193359375 1591
17553.833984375 1733
17557.7109375 1735
17578.78515625 1919
17603.458984375 1933
17609.880859375 1955
17636.623046875 2002
17690.818359375 2335
17697.29296875 2341
17722.646484375 2565
17734.8046875 2695
17736.32421875 2763
17756.943359375 2840
17765.7265625 2422
17766.87109375 1282
17795.40234375 488
17804.62109375 869
17817.41796875 2059
17819.3046875 787
17822.728515625 904
17835.875 137
17841.96875 275
17844.341796875 328
17847.275390625 333
17869.267578125 392
17895.66015625 407
17899.0625 489
17925.841796875 680
17927.291015625 1022
17931.279296875 1290
17939.029296875 1358
17951.09765625 1607
17952.74609375 1653
17957.25390625 2024
18006.765625 2184
18008.033203125 2221
18009.06640625 2394
18011.630859375 2427
18017.330078125 2517
18047.20703125 2655
18052.1484375 2704
18061.5546875 2900
18066.5234375 2946
18069.80859375 459
18079.2109375 1408
18098.03515625 1339
18102.83984375 22
18114.048828125 45
18142.052734375 300
18144.880859375 812
18155.98828125 922
18169.0703125 947
18184.6171875 975
18208.087890625 1001
18210.21484375 1095
18223.3828125 1275
18235.71484375 1664
18242.279296875 1708
18242.755859375 1763
18260.087890625 1766
18266.86328125 1889
18273.033203125 2077
18299.6171875 2082
18306.958984375 2131
18318.658203125 2315
18324.96484375 2317
18326.072265625 2409
18355.361328125 2608
18361.8359375 2616
18372.900390625 2649
18378.55859375 2819
18380.3984375 2862
18401.935546875 1164
18404.16015625 2213
18410.03515625 1050
18420.556640625 979
18424.232421875 1562
18433.017578125 1597
18450.26171875 2334
18455.32421875 587
18491.38671875 630
18499.640625 777
18511.916015625 1012
18516.734375 1064
18531.08984375 1082
18541.185546875 1462
18567.56640625 1501
18576.619140625 1654
18605.123046875 1800
18681.017578125 2656
18681.150390625 2884
18695.4453125 1416
18728.439453125 1575
18743.23046875 2889
18786.5078125 445
18786.7578125 30
18798.689453125 2484
18808.693359375 38
18820.1484375 40
18820.455078125 76
18823.134765625 77
18848.296875 108
18848.9765625 164
18852.9609375 211
18872.794921875 225
18877.298828125 376
18905.62890625 437
18920.9609375 510
18991.1171875 646
18996.703125 671
19042.73046875 738
19064.8671875 770
19101.044921875 1434
19137.7734375 1610
19137.7734375 1662
19140.716796875 1709
19169.71875 1998
19173.853515625 2166
19207.669921875 2220
19220.111328125 2238
19220.111328125 2255
19234.279296875 2345
19247.955078125 2510
19252.162109375 2581
19258.509765625 2607
19271.392578125 2807
19275.34765625 1015
19290.294921875 1984
19295.986328125 1258
19302.6875 2555
19313.970703125 1147
19326.154296875 865
19343.708984375 939
19349.48828125 1497
19355.052734375 2630
19358.65234375 2752
19383.251953125 457
19387.76953125 309
19396.041015625 316
19437.830078125 483
19451.408203125 484
19453.056640625 633
19459.78125 1026
19460.087890625 1036
19463.671875 1176
19464.361328125 1423
19491.220703125 1485
19497.4609375 1590
19502.927734375 1702
19578.865234375 1759
19583.697265625 1818
19596.546875 1958
19598.607421875 1963
19640.7734375 1977
19649.158203125 2053
19669.94921875 2056
19677.796875 2125
19723.85546875 2304
19750.630859375 2356
19764.77734375 2477
19798.9375 2533
19821.318359375 2732
19821.91796875 2948
19861.431640625 1601
19862.595703125 2256
19895.935546875 2104
19913.83984375 284
19914.8828125 182
19925.765625 916
19939.583984375 1667
19952.552734375 1852
19959.8046875 727
19991.892578125 2036
20026.451171875 2772
20026.451171875 130
20048.177734375 219
20052.26171875 394
20058.92578125 405
20131.990234375 634
20137.0703125 856
20155.71484375 983
20181.341796875 1117
20184.87109375 1386
20190.37890625 1791
20199.16796875 1991
20205.853515625 2060
20219.087890625 2215
20229.556640625 2314
20231.052734375 2440
20239.982421875 2467
20291.31640625 2618
20303.806640625 2648
20325.42578125 2694
20332.86328125 1772
20355.826171875 818
20372.521484375 2907
20375.880859375 660
20388.841796875 1168
20392.87109375 1145
20401.859375 1476
20417.033203125 1618
20420.814453125 655
20436.58203125 1592
20444.984375 2120
20479.97265625 2557
20485.421875 112
20493.861328125 350
20515.58203125 356
20551.861328125 448
20560.123046875 1500
20570.4453125 1526
20593.296875 1587
20626.6953125 1881
20652.19921875 1943
20676.146484375 1962
20680.95703125 1995
20687.515625 2075
20708.0625 2118
20724.6875 2309
20729.376953125 2418
20737.8125 2516
20740.46484375 2588
20750.28515625 2605
20754.84375 2623
20762.615234375 2937
20770.927734375 1005
20777.033203125 110
20788.7109375 2360
20790.12109375 121
20790.203125 1046
20791.919921875 298
20794.060546875 372
20807.96484375 492
20812.0 752
20818.0625 838
20856.982421875 903
20865.705078125 1034
20869.712890625 1128
20871.646484375 1187
20884.734375 1437
20902.005859375 1488
20906.560546875 1534
20933.296875 1657
20936.03125 1678
20997.73046875 1824
21069.279296875 1826
21078.59765625 1941
21115.013671875 1997
21123.458984375 2318
21138.2265625 2327
21148.462890625 2362
21155.48046875 2404
21158.431640625 2453
21162.30078125 2458
21170.798828125 2496
21171.0078125 2696
21221.119140625 2722
21226.67578125 2796
21250.646484375 2584
21251.1875 2872
21264.380859375 2589
21275.787109375 2135
21296.228515625 1802
21307.759765625 1853
21351.80078125 1892
21368.076171875 1580
21414.787109375 25
21424.5546875 72
21445.12890625 343
21455.888671875 710
21474.943359375 755
21511.40234375 885
21513.013671875 1683
21537.66015625 1776
21586.017578125 1972
21616.89453125 2047
21649.671875 2138
21652.591796875 2185
21681.4140625 2344
21688.267578125 2545
21690.078125 2573
21707.36328125 2855
21716.671875 2159
21784.111328125 1067
21789.1640625 371
21803.63671875 243
21845.8515625 1301
21865.8203125 311
21874.18359375 426
21911.576171875 648
21952.2265625 720
21954.109375 792
21964.533203125 940
21975.54296875 1006
21976.185546875 1032
21981.515625 1160
21984.18359375 1189
22025.263671875 2183
22062.35546875 2190
22159.142578125 2301
22163.89453125 1459
22164.794921875 1649
22173.21875 353
22187.02734375 2706
22194.837890625 1511
22208.888671875 1778
22243.619140625 329
22265.40625 731
22281.705078125 1400
22293.3125 2070
22298.451171875 1480
22325.337890625 1714
22330.359375 249
22367.779296875 94
22376.138671875 2823
22377.23046875 471
22378.888671875 473
22379.759765625 747
22422.572265625 915
22441.546875 921
22472.111328125 993
22515.09765625 1072
22539.080078125 1415
22544.11328125 1541
22548.802734375 1746
22550.423828125 1949
22571.5078125 2079
22576.875 2219
22581.537109375 2258
22593.568359375 2413
22595.5390625 2628
22600.5625 2828
22606.3046875 2903
22623.396484375 2996
22642.017578125 204
22655.32421875 1247
22747.970703125 1410
22768.7265625 1888
22768.97265625 1214
22786.767578125 1658
22819.9609375 2587
22839.830078125 380
22860.0390625 688
22862.03515625 1761
22864.994140625 66
22876.857421875 127
22878.4140625 179
22883.396484375 855
22886.064453125 1198
22907.630859375 1250
22963.904296875 1507
22969.556640625 1558
22984.88671875 2007
23000.197265625 2092
23023.14453125 2231
23048.71875 2384
23057.427734375 2457
23076.025390625 2544
23087.9765625 2717
23146.04296875 2774
23147.388671875 2794
23162.458984375 2909
23223.98828125 972
23230.35546875 1138
23247.62109375 1442
23257.52734375 1137
23265.123046875 102
23287.451171875 667
23316.26171875 1935
23333.23828125 2352
23370.162109375 2887
23380.27734375 427
23390.34375 1533
23392.431640625 170
23404.341796875 262
23410.08203125 306
23421.634765625 596
23423.43359375 805
23439.587890625 849
23452.5078125 850
23525.658203125 965
23603.8046875 976
23607.767578125 1058
23625.21484375 1403
23641.16796875 1645
23662.24609375 1999
23742.482421875 2292
23751.2265625 2392
23762.662109375 2403
23780.54296875 2497
23810.26171875 2524
23865.529296875 2601
23872.791015625 2652
23876.2890625 2657
23917.84375 2761
23946.873046875 2839
23985.091796875 2939
23994.064453125 2984
24021.31640625 1027
24026.46484375 622
24029.5625 417
24043.138671875 450
24053.119140625 690
24079.357421875 969
24097.37890625 982
24140.3125 1040
24169.736328125 1078
24220.48046875 1083
24231.53515625 1382
24254.650390625 1391
24317.08984375 1486
24398.94921875 1503
24409.361328125 1547
24415.5546875 1561
24440.65625 1965
24447.798828125 2026
24454.388671875 2066
24480.3046875 2182
24499.912109375 2245
24528.828125 2460
24535.73046875 2466
24587.02734375 2540
24601.337890625 2593
24655.185546875 2632
24656.39453125 2753
24664.833984375 2759
24667.0234375 2793
24723.48828125 2925
24728.025390625 2152
24755.302734375 762
24843.88671875 2757
24845.48046875 37
24855.015625 1624
24936.1015625 1271
24943.919921875 2370
24953.98828125 2895
25081.591796875 2411
25098.328125 67
25107.0078125 150
25117.755859375 171
25151.791015625 195
25152.95703125 363
25189.099609375 522
25206.5390625 657
25210.078125 701
25262.490234375 760
25309.18359375 811
25312.630859375 874
25343.38671875 875
25361.3515625 1002
25376.01171875 1007
25425.3515625 1023
25464.55859375 1356
25469.69921875 1378
25475.091796875 1489
25475.091796875 1629
25522.115234375 2721
25566.314453125 2032
25585.083984375 2259
25598.0234375 771
25603.341796875 1543
25606.771484375 2241
25637.50390625 1964
25641.6171875 1625
25652.83203125 2693
25652.83203125 222
25664.34765625 258
25700.5234375 281
25708.91796875 506
25720.986328125 582
25725.951171875 724
25779.841796875 879
25780.08984375 1003
25881.341796875 1171
25921.046875 1182
25946.8671875 1588
26104.009765625 1685
26148.388671875 1758
26162.65234375 2300
26164.58984375 2310
26271.51953125 2705
26292.947265625 2845
26320.8203125 2916
26344.486328125 1811
26369.908203125 2701
26405.521484375 421
26433.095703125 1440
26528.4375 2337
26545.0390625 2531
26580.248046875 18
26616.955078125 29
26630.21484375 31
26716.76953125 104
26731.62890625 274
26890.23046875 321
27014.08203125 370
27157.197265625 375
27185.14453125 562
27216.287109375 914
27435.962890625 944
27469.998046875 1672
27762.220703125 1684
27774.40234375 1825
28054.228515625 1846
28062.66015625 1960
28133.947265625 1976
28178.484375 2006
28195.70703125 2319
28239.091796875 2405
28274.8203125 2550
28302.203125 2606
28349.064453125 2768
28431.96484375 1081
28444.748046875 1780
28495.658203125 16
28506.197265625 28
28598.5859375 125
28635.29296875 212
28642.34765625 265
28672.91015625 295
28865.892578125 360
28869.46484375 364
29223.208984375 937
29249.138671875 1077
29687.57421875 1101
29769.78515625 1241
30088.259765625 1243
30327.056640625 1307
30549.7578125 1343
31108.322265625 1404
31207.470703125 1418
31323.0703125 1585
31365.001953125 1719
31677.509765625 1822
32128.337890625 2009
32582.798828125 2164
33817.72265625 2214
34524.984375 2250
34734.6015625 2263
35630.14453125 2342
39610.4375 2359
40577.796875 2547
