2296.006591796875 1446
2387.165771484375 87
2467.190185546875 251
2546.3779296875 527
2572.16845703125 529
2693.0185546875 625
2831.01025390625 641
3077.7412109375 693
3120.19482421875 873
3239.05126953125 881
3462.23095703125 928
3504.22216796875 1133
3536.503662109375 1283
3701.277099609375 1318
3706.714111328125 1346
3794.00146484375 1417
3944.9541015625 1720
3960.2978515625 1987
4015.9375 2226
4054.66552734375 2296
4196.974609375 2515
4203.65625 2572
4232.52099609375 2669
4289.9033203125 2728
4294.9326171875 2734
4314.0205078125 2746
4318.2158203125 2852
4386.7783203125 2866
4391.38818359375 2915
4410.677734375 2949
4437.3818359375 377
4467.7060546875 2281
4483.28125 160
4493.0908203125 1
4567.09130859375 425
4587.4599609375 446
4617.6943359375 800
4621.173828125 918
4631.62353515625 953
4735.44140625 985
4765.5361328125 986
4770.03515625 1008
4798.490234375 1043
4815.63818359375 1270
4845.02490234375 1317
4852.1650390625 1435
4888.7734375 1548
4947.25 1606
4949.2314453125 1661
4976.3115234375 1712
5009.43701171875 2010
5039.1083984375 2088
5075.6005859375 2365
5105.8115234375 2410
5120.3564453125 2414
5121.4130859375 2482
5186.81787109375 2560
5239.61669921875 2781
5274.66650390625 2820
5304.04296875 997
5312.751953125 1781
5315.85546875 81
5326.65478515625 229
5334.0263671875 440
5344.40283203125 548
5354.302734375 611
5418.66650390625 826
5434.4912109375 834
5483.8857421875 848
5510.9619140625 871
5636.9609375 893
5653.09033203125 1231
5681.01904296875 1256
5699.16650390625 1315
5787.2353515625 1458
5807.7451171875 1550
5850.314453125 1671
5933.10546875 1711
5958.18115234375 1815
5965.58154296875 1893
6012.689453125 2312
6037.2607421875 2324
6048.4482421875 2385
6127.64208984375 2447
6147.87646484375 2562
6164.5419921875 2610
6185.31787109375 2622
6193.505859375 2853
6197.0478515625 2924
6227.3115234375 2927
6236.1572265625 2239
6277.9619140625 1362
6288.939453125 1926
6290.9248046875 2997
6366.26806640625 254
6388.48681640625 388
6428.3515625 465
6461.69091796875 498
6465.0654296875 520
6468.412109375 962
6496.0703125 981
6543.8671875 1156
6639.21337890625 1652
6751.9130859375 2205
6755.673828125 2339
6789.7080078125 2417
6807.9130859375 2494
6833.3701171875 2687
6908.14208984375 1122
6925.47021484375 1670
6968.16064453125 264
6970.4326171875 2173
7008.6328125 1646
7008.837890625 2396
7054.87890625 49
7056.97998046875 189
7142.0068359375 261
7162.7607421875 263
7265.2021484375 430
7270.41796875 831
7282.21728515625 899
7326.53271484375 1123
7381.294921875 1169
7391.84521484375 1350
7403.708984375 1405
7507.6357421875 1512
7515.6240234375 1750
7598.75390625 1769
7604.21826171875 1908
7641.39794921875 1966
7661.11279296875 1982
7677.4423828125 1993
7707.97802734375 2094
7776.5224609375 2126
7783.435546875 2141
7835.69091796875 2171
7839.35302734375 2174
7889.5478515625 2177
7894.67626953125 2237
7904.8720703125 2367
7914.287109375 2536
7946.7587890625 2542
7983.5830078125 2582
8000.73974609375 2675
8011.6455078125 2703
8042.85498046875 1873
8098.07568359375 2107
8106.9375 1281
8117.52978515625 455
8152.15185546875 470
8188.28125 902
8197.1796875 926
8197.337890625 967
8209.2021484375 1104
8258.3798828125 1225
8271.2626953125 1286
8289.0390625 1506
8318.662109375 1516
8371.8046875 1599
8401.83203125 1779
8402.68359375 1848
8421.255859375 1867
8447.58203125 1883
8475.8154296875 2063
8489.369140625 2210
8495.0283203125 2246
8504.44921875 2285
8514.0830078125 2361
8514.0830078125 2686
8520.5859375 2700
8553.4990234375 88
8559.64453125 586
8590.90234375 136
8610.197265625 1471
8617.0322265625 226
8710.86328125 296
8758.158203125 1197
8761.6259765625 1666
8766.3505859375 2511
8782.9892578125 101
8786.203125 215
8847.4033203125 549
8848.61328125 550
8854.3330078125 573
8900.9599609375 1136
8906.26171875 1199
8924.5341796875 1530
8971.09765625 1581
8984.642578125 1640
8986.212890625 1688
9038.1416015625 1968
9086.9970703125 2526
9144.0458984375 2571
9145.9658203125 2983
9186.4970703125 1787
9217.5283203125 602
9232.2734375 1146
9260.7080078125 253
9279.279296875 342
9287.9931640625 843
9292.7763671875 1233
9298.728515625 1335
9359.181640625 1394
9427.099609375 1737
9440.4658203125 1784
9446.623046875 1950
9491.298828125 2025
9492.337890625 2473
9542.5107421875 2518
9557.6728515625 999
9594.3759765625 1056
9634.0751953125 1900
9637.6552734375 1304
9656.7734375 1326
9670.8955078125 2967
9682.291015625 1329
9684.19140625 50
9707.9931640625 318
9719.65234375 389
9740.076171875 478
9750.205078125 491
9756.5595703125 580
9775.01953125 599
9775.21875 890
9779.73046875 896
9784.3955078125 909
9793.873046875 919
9812.001953125 995
9919.642578125 1273
9930.0087890625 1342
9936.1533203125 1430
9942.0439453125 1495
9958.064453125 1568
9968.8125 1583
10016.7509765625 1764
10035.12109375 1774
10051.0078125 2065
10092.48828125 2117
10101.669921875 2181
10103.2314453125 2268
10144.5673828125 2465
10198.447265625 2664
10222.17578125 2760
10223.1865234375 2764
10238.78125 2938
10255.3486328125 2943
10289.4228515625 1860
10297.826171875 2880
10306.212890625 1333
10362.8056640625 2631
10408.25390625 146
10409.990234375 1538
10424.2890625 21
10436.1865234375 34
10438.5146484375 200
10438.9423828125 288
10449.474609375 336
10453.1376953125 385
10477.6162109375 517
10488.755859375 546
10504.921875 609
10540.634765625 614
10540.6689453125 683
10559.0546875 686
10580.484375 769
10598.501953125 1097
10602.9287109375 1221
10606.767578125 1322
10619.58203125 1359
10626.2724609375 1376
10627.3857421875 1686
10634.376953125 1854
10638.2685546875 2513
10659.841796875 2553
10661.9189453125 2650
10665.95703125 2672
10669.302734375 2911
10698.060546875 78
10699.53125 2713
10722.9375 2800
10752.513671875 2651
10755.1689453125 2970
10765.69140625 1045
10770.376953125 1068
10777.8544921875 2078
10786.228515625 884
10786.994140625 886
10827.2099609375 1028
10834.2646484375 1845
10836.4091796875 1932
10845.3603515625 2489
10867.98046875 90
10879.9951171875 153
10882.3984375 240
10884.888671875 256
10891.771484375 531
10918.3076171875 644
10925.37109375 706
10993.4052734375 775
11005.169921875 1163
11015.337890625 1483
11019.39453125 2114
11021.9072265625 2379
11025.4599609375 2424
11026.466796875 2433
11027.447265625 2435
11034.09375 2442
11075.015625 2683
11080.892578125 2811
11086.58984375 2176
11098.408203125 169
11104.8818359375 2207
11105.0478515625 1144
11115.185546875 2180
11141.6640625 73
11150.951171875 663
11153.923828125 677
11173.19921875 756
11207.49609375 925
11213.2919921875 927
11215.8798828125 946
11243.9248046875 996
11262.32421875 1141
11264.5869140625 1202
11269.4033203125 1251
11278.556640625 1457
11285.5546875 1502
11291.900390625 1591
11321.5400390625 1733
11362.2412109375 1735
11366.1923828125 1919
11379.9638671875 1933
11415.0908203125 1955
11419.3369140625 2002
11443.345703125 2335
11447.7421875 2341
11449.9287109375 2565
11479.1298828125 2695
11489.12109375 2763
11500.9267578125 2840
11503.6328125 2422
11539.53125 1020
11550.7998046875 640
11560.185546875 59
11593.5693359375 177
11605.9921875 191
11621.44921875 575
11636.2001953125 687
11637.15234375 934
11666.5966796875 1119
11693.943359375 1529
11704.1943359375 1697
11707.1923828125 1810
11711.87890625 1831
11724.75 2354
11734.4013671875 2528
11756.0888671875 2679
11757.9140625 2712
11760.75390625 2747
11760.75390625 2809
11791.0322265625 2821
11804.4345703125 2842
11814.9794921875 2860
11828.458984375 2906
11835.9189453125 2994
11836.1044921875 186
11870.197265625 223
11870.9794921875 1594
11873.8525390625 410
11889.02734375 631
11904.0634765625 132
11904.9150390625 2576
11909.4716796875 1282
11918.537109375 488
11935.96484375 869
11940.9521484375 2059
11945.3681640625 787
11974.67578125 904
12006.873046875 137
12040.1220703125 275
12040.138671875 328
12050.443359375 333
12062.33203125 392
12073.4140625 407
12082.021484375 489
12088.7060546875 680
12111.1298828125 1022
12123.3310546875 1290
12125.2919921875 1358
12147.18359375 1607
12148.1318359375 1653
12155.8017578125 2024
12161.6171875 2184
12178.4345703125 2221
12211.533203125 2394
12220.8408203125 2427
12223.705078125 2517
12225.3740234375 2655
12239.955078125 2704
12255.8125 2900
12258.7177734375 2946
12268.7392578125 459
12274.5673828125 1408
12283.7939453125 1339
12294.5390625 22
12325.95703125 45
12331.8779296875 300
12350.0693359375 812
12372.6591796875 922
12379.560546875 947
12390.4609375 975
12434.3642578125 1001
12454.048828125 1095
12469.484375 1275
12470.0576171875 1664
12470.189453125 1708
12494.2861328125 1763
12500.8681640625 1766
12506.4794921875 1889
12511.2919921875 2077
12518.7177734375 2082
12578.248046875 2131
12600.47265625 2315
12612.2119140625 2317
12614.2763671875 2409
12632.2802734375 2608
12632.91015625 2616
12635.6611328125 2649
12649.1806640625 2819
12653.2783203125 2862
12654.0 1164
12656.294921875 2213
12744.1865234375 1050
12754.595703125 979
12768.0830078125 1562
12771.9736328125 1597
12787.833984375 2334
12798.0185546875 587
12822.353515625 630
12835.369140625 777
12840.1767578125 1012
12872.4013671875 1064
12872.7041015625 1082
12874.5126953125 1462
12910.43359375 1501
12913.7734375 1654
12920.818359375 1800
12923.775390625 2656
12925.966796875 2884
12937.5302734375 1416
12943.9140625 1575
12948.91796875 2889
12968.9482421875 445
12989.150390625 30
12992.93359375 2484
13013.94140625 38
13014.9599609375 40
13028.07421875 76
13030.65625 77
13030.69921875 108
13036.146484375 164
13046.546875 211
13050.84375 225
13085.3408203125 376
13093.3984375 437
13098.7421875 510
13103.833984375 646
13106.142578125 671
13122.3720703125 738
13144.212890625 770
13151.67578125 1434
13157.6005859375 1610
13159.39453125 1662
13163.3330078125 1709
13191.9990234375 1998
13196.955078125 2166
13217.931640625 2220
13221.8916015625 2238
13229.62109375 2255
13231.0029296875 2345
13240.146484375 2510
13245.419921875 2581
13264.6240234375 2607
13266.6015625 2807
13272.95703125 1015
13275.2353515625 1984
13275.359375 1258
13277.443359375 2555
13283.7763671875 1147
13287.76953125 865
13291.1484375 939
13296.900390625 1497
13314.455078125 2630
13339.62109375 2752
13360.443359375 457
13381.0390625 309
13385.03125 316
13394.197265625 483
13402.859375 484
13404.4658203125 633
13416.0205078125 1026
13417.07421875 1036
13436.513671875 1176
13438.154296875 1423
13464.544921875 1485
13471.0771484375 1590
13478.4638671875 1702
13488.466796875 1759
13494.6279296875 1818
13504.3330078125 1958
13505.189453125 1963
13508.068359375 1977
13512.3486328125 2053
13516.4658203125 2056
13518.7216796875 2125
13525.8349609375 2304
13529.1904296875 2356
13564.955078125 2477
13575.716796875 2533
13619.443359375 2732
13626.013671875 2948
13637.8583984375 1601
13640.86328125 2256
13653.1650390625 2104
13673.6240234375 284
13679.9716796875 182
13780.0458984375 916
13783.7548828125 1667
13835.470703125 1852
13852.193359375 727
13853.470703125 2036
13853.53125 2772
13854.484375 130
13858.0859375 219
13866.23046875 394
13880.603515625 405
13936.103515625 634
13967.93359375 856
13973.8359375 983
13991.5498046875 1117
14002.298828125 1386
14015.1435546875 1791
14038.080078125 1991
14044.7666015625 2060
14048.6220703125 2215
14071.0146484375 2314
14081.185546875 2440
14095.326171875 2467
14095.421875 2618
14096.119140625 2648
14099.51171875 2694
14101.1220703125 1772
14128.8994140625 818
14134.615234375 2907
14139.373046875 660
14141.0224609375 1168
14154.373046875 1145
14155.373046875 1476
14171.994140625 1618
14179.5791015625 655
14198.3935546875 1592
14227.90625 2120
14254.2705078125 2557
14256.5810546875 112
14258.6015625 350
14262.5263671875 356
14274.4990234375 448
14288.337890625 1500
14298.427734375 1526
14303.7783203125 1587
14318.7939453125 1881
14330.0869140625 1943
14341.8251953125 1962
14354.3388671875 1995
14364.7197265625 2075
14370.9521484375 2118
14371.267578125 2309
14402.78515625 2418
14440.953125 2516
14448.939453125 2588
14459.7275390625 2605
14475.654296875 2623
14481.44921875 2937
14490.025390625 1005
14490.6171875 110
14525.396484375 2360
14525.783203125 121
14529.677734375 1046
14543.9267578125 298
14554.7763671875 372
14555.2080078125 492
14557.052734375 752
14561.57421875 838
14563.8212890625 903
14569.8232421875 1034
14595.36328125 1128
14623.2001953125 1187
14630.7666015625 1437
14631.78125 1488
14633.8779296875 1534
14636.06640625 1657
14638.865234375 1678
14657.2802734375 1824
14657.673828125 1826
14660.3046875 1941
14678.6201171875 1997
14705.5009765625 2318
14710.0087890625 2327
14717.2919921875 2362
14732.1083984375 2404
14732.1083984375 2453
14775.677734375 2458
14803.541015625 2496
14817.5068359375 2696
14820.5888671875 2722
14829.2490234375 2796
14832.44921875 2584
14832.9267578125 2872
14839.248046875 2589
14845.7177734375 2135
14863.5595703125 1802
14879.3720703125 1853
14881.59765625 1892
14886.595703125 1580
14896.1318359375 25
14897.3310546875 72
14898.173828125 343
14918.9052734375 710
14924.0234375 755
14926.3095703125 885
14928.91015625 1683
14964.521484375 1776
14975.427734375 1972
14986.45703125 2047
14992.5126953125 2138
14992.5126953125 2185
15007.1923828125 2344
15018.166015625 2545
15035.212890625 2573
15042.7216796875 2855
15043.0859375 2159
15049.1298828125 1067
15056.2724609375 371
15103.4912109375 243
15132.580078125 1301
15149.8974609375 311
15169.07421875 426
15171.0205078125 648
15171.0205078125 720
15202.6640625 792
15223.3896484375 940
15245.486328125 1006
15261.3935546875 1032
15297.779296875 1160
15320.84375 1189
15342.462890625 2183
15381.3740234375 2190
15413.1962890625 2301
15415.1669921875 1459
15415.9814453125 1649
15417.6318359375 353
15431.0869140625 2706
15447.5830078125 1511
15454.5859375 1778
15480.537109375 329
15513.21484375 731
15518.259765625 1400
15527.17578125 2070
15539.5029296875 1480
15554.8984375 1714
15563.794921875 249
15611.5947265625 94
15636.431640625 2823
15638.1181640625 471
15647.1513671875 473
15657.2158203125 747
15661.822265625 915
15680.17578125 921
15697.9638671875 993
15711.3212890625 1072
15712.30859375 1415
15722.49609375 1541
15723.669921875 1746
15731.9453125 1949
15744.294921875 2079
15744.5283203125 2219
15748.7373046875 2258
15769.080078125 2413
15802.984375 2628
15807.07421875 2828
15810.61328125 2903
15847.005859375 2996
15874.580078125 204
15876.029296875 1247
15893.9912109375 1410
15902.6787109375 1888
15913.4296875 1214
15924.568359375 1658
15938.6845703125 2587
15944.3662109375 380
15946.4599609375 688
15952.408203125 1761
15981.107421875 66
15998.326171875 127
16024.46484375 179
16030.5830078125 855
16036.759765625 1198
16041.919921875 1250
16064.421875 1507
16073.734375 1558
16093.25 2007
16146.93359375 2092
16154.578125 2231
16203.638671875 2384
16209.2880859375 2457
16210.009765625 2544
16210.6494140625 2717
16224.6787109375 2774
16229.4169921875 2794
16231.19140625 2909
16245.236328125 972
16257.5458984375 1138
16260.6923828125 1442
16262.3720703125 1137
16267.74609375 102
16301.451171875 667
16310.8486328125 1935
16316.3251953125 2352
16331.134765625 2887
16334.47265625 427
16354.2900390625 1533
16455.98828125 170
16455.98828125 262
16457.541015625 306
16461.560546875 596
16470.16796875 805
16496.953125 849
16537.623046875 850
16553.25 965
16555.22265625 976
16595.861328125 1058
16610.384765625 1403
16620.119140625 1645
16642.390625 1999
16648.77734375 2292
16651.92578125 2392
16660.02734375 2403
16682.373046875 2497
16686.03125 2524
16686.18359375 2601
16689.73046875 2652
16690.03515625 2657
16708.8515625 2761
16716.0625 2839
16724.40625 2939
16776.810546875 2984
16781.70703125 1027
16786.615234375 622
16791.25 417
16802.4453125 450
16829.49609375 690
16844.548828125 969
16855.87890625 982
16858.44921875 1040
16898.802734375 1078
16921.06640625 1083
16960.88671875 1382
16964.771484375 1391
16967.26953125 1486
16970.201171875 1503
16973.912109375 1547
16988.6328125 1561
17021.83984375 1965
17048.673828125 2026
17068.703125 2066
17119.53125 2182
17139.119140625 2245
17143.8359375 2460
17155.24609375 2466
17162.787109375 2540
17168.83984375 2593
17258.35546875 2632
17309.171875 2753
17311.34375 2759
17324.0703125 2793
17343.5859375 2925
17366.560546875 2152
17487.857421875 762
17496.26171875 2757
17521.47265625 37
17558.43359375 1624
17582.8125 1271
17591.09375 2370
17597.53515625 2895
17608.341796875 2411
17613.509765625 67
17622.216796875 150
17639.751953125 171
17640.19921875 195
17658.16796875 363
17687.41796875 522
17712.865234375 657
17731.259765625 701
17751.2421875 760
17783.193359375 811
17788.5546875 874
17798.73046875 875
17889.62890625 1002
17904.54296875 1007
17929.7734375 1023
17989.806640625 1356
18001.056640625 1378
18005.24609375 1489
18018.23046875 1629
18056.509765625 2721
18074.515625 2032
18124.298828125 2259
18124.572265625 771
18264.693359375 1543
18266.123046875 2241
18270.87890625 1964
18272.39453125 1625
18285.576171875 2693
18374.29296875 222
18376.62890625 258
18381.125 281
18431.21484375 506
18432.630859375 582
18464.1171875 724
18521.9765625 879
18532.302734375 1003
18569.69921875 1171
18572.310546875 1182
18573.978515625 1588
18672.794921875 1685
18688.935546875 1758
18704.00390625 2300
18765.5625 2310
18899.22265625 2705
18957.91796875 2845
18972.40625 2916
18980.765625 1811
19051.232421875 2701
19072.11328125 421
19086.6484375 1440
19117.107421875 2337
19118.59375 2531
19124.1171875 18
19130.1953125 29
19251.236328125 31
19289.48828125 104
19437.859375 274
19468.265625 321
19511.203125 370
19513.708984375 375
19677.845703125 562
19701.150390625 914
19864.689453125 944
19918.27734375 1672
19921.59765625 1684
19977.875 1825
20073.7109375 1846
20118.95703125 1960
20247.5625 1976
20247.876953125 2006
20272.5390625 2319
20550.19140625 2405
20590.00390625 2550
20637.943359375 2606
20687.484375 2768
20692.146484375 1081
20712.7109375 1780
20736.275390625 16
20736.275390625 28
20773.955078125 125
20806.65234375 212
20983.84765625 265
21018.412109375 295
21208.673828125 360
21285.06640625 364
21377.029296875 937
21450.767578125 1077
21537.103515625 1101
21587.326171875 1241
21699.5 1243
22075.232421875 1307
22125.458984375 1343
22260.923828125 1404
22314.1171875 1418
23029.13671875 1585
23044.72265625 1719
23297.53515625 1822
24271.19921875 2009
24571.66015625 2164
24977.84765625 2214
25193.630859375 2250
25226.265625 2263
26156.4765625 2342
27219.2109375 2359
29989.2265625 2547
