6142.0908203125 1811
6274.29638671875 2701
6486.796875 421
6689.47119140625 1440
6767.37255859375 2337
7384.0517578125 2531
7545.0185546875 18
7639.19189453125 29
7787.08251953125 31
7919.3759765625 104
7983.4794921875 274
7984.0986328125 321
8113.01416015625 370
8199.966796875 375
8294.0546875 562
8339.0009765625 914
8342.2861328125 944
8445.8466796875 1672
8483.732421875 1684
8547.6767578125 1825
8683.8603515625 1846
8805.5771484375 1960
8870.31640625 1976
8871.05078125 2006
8891.044921875 2319
8891.859375 2405
8897.7275390625 2550
8905.0703125 2606
8908.212890625 2768
8912.412109375 1446
8922.3564453125 87
8938.271484375 251
8969.193359375 527
9005.873046875 529
9015.857421875 625
9026.40234375 641
9030.34765625 693
9120.4375 873
9141.1748046875 881
9166.861328125 928
9182.3642578125 1133
9185.13671875 1283
9209.0302734375 1318
9234.48828125 1346
9244.0478515625 1417
9245.8828125 1720
9280.6572265625 1987
9287.2607421875 2226
9323.353515625 2296
9323.787109375 2515
9377.39453125 2572
9381.3525390625 2669
9387.7958984375 2728
9400.8095703125 2734
9446.90234375 2746
9470.3271484375 2852
9487.1591796875 2866
9502.0068359375 2915
9520.490234375 2949
9531.0810546875 377
9596.2705078125 2281
9615.0478515625 160
9639.775390625 1
9681.6005859375 425
9738.474609375 446
9758.2900390625 800
9760.35546875 918
9766.248046875 953
9783.2998046875 985
9807.62109375 986
9814.9853515625 1008
9827.2041015625 1043
9859.9921875 1270
9868.681640625 1317
9876.2666015625 1435
9885.47265625 1548
9898.7919921875 1606
9907.9013671875 1661
9911.7646484375 1712
9962.849609375 2010
9972.2509765625 2088
9975.0947265625 2365
9986.1904296875 2410
10058.1787109375 2414
10081.486328125 2482
10108.4072265625 2560
10122.9609375 2781
10134.140625 2820
10153.529296875 997
10172.376953125 1781
10208.125 81
10219.6796875 229
10221.8955078125 440
10239.4501953125 548
10242.80859375 611
10297.96875 826
10305.693359375 834
10311.5166015625 848
10338.927734375 871
10421.4658203125 893
10429.6796875 1231
10430.025390625 1256
10442.3876953125 1315
10454.7109375 1458
10469.46484375 1550
10473.75 1671
10484.1015625 1711
10491.6640625 1815
10519.3310546875 1893
10528.58984375 2312
10551.2255859375 2324
10553.576171875 2385
10557.47265625 2447
10562.9130859375 2562
10569.9091796875 2610
10572.603515625 2622
10584.134765625 2853
10626.5205078125 2924
10628.3359375 2927
10629.8525390625 2239
10646.6904296875 1362
10657.9404296875 1926
10672.3818359375 2997
10678.5546875 254
10684.458984375 388
10695.6552734375 465
10695.6552734375 498
10719.970703125 520
10722.828125 962
10762.3984375 981
10860.3095703125 1156
10864.87890625 1652
10887.2587890625 2205
10910.7939453125 2339
10934.58203125 2417
10956.4189453125 2494
10987.650390625 2687
10992.6650390625 1122
11004.662109375 1670
11019.673828125 264
11023.203125 2173
11063.470703125 1646
11073.1279296875 2396
11087.439453125 49
11105.439453125 189
11118.7578125 261
11118.8876953125 263
11135.533203125 430
11158.150390625 831
11165.4775390625 899
11166.216796875 1123
11176.79296875 1169
11179.142578125 1350
11200.3876953125 1405
11201.8486328125 1512
11206.1103515625 1750
11214.5029296875 1769
11216.5849609375 1908
11255.99609375 1966
11268.8115234375 1982
11272.86328125 1993
11273.94140625 2094
11295.654296875 2126
11301.2470703125 2141
11305.0703125 2171
11305.68359375 2174
11309.2890625 2177
11309.2890625 2237
11317.7587890625 2367
11340.4375 2536
11350.658203125 2542
11351.17578125 2582
11362.3427734375 2675
11383.9248046875 2703
11427.4169921875 1873
11433.3203125 2107
11450.826171875 1281
11459.6123046875 455
11479.08203125 470
11482.6689453125 902
11532.326171875 926
11559.5517578125 967
11563.208984375 1104
11568.10546875 1225
11573.880859375 1286
11589.486328125 1506
11590.806640625 1516
11603.958984375 1599
11606.763671875 1779
11608.55859375 1848
11611.3828125 1867
11621.265625 1883
11638.171875 2063
11638.7724609375 2210
11654.2666015625 2246
11672.326171875 2285
11676.974609375 2361
11680.865234375 2686
11688.1171875 2700
11708.6650390625 88
11729.462890625 586
11741.814453125 136
11776.3818359375 1471
11782.2470703125 226
11807.87109375 296
11810.71484375 1197
11818.21484375 1666
11823.7646484375 2511
11854.240234375 101
11899.291015625 215
11903.9111328125 549
11912.0263671875 550
11913.154296875 573
11918.087890625 1136
11922.841796875 1199
11935.951171875 1530
11936.6708984375 1581
11940.931640625 1640
11959.0947265625 1688
11972.314453125 1968
11990.15625 2526
11999.404296875 2571
12005.533203125 2983
12009.3173828125 1787
12022.1513671875 602
12029.6640625 1146
12051.9501953125 253
12056.419921875 342
12062.216796875 843
12085.2001953125 1233
12085.2001953125 1335
12090.615234375 1394
12094.5869140625 1737
12096.94140625 1784
12108.630859375 1950
12119.06640625 2025
12120.4921875 2473
12130.9013671875 2518
12131.126953125 999
12132.16015625 1056
12133.7421875 1900
12134.130859375 1304
12153.595703125 1326
12157.1865234375 2967
12159.912109375 1329
12161.7158203125 50
12165.419921875 318
12175.35546875 389
12225.4189453125 478
12232.798828125 491
12234.9521484375 580
12269.1240234375 599
12269.912109375 890
12323.5166015625 896
12344.078125 909
12403.7177734375 919
12408.7763671875 995
12422.60546875 1273
12423.953125 1342
12452.212890625 1430
12454.39453125 1495
12473.1064453125 1568
12476.8955078125 1583
12480.5263671875 1764
12483.671875 1774
12498.9697265625 2065
12507.1201171875 2117
12507.5146484375 2181
12511.904296875 2268
12519.2001953125 2465
12528.6416015625 2664
12529.51953125 2760
12533.25390625 2764
12551.0224609375 2938
12559.73828125 2943
12567.30859375 1860
12581.478515625 2880
12587.5693359375 1333
12598.0166015625 2631
12618.310546875 146
12625.94921875 1538
12631.322265625 21
12656.4609375 34
12660.611328125 200
12663.546875 288
12682.0595703125 336
12695.896484375 385
12737.12890625 517
12762.328125 546
12763.48828125 609
12763.708984375 614
12770.04296875 683
12771.517578125 686
12772.8037109375 769
12785.197265625 1097
12795.09765625 1221
12798.6240234375 1322
12798.759765625 1359
12827.2392578125 1376
12828.818359375 1686
12840.21484375 1854
12849.8427734375 2513
12861.439453125 2553
12884.4921875 2650
12931.8779296875 2672
12934.119140625 2911
12953.7568359375 78
13002.935546875 2713
13005.5654296875 2800
13019.0703125 2651
13032.0380859375 2970
13042.7626953125 1045
13049.21484375 1068
13050.1376953125 2078
13050.7392578125 884
13057.333984375 886
13088.943359375 1028
13104.587890625 1845
13120.62109375 1932
13128.4912109375 2489
13167.1650390625 90
13174.611328125 153
13179.1865234375 240
13184.9873046875 256
13215.7626953125 531
13219.9560546875 644
13237.2412109375 706
13241.376953125 775
13248.7763671875 1163
13250.1875 1483
13275.1142578125 2114
13293.8095703125 2379
13294.392578125 2424
13298.490234375 2433
13311.6689453125 2435
13311.8154296875 2442
13316.4482421875 2683
13340.37109375 2811
13340.74609375 2176
13344.0908203125 169
13350.7373046875 2207
13358.240234375 1144
13359.5185546875 2180
13359.7666015625 73
13360.599609375 663
13361.25 677
13374.4326171875 756
13389.3828125 925
13395.0458984375 927
13399.708984375 946
13399.751953125 996
13406.439453125 1141
13406.7734375 1202
13412.623046875 1251
13417.634765625 1457
13426.693359375 1502
13432.4169921875 1591
13435.474609375 1733
13436.2490234375 1735
13453.349609375 1919
13457.4443359375 1933
13461.4033203125 1955
13461.75390625 2002
13487.662109375 2335
13490.5673828125 2341
13499.76953125 2565
13500.8330078125 2695
13501.76171875 2763
13506.9013671875 2840
13515.6669921875 2422
13534.2138671875 1020
13542.2080078125 640
13552.4755859375 59
13552.4755859375 177
13563.8779296875 191
13594.173828125 575
13612.5888671875 687
13632.384765625 934
13639.9365234375 1119
13648.931640625 1529
13664.326171875 1697
13671.9443359375 1810
13701.408203125 1831
13715.8232421875 2354
13718.5576171875 2528
13745.2900390625 2679
13767.4482421875 2712
13796.65234375 2747
13806.9609375 2809
13831.3544921875 2821
13833.9951171875 2842
13842.5 2860
13860.1181640625 2906
13875.52734375 2994
13880.4453125 186
13918.3515625 223
13926.966796875 1594
13932.73046875 410
13933.83203125 631
13935.77734375 132
13950.224609375 2576
13967.708984375 1282
13978.16796875 488
13981.2001953125 869
13984.3330078125 2059
13989.513671875 787
13993.3720703125 904
14005.212890625 137
14012.03515625 275
14021.9140625 328
14028.5205078125 333
14040.439453125 392
14042.9453125 407
14061.759765625 489
14065.4521484375 680
14066.8544921875 1022
14074.48046875 1290
14085.26171875 1358
14086.2919921875 1607
14088.1689453125 1653
14093.228515625 2024
14099.8251953125 2184
14114.076171875 2221
14145.5751953125 2394
14145.7578125 2427
14148.2001953125 2517
14157.048828125 2655
14164.37890625 2704
14212.8916015625 2900
14214.6015625 2946
14229.3916015625 459
14248.2236328125 1408
14267.994140625 1339
14329.994140625 22
14332.4951171875 45
14338.697265625 300
14340.255859375 812
14351.322265625 922
14383.498046875 947
14396.423828125 975
14406.162109375 1001
14422.2421875 1095
14444.384765625 1275
14462.484375 1664
14483.400390625 1708
14525.6318359375 1763
14529.5927734375 1766
14546.880859375 1889
14563.828125 2077
14573.6533203125 2082
14589.388671875 2131
14594.8486328125 2315
14612.01953125 2317
14622.9609375 2409
14641.8818359375 2608
14647.939453125 2616
14663.7177734375 2649
14715.3388671875 2819
14720.765625 2862
14832.462890625 1164
14836.642578125 2213
14837.4921875 1050
14858.658203125 979
14887.328125 1562
14935.0400390625 1597
14949.5537109375 2334
14952.28515625 587
14981.841796875 630
15001.966796875 777
15003.123046875 1012
15009.416015625 1064
15010.630859375 1082
15054.4287109375 1462
15075.541015625 1501
15089.05859375 1654
15089.7939453125 1800
15091.744140625 2656
15119.6904296875 2884
15123.162109375 1416
15128.296875 1575
15154.806640625 2889
15157.904296875 445
15164.4072265625 30
15166.76953125 2484
15169.693359375 38
15187.3759765625 40
15203.2470703125 76
15204.2373046875 77
15210.9228515625 108
15214.376953125 164
15219.2666015625 211
15246.578125 225
15247.4541015625 376
15257.2734375 437
15262.4375 510
15283.833984375 646
15289.037109375 671
15301.365234375 738
15313.8212890625 770
15325.3994140625 1434
15328.78125 1610
15360.755859375 1662
15371.8828125 1709
15373.859375 1998
15397.4375 2166
15400.3515625 2220
15408.978515625 2238
15415.2451171875 2255
15431.3427734375 2345
15435.2412109375 2510
15437.6552734375 2581
15441.037109375 2607
15476.9609375 2807
15486.29296875 1015
15491.1416015625 1984
15500.0361328125 1258
15508.521484375 2555
15509.05859375 1147
15511.88671875 865
15526.904296875 939
15530.1376953125 1497
15554.2255859375 2630
15563.86328125 2752
15566.1318359375 457
15576.162109375 309
15592.4921875 316
15593.986328125 483
15596.3671875 484
15599.0576171875 633
15630.927734375 1026
15633.3837890625 1036
15644.318359375 1176
15649.076171875 1423
15668.28515625 1485
15689.08203125 1590
15700.5712890625 1702
15705.458984375 1759
15706.5927734375 1818
15711.3369140625 1958
15719.4287109375 1963
15723.0927734375 1977
15733.115234375 2053
15751.7333984375 2056
15754.53515625 2125
15769.470703125 2304
15791.5009765625 2356
15800.81640625 2477
15831.14453125 2533
15835.171875 2732
15837.26953125 2948
15844.767578125 1601
15869.072265625 2256
15932.453125 2104
15937.83984375 284
15957.642578125 182
15958.623046875 916
15962.87109375 1667
15998.4658203125 1852
16008.7548828125 727
16018.802734375 2036
16025.068359375 2772
16039.1904296875 130
16064.791015625 219
16070.408203125 394
16073.1376953125 405
16077.142578125 634
16083.3681640625 856
16096.72265625 983
16101.5732421875 1117
16107.48046875 1386
16149.787109375 1791
16151.349609375 1991
16153.7890625 2060
16157.458984375 2215
16204.0546875 2314
16207.86328125 2440
16227.0927734375 2467
16249.33984375 2618
16282.216796875 2648
16291.5244140625 2694
16301.6640625 1772
16321.1083984375 818
16322.484375 2907
16336.494140625 660
16383.6884765625 1168
16388.158203125 1145
16398.548828125 1476
16409.5390625 1618
16426.212890625 655
16445.888671875 1592
16458.2421875 2120
16478.76953125 2557
16504.01171875 112
16505.8984375 350
16521.56640625 356
16526.552734375 448
16529.544921875 1500
16530.26953125 1526
16571.11328125 1587
16572.498046875 1881
16595.642578125 1943
16601.423828125 1962
16626.990234375 1995
16640.435546875 2075
16662.328125 2118
16670.732421875 2309
16674.94140625 2418
16681.919921875 2516
16696.212890625 2588
16696.783203125 2605
16730.2890625 2623
16733.388671875 2937
16746.720703125 1005
16783.955078125 110
16807.69140625 2360
16810.736328125 121
16818.326171875 1046
16827.017578125 298
16828.08203125 372
16842.451171875 492
16858.107421875 752
16868.18359375 838
16902.833984375 903
16905.50390625 1034
16910.783203125 1128
16920.283203125 1187
16924.48828125 1437
16926.15234375 1488
16932.005859375 1534
16938.318359375 1657
16945.58203125 1678
16949.7734375 1824
16952.5546875 1826
16965.13671875 1941
16976.265625 1997
16981.287109375 2318
16991.19921875 2327
16995.119140625 2362
17022.84765625 2404
17039.189453125 2453
17046.955078125 2458
17059.66015625 2496
17074.228515625 2696
17090.10546875 2722
17090.10546875 2796
17094.197265625 2584
17118.96484375 2872
17141.296875 2589
17146.31640625 2135
17199.78515625 1802
17201.837890625 1853
17241.189453125 1892
17250.1015625 1580
17265.171875 25
17289.9296875 72
17313.4296875 343
17324.203125 710
17325.3125 755
17338.7578125 885
17347.53125 1683
17352.3046875 1776
17368.556640625 1972
17378.716796875 2047
17417.822265625 2138
17417.822265625 2185
17422.578125 2344
17429.8828125 2545
17484.626953125 2573
17501.6328125 2855
17517.53515625 2159
17522.82421875 1067
17535.513671875 371
17549.78125 243
17556.146484375 1301
17601.177734375 311
17624.349609375 426
17624.97265625 648
17635.197265625 720
17640.4375 792
17654.060546875 940
17666.806640625 1006
17674.259765625 1032
17695.677734375 1160
17696.18359375 1189
17696.28515625 2183
17700.20703125 2190
17702.666015625 2301
17715.13671875 1459
17722.259765625 1649
17732.140625 353
17755.83984375 2706
17811.939453125 1511
17812.3984375 1778
17843.81640625 329
17843.81640625 731
17843.81640625 1400
17911.9921875 2070
17914.13671875 1480
17929.74609375 1714
17934.076171875 249
17938.06640625 94
17975.33984375 2823
17990.87109375 471
18030.85546875 473
18050.53515625 747
18051.939453125 915
18062.177734375 921
18062.177734375 993
18064.15234375 1072
18068.8515625 1415
18076.76953125 1541
18088.234375 1746
18088.45703125 1949
18189.615234375 2079
18192.271484375 2219
18199.201171875 2258
18214.02734375 2413
18239.25 2628
18242.892578125 2828
18245.84765625 2903
18282.123046875 2996
18322.431640625 204
18337.810546875 1247
18352.00390625 1410
18352.244140625 1888
18353.693359375 1214
18360.169921875 1658
18376.63671875 2587
18384.46875 380
18386.146484375 688
18392.93359375 1761
18399.470703125 66
18406.265625 127
18408.98828125 179
18410.794921875 855
18451.255859375 1198
18486.638671875 1250
18500.69140625 1507
18508.640625 1558
18529.337890625 2007
18561.71875 2092
18576.94140625 2231
18598.162109375 2384
18601.5859375 2457
18679.767578125 2544
18696.09765625 2717
18700.658203125 2774
18711.740234375 2794
18714.455078125 2909
18726.962890625 972
18744.03515625 1138
18757.49609375 1442
18804.708984375 1137
18816.4921875 102
18900.396484375 667
18937.673828125 1935
18974.55078125 2352
18989.16015625 2887
19030.71484375 427
19051.62890625 1533
19053.25 170
19056.564453125 262
19064.693359375 306
19070.083984375 596
19086.48046875 805
19088.482421875 849
19104.12890625 850
19109.65234375 965
19135.0078125 976
19150.98828125 1058
19177.70703125 1403
19188.767578125 1645
19196.26171875 1999
19254.228515625 2292
19263.951171875 2392
19355.03125 2403
19391.462890625 2497
19454.0703125 2524
19459.08203125 2601
19536.923828125 2652
19541.501953125 2657
19564.39453125 2761
19567.673828125 2839
19602.01171875 2939
19641.603515625 2984
19646.416015625 1027
19653.8046875 622
19678.037109375 417
19692.49609375 450
19754.376953125 690
19760.744140625 969
19766.0390625 982
19819.751953125 1040
19847.876953125 1078
19848.759765625 1083
19887.890625 1382
19894.845703125 1391
19945.822265625 1486
19977.275390625 1503
20042.1796875 1547
20062.7578125 1561
20068.03515625 1965
20074.109375 2026
20084.78515625 2066
20102.52734375 2182
20160.412109375 2245
20193.970703125 2460
20200.134765625 2466
20236.4921875 2540
20278.91015625 2593
20311.560546875 2632
20364.921875 2753
20374.7421875 2759
20601.61328125 2793
20634.109375 2925
20667.46875 2152
20676.935546875 762
20680.23046875 2757
20691.046875 37
20694.5859375 1624
20747.99609375 1271
20754.876953125 2370
20782.572265625 2895
20847.203125 2411
20878.43359375 67
20926.875 150
21042.916015625 171
21057.3984375 195
21127.015625 363
21167.224609375 522
21254.41015625 657
21275.4140625 701
21294.1953125 760
21323.908203125 811
21327.208984375 874
21341.87890625 875
21372.943359375 1002
21465.28125 1007
21472.05859375 1023
21481.40625 1356
21518.5234375 1378
21673.498046875 1489
21740.43359375 1629
21780.984375 2721
21818.349609375 2032
21886.46484375 2259
21903.10546875 771
21981.2734375 1543
22132.54296875 2241
22173.72265625 1964
22252.234375 1625
22347.859375 2693
22556.345703125 222
22562.10546875 258
22596.69140625 281
22618.34375 506
22812.587890625 582
22818.330078125 724
22823.482421875 879
22957.34375 1003
22976.5 1171
23091.810546875 1182
23265.08984375 1588
23272.59375 1685
23277.603515625 1758
23354.3828125 2300
23355.787109375 2310
23518.7578125 2705
23758.869140625 2845
23801.705078125 2916
23869.55078125 1081
23918.826171875 1780
23991.701171875 16
24187.3515625 28
24193.947265625 125
24248.650390625 212
24796.400390625 265
24861.15625 295
24895.03125 360
24905.30859375 364
24929.357421875 937
24984.34765625 1077
25022.10546875 1101
25286.99609375 1241
26017.505859375 1243
26046.74609375 1307
26058.27734375 1343
26183.001953125 1404
26261.833984375 1418
26797.466796875 1585
26832.333984375 1719
26841.97265625 1822
26854.61328125 2009
27153.515625 2164
27929.75390625 2214
28085.138671875 2250
28792.06640625 2263
29106.541015625 2342
29485.587890625 2359
36279.7109375 2547
