4478.9912109375 1147
4952.7548828125 865
5154.07763671875 939
5409.0595703125 1497
5540.3017578125 2630
5556.7646484375 2752
5815.6982421875 457
5931.87109375 309
5950.30029296875 316
6002.75439453125 483
6286.224609375 484
6356.66357421875 633
6441.70361328125 1026
6495.04150390625 1036
6547.71044921875 1176
6622.2373046875 1423
6749.8212890625 1485
6769.009765625 1590
6771.0517578125 1702
6772.30078125 1759
6775.84228515625 1818
6804.58935546875 1958
6856.71044921875 1963
6933.2861328125 1977
6958.1943359375 2053
6977.67236328125 2056
7010.52783203125 2125
7051.07177734375 2304
7066.23486328125 2356
7078.90966796875 2477
7092.416015625 2533
7171.7529296875 2732
7172.3095703125 2948
7180.85546875 1601
7220.58984375 2256
7222.375 2104
7328.09326171875 284
7349.68896484375 1446
7351.68994140625 87
7386.1875 251
7419.951171875 527
7431.26171875 529
7431.26171875 625
7492.39453125 641
7564.53564453125 693
7590.51220703125 873
7604.9326171875 881
7717.8359375 928
7727.068359375 1133
7762.66748046875 1283
7793.64501953125 1318
7883.46630859375 1346
7888.6884765625 1417
7929.81396484375 1720
7940.4873046875 1987
7958.05126953125 2226
8099.77978515625 2296
8180.0361328125 2515
8190.947265625 2572
8214.5234375 2669
8220.9990234375 2728
8233.87890625 2734
8336.2412109375 2746
8337.03125 2852
8359.078125 2866
8368.3173828125 2915
8426.912109375 2949
8436.099609375 377
8486.84375 2281
8501.8759765625 160
8503.87109375 1
8519.353515625 425
8558.21875 446
8570.490234375 800
8601.7548828125 918
8621.22265625 953
8666.642578125 985
8708.978515625 986
8740.8056640625 1008
8753.501953125 1043
8782.3740234375 1270
8787.736328125 1317
8853.4970703125 1435
8909.0126953125 1548
8912.267578125 1606
8920.7587890625 1661
8948.0634765625 1712
8980.0556640625 2010
8999.5107421875 2088
9012.91796875 2365
9106.2802734375 2410
9151.373046875 2414
9156.607421875 2482
9194.451171875 2560
9221.740234375 2781
9223.9716796875 2820
9244.5205078125 997
9264.546875 1781
9300.625 81
9309.37109375 229
9313.361328125 440
9341.5888671875 548
9345.8466796875 611
9359.8720703125 826
9359.8720703125 834
9384.6767578125 848
9392.4189453125 871
9424.5908203125 893
9428.1669921875 1231
9452.5361328125 1256
9493.6845703125 1315
9497.00390625 1458
9565.7080078125 1550
9579.7841796875 1671
9581.2734375 1711
9589.6630859375 1815
9676.3203125 1893
9704.4248046875 2312
9706.904296875 2324
9720.9755859375 2385
9759.970703125 2447
9774.9423828125 2562
9785.447265625 2610
9839.8125 2622
9847.2158203125 2853
9853.474609375 2924
9861.767578125 2927
9876.283203125 2239
9883.712890625 1362
9887.6904296875 1926
9903.869140625 2997
9903.9150390625 254
9911.044921875 388
9924.1728515625 465
9936.640625 498
9972.16796875 520
9990.087890625 962
10011.3974609375 981
10012.513671875 1156
10043.501953125 1652
10108.2314453125 2205
10112.982421875 2339
10120.669921875 2417
10182.822265625 2494
10206.212890625 2687
10220.3369140625 1122
10235.6875 1670
10261.630859375 264
10266.0478515625 2173
10277.103515625 1646
10302.2890625 2396
10303.94921875 49
10342.326171875 189
10342.8583984375 261
10346.3037109375 263
10355.716796875 430
10374.6201171875 831
10381.2587890625 899
10381.298828125 1123
10400.9892578125 1169
10416.1591796875 1350
10481.2763671875 1405
10497.431640625 1512
10503.12109375 1750
10516.9208984375 1769
10522.234375 1908
10526.53125 1966
10528.1962890625 1982
10529.0166015625 1993
10532.7509765625 2094
10544.9384765625 2126
10547.509765625 2141
10558.5888671875 2171
10559.626953125 2174
10579.609375 2177
10588.291015625 2237
10603.5 2367
10609.8779296875 2536
10619.17578125 2542
10620.451171875 2582
10644.001953125 2675
10689.919921875 2703
10717.3203125 1873
10776.5927734375 2107
10804.8818359375 1281
10806.7109375 455
10855.431640625 470
10857.23828125 902
10857.7421875 926
10858.4482421875 967
10863.8544921875 1104
10867.025390625 1225
10878.5234375 1286
10881.986328125 1506
10884.71875 1516
10896.3447265625 1599
10919.947265625 1779
10926.1748046875 1848
10957.51171875 1867
10966.244140625 1883
10981.3486328125 2063
11027.6376953125 2210
11028.8056640625 2246
11035.50390625 2285
11069.9345703125 2361
11072.01953125 2686
11106.349609375 2700
11106.4619140625 88
11109.90234375 586
11129.37890625 136
11154.904296875 1471
11160.8662109375 226
11166.427734375 296
11189.603515625 1197
11208.265625 1666
11211.150390625 2511
11227.505859375 101
11232.0078125 215
11246.19921875 549
11248.267578125 550
11277.0537109375 573
11279.931640625 1136
11297.98828125 1199
11313.2060546875 1530
11329.4482421875 1581
11329.91796875 1640
11352.962890625 1688
11355.943359375 1968
11362.158203125 2526
11370.5107421875 2571
11395.4453125 2983
11400.052734375 1787
11404.2734375 602
11475.9033203125 1146
11496.341796875 253
11514.556640625 342
11544.1953125 843
11610.40625 1233
11617.1376953125 1335
11621.4296875 1394
11625.044921875 1737
11648.41796875 1784
11653.8505859375 1950
11660.70703125 2025
11672.736328125 2473
11677.02734375 2518
11687.6875 999
11695.35546875 1056
11704.736328125 1900
11704.943359375 1304
11705.029296875 1326
11709.900390625 2967
11717.5712890625 1329
11737.232421875 50
11786.22265625 318
11807.87890625 389
11817.265625 478
11821.3017578125 491
11830.1455078125 580
11833.8388671875 599
11833.90625 890
11867.94140625 896
11875.439453125 909
11882.51953125 919
11886.3544921875 995
11886.6513671875 1273
11914.4140625 1342
11914.6953125 1430
11961.8369140625 1495
11965.7099609375 1568
11997.6953125 1583
12000.416015625 1764
12016.8515625 1774
12019.5126953125 2065
12028.1171875 2117
12035.142578125 2181
12038.6416015625 2268
12065.556640625 2465
12077.1806640625 2664
12079.4365234375 2760
12093.1064453125 2764
12093.1689453125 2938
12107.361328125 2943
12132.078125 1860
12133.3154296875 2880
12167.5380859375 1333
12169.5517578125 2631
12201.1279296875 146
12212.453125 1538
12221.484375 21
12224.8212890625 34
12283.9326171875 200
12310.61328125 288
12318.8291015625 336
12335.78515625 385
12343.349609375 517
12346.3818359375 546
12354.33203125 609
12359.310546875 614
12369.03125 683
12383.724609375 686
12386.330078125 769
12428.6728515625 1097
12434.8505859375 1221
12444.99609375 1322
12483.80859375 1359
12523.578125 1376
12547.4765625 1686
12550.408203125 1854
12555.302734375 2513
12557.798828125 2553
12587.6845703125 2650
12600.1123046875 2672
12603.5322265625 2911
12607.5751953125 78
12626.166015625 2713
12628.0771484375 2800
12638.83203125 2651
12724.1962890625 2970
12734.125 1045
12742.7978515625 1068
12753.52734375 2078
12755.693359375 884
12759.4521484375 886
12768.8876953125 1028
12786.7607421875 1845
12806.6484375 1932
12838.06640625 2489
12840.470703125 90
12841.3447265625 153
12855.068359375 240
12862.94921875 256
12885.5859375 531
12890.9443359375 644
12898.900390625 706
12922.5390625 775
12931.021484375 1163
12969.0751953125 1483
12976.7568359375 2114
12986.3388671875 2379
12986.6904296875 2424
13014.3623046875 2433
13027.5078125 2435
13030.8515625 2442
13091.96875 2683
13095.27734375 2811
13097.234375 2176
13100.634765625 169
13102.330078125 2207
13104.033203125 1144
13106.4755859375 2180
13127.59375 73
13130.2392578125 663
13130.93359375 677
13132.740234375 756
13135.50390625 925
13135.8583984375 927
13154.8701171875 946
13159.9794921875 996
13165.1103515625 1141
13173.5859375 1202
13180.3544921875 1251
13181.4560546875 1457
13182.619140625 1502
13201.326171875 1591
13202.322265625 1733
13204.453125 1735
13236.1259765625 1919
13289.3603515625 1933
13289.3603515625 1955
13290.6171875 2002
13290.7490234375 2335
13298.4140625 2341
13310.6474609375 2565
13310.9306640625 2695
13332.9716796875 2763
13343.3818359375 2840
13351.248046875 2422
13365.21875 1020
13371.3896484375 640
13386.1748046875 59
13388.8486328125 177
13413.3681640625 191
13414.5869140625 575
13421.3193359375 687
13440.62109375 934
13457.51953125 1119
13480.224609375 1529
13483.1240234375 1697
13483.33984375 1810
13510.4638671875 1831
13526.83203125 2354
13534.3154296875 2528
13546.9423828125 2679
13556.060546875 2712
13607.05859375 2747
13629.8876953125 2809
13630.23046875 2821
13640.34375 2842
13666.1708984375 2860
13680.6220703125 2906
13685.3271484375 2994
13694.294921875 186
13709.443359375 223
13715.171875 1594
13718.8447265625 410
13722.6767578125 631
13740.1640625 132
13756.62890625 2576
13760.47265625 1282
13779.9658203125 488
13783.1416015625 869
13792.310546875 2059
13830.708984375 787
13864.650390625 904
13869.4443359375 137
13884.046875 275
13891.541015625 328
13899.4150390625 333
13906.3349609375 392
13917.85546875 407
13923.947265625 489
13932.0185546875 680
13936.7041015625 1022
13965.1357421875 1290
13968.9658203125 1358
13978.8076171875 1607
13979.404296875 1653
13984.0576171875 2024
13992.109375 2184
13992.3974609375 2221
13997.78515625 2394
14006.84765625 2427
14028.208984375 2517
14039.5791015625 2655
14054.9912109375 2704
14056.6728515625 2900
14092.67578125 2946
14092.9267578125 459
14097.8466796875 1408
14103.8251953125 1339
14104.5419921875 22
14124.453125 45
14128.1748046875 300
14171.85546875 812
14172.35546875 922
14176.9189453125 947
14177.09765625 975
14179.876953125 1001
14185.666015625 1095
14196.634765625 1275
14208.9150390625 1664
14214.837890625 1708
14231.255859375 1763
14247.3251953125 1766
14293.935546875 1889
14295.55078125 2077
14297.8349609375 2082
14314.568359375 2131
14317.662109375 2315
14332.3125 2317
14337.1201171875 2409
14345.01953125 2608
14349.5654296875 2616
14357.44140625 2649
14357.7236328125 2819
14367.3046875 2862
14379.3974609375 1164
14383.07421875 2213
14393.7490234375 1050
14399.71484375 979
14403.6435546875 1562
14403.8349609375 1597
14423.853515625 2334
14425.3564453125 587
14425.3564453125 630
14484.5380859375 777
14531.3525390625 1012
14535.8251953125 1064
14535.8564453125 1082
14539.8359375 1462
14553.201171875 1501
14564.646484375 1654
14579.3974609375 1800
14595.30078125 2656
14611.8125 2884
14631.638671875 1416
14642.2333984375 1575
14661.6513671875 2889
14691.45703125 445
14693.3388671875 30
14708.0791015625 2484
14712.033203125 38
14727.1533203125 40
14741.5732421875 76
14763.4921875 77
14780.6318359375 108
14784.9609375 164
14806.21484375 211
14807.216796875 225
14815.947265625 376
14839.2548828125 437
14850.4443359375 510
14859.052734375 646
14861.2880859375 671
14895.759765625 738
14914.44921875 770
14919.322265625 1434
14923.7919921875 1610
14924.021484375 1662
14932.0400390625 1709
14934.6806640625 1998
14934.90625 2166
14949.0263671875 2220
14997.0234375 2238
15006.216796875 2255
15042.732421875 2345
15044.95703125 2510
15050.4150390625 2581
15053.5927734375 2607
15069.115234375 2807
15077.6259765625 1015
15079.296875 1984
15086.4990234375 1258
15089.3251953125 2555
15094.7431640625 182
15096.990234375 916
15111.00390625 1667
15116.1728515625 1852
15120.18359375 727
15121.056640625 2036
15121.0703125 2772
15129.21484375 130
15131.6171875 219
15140.697265625 394
15142.05078125 405
15161.5068359375 634
15168.30078125 856
15173.638671875 983
15175.154296875 1117
15178.822265625 1386
15185.34765625 1791
15188.564453125 1991
15189.65625 2060
15212.8515625 2215
15221.19921875 2314
15234.73828125 2440
15247.2763671875 2467
15255.087890625 2618
15294.509765625 2648
15300.275390625 2694
15302.9736328125 1772
15311.904296875 818
15317.875 2907
15318.9365234375 660
15334.5107421875 1168
15337.6015625 1145
15367.4814453125 1476
15378.78125 1618
15400.1015625 655
15412.4287109375 1592
15412.5615234375 2120
15415.4091796875 2557
15436.7109375 112
15444.5654296875 350
15449.8671875 356
15451.8056640625 448
15463.865234375 1500
15477.4599609375 1526
15485.42578125 1587
15488.75 1881
15516.6015625 1943
15517.9404296875 1962
15544.119140625 1995
15545.11328125 2075
15554.8046875 2118
15565.0 2309
15588.017578125 2418
15590.5712890625 2516
15596.67578125 2588
15612.791015625 2605
15635.978515625 2623
15653.833984375 2937
15672.634765625 1005
15680.6533203125 110
15699.958984375 2360
15720.55078125 121
15726.400390625 1046
15739.8984375 298
15749.984375 372
15756.54296875 492
15769.96875 752
15774.189453125 838
15781.587890625 903
15788.80078125 1034
15792.484375 1128
15811.443359375 1187
15870.634765625 1437
15892.60546875 1488
15895.677734375 1534
15906.9423828125 1657
15909.0185546875 1678
15922.501953125 1824
15984.4052734375 1826
16009.96875 1941
16015.3837890625 1997
16018.8408203125 2318
16056.9853515625 2327
16111.8349609375 2362
16130.00390625 2404
16158.552734375 2453
16163.4169921875 2458
16176.9189453125 2496
16187.1865234375 2696
16213.76171875 2722
16230.3818359375 2796
16245.8798828125 2584
16249.837890625 2872
16279.7060546875 2589
16291.28125 2135
16293.3037109375 1802
16293.3037109375 1853
16337.6484375 1892
16353.01953125 1580
16357.9931640625 25
16376.5615234375 72
16397.77734375 343
16400.931640625 710
16419.482421875 755
16456.275390625 885
16524.73828125 1683
16528.359375 1776
16528.37890625 1972
16543.427734375 2047
16574.890625 2138
16584.935546875 2185
16605.181640625 2344
16610.017578125 2545
16640.716796875 2573
16656.236328125 2855
16666.63671875 2159
16675.591796875 1067
16686.291015625 371
16706.6484375 243
16709.572265625 1301
16714.078125 311
16729.23828125 426
16741.91796875 648
16772.70703125 720
16786.673828125 792
16791.974609375 940
16812.21875 1006
16812.21875 1032
16816.501953125 1160
16816.658203125 1189
16829.1953125 2183
16840.609375 2190
16864.654296875 2301
16881.248046875 1459
16918.55078125 1649
16937.44140625 353
16941.951171875 2706
16975.0234375 1511
17015.912109375 1778
17032.8359375 329
17036.44921875 731
17065.419921875 1400
17116.287109375 2070
17121.693359375 1480
17135.4921875 1714
17142.171875 249
17155.494140625 94
17181.3828125 2823
17184.224609375 471
17216.548828125 473
17232.158203125 747
17253.6484375 915
17313.48828125 921
17313.853515625 993
17345.705078125 1072
17359.083984375 1415
17363.22265625 1541
17363.2890625 1746
17386.20703125 1949
17395.1640625 2079
17429.09375 2219
17430.1484375 2258
17504.177734375 2413
17508.279296875 2628
17525.18359375 2828
17559.6953125 2903
17589.265625 2996
17597.568359375 204
17658.412109375 1247
17675.18359375 1410
17730.552734375 1888
17780.552734375 1214
17794.904296875 1658
17812.318359375 2587
17838.87109375 380
17844.48046875 688
17864.35546875 1761
17941.255859375 66
17964.626953125 127
17975.345703125 179
18004.84765625 855
18039.99609375 1198
18105.71875 1250
18142.515625 1507
18170.310546875 1558
18226.763671875 2007
18238.76171875 2092
18264.494140625 2231
18277.98828125 2384
18295.26171875 2457
18298.796875 2544
18316.21484375 2717
18327.724609375 2774
18372.146484375 2794
18377.40625 2909
18413.3671875 972
18452.94921875 1138
18463.58203125 1442
18541.0234375 1137
18549.48828125 102
18558.552734375 667
18568.251953125 1935
18607.564453125 2352
18647.041015625 2887
18682.109375 427
18735.005859375 1533
18847.521484375 170
18893.88671875 262
18936.55078125 306
18946.646484375 596
18985.048828125 805
19029.849609375 849
19036.771484375 850
19067.662109375 965
19070.443359375 976
19070.5703125 1058
19078.01171875 1403
19091.748046875 1645
19109.326171875 1999
19123.23046875 2292
19194.12109375 2392
19219.0703125 2403
19238.0 2497
19303.044921875 2524
19341.431640625 2601
19402.171875 2652
19425.87890625 2657
19458.330078125 2761
19467.955078125 2839
19471.5234375 2939
19543.80859375 2984
19563.765625 1027
19592.263671875 622
19593.626953125 417
19663.623046875 450
19680.69921875 690
19683.064453125 969
19706.515625 982
19743.951171875 1040
19791.568359375 1078
19819.7578125 1083
19855.771484375 1382
19856.458984375 1391
19874.28515625 1486
19960.98046875 1503
20038.767578125 1547
20089.78515625 1561
20097.828125 1965
20124.365234375 2026
20125.78125 2066
20229.26171875 2182
20278.59375 2245
20302.02734375 2460
20303.85546875 2466
20327.453125 2540
20335.3125 2593
20355.029296875 2632
20418.3359375 2753
20457.017578125 2759
20505.287109375 2793
20595.091796875 2925
20661.658203125 2152
20720.4296875 762
20734.01953125 2757
20935.1015625 37
20984.02734375 1624
21009.904296875 1271
21149.4375 2370
21211.884765625 2895
21228.849609375 2411
21405.8125 67
21471.740234375 150
21491.697265625 171
21496.7890625 195
21526.08984375 363
21532.818359375 522
21559.81640625 657
21634.8515625 701
21641.830078125 760
21682.939453125 811
21710.4921875 874
21806.984375 875
21828.275390625 1002
21925.689453125 1007
22126.392578125 1023
22184.837890625 1356
22226.744140625 1378
22481.64453125 1489
22519.46875 1629
22551.66796875 2721
22589.9765625 2032
22604.919921875 2259
22629.40234375 771
22652.787109375 1543
22690.77734375 2241
22774.64453125 1964
22795.244140625 1625
22827.8046875 2693
22858.37890625 222
22896.330078125 258
22948.5546875 281
23074.42578125 506
23079.16796875 582
23112.166015625 724
23244.40625 879
23266.986328125 1003
23266.986328125 1171
23354.224609375 1182
23364.794921875 1588
23535.876953125 1685
23556.166015625 1758
23592.21875 2300
23598.69140625 2310
23603.435546875 2705
23713.5546875 2845
23823.173828125 2916
23892.3515625 1811
23899.2265625 2701
23983.005859375 421
23984.990234375 1440
24123.673828125 2337
24152.041015625 2531
24172.625 18
24276.92578125 29
24286.767578125 31
24299.197265625 104
24300.099609375 274
24343.80078125 321
24529.79296875 370
24671.595703125 375
24703.611328125 562
24772.4765625 914
24801.416015625 944
24831.1875 1672
24933.201171875 1684
25002.9765625 1825
25042.236328125 1846
25274.759765625 1960
25321.279296875 1976
25353.390625 2006
25441.392578125 2319
25579.7578125 2405
25590.5390625 2550
25621.3828125 2606
25855.1953125 2768
25932.982421875 1081
25992.66796875 1780
26239.18359375 16
26614.048828125 28
26803.259765625 125
26925.30078125 212
26945.974609375 265
27062.365234375 295
27734.25 360
27812.89453125 364
27953.904296875 937
28114.73046875 1077
28630.154296875 1101
28674.216796875 1241
28869.009765625 1243
28919.3828125 1307
29119.107421875 1343
29308.19140625 1404
29558.65625 1418
29582.298828125 1585
29882.125 1719
30406.021484375 1822
30662.35546875 2009
31129.853515625 2164
31248.015625 2214
31330.478515625 2250
32742.46484375 2263
32845.4765625 2342
33204.0546875 2359
33907.7421875 2547
