3556.777099609375 2152
3899.152587890625 762
4195.4638671875 2757
4432.67626953125 37
4446.6875 1624
4451.9609375 1271
4482.912109375 2370
4579.134765625 2895
4584.44921875 2411
4727.5 67
4788.66796875 150
4839.861328125 171
4845.1279296875 195
4851.41064453125 363
5008.484375 522
5031.64208984375 657
5066.3076171875 701
5442.78759765625 760
5472.59619140625 811
5477.0166015625 874
5515.8173828125 875
5731.0859375 1002
5817.94677734375 1007
5818.8564453125 1023
5864.76611328125 1356
5978.11865234375 1378
5992.15625 1489
6113.9892578125 1629
6171.09228515625 2721
6218.1875 1446
6219.39306640625 87
6239.34326171875 251
6302.89111328125 527
6305.18310546875 529
6347.943359375 625
6396.3642578125 641
6428.23681640625 693
6444.666015625 873
6523.279296875 881
6654.9873046875 928
6711.900390625 1133
6833.98681640625 1283
6835.12841796875 1318
6837.61767578125 1346
6846.98583984375 1417
6856.37744140625 1720
6870.51513671875 1987
6903.85009765625 2226
6916.68505859375 2296
7009.61572265625 2515
7048.16162109375 2572
7077.365234375 2669
7218.9541015625 2728
7265.0654296875 2734
7288.6005859375 2746
7447.4912109375 2852
7454.43896484375 2866
7506.9609375 2915
7517.9716796875 2949
7534.63916015625 377
7579.1748046875 2281
7734.404296875 160
7825.990234375 1
7830.306640625 425
7835.0830078125 446
7856.2978515625 800
7857.658203125 918
7857.658203125 953
7869.23046875 985
7904.361328125 986
7926.6826171875 1008
7929.05419921875 1043
7951.8720703125 1270
8020.494140625 1317
8028.52001953125 1435
8122.74267578125 1548
8129.859375 1606
8171.5546875 1661
8189.06591796875 1712
8189.8388671875 2010
8198.580078125 2088
8287.47265625 2365
8299.8095703125 2410
8316.521484375 2414
8323.3798828125 2482
8433.125 2560
8434.130859375 2781
8461.7919921875 2820
8469.2861328125 997
8509.8896484375 1781
8532.3974609375 81
8537.37109375 229
8538.65234375 440
8590.560546875 548
8611.8935546875 611
8688.166015625 826
8701.314453125 834
8701.763671875 848
8704.22265625 871
8725.16015625 893
8766.4873046875 1231
8819.8134765625 1256
8835.7900390625 1315
8867.529296875 1458
8888.263671875 1550
8891.0830078125 1671
8901.6103515625 1711
8915.3466796875 1815
8960.8447265625 1893
9005.9306640625 2312
9012.865234375 2324
9088.5751953125 2385
9101.4267578125 2447
9102.21875 2562
9130.6923828125 2610
9158.3701171875 2622
9160.02734375 2853
9165.88671875 2924
9285.4560546875 2927
9287.228515625 2239
9333.5791015625 1362
9346.9228515625 1926
9361.9892578125 2997
9400.4453125 254
9412.5712890625 388
9424.552734375 465
9464.453125 498
9475.736328125 520
9521.1484375 962
9582.8251953125 981
9590.904296875 1156
9625.427734375 1652
9657.64453125 2205
9688.00390625 2339
9743.4501953125 2417
9752.76953125 2494
9798.751953125 2687
9832.26171875 1122
9832.26171875 1670
9868.8955078125 264
9872.451171875 2173
9878.69140625 1646
9882.072265625 2396
9884.50390625 49
9884.83984375 189
9890.3740234375 261
9896.607421875 263
9899.0048828125 430
9905.955078125 831
9915.5185546875 899
9939.5859375 1123
9946.921875 1169
9949.4267578125 1350
9949.7822265625 1405
9952.7705078125 1512
9956.6962890625 1750
9993.9912109375 1769
9995.728515625 1908
9995.783203125 1966
10021.767578125 1982
10039.005859375 1993
10042.498046875 2094
10046.7880859375 2126
10071.3994140625 2141
10077.8486328125 2171
10099.1884765625 2174
10126.0810546875 2177
10153.8056640625 2237
10165.373046875 2367
10168.0234375 2536
10168.6142578125 2542
10212.0126953125 2582
10213.8212890625 2675
10214.4365234375 2703
10257.439453125 1873
10260.4052734375 2107
10264.9111328125 1281
10265.095703125 455
10267.025390625 470
10284.2783203125 902
10341.1279296875 926
10344.7763671875 967
10350.4365234375 1104
10351.4423828125 1225
10371.91796875 1286
10376.93359375 1506
10389.7119140625 1516
10394.1044921875 1599
10401.10546875 1779
10412.65625 1848
10417.7880859375 1867
10418.328125 1883
10485.939453125 2063
10487.884765625 2210
10502.716796875 2246
10532.1591796875 2285
10541.6572265625 2361
10571.302734375 2686
10579.8662109375 2700
10579.8662109375 88
10592.978515625 586
10639.7802734375 136
10662.0302734375 1471
10663.6025390625 226
10692.13671875 296
10727.5849609375 1197
10731.658203125 1666
10735.9072265625 2511
10738.2021484375 101
10749.767578125 215
10757.876953125 549
10774.4609375 550
10797.498046875 573
10808.7255859375 1136
10813.1181640625 1199
10843.30859375 1530
10852.9296875 1581
10866.830078125 1640
10869.7041015625 1688
10883.861328125 1968
10886.6435546875 2526
10897.7978515625 2571
10905.30078125 2983
10923.150390625 1787
10931.2392578125 602
10956.1533203125 1146
10959.7333984375 253
10962.4189453125 342
10978.7578125 843
10989.009765625 1233
10998.69140625 1335
11003.720703125 1394
11063.7568359375 1737
11081.39453125 1784
11101.6953125 1950
11106.7626953125 2025
11111.1005859375 2473
11119.435546875 2518
11121.611328125 999
11121.814453125 1056
11136.1533203125 1900
11142.1796875 1304
11144.2890625 1326
11149.513671875 2967
11174.2041015625 1329
11174.931640625 50
11209.7060546875 318
11215.791015625 389
11232.7099609375 478
11245.8427734375 491
11256.130859375 580
11258.0673828125 599
11269.4169921875 890
11283.443359375 896
11290.82421875 909
11296.384765625 919
11312.361328125 995
11332.8310546875 1273
11333.431640625 1342
11363.30859375 1430
11372.8974609375 1495
11373.53515625 1568
11374.09765625 1583
11389.1455078125 1764
11412.4638671875 1774
11414.796875 2065
11421.3642578125 2117
11426.767578125 2181
11442.5185546875 2268
11457.0419921875 2465
11458.6474609375 2664
11461.048828125 2760
11462.8447265625 2764
11482.8857421875 2938
11488.8427734375 2943
11508.4921875 1860
11515.1044921875 2880
11515.4755859375 1333
11536.6318359375 2631
11537.271484375 146
11539.1796875 1538
11540.5927734375 21
11552.876953125 34
11558.3759765625 200
11562.6455078125 288
11571.4599609375 336
11573.58984375 385
11611.74609375 517
11623.0830078125 546
11640.314453125 609
11643.4541015625 614
11657.4208984375 683
11659.912109375 686
11661.7001953125 769
11663.123046875 1097
11725.677734375 1221
11776.1044921875 1322
11780.2744140625 1359
11795.75 1376
11820.923828125 1686
11827.345703125 1854
11831.0078125 2513
11845.64453125 2553
11859.1962890625 2650
11875.75 2672
11898.05859375 2911
11908.322265625 78
11934.8125 2713
11954.2744140625 2800
11980.0576171875 2651
11984.64453125 2970
11986.2578125 1045
11994.7060546875 1068
12001.8134765625 2078
12027.134765625 884
12042.0458984375 886
12043.1748046875 1028
12048.6845703125 1845
12071.03515625 1932
12083.37890625 2489
12099.634765625 90
12104.44921875 153
12108.8056640625 240
12110.0693359375 256
12141.142578125 531
12141.142578125 644
12151.470703125 706
12158.435546875 775
12158.818359375 1163
12164.22265625 1483
12167.5078125 2114
12187.150390625 2379
12202.9599609375 2424
12227.1318359375 2433
12259.2021484375 2435
12263.95703125 2442
12280.99609375 2683
12293.7216796875 2811
12303.9794921875 2176
12303.9931640625 169
12304.3642578125 2207
12325.21875 1144
12338.2666015625 2180
12341.576171875 73
12359.6162109375 663
12367.263671875 677
12392.1494140625 756
12394.6923828125 925
12403.9736328125 927
12435.65234375 946
12440.708984375 996
12456.0234375 1141
12480.23046875 1202
12491.8564453125 1251
12534.337890625 1457
12575.44140625 1502
12577.060546875 1591
12587.828125 1733
12596.4951171875 1735
12616.2783203125 1919
12617.9462890625 1933
12640.55859375 1955
12657.7353515625 2002
12682.771484375 2335
12689.025390625 2341
12716.5205078125 2565
12727.4990234375 2695
12745.35546875 2763
12777.568359375 2840
12795.197265625 2422
12803.310546875 1020
12805.423828125 640
12828.6103515625 59
12837.7294921875 177
12847.8984375 191
12853.4853515625 575
12856.025390625 687
12872.140625 934
12909.392578125 1119
12942.1923828125 1529
12955.59375 1697
12958.5615234375 1810
12971.8271484375 1831
12980.5205078125 2354
13001.2265625 2528
13015.8505859375 2679
13021.4091796875 2712
13026.5166015625 2747
13031.822265625 2809
13032.2705078125 2821
13042.107421875 2842
13044.59765625 2860
13069.4658203125 2906
13105.9970703125 2994
13119.99609375 186
13124.5009765625 223
13140.79296875 1594
13142.958984375 410
13158.40625 631
13166.20703125 132
13176.306640625 2576
13187.9033203125 1282
13201.693359375 488
13208.5263671875 869
13210.6259765625 2059
13211.5361328125 787
13246.6513671875 904
13271.4736328125 137
13275.6318359375 275
13275.8349609375 328
13276.3486328125 333
13291.794921875 392
13303.919921875 407
13306.6796875 489
13322.443359375 680
13326.099609375 1022
13331.9287109375 1290
13342.1298828125 1358
13359.939453125 1607
13362.19921875 1653
13368.3935546875 2024
13400.5 2184
13420.1650390625 2221
13421.693359375 2394
13428.982421875 2427
13429.2333984375 2517
13452.271484375 2655
13487.0419921875 2704
13491.59375 2900
13499.28125 2946
13513.4638671875 459
13531.98828125 1408
13536.671875 1339
13578.2431640625 22
13584.654296875 45
13596.1357421875 300
13617.1337890625 812
13624.6240234375 922
13629.798828125 947
13629.8193359375 975
13629.9619140625 1001
13634.46484375 1095
13636.466796875 1275
13648.2978515625 1664
13653.5 1708
13660.0966796875 1763
13661.4228515625 1766
13671.302734375 1889
13684.44921875 2077
13693.06640625 2082
13707.51953125 2131
13715.0986328125 2315
13725.3681640625 2317
13739.515625 2409
13740.2890625 2608
13759.1474609375 2616
13762.482421875 2649
13766.6767578125 2819
13769.81640625 2862
13787.490234375 1164
13811.0009765625 2213
13817.6416015625 1050
13819.490234375 979
13832.2666015625 1562
13833.634765625 1597
13834.7744140625 2334
13846.1982421875 587
13857.7109375 630
13898.640625 777
13920.8251953125 1012
13928.4140625 1064
13929.376953125 1082
13934.298828125 1462
13935.4375 1501
13946.1904296875 1654
13949.6923828125 1800
13952.12109375 2656
13955.734375 2884
13971.486328125 1416
13997.0244140625 1575
14009.6396484375 2889
14018.185546875 445
14019.705078125 30
14020.5009765625 2484
14035.9560546875 38
14041.896484375 40
14050.1572265625 76
14065.068359375 77
14076.306640625 108
14085.35546875 164
14097.9765625 211
14117.08984375 225
14117.361328125 376
14122.0078125 437
14125.5556640625 510
14131.8994140625 646
14134.4052734375 671
14147.140625 738
14151.771484375 770
14151.90625 1434
14160.884765625 1610
14161.412109375 1662
14177.2333984375 1709
14197.2861328125 1998
14199.7001953125 2166
14207.916015625 2220
14246.1025390625 2238
14290.1005859375 2255
14314.6689453125 2345
14337.5908203125 2510
14390.6201171875 2581
14402.697265625 2607
14421.015625 2807
14426.69140625 1015
14453.38671875 1984
14455.1982421875 1258
14488.7080078125 2555
14492.599609375 1147
14505.7744140625 865
14534.2783203125 939
14535.3369140625 1497
14567.4921875 2630
14577.244140625 2752
14578.6796875 457
14597.958984375 309
14623.0126953125 316
14630.41796875 483
14653.1865234375 484
14658.52734375 633
14679.7216796875 1026
14680.12890625 1036
14705.400390625 1176
14714.5673828125 1423
14715.748046875 1485
14757.4052734375 1590
14768.30859375 1702
14780.697265625 1759
14791.830078125 1818
14803.3525390625 1958
14806.716796875 1963
14810.28125 1977
14860.6484375 2053
14867.89453125 2056
14873.2958984375 2125
14914.875 2304
14958.7626953125 2356
14966.740234375 2477
14971.4443359375 2533
15009.193359375 2732
15050.427734375 2948
15095.2509765625 1601
15098.7138671875 2256
15109.6728515625 2104
15112.513671875 284
15132.9453125 182
15135.5615234375 916
15162.16796875 1667
15191.0625 1852
15193.2470703125 727
15204.609375 2036
15214.4267578125 2772
15219.79296875 130
15254.5703125 219
15258.5068359375 394
15260.00390625 405
15263.123046875 634
15275.75 856
15297.0810546875 983
15300.6484375 1117
15306.455078125 1386
15322.703125 1791
15365.671875 1991
15367.80078125 2060
15377.2119140625 2215
15386.6044921875 2314
15388.5634765625 2440
15455.1455078125 2467
15458.4453125 2618
15500.884765625 2648
15507.34375 2694
15513.021484375 1772
15514.392578125 818
15520.732421875 2907
15552.583984375 660
15603.1513671875 1168
15609.6923828125 1145
15635.146484375 1476
15637.0185546875 1618
15669.9228515625 655
15669.9462890625 1592
15683.4169921875 2120
15685.6484375 2557
15716.6396484375 112
15758.353515625 350
15761.0322265625 356
15795.9501953125 448
15827.62890625 1500
15841.9658203125 1526
15853.94140625 1587
15859.6943359375 1881
15860.0791015625 1943
15873.845703125 1962
15909.203125 1995
15921.345703125 2075
15936.142578125 2118
15943.474609375 2309
15981.3583984375 2418
15990.8662109375 2516
16028.3798828125 2588
16108.1826171875 2605
16113.26171875 2623
16123.36328125 2937
16146.28515625 1005
16162.6904296875 110
16178.1806640625 2360
16209.1376953125 121
16246.9990234375 1046
16254.064453125 298
16287.8056640625 372
16288.42578125 492
16289.2451171875 752
16313.0546875 838
16317.0498046875 903
16343.724609375 1034
16385.25 1128
16388.537109375 1187
16412.09765625 1437
16422.466796875 1488
16426.900390625 1534
16434.71875 1657
16470.21875 1678
16479.880859375 1824
16505.19140625 1826
16513.111328125 1941
16524.96484375 1997
16525.0234375 2318
16526.875 2327
16529.474609375 2362
16560.986328125 2404
16578.146484375 2453
16591.1640625 2458
16619.98828125 2496
16653.478515625 2696
16687.791015625 2722
16731.322265625 2796
16733.029296875 2584
16802.79296875 2872
16826.189453125 2589
16851.375 2135
16872.44921875 1802
16885.966796875 1853
16888.71484375 1892
16892.8125 1580
16896.6875 25
16898.27734375 72
16898.333984375 343
16899.095703125 710
16954.23046875 755
17064.81640625 885
17065.7109375 1683
17073.03515625 1776
17073.4765625 1972
17103.75 2047
17188.2421875 2138
17209.126953125 2185
17249.37109375 2344
17252.845703125 2545
17270.0546875 2573
17370.20703125 2855
17382.427734375 2159
17398.78515625 1067
17420.05859375 371
17517.1015625 243
17530.58984375 1301
17542.630859375 311
17553.576171875 426
17555.953125 648
17567.7421875 720
17575.08984375 792
17596.431640625 940
17709.982421875 1006
17713.44140625 1032
17752.44921875 1160
17785.904296875 1189
17836.20703125 2183
17847.88671875 2190
17867.908203125 2301
17881.0078125 1459
17908.0078125 1649
17912.806640625 353
17972.1328125 2706
17973.5625 1511
17980.52734375 1778
17982.658203125 329
17994.62890625 731
17996.06640625 1400
18025.888671875 2070
18069.234375 1480
18092.57421875 1714
18101.646484375 249
18122.189453125 94
18123.681640625 2823
18124.994140625 471
18132.421875 473
18138.0546875 747
18177.875 915
18213.03125 921
18233.185546875 993
18270.365234375 1072
18328.6328125 1415
18343.669921875 1541
18345.158203125 1746
18351.060546875 1949
18414.994140625 2079
18424.232421875 2219
18438.796875 2258
18477.013671875 2413
18537.3125 2628
18543.40234375 2828
18624.359375 2903
18642.513671875 2996
18651.76171875 204
18724.845703125 1247
18730.2109375 1410
18749.42578125 1888
18753.931640625 1214
18825.4140625 1658
18828.876953125 2587
18853.390625 380
19037.98046875 688
19082.931640625 1761
19190.79296875 66
19211.34765625 127
19248.439453125 179
19308.984375 855
19345.71484375 1198
19371.51953125 1250
19396.806640625 1507
19447.02734375 1558
19456.91796875 2007
19484.248046875 2092
19488.55078125 2231
19586.169921875 2384
19634.287109375 2457
19657.560546875 2544
19705.703125 2717
19770.091796875 2774
19802.654296875 2794
19811.744140625 2909
19966.671875 972
19990.658203125 1138
20046.38671875 1442
20064.27734375 1137
20104.27734375 102
20274.505859375 667
20274.505859375 1935
20375.001953125 2352
20422.45703125 2887
20423.580078125 427
20444.796875 1533
20523.9609375 170
20526.744140625 262
20556.404296875 306
20587.5390625 596
20599.427734375 805
20614.166015625 849
20630.681640625 850
20646.98828125 965
20666.52734375 976
20673.05078125 1058
20711.4375 1403
20716.58203125 1645
20731.01953125 1999
20734.98828125 2292
20841.06640625 2392
20861.4375 2403
21003.609375 2497
21007.865234375 2524
21036.603515625 2601
21050.822265625 2652
21110.197265625 2657
21141.666015625 2761
21156.533203125 2839
21171.4921875 2939
21228.546875 2984
21247.05859375 1027
21278.029296875 622
21283.681640625 417
21286.98828125 450
21314.5546875 690
21333.080078125 969
21356.978515625 982
21462.21484375 1040
21494.1796875 1078
21507.728515625 1083
21636.10546875 1382
21683.1015625 1391
21694.85546875 1486
21717.85546875 1503
21759.845703125 1547
21797.1171875 1561
21842.5859375 1965
21867.892578125 2026
21872.724609375 2066
21919.740234375 2182
21936.5390625 2245
21977.673828125 2460
21988.2421875 2466
22002.82421875 2540
22079.423828125 2593
22095.2109375 2632
22164.052734375 2753
22190.00390625 2759
22233.080078125 2793
22237.4921875 2925
22248.556640625 2032
22305.40625 2259
22365.888671875 771
22447.45703125 1543
22451.212890625 2241
22514.27734375 1964
22538.857421875 1625
22560.861328125 2693
22576.7421875 222
22718.755859375 258
22740.962890625 281
22890.1953125 506
22964.13671875 582
22980.720703125 724
22987.68359375 879
23014.310546875 1003
23033.31640625 1171
23094.47265625 1182
23137.015625 1588
23246.033203125 1685
23344.75 1758
23401.94140625 2300
23569.78515625 2310
23646.884765625 2705
23660.771484375 2845
23701.84765625 2916
23721.623046875 1811
23797.521484375 2701
23935.23046875 421
24218.2421875 1440
24314.8203125 2337
24517.75 2531
24518.271484375 18
24707.693359375 29
24777.68359375 31
24809.580078125 104
24829.197265625 274
24859.935546875 321
24893.48046875 370
25039.96875 375
25096.3671875 562
25167.783203125 914
25167.783203125 944
25186.79296875 1672
25200.525390625 1684
25243.67578125 1825
25316.33984375 1846
25326.677734375 1960
25351.109375 1976
25524.6171875 2006
25585.9765625 2319
25837.18359375 2405
25846.748046875 2550
25853.291015625 2606
25984.982421875 2768
26051.24609375 1081
26149.43359375 1780
26156.083984375 16
26208.779296875 28
26259.052734375 125
26394.771484375 212
26504.5390625 265
26531.1015625 295
26571.708984375 360
26599.994140625 364
26671.890625 937
26679.791015625 1077
26693.291015625 1101
26917.56640625 1241
27036.63671875 1243
27183.759765625 1307
27551.6796875 1343
27636.55078125 1404
27681.859375 1418
27727.748046875 1585
28026.23046875 1719
28250.185546875 1822
28283.359375 2009
28518.5234375 2164
28798.658203125 2214
30410.791015625 2250
30455.7265625 2263
30501.603515625 2342
31272.125 2359
33432.99609375 2547
