3487.033203125 1147
3520.3349609375 865
3682.7060546875 939
3686.76025390625 1497
3750.830322265625 2630
3828.974853515625 2752
3952.229248046875 457
4019.91455078125 309
4046.981689453125 316
4113.00048828125 483
4217.01220703125 484
4319.38525390625 633
4395.20849609375 1026
4395.62109375 1036
4449.9384765625 1176
4451.392578125 1423
4473.54541015625 1485
4480.97216796875 1590
4536.17529296875 1702
4548.56640625 1759
4650.1796875 1818
4758.7080078125 1958
4820.6484375 1963
4835.41796875 1977
4842.30859375 2053
4939.6650390625 2056
5084.63916015625 2125
5126.59033203125 2304
5214.3720703125 2356
5315.97265625 2477
5345.859375 2533
5347.49072265625 2732
5351.0625 2948
5364.25732421875 1601
5473.0361328125 2256
5544.4697265625 2104
5589.9638671875 284
5653.806640625 1446
5720.21435546875 87
5833.595703125 251
5843.115234375 527
5932.7021484375 529
5946.89697265625 625
6044.7119140625 641
6054.353515625 693
6081.7451171875 873
6155.8759765625 881
6209.88818359375 928
6219.919921875 1133
6238.517578125 1283
6258.59619140625 1318
6259.07763671875 1346
6267.6533203125 1417
6268.19677734375 1720
6299.28173828125 1987
6494.685546875 2226
6524.3779296875 2296
6535.19921875 2515
6680.20947265625 2572
6709.935546875 2669
6710.68017578125 2728
6716.7265625 2734
6748.51953125 2746
6824.9833984375 2852
6916.341796875 2866
6961.30078125 2915
7021.927734375 2949
7039.7646484375 377
7043.263671875 2281
7054.51953125 160
7118.390625 1
7202.4814453125 425
7241.9111328125 446
7276.69921875 800
7338.130859375 918
7360.3837890625 953
7390.3203125 985
7426.06689453125 986
7442.35498046875 1008
7458.931640625 1043
7525.28515625 1270
7585.1796875 1317
7690.0234375 1435
7726.29736328125 1548
7781.41650390625 1606
7791.76953125 1661
7856.248046875 1712
7856.248046875 2010
7856.798828125 2088
7877.69140625 2365
7908.3291015625 2410
7966.34033203125 2414
7995.27490234375 2482
8000.4697265625 2560
8066.15234375 2781
8067.328125 2820
8087.3134765625 997
8107.20751953125 1781
8138.890625 81
8154.673828125 229
8181.1083984375 440
8202.2216796875 548
8217.7255859375 611
8221.275390625 826
8223.42578125 834
8227.6865234375 848
8298.388671875 871
8314.16015625 893
8324.3056640625 1231
8330.140625 1256
8360.5 1315
8361.197265625 1458
8364.91796875 1550
8366.4716796875 1671
8377.189453125 1711
8400.7080078125 1815
8451.3388671875 1893
8455.779296875 2312
8470.0390625 2324
8495.8671875 2385
8511.076171875 2447
8537.5673828125 2562
8543.89453125 2610
8572.4248046875 2622
8596.681640625 2853
8597.154296875 2924
8633.021484375 2927
8661.474609375 2239
8675.033203125 1362
8713.81640625 1926
8727.880859375 2997
8759.0712890625 254
8816.7783203125 388
8833.7578125 465
8850.93359375 498
8863.802734375 520
8890.9736328125 962
8906.49609375 981
8907.6259765625 1156
8931.34375 1652
8936.37890625 2205
8944.140625 2339
9027.8232421875 2417
9027.8232421875 2494
9061.8193359375 2687
9091.8291015625 1122
9152.38671875 1670
9175.51953125 264
9184.1162109375 2173
9235.294921875 1646
9238.78125 2396
9282.142578125 49
9320.8447265625 189
9325.8828125 261
9343.4140625 263
9353.2392578125 430
9388.876953125 831
9397.919921875 899
9427.310546875 1123
9468.458984375 1169
9479.6875 1350
9489.1904296875 1405
9518.826171875 1512
9566.79296875 1750
9568.00390625 1769
9602.1328125 1908
9609.599609375 1966
9658.9287109375 1982
9703.224609375 1993
9707.837890625 2094
9763.0126953125 2126
9772.86328125 2141
9773.5771484375 2171
9778.9033203125 2174
9787.2265625 2177
9799.486328125 2237
9802.4150390625 2367
9862.2490234375 2536
9874.0390625 2542
9907.46484375 2582
9931.0869140625 2675
9994.509765625 2703
10051.3017578125 1873
10065.7763671875 2107
10067.7646484375 1281
10100.1953125 455
10145.703125 470
10165.0791015625 902
10181.8955078125 926
10193.69921875 967
10205.744140625 1104
10205.791015625 1225
10244.572265625 1286
10251.7197265625 1506
10319.9521484375 1516
10326.7578125 1599
10337.0322265625 1779
10346.5625 1848
10426.87109375 1867
10431.5302734375 1883
10436.2236328125 2063
10437.666015625 2210
10442.8642578125 2246
10514.7138671875 2285
10560.0322265625 2361
10564.28125 2686
10565.23828125 2700
10577.68359375 88
10579.4033203125 586
10642.166015625 136
10674.6796875 1471
10686.466796875 226
10699.6162109375 296
10710.2392578125 1197
10730.939453125 1666
10744.01171875 2511
10785.029296875 101
10846.5302734375 215
10897.236328125 549
10964.1484375 550
10995.53515625 573
11000.537109375 1136
11004.8681640625 1199
11019.53515625 1530
11031.970703125 1581
11036.615234375 1640
11060.716796875 1688
11091.2626953125 1968
11107.3349609375 2526
11108.3818359375 2571
11155.712890625 2983
11169.681640625 1787
11171.248046875 602
11205.900390625 1146
11211.365234375 253
11216.65234375 342
11234.8916015625 843
11237.734375 1233
11287.88671875 1335
11309.2900390625 1394
11331.1025390625 1737
11342.3056640625 1784
11347.16015625 1950
11352.6591796875 2025
11354.4326171875 2473
11374.5869140625 2518
11378.619140625 999
11393.1259765625 1056
11433.837890625 1900
11436.6796875 1304
11439.396484375 1326
11441.5400390625 2967
11449.0166015625 1329
11468.1591796875 50
11504.70703125 318
11505.0390625 389
11548.3095703125 478
11559.1552734375 491
11561.26171875 580
11563.3203125 599
11574.296875 890
11580.5625 896
11594.705078125 909
11605.9775390625 919
11622.4267578125 995
11625.818359375 1273
11627.453125 1342
11663.646484375 1430
11681.7978515625 1495
11719.2822265625 1568
11771.1884765625 1583
11778.26171875 1764
11790.373046875 1774
11797.806640625 2065
11805.6572265625 2117
11807.3623046875 2181
11814.990234375 2268
11818.0498046875 2465
11820.7724609375 2664
11824.708984375 2760
11826.3642578125 2764
11839.2080078125 2938
11853.82421875 2943
11854.35546875 1860
11863.474609375 2880
11882.4228515625 1333
11884.064453125 2631
11906.0732421875 146
11946.384765625 1538
11950.890625 21
11951.041015625 34
11952.40234375 200
11965.5947265625 288
11968.77734375 336
11978.876953125 385
11998.494140625 517
12004.4169921875 546
12011.533203125 609
12033.2587890625 614
12039.7666015625 683
12076.984375 686
12101.30859375 769
12122.7412109375 1097
12124.38671875 1221
12124.7939453125 1322
12137.7197265625 1359
12158.9912109375 1376
12209.9052734375 1686
12217.607421875 1854
12235.8046875 2513
12244.4609375 2553
12273.318359375 2650
12281.19921875 2672
12285.0517578125 2911
12291.7353515625 78
12298.43359375 2713
12301.5791015625 2800
12323.2626953125 2651
12336.896484375 2970
12344.869140625 1045
12362.384765625 1068
12438.9833984375 2078
12443.201171875 884
12450.75 886
12477.685546875 1028
12478.1103515625 1845
12507.16015625 1932
12516.9443359375 2489
12583.3388671875 90
12586.091796875 153
12598.0732421875 240
12613.8349609375 256
12614.0234375 531
12620.7158203125 644
12626.359375 706
12654.28515625 775
12664.361328125 1163
12670.1123046875 1483
12674.73046875 2114
12683.0234375 2379
12692.9814453125 2424
12736.1279296875 2433
12756.052734375 2435
12867.56640625 2442
12870.9814453125 2683
12871.0771484375 2811
12881.9833984375 2176
12913.318359375 169
12924.6015625 2207
12936.765625 1144
12940.63671875 2180
12954.3271484375 73
12961.841796875 663
12963.2294921875 677
12995.0693359375 756
12999.400390625 925
13014.7041015625 927
13029.54296875 946
13091.58203125 996
13091.84375 1141
13091.8564453125 1202
13102.98828125 1251
13131.9453125 1457
13144.0830078125 1502
13165.1728515625 1591
13173.806640625 1733
13179.703125 1735
13184.076171875 1919
13195.443359375 1933
13234.232421875 1955
13264.765625 2002
13264.8544921875 2335
13267.732421875 2341
13293.5185546875 2565
13323.37109375 2695
13351.580078125 2763
13380.671875 2840
13388.810546875 2422
13410.3505859375 1020
13429.4228515625 640
13440.689453125 59
13462.1435546875 177
13473.947265625 191
13483.2685546875 575
13494.3291015625 687
13494.8798828125 934
13506.8876953125 1119
13509.353515625 1529
13511.66015625 1697
13533.072265625 1810
13546.5810546875 1831
13566.4736328125 2354
13611.83203125 2528
13619.8369140625 2679
13687.271484375 2712
13743.5673828125 2747
13749.302734375 2809
13752.767578125 2821
13753.6748046875 2842
13756.2021484375 2860
13758.591796875 2906
13760.3203125 2994
13805.517578125 186
13820.3671875 223
13829.41796875 1594
13854.0634765625 410
13875.08203125 631
13885.2138671875 132
13894.9677734375 2576
13915.4716796875 1282
13923.5869140625 488
13929.5576171875 869
13942.4912109375 2059
13964.974609375 787
13977.3408203125 904
13982.162109375 137
13985.5517578125 275
14008.708984375 328
14012.73046875 333
14018.90625 392
14026.390625 407
14031.994140625 489
14038.5791015625 680
14046.4892578125 1022
14061.6171875 1290
14069.765625 1358
14083.2275390625 1607
14090.15625 1653
14140.380859375 2024
14142.8125 2184
14148.232421875 2221
14160.142578125 2394
14163.830078125 2427
14164.8515625 2517
14226.380859375 2655
14235.71875 2704
14244.9375 2900
14261.6484375 2946
14291.0771484375 459
14292.072265625 1408
14292.9580078125 1339
14294.11328125 22
14304.8115234375 45
14318.3271484375 300
14349.11328125 812
14372.58203125 922
14376.7978515625 947
14386.2900390625 975
14396.619140625 1001
14402.697265625 1095
14406.806640625 1275
14413.0029296875 1664
14433.1279296875 1708
14454.1513671875 1763
14460.283203125 1766
14470.423828125 1889
14479.9091796875 2077
14505.478515625 2082
14509.9736328125 2131
14524.703125 2315
14525.62109375 2317
14528.609375 2409
14539.99609375 2608
14546.5576171875 2616
14549.00390625 2649
14551.12890625 2819
14564.009765625 2862
14575.830078125 1164
14577.431640625 2213
14579.697265625 1050
14581.837890625 979
14585.232421875 1562
14669.970703125 1597
14700.49609375 2334
14728.595703125 587
14740.4140625 630
14741.125 777
14745.3271484375 1012
14747.3837890625 1064
14780.7431640625 1082
14805.9716796875 1462
14824.875 1501
14826.33984375 1654
14887.51953125 1800
14907.396484375 2656
14908.9599609375 2884
14935.380859375 1416
14955.2763671875 1575
14969.09765625 2889
14983.0439453125 445
14990.533203125 30
14999.37890625 2484
15008.685546875 38
15013.4306640625 40
15014.150390625 76
15022.4765625 77
15080.51171875 108
15081.30078125 164
15089.330078125 211
15089.58984375 225
15112.943359375 376
15113.9609375 437
15133.115234375 510
15148.001953125 646
15148.001953125 671
15154.7998046875 738
15158.5615234375 770
15160.6767578125 1434
15162.06640625 1610
15163.5927734375 1662
15168.984375 1709
15175.2265625 1998
15199.64453125 2166
15209.0908203125 2220
15217.0302734375 2238
15220.68359375 2255
15270.982421875 2345
15287.908203125 2510
15290.94140625 2581
15330.7158203125 2607
15334.572265625 2807
15335.96875 1015
15373.5634765625 1984
15375.65625 1258
15399.322265625 2555
15407.533203125 182
15410.8623046875 916
15431.0556640625 1667
15440.279296875 1852
15442.7421875 727
15447.4287109375 2036
15449.4013671875 2772
15462.0263671875 130
15480.25 219
15487.94140625 394
15488.6640625 405
15516.9462890625 634
15521.2978515625 856
15524.9208984375 983
15527.5078125 1117
15539.6533203125 1386
15561.4091796875 1791
15566.7548828125 1991
15572.12109375 2060
15601.9560546875 2215
15608.46875 2314
15617.3955078125 2440
15618.01171875 2467
15629.017578125 2618
15629.1181640625 2648
15643.9921875 2694
15659.8310546875 1772
15664.3623046875 818
15664.65625 2907
15673.029296875 660
15682.189453125 1168
15686.193359375 1145
15700.5166015625 1476
15702.0478515625 1618
15721.779296875 655
15722.4814453125 1592
15774.1689453125 2120
15827.7119140625 2557
15846.7392578125 112
15853.99609375 350
15882.3828125 356
15901.9853515625 448
15922.701171875 1500
15929.498046875 1526
15934.6884765625 1587
15948.353515625 1881
15951.71875 1943
15958.5673828125 1962
15966.6826171875 1995
15993.439453125 2075
15996.99609375 2118
16011.3515625 2309
16017.4423828125 2418
16049.87109375 2516
16053.1533203125 2588
16081.8828125 2605
16085.60546875 2623
16085.60546875 2937
16106.943359375 1005
16111.166015625 110
16126.0068359375 2360
16142.4765625 121
16143.638671875 1046
16147.9833984375 298
16148.8193359375 372
16150.9130859375 492
16155.474609375 752
16170.6396484375 838
16177.3837890625 903
16181.744140625 1034
16238.4287109375 1128
16249.083984375 1187
16272.859375 1437
16288.5458984375 1488
16294.365234375 1534
16294.787109375 1657
16340.5966796875 1678
16383.46875 1824
16442.86328125 1826
16470.2578125 1941
16509.048828125 1997
16535.7890625 2318
16544.482421875 2327
16565.75 2362
16565.787109375 2404
16568.2578125 2453
16576.90625 2458
16595.13671875 2496
16597.634765625 2696
16597.654296875 2722
16662.880859375 2796
16668.74609375 2584
16671.583984375 2872
16716.119140625 2589
16730.599609375 2135
16734.76953125 1802
16746.677734375 1853
16748.572265625 1892
16756.95703125 1580
16767.39453125 25
16767.849609375 72
16811.314453125 343
16827.775390625 710
16874.5234375 755
16914.8828125 885
16934.984375 1683
16941.443359375 1776
16942.701171875 1972
16950.119140625 2047
16956.919921875 2138
16963.658203125 2185
16981.99609375 2344
16982.3671875 2545
16983.123046875 2573
17003.861328125 2855
17011.11328125 2159
17017.65234375 1067
17024.623046875 371
17033.80859375 243
17039.3125 1301
17056.96484375 311
17097.732421875 426
17118.4453125 648
17132.1328125 720
17138.59765625 792
17147.712890625 940
17169.84375 1006
17178.44921875 1032
17183.576171875 1160
17195.63671875 1189
17232.2734375 2183
17246.609375 2190
17252.77734375 2301
17263.54296875 1459
17264.23828125 1649
17290.853515625 353
17373.408203125 2706
17376.51953125 1511
17377.326171875 1778
17493.13671875 329
17494.91796875 731
17525.28515625 1400
17561.611328125 2070
17588.33203125 1480
17593.236328125 1714
17624.78515625 249
17632.115234375 94
17633.375 2823
17668.294921875 471
17687.04296875 473
17702.36328125 747
17737.15234375 915
17763.078125 921
17789.986328125 993
17834.240234375 1072
17877.296875 1415
17931.52734375 1541
17937.61328125 1746
18072.900390625 1949
18073.501953125 2079
18076.98828125 2219
18099.787109375 2258
18107.35546875 2413
18236.5 2628
18241.837890625 2828
18249.376953125 2903
18255.2890625 2996
18281.0859375 204
18288.029296875 1247
18289.4296875 1410
18290.806640625 1888
18339.13671875 1214
18384.205078125 1658
18384.205078125 2587
18386.712890625 380
18390.2421875 688
18399.443359375 1761
18407.880859375 66
18439.234375 127
18446.634765625 179
18489.154296875 855
18533.376953125 1198
18555.017578125 1250
18577.78515625 1507
18577.78515625 1558
18610.341796875 2007
18637.20703125 2092
18709.150390625 2231
18721.486328125 2384
18723.017578125 2457
18724.671875 2544
18726.5703125 2717
18751.9765625 2774
18782.94140625 2794
18789.947265625 2909
18794.76953125 972
18952.4453125 1138
18968.63671875 1442
19016.109375 1137
19031.583984375 102
19046.93359375 667
19050.1484375 1935
19059.96484375 2352
19067.298828125 2887
19080.328125 427
19085.435546875 1533
19107.63671875 170
19122.0390625 262
19182.056640625 306
19212.115234375 596
19228.033203125 805
19297.62109375 849
19301.201171875 850
19344.23828125 965
19345.7734375 976
19349.146484375 1058
19367.5703125 1403
19378.03515625 1645
19386.74609375 1999
19459.185546875 2292
19472.908203125 2392
19514.447265625 2403
19547.2734375 2497
19557.22265625 2524
19604.322265625 2601
19604.34765625 2652
19611.076171875 2657
19614.376953125 2761
19634.310546875 2839
19651.9765625 2939
19685.49609375 2984
19749.9765625 1027
19812.744140625 622
19851.267578125 417
19905.0625 450
19908.525390625 690
19926.4375 969
19949.4921875 982
19980.0234375 1040
19984.51953125 1078
20189.333984375 1083
20198.24609375 1382
20220.05859375 1391
20231.53515625 1486
20236.35546875 1503
20260.783203125 1547
20361.513671875 1561
20443.19921875 1965
20447.1640625 2026
20482.099609375 2066
20488.765625 2182
20521.984375 2245
20589.404296875 2460
20658.27734375 2466
20715.3515625 2540
20734.42578125 2593
20747.640625 2632
20764.19921875 2753
20849.03125 2759
20932.3671875 2793
21007.03515625 2925
21031.654296875 2152
21087.224609375 762
21116.7578125 2757
21136.45703125 37
21150.830078125 1624
21167.427734375 1271
21173.73046875 2370
21189.734375 2895
21258.974609375 2411
21281.806640625 67
21289.25390625 150
21317.369140625 171
21475.9921875 195
21488.119140625 363
21517.423828125 522
21617.501953125 657
21677.62109375 701
21690.08984375 760
21700.80859375 811
21811.564453125 874
21838.193359375 875
21841.1015625 1002
21872.720703125 1007
21989.509765625 1023
22025.9453125 1356
22144.30859375 1378
22167.138671875 1489
22268.908203125 1629
22281.173828125 2721
22294.888671875 2032
22361.806640625 2259
22392.40234375 771
22467.302734375 1543
22478.77734375 2241
22491.21484375 1964
22493.10546875 1625
22515.66796875 2693
22544.04296875 222
22758.447265625 258
22833.271484375 281
22869.962890625 506
22973.318359375 582
23039.943359375 724
23149.876953125 879
23314.36328125 1003
23355.578125 1171
23372.275390625 1182
23383.677734375 1588
23465.654296875 1685
23469.1171875 1758
23518.490234375 2300
23519.3046875 2310
23560.123046875 2705
23620.55859375 2845
23628.2109375 2916
23630.634765625 1811
23666.84765625 2701
23737.263671875 421
23877.25 1440
23931.1875 2337
24019.373046875 2531
24071.58984375 18
24307.283203125 29
24333.17578125 31
24414.841796875 104
24565.19921875 274
24605.5078125 321
24605.5078125 370
24606.703125 375
24609.505859375 562
24610.236328125 914
24659.208984375 944
24667.5625 1672
24738.76171875 1684
24780.126953125 1825
24871.37890625 1846
24984.11328125 1960
25015.34375 1976
25126.47265625 2006
25236.873046875 2319
25311.0703125 2405
25370.6640625 2550
25428.0859375 2606
25487.51953125 2768
25688.279296875 1081
25947.69140625 1780
25999.705078125 16
26014.59765625 28
26081.634765625 125
26130.421875 212
26239.3984375 265
26672.375 295
26733.43359375 360
26802.884765625 364
26813.806640625 937
27041.86328125 1077
27163.5859375 1101
27308.9765625 1241
27396.69140625 1243
27536.369140625 1307
27627.7421875 1343
28027.353515625 1404
28081.48046875 1418
28121.017578125 1585
28587.28515625 1719
28676.548828125 1822
29143.587890625 2009
29143.97265625 2164
29788.115234375 2214
31093.2734375 2250
32704.373046875 2263
33452.875 2342
33910.0546875 2359
35891.83984375 2547
