2159.726318359375 1329
2308.09326171875 50
2399.562255859375 318
2757.27490234375 389
3036.60400390625 478
3084.6669921875 491
3312.51416015625 580
3421.72314453125 599
3451.86376953125 890
3520.83837890625 896
3572.94287109375 909
3604.38232421875 919
3615.05810546875 995
3633.325927734375 1273
3680.015625 1342
3717.2119140625 1430
3736.15478515625 1495
3773.76416015625 1568
3823.44140625 1583
3969.3662109375 1764
3976.17578125 1774
4057.87744140625 2065
4083.64453125 2117
4473.595703125 2181
4655.193359375 2268
4719.796875 2465
4760.61865234375 2664
4775.333984375 2760
4841.53466796875 2764
4873.47119140625 2938
4899.103515625 2943
5030.095703125 1860
5051.18359375 2880
5077.05126953125 1446
5123.65283203125 87
5229.146484375 251
5360.22412109375 527
5427.8017578125 529
5550.11083984375 625
5575.2978515625 641
5635.4716796875 693
5773.33447265625 873
5916.6728515625 881
5921.98291015625 928
5971.68212890625 1133
5987.248046875 1283
6281.5673828125 1318
6290.88037109375 1346
6299.42529296875 1417
6334.91455078125 1720
6578.81005859375 1987
6676.8740234375 2226
6707.9072265625 2296
6734.935546875 2515
6957.89208984375 2572
6977.7314453125 2669
7009.951171875 2728
7021.6982421875 2734
7046.4052734375 2746
7052.9462890625 2852
7128.02734375 2866
7150.6884765625 2915
7167.3251953125 2949
7195.6044921875 377
7199.2705078125 2281
7508.48388671875 160
7513.1533203125 1
7616.81494140625 425
7629.7705078125 446
7655.8232421875 800
7886.00439453125 918
7912.982421875 953
7975.0107421875 985
7991.7216796875 986
7992.28662109375 1008
7997.87939453125 1043
8017.2080078125 1270
8076.63916015625 1317
8127.08642578125 1435
8209.54296875 1548
8300.896484375 1606
8322.224609375 1661
8378.4384765625 1712
8429.470703125 2010
8431.60546875 2088
8433.2939453125 2365
8443.5634765625 2410
8467.0751953125 2414
8553.181640625 2482
8555.1015625 2560
8567.6201171875 2781
8570.1708984375 2820
8577.291015625 997
8616.8544921875 1781
8620.4150390625 81
8649.1103515625 229
8656.3095703125 440
8664.1650390625 548
8702.5966796875 611
8705.740234375 826
8711.3349609375 834
8781.298828125 848
8891.6142578125 871
8898.818359375 893
8946.76953125 1231
8977.8115234375 1256
9004.7021484375 1315
9015.9990234375 1458
9033.662109375 1550
9057.10546875 1671
9073.6181640625 1711
9077.509765625 1815
9197.35546875 1893
9287.318359375 2312
9340.376953125 2324
9358.63671875 2385
9399.40234375 2447
9416.7939453125 2562
9479.826171875 2610
9497.541015625 2622
9514.064453125 2853
9514.064453125 2924
9575.775390625 2927
9580.60546875 2239
9623.947265625 1362
9646.1064453125 1926
9646.4892578125 2997
9647.85546875 254
9676.72265625 388
9701.3935546875 465
9759.81640625 498
9818.6259765625 520
9830.3193359375 962
9862.564453125 981
9922.2548828125 1156
9932.72265625 1652
9949.37109375 2205
9957.8203125 2339
10062.3974609375 2417
10098.9501953125 2494
10109.078125 2687
10124.982421875 1122
10143.4873046875 1670
10160.11328125 264
10188.044921875 2173
10200.513671875 1646
10233.94140625 2396
10263.5234375 49
10266.3017578125 189
10279.861328125 261
10320.1123046875 263
10354.41796875 430
10355.48046875 831
10384.5673828125 899
10402.2255859375 1123
10416.0380859375 1169
10487.259765625 1350
10499.1669921875 1405
10594.9296875 1512
10610.375 1750
10644.9814453125 1769
10694.626953125 1908
10707.828125 1966
10736.8466796875 1982
10736.8466796875 1993
10748.4541015625 2094
10751.908203125 2126
10753.55078125 2141
10765.6005859375 2171
10813.3544921875 2174
10823.7490234375 2177
10855.419921875 2237
10873.1103515625 2367
10923.1015625 2536
10943.4072265625 2542
10958.001953125 2582
10993.3623046875 2675
11006.7734375 2703
11026.509765625 1873
11028.29296875 2107
11029.00390625 1281
11032.9755859375 455
11077.8994140625 470
11077.8994140625 902
11156.83984375 926
11183.880859375 967
11195.0595703125 1104
11243.5 1225
11275.57421875 1286
11284.376953125 1506
11299.8212890625 1516
11308.8740234375 1599
11314.708984375 1779
11399.6484375 1848
11407.783203125 1867
11411.083984375 1883
11471.064453125 2063
11471.30078125 2210
11479.380859375 2246
11488.265625 2285
11495.71484375 2361
11500.4296875 2686
11504.2958984375 2700
11510.5673828125 88
11542.498046875 586
11568.60546875 136
11570.4208984375 1471
11578.400390625 226
11584.615234375 296
11592.419921875 1197
11614.376953125 1666
11622.416015625 2511
11625.822265625 101
11632.5517578125 215
11644.3173828125 549
11689.2841796875 550
11710.703125 573
11716.40625 1136
11723.5634765625 1199
11736.732421875 1530
11748.4189453125 1581
11752.2255859375 1640
11795.896484375 1688
11805.314453125 1968
11827.6962890625 2526
11835.2021484375 2571
11840.8916015625 2983
11859.34765625 1787
11893.2177734375 602
11899.8740234375 1146
11902.2138671875 253
11910.48828125 342
11914.9775390625 843
11950.41015625 1233
11951.4453125 1335
11953.8642578125 1394
11974.79296875 1737
11976.0263671875 1784
11984.419921875 1950
11988.373046875 2025
11994.1298828125 2473
12014.033203125 2518
12033.95703125 999
12073.5791015625 1056
12075.154296875 1900
12079.2626953125 1304
12079.2626953125 1326
12094.73046875 2967
12116.6484375 1333
12145.7705078125 2631
12167.052734375 146
12191.5458984375 1538
12201.5849609375 21
12209.193359375 34
12210.5712890625 200
12243.08984375 288
12315.345703125 336
12331.8564453125 385
12335.2021484375 517
12347.4931640625 546
12464.021484375 609
12472.9111328125 614
12504.7158203125 683
12512.890625 686
12551.783203125 769
12562.9736328125 1097
12572.064453125 1221
12575.9130859375 1322
12577.140625 1359
12583.728515625 1376
12593.19921875 1686
12603.24609375 1854
12640.03515625 2513
12649.265625 2553
12664.279296875 2650
12675.083984375 2672
12693.5322265625 2911
12698.861328125 78
12717.8984375 2713
12775.2080078125 2800
12780.921875 2651
12852.7333984375 2970
12857.623046875 1045
12863.6123046875 1068
12872.9443359375 2078
12895.146484375 884
12898.25 886
12922.7021484375 1028
12930.3076171875 1845
12948.509765625 1932
12974.1962890625 2489
13002.7392578125 90
13003.3857421875 153
13049.595703125 240
13061.6865234375 256
13082.7666015625 531
13089.1376953125 644
13099.2197265625 706
13108.009765625 775
13121.302734375 1163
13134.919921875 1483
13157.564453125 2114
13169.4287109375 2379
13176.591796875 2424
13186.626953125 2433
13223.2431640625 2435
13225.224609375 2442
13235.546875 2683
13235.595703125 2811
13251.9423828125 2176
13268.2763671875 169
13290.900390625 2207
13309.75390625 1144
13314.9755859375 2180
13315.0185546875 73
13315.759765625 663
13332.96484375 677
13358.9951171875 756
13375.9404296875 925
13397.8251953125 927
13400.3134765625 946
13403.0234375 996
13408.8935546875 1141
13435.8642578125 1202
13451.1025390625 1251
13457.259765625 1457
13474.36328125 1502
13475.705078125 1591
13516.5126953125 1733
13529.107421875 1735
13546.6865234375 1919
13571.1923828125 1933
13627.1474609375 1955
13644.2880859375 2002
13647.8759765625 2335
13664.9482421875 2341
13679.228515625 2565
13705.345703125 2695
13708.107421875 2763
13758.74609375 2840
13771.9462890625 2422
13774.5732421875 1020
13782.3515625 640
13786.67578125 59
13792.400390625 177
13800.12109375 191
13807.9423828125 575
13808.640625 687
13809.05078125 934
13810.083984375 1119
13840.47265625 1529
13847.73046875 1697
13852.0693359375 1810
13861.6875 1831
13885.4375 2354
13890.5986328125 2528
13898.2333984375 2679
13908.845703125 2712
13914.61328125 2747
13937.8349609375 2809
13937.8623046875 2821
13944.044921875 2842
13963.4365234375 2860
13979.611328125 2906
13979.8544921875 2994
14065.8154296875 186
14077.80078125 223
14088.6396484375 1594
14128.37890625 410
14133.8486328125 631
14135.9892578125 132
14148.404296875 2576
14156.58203125 1282
14236.0654296875 488
14239.87890625 869
14261.4033203125 2059
14262.173828125 787
14269.99609375 904
14289.1552734375 137
14294.134765625 275
14304.6162109375 328
14308.375 333
14311.0478515625 392
14311.0703125 407
14311.421875 489
14352.4033203125 680
14385.001953125 1022
14387.900390625 1290
14421.40625 1358
14466.947265625 1607
14469.1005859375 1653
14471.1318359375 2024
14481.0673828125 2184
14519.861328125 2221
14527.587890625 2394
14536.8623046875 2427
14547.029296875 2517
14547.1953125 2655
14548.375 2704
14568.2314453125 2900
14584.740234375 2946
14593.2412109375 459
14602.6875 1408
14605.4013671875 1339
14613.431640625 22
14624.1015625 45
14625.361328125 300
14635.4921875 812
14648.6884765625 922
14668.27734375 947
14676.09375 975
14680.072265625 1001
14692.458984375 1095
14716.173828125 1275
14758.896484375 1664
14806.228515625 1708
14808.7431640625 1763
14813.419921875 1766
14821.806640625 1889
14831.548828125 2077
14837.1796875 2082
14842.8798828125 2131
14843.0654296875 2315
14844.0205078125 2317
14880.0029296875 2409
14885.8818359375 2608
14897.6650390625 2616
14899.5869140625 2649
14902.3515625 2819
14918.1328125 2862
14926.08984375 1164
14954.673828125 2213
14954.96484375 1050
14961.16015625 979
14967.5791015625 1562
14975.654296875 1597
15000.91796875 2334
15013.1806640625 587
15013.1806640625 630
15042.3779296875 777
15044.1171875 1012
15062.380859375 1064
15067.7109375 1082
15086.642578125 1462
15118.255859375 1501
15200.0322265625 1654
15223.638671875 1800
15244.6806640625 2656
15283.580078125 2884
15292.728515625 1416
15302.71875 1575
15316.841796875 2889
15323.1708984375 445
15338.1513671875 30
15343.80859375 2484
15354.6337890625 38
15354.6337890625 40
15365.2509765625 76
15413.7705078125 77
15453.271484375 108
15461.0615234375 164
15472.427734375 211
15516.8037109375 225
15524.712890625 376
15529.9970703125 437
15535.9580078125 510
15540.451171875 646
15550.78515625 671
15555.7890625 738
15584.9794921875 770
15598.966796875 1434
15601.974609375 1610
15602.783203125 1662
15614.81640625 1709
15654.3583984375 1998
15662.974609375 2166
15669.9990234375 2220
15708.0087890625 2238
15714.80078125 2255
15717.5703125 2345
15723.8974609375 2510
15727.509765625 2581
15730.51171875 2607
15778.8974609375 2807
15780.5791015625 1015
15781.2265625 1984
15781.8828125 1258
15801.044921875 2555
15801.724609375 1147
15810.1201171875 865
15816.2236328125 939
15829.439453125 1497
15839.93359375 2630
15845.35546875 2752
15850.96484375 457
15870.169921875 309
15886.2861328125 316
15907.8759765625 483
15912.62109375 484
15923.7685546875 633
15935.216796875 1026
15943.4287109375 1036
15945.4853515625 1176
15966.8154296875 1423
16008.2861328125 1485
16012.0400390625 1590
16025.12109375 1702
16045.1650390625 1759
16070.7548828125 1818
16076.19140625 1958
16098.625 1963
16109.3642578125 1977
16139.6240234375 2053
16157.556640625 2056
16162.63671875 2125
16177.5751953125 2304
16187.109375 2356
16211.08203125 2477
16212.6708984375 2533
16216.3564453125 2732
16227.9541015625 2948
16256.6015625 1601
16267.6396484375 2256
16269.2802734375 2104
16277.607421875 284
16282.1640625 182
16298.583984375 916
16298.779296875 1667
16319.5234375 1852
16338.20703125 727
16346.48828125 2036
16368.416015625 2772
16391.990234375 130
16405.2890625 219
16424.4453125 394
16426.716796875 405
16427.1015625 634
16428.685546875 856
16463.287109375 983
16481.921875 1117
16482.255859375 1386
16534.82421875 1791
16561.2421875 1991
16565.9296875 2060
16586.380859375 2215
16586.380859375 2314
16631.712890625 2440
16633.626953125 2467
16667.84765625 2618
16725.65625 2648
16754.15625 2694
16794.791015625 1772
16796.1171875 818
16811.71484375 2907
16814.884765625 660
16837.4921875 1168
16849.283203125 1145
16851.021484375 1476
16860.599609375 1618
16875.361328125 655
16898.244140625 1592
16899.490234375 2120
16902.52734375 2557
16907.595703125 112
16908.19921875 350
16958.568359375 356
17001.1171875 448
17015.294921875 1500
17024.744140625 1526
17029.94921875 1587
17048.21484375 1881
17050.630859375 1943
17060.4375 1962
17069.958984375 1995
17074.76171875 2075
17123.2421875 2118
17132.396484375 2309
17153.162109375 2418
17161.576171875 2516
17163.58203125 2588
17192.927734375 2605
17225.927734375 2623
17233.41015625 2937
17257.830078125 1005
17260.666015625 110
17273.984375 2360
17275.84375 121
17290.16015625 1046
17298.91015625 298
17323.689453125 372
17327.68359375 492
17339.4140625 752
17345.4921875 838
17350.005859375 903
17353.572265625 1034
17356.056640625 1128
17367.14453125 1187
17454.40234375 1437
17455.63671875 1488
17460.69140625 1534
17465.546875 1657
17465.646484375 1678
17493.8984375 1824
17502.478515625 1826
17504.171875 1941
17528.46875 1997
17563.9765625 2318
17570.326171875 2327
17570.806640625 2362
17593.138671875 2404
17593.16015625 2453
17600.65234375 2458
17601.607421875 2496
17610.1640625 2696
17618.689453125 2722
17648.142578125 2796
17648.900390625 2584
17653.0625 2872
17656.482421875 2589
17660.431640625 2135
17669.833984375 1802
17678.365234375 1853
17689.63671875 1892
17712.181640625 1580
17725.806640625 25
17736.015625 72
17744.310546875 343
17752.220703125 710
17755.8984375 755
17764.3984375 885
17796.552734375 1683
17815.912109375 1776
17828.958984375 1972
17862.205078125 2047
17883.9921875 2138
17884.474609375 2185
17903.578125 2344
17929.119140625 2545
17948.9609375 2573
18034.150390625 2855
18054.6484375 2159
18061.45703125 1067
18071.041015625 371
18115.71875 243
18139.173828125 1301
18203.66015625 311
18244.142578125 426
18251.083984375 648
18260.455078125 720
18268.716796875 792
18278.66796875 940
18300.59375 1006
18315.662109375 1032
18322.109375 1160
18327.154296875 1189
18335.908203125 2183
18346.451171875 2190
18353.08984375 2301
18357.3203125 1459
18366.359375 1649
18386.345703125 353
18396.54296875 2706
18433.984375 1511
18436.58984375 1778
18439.298828125 329
18471.3828125 731
18482.3125 1400
18484.013671875 2070
18486.041015625 1480
18487.291015625 1714
18492.248046875 249
18496.412109375 94
18501.755859375 2823
18567.01171875 471
18571.16015625 473
18579.82421875 747
18593.060546875 915
18605.609375 921
18636.16796875 993
18659.6171875 1072
18673.720703125 1415
18673.720703125 1541
18692.810546875 1746
18698.046875 1949
18726.31640625 2079
18730.51953125 2219
18749.677734375 2258
18761.322265625 2413
18775.578125 2628
18826.6328125 2828
18844.6953125 2903
18862.58984375 2996
18877.666015625 204
18878.4609375 1247
18893.275390625 1410
18914.982421875 1888
18932.3515625 1214
18977.134765625 1658
19011.6796875 2587
19045.291015625 380
19057.548828125 688
19063.67578125 1761
19066.94140625 66
19067.56640625 127
19070.283203125 179
19090.55859375 855
19121.2578125 1198
19131.7421875 1250
19164.994140625 1507
19170.54296875 1558
19181.94921875 2007
19222.60546875 2092
19224.943359375 2231
19267.693359375 2384
19285.294921875 2457
19287.837890625 2544
19311.810546875 2717
19323.57421875 2774
19337.16796875 2794
19347.81640625 2909
19348.671875 972
19359.076171875 1138
19368.3515625 1442
19392.0546875 1137
19401.521484375 102
19421.05859375 667
19423.79296875 1935
19429.623046875 2352
19431.326171875 2887
19436.736328125 427
19502.296875 1533
19517.783203125 170
19539.431640625 262
19552.16015625 306
19553.349609375 596
19593.703125 805
19600.375 849
19600.7109375 850
19623.630859375 965
19628.05078125 976
19640.73828125 1058
19640.73828125 1403
19659.693359375 1645
19684.912109375 1999
19698.46484375 2292
19712.7890625 2392
19712.919921875 2403
19723.73046875 2497
19749.6015625 2524
19755.34765625 2601
19771.134765625 2652
19795.603515625 2657
19804.25390625 2761
19872.48828125 2839
19877.125 2939
19911.435546875 2984
19977.123046875 1027
19982.564453125 622
20016.484375 417
20024.8046875 450
20047.7265625 690
20048.4765625 969
20062.04296875 982
20095.3671875 1040
20101.142578125 1078
20111.90625 1083
20126.3515625 1382
20180.623046875 1391
20214.193359375 1486
20236.837890625 1503
20283.05859375 1547
20349.76953125 1561
20372.533203125 1965
20383.27734375 2026
20416.59765625 2066
20436.05078125 2182
20446.240234375 2245
20450.353515625 2460
20463.751953125 2466
20473.228515625 2540
20496.806640625 2593
20515.71875 2632
20518.962890625 2753
20558.09765625 2759
20558.115234375 2793
20606.962890625 2925
20635.12890625 2152
20680.1875 762
20687.150390625 2757
20695.59765625 37
20740.2890625 1624
20743.8671875 1271
20753.271484375 2370
20765.68359375 2895
20797.20703125 2411
20813.6875 67
20834.302734375 150
20849.572265625 171
20863.015625 195
20863.09375 363
20863.87890625 522
20875.99609375 657
20887.53125 701
20905.388671875 760
20926.57421875 811
20979.49609375 874
21025.0390625 875
21031.3046875 1002
21037.31640625 1007
21045.888671875 1023
21053.595703125 1356
21058.671875 1378
21114.2578125 1489
21147.634765625 1629
21244.337890625 2721
21248.37890625 2032
21258.556640625 2259
21260.541015625 771
21311.45703125 1543
21327.53515625 2241
21360.35546875 1964
21419.783203125 1625
21447.1796875 2693
21475.462890625 222
21638.34765625 258
21728.7578125 281
21743.064453125 506
21775.611328125 582
21841.736328125 724
21862.435546875 879
21985.654296875 1003
21991.890625 1171
21995.28515625 1182
22036.275390625 1588
22040.19921875 1685
22057.46484375 1758
22078.93359375 2300
22084.375 2310
22092.05859375 2705
22275.0625 2845
22348.1796875 2916
22355.408203125 1811
22417.640625 2701
22452.5859375 421
22466.919921875 1440
22502.59375 2337
22691.83203125 2531
22770.6640625 18
22858.587890625 29
22880.25390625 31
22985.619140625 104
23131.380859375 274
23174.287109375 321
23251.478515625 370
23260.83984375 375
23356.03515625 562
23382.44921875 914
23406.078125 944
23417.857421875 1672
23478.791015625 1684
23504.31640625 1825
23545.80859375 1846
23591.2265625 1960
23630.1484375 1976
23702.189453125 2006
23744.224609375 2319
23781.32421875 2405
23904.341796875 2550
24073.830078125 2606
24165.5546875 2768
24225.2734375 1081
24291.123046875 1780
24482.71875 16
24614.255859375 28
24756.1328125 125
24787.46484375 212
24883.77734375 265
25023.802734375 295
25025.568359375 360
25092.36328125 364
25144.06640625 937
25230.474609375 1077
25339.025390625 1101
25348.822265625 1241
25389.31640625 1243
25401.63671875 1307
25546.26953125 1343
25652.529296875 1404
25709.658203125 1418
25863.6953125 1585
25913.2109375 1719
26431.1640625 1822
26528.95703125 2009
26559.0625 2164
26607.1171875 2214
26679.43359375 2250
27349.54296875 2263
29852.3984375 2342
36410.609375 2359
37256.71484375 2547
