6253.2197265625 1144
6558.17236328125 2180
6683.3896484375 73
6800.44775390625 663
7481.2275390625 677
7705.439453125 756
7740.33154296875 925
8092.357421875 927
8132.50634765625 946
8156.27783203125 996
8168.2783203125 1141
8209.7734375 1202
8217.720703125 1251
8369.8564453125 1457
8457.224609375 1502
8467.3330078125 1591
8476.09375 1733
8593.67578125 1735
8615.26171875 1919
8741.291015625 1933
8888.3408203125 1955
8892.8251953125 2002
9024.2392578125 2335
9056.5751953125 2341
9087.3955078125 2565
9153.0771484375 2695
9248.91796875 2763
9280.921875 2840
9314.90625 2422
9323.24609375 1446
9349.8154296875 87
9358.5302734375 251
9428.9052734375 527
9429.59765625 529
9441.4931640625 625
9447.814453125 641
9471.5380859375 693
9474.79296875 873
9487.81640625 881
9494.0654296875 928
9502.4150390625 1133
9668.146484375 1283
9676.0888671875 1318
9677.99609375 1346
9691.4501953125 1417
9720.2109375 1720
9742.234375 1987
9743.1044921875 2226
9758.380859375 2296
9803.5830078125 2515
9817.126953125 2572
9851.16015625 2669
9879.7734375 2728
9894.7578125 2734
9904.875 2746
9926.0576171875 2852
9941.6572265625 2866
9994.162109375 2915
10010.552734375 2949
10011.0732421875 377
10012.6796875 2281
10023.7607421875 160
10053.158203125 1
10094.1220703125 425
10105.60546875 446
10110.66796875 800
10140.130859375 918
10164.3896484375 953
10213.6787109375 985
10221.4287109375 986
10252.9150390625 1008
10272.2978515625 1043
10278.7431640625 1270
10300.232421875 1317
10302.3525390625 1435
10350.2236328125 1548
10396.1123046875 1606
10422.9208984375 1661
10445.1123046875 1712
10458.7802734375 2010
10502.51171875 2088
10530.4189453125 2365
10547.0283203125 2410
10550.3271484375 2414
10556.884765625 2482
10570.62109375 2560
10586.060546875 2781
10590.087890625 2820
10610.1552734375 997
10610.1552734375 1781
10642.6162109375 81
10689.9404296875 229
10721.23828125 440
10732.6064453125 548
10739.794921875 611
10764.294921875 826
10775.5849609375 834
10778.119140625 848
10802.6279296875 871
10806.419921875 893
10810.7548828125 1231
10827.2509765625 1256
10836.4091796875 1315
10846.55078125 1458
10880.34765625 1550
10913.115234375 1671
10917.7685546875 1711
10937.0703125 1815
10940.2470703125 1893
10944.6533203125 2312
10949.365234375 2324
10967.7490234375 2385
10991.0048828125 2447
11002.9150390625 2562
11007.7216796875 2610
11026.8369140625 2622
11035.3759765625 2853
11049.9248046875 2924
11060.9228515625 2927
11085.482421875 2239
11107.05078125 1362
11112.966796875 1926
11124.62109375 2997
11126.3427734375 254
11138.015625 388
11139.810546875 465
11173.8935546875 498
11179.2802734375 520
11186.5380859375 962
11193.494140625 981
11198.650390625 1156
11202.24609375 1652
11208.4169921875 2205
11220.115234375 2339
11247.8779296875 2417
11273.4033203125 2494
11273.6982421875 2687
11285.755859375 1122
11290.2744140625 1670
11292.9443359375 264
11296.01171875 2173
11305.033203125 1646
11320.89453125 2396
11349.2060546875 49
11350.1298828125 189
11378.55859375 261
11379.919921875 263
11381.9541015625 430
11386.091796875 831
11386.431640625 899
11430.3515625 1123
11479.435546875 1169
11511.0107421875 1350
11540.1171875 1405
11542.7197265625 1512
11542.7197265625 1750
11543.9521484375 1769
11555.16796875 1908
11556.72265625 1966
11568.576171875 1982
11582.052734375 1993
11583.853515625 2094
11607.859375 2126
11614.818359375 2141
11619.4443359375 2171
11623.5029296875 2174
11623.9931640625 2177
11629.564453125 2237
11634.61328125 2367
11651.4833984375 2536
11670.0361328125 2542
11698.0390625 2582
11724.8037109375 2675
11741.11328125 2703
11741.51953125 1873
11760.1689453125 2107
11773.951171875 1281
11775.2255859375 455
11791.9482421875 470
11795.60546875 902
11796.7353515625 926
11799.1220703125 967
11807.09765625 1104
11807.85546875 1225
11818.8125 1286
11820.5185546875 1506
11828.7373046875 1516
11831.9453125 1599
11837.1318359375 1779
11849.423828125 1848
11850.1904296875 1867
11852.421875 1883
11853.0263671875 2063
11858.58203125 2210
11870.568359375 2246
11874.138671875 2285
11895.3955078125 2361
11899.66015625 2686
11900.0615234375 2700
11905.4619140625 88
11908.2890625 586
11920.0029296875 136
11933.4169921875 1471
11944.8154296875 226
11959.171875 296
11966.814453125 1197
11995.7822265625 1666
12028.3251953125 2511
12038.2119140625 101
12044.853515625 215
12051.498046875 549
12060.4228515625 550
12064.5517578125 573
12066.48828125 1136
12072.3564453125 1199
12082.287109375 1530
12085.5361328125 1581
12118.775390625 1640
12135.037109375 1688
12140.51953125 1968
12144.3369140625 2526
12146.44921875 2571
12168.099609375 2983
12169.8310546875 1787
12172.5458984375 602
12173.2548828125 1146
12192.66796875 253
12239.6953125 342
12250.7255859375 843
12265.810546875 1233
12266.7060546875 1335
12291.5068359375 1394
12295.87890625 1737
12299.7392578125 1784
12299.87109375 1950
12352.46484375 2025
12361.294921875 2473
12379.6044921875 2518
12380.890625 999
12381.01953125 1056
12387.21875 1900
12400.6552734375 1304
12405.8623046875 1326
12412.67578125 2967
12421.4755859375 1329
12435.732421875 50
12436.2763671875 318
12447.06640625 389
12463.30078125 478
12471.47265625 491
12476.953125 580
12511.3271484375 599
12538.240234375 890
12539.33984375 896
12576.96484375 909
12586.5703125 919
12591.041015625 995
12617.6123046875 1273
12624.73046875 1342
12674.34375 1430
12675.861328125 1495
12678.8408203125 1568
12686.462890625 1583
12704.5068359375 1764
12707.7236328125 1774
12714.5107421875 2065
12716.810546875 2117
12725.6123046875 2181
12728.541015625 2268
12743.953125 2465
12750.0478515625 2664
12760.337890625 2760
12761.2236328125 2764
12767.21484375 2938
12768.8369140625 2943
12784.96484375 1860
12797.7998046875 2880
12799.7568359375 1333
12807.341796875 2631
12812.2763671875 146
12832.580078125 1538
12843.265625 21
12845.5986328125 34
12845.626953125 200
12845.630859375 288
12869.2783203125 336
12869.376953125 385
12895.708984375 517
12915.041015625 546
12925.5888671875 609
12927.6904296875 614
12929.548828125 683
12930.8125 686
12932.2236328125 769
12932.841796875 1097
12936.6318359375 1221
12937.4619140625 1322
12940.46875 1359
12940.6787109375 1376
12948.4443359375 1686
12960.0107421875 1854
12970.392578125 2513
13009.1181640625 2553
13019.716796875 2650
13030.7421875 2672
13032.671875 2911
13034.490234375 78
13042.748046875 2713
13048.40234375 2800
13049.021484375 2651
13049.822265625 2970
13062.080078125 1045
13063.2197265625 1068
13069.2763671875 2078
13069.46875 884
13072.1796875 886
13074.5810546875 1028
13077.056640625 1845
13080.5478515625 1932
13080.5478515625 2489
13084.61328125 90
13110.5537109375 153
13117.876953125 240
13134.361328125 256
13155.2666015625 531
13159.345703125 644
13159.365234375 706
13165.099609375 775
13181.6796875 1163
13191.01953125 1483
13202.8271484375 2114
13229.8251953125 2379
13230.67578125 2424
13246.904296875 2433
13252.24609375 2435
13253.634765625 2442
13253.634765625 2683
13255.71484375 2811
13257.18359375 2176
13258.0595703125 169
13270.5673828125 2207
13279.17578125 1020
13287.669921875 640
13288.90234375 59
13299.21875 177
13326.728515625 191
13344.1962890625 575
13344.7373046875 687
13346.0234375 934
13349.9755859375 1119
13378.392578125 1529
13384.7958984375 1697
13385.662109375 1810
13394.0986328125 1831
13407.1279296875 2354
13426.435546875 2528
13426.9501953125 2679
13429.4794921875 2712
13467.0908203125 2747
13472.494140625 2809
13473.923828125 2821
13501.9306640625 2842
13502.9951171875 2860
13547.3232421875 2906
13556.1171875 2994
13570.62109375 186
13578.87890625 223
13590.6787109375 1594
13591.91015625 410
13613.125 631
13621.2822265625 132
13621.38671875 2576
13663.15234375 1282
13673.576171875 488
13679.833984375 869
13680.224609375 2059
13697.263671875 787
13718.6748046875 904
13718.6748046875 137
13723.306640625 275
13726.126953125 328
13732.5146484375 333
13761.2119140625 392
13775.33984375 407
13788.435546875 489
13803.6591796875 680
13816.025390625 1022
13818.5869140625 1290
13821.0244140625 1358
13827.1806640625 1607
13828.47265625 1653
13828.9716796875 2024
13829.2470703125 2184
13843.435546875 2221
13845.5712890625 2394
13886.572265625 2427
13893.8828125 2517
13907.5302734375 2655
13909.54296875 2704
13918.673828125 2900
13918.92578125 2946
13921.603515625 459
13927.9775390625 1408
13935.7861328125 1339
13937.853515625 22
13951.365234375 45
13955.0419921875 300
13967.2861328125 812
13975.2001953125 922
13975.671875 947
13976.0732421875 975
13981.900390625 1001
13982.8095703125 1095
13984.0498046875 1275
13993.302734375 1664
14016.34375 1708
14033.4658203125 1763
14054.4072265625 1766
14067.22265625 1889
14069.9560546875 2077
14070.01953125 2082
14097.0771484375 2131
14098.0 2315
14099.75 2317
14112.5634765625 2409
14119.1044921875 2608
14121.806640625 2616
14129.724609375 2649
14134.029296875 2819
14134.234375 2862
14153.6376953125 1164
14163.001953125 2213
14191.970703125 1050
14199.0322265625 979
14200.779296875 1562
14238.4619140625 1597
14259.9443359375 2334
14272.66015625 587
14283.705078125 630
14290.3408203125 777
14296.048828125 1012
14297.642578125 1064
14309.041015625 1082
14309.1650390625 1462
14317.822265625 1501
14323.7509765625 1654
14347.228515625 1800
14350.345703125 2656
14357.716796875 2884
14358.9990234375 1416
14388.595703125 1575
14411.90234375 2889
14416.87109375 445
14419.35546875 30
14436.876953125 2484
14438.513671875 38
14451.9521484375 40
14452.1484375 76
14465.23046875 77
14469.8115234375 108
14480.1337890625 164
14487.806640625 211
14497.2109375 225
14499.3798828125 376
14503.7861328125 437
14509.291015625 510
14525.7900390625 646
14531.798828125 671
14571.482421875 738
14601.845703125 770
14614.2919921875 1434
14623.8935546875 1610
14634.9853515625 1662
14636.6318359375 1709
14667.2314453125 1998
14687.4453125 2166
14688.4482421875 2220
14698.943359375 2238
14705.4375 2255
14706.97265625 2345
14713.390625 2510
14736.2255859375 2581
14739.33203125 2607
14744.37109375 2807
14759.2890625 1015
14785.380859375 1984
14791.6953125 1258
14792.6396484375 2555
14794.6826171875 1147
14795.1953125 865
14809.67578125 939
14825.3876953125 1497
14841.931640625 2630
14844.1875 2752
14849.8017578125 457
14871.7783203125 309
14876.7734375 316
14887.7353515625 483
14911.6416015625 484
14930.841796875 633
14949.884765625 1026
14951.7587890625 1036
14966.5205078125 1176
14969.732421875 1423
14980.15234375 1485
14986.7568359375 1590
15006.7724609375 1702
15010.11328125 1759
15021.0634765625 1818
15033.033203125 1958
15033.5849609375 1963
15041.0986328125 1977
15069.2607421875 2053
15079.03515625 2056
15080.404296875 2125
15083.9296875 2304
15111.212890625 2356
15122.21484375 2477
15131.5556640625 2533
15132.48828125 2732
15138.6640625 2948
15143.7607421875 1601
15145.48046875 2256
15152.421875 2104
15154.7333984375 284
15160.013671875 182
15174.6748046875 916
15191.173828125 1667
15196.3203125 1852
15228.70703125 727
15232.9765625 2036
15242.2275390625 2772
15246.78515625 130
15257.4384765625 219
15258.740234375 394
15259.6650390625 405
15274.8984375 634
15283.798828125 856
15297.0029296875 983
15318.783203125 1117
15324.212890625 1386
15326.50390625 1791
15333.05078125 1991
15349.2734375 2060
15359.021484375 2215
15363.0517578125 2314
15366.591796875 2440
15373.01953125 2467
15373.541015625 2618
15374.4189453125 2648
15386.75 2694
15389.46875 1772
15392.0234375 818
15421.8095703125 2907
15434.720703125 660
15451.0859375 1168
15456.1259765625 1145
15476.7724609375 1476
15492.76171875 1618
15508.3046875 655
15511.529296875 1592
15513.3515625 2120
15519.583984375 2557
15525.4775390625 112
15557.8173828125 350
15565.75 356
15565.984375 448
15577.828125 1500
15583.580078125 1526
15592.4033203125 1587
15604.6630859375 1881
15606.4453125 1943
15626.9697265625 1962
15642.5302734375 1995
15669.1650390625 2075
15672.1806640625 2118
15714.0966796875 2309
15716.365234375 2418
15716.37890625 2516
15718.015625 2588
15727.73046875 2605
15729.1962890625 2623
15735.25390625 2937
15750.7529296875 1005
15781.806640625 110
15800.5849609375 2360
15808.080078125 121
15809.9189453125 1046
15819.369140625 298
15834.1259765625 372
15859.0908203125 492
15866.009765625 752
15868.791015625 838
15897.3076171875 903
15899.1162109375 1034
15904.26953125 1128
15908.357421875 1187
15945.322265625 1437
15966.458984375 1488
15970.06640625 1534
16010.3564453125 1657
16031.837890625 1678
16035.0048828125 1824
16056.62890625 1826
16059.1845703125 1941
16060.8134765625 1997
16067.7587890625 2318
16082.009765625 2327
16087.0703125 2362
16087.1943359375 2404
16087.716796875 2453
16108.0927734375 2458
16119.369140625 2496
16128.2509765625 2696
16192.87890625 2722
16194.66015625 2796
16195.1689453125 2584
16201.3212890625 2872
16201.595703125 2589
16214.6875 2135
16253.52734375 1802
16259.732421875 1853
16317.3125 1892
16317.9775390625 1580
16331.9951171875 25
16338.998046875 72
16345.134765625 343
16348.6962890625 710
16360.236328125 755
16369.73046875 885
16370.5751953125 1683
16385.552734375 1776
16390.712890625 1972
16395.865234375 2047
16415.517578125 2138
16416.79296875 2185
16431.765625 2344
16454.5 2545
16455.357421875 2573
16463.3828125 2855
16463.876953125 2159
16474.001953125 1067
16474.216796875 371
16479.953125 243
16494.123046875 1301
16505.103515625 311
16509.12890625 426
16525.845703125 648
16545.267578125 720
16564.294921875 792
16566.8984375 940
16567.55859375 1006
16583.19921875 1032
16605.9140625 1160
16608.0390625 1189
16613.890625 2183
16624.1015625 2190
16633.640625 2301
16650.140625 1459
16653.330078125 1649
16664.2265625 353
16681.8125 2706
16704.734375 1511
16742.625 1778
16752.041015625 329
16752.041015625 731
16752.56640625 1400
16759.62109375 2070
16761.900390625 1480
16765.677734375 1714
16771.5546875 249
16774.6796875 94
16776.91796875 2823
16815.43359375 471
16824.56640625 473
16833.158203125 747
16862.908203125 915
16882.962890625 921
16890.20703125 993
16900.734375 1072
16907.283203125 1415
16914.330078125 1541
16922.849609375 1746
16929.62109375 1949
16931.33984375 2079
16931.33984375 2219
16961.189453125 2258
16961.365234375 2413
16964.666015625 2628
16973.81640625 2828
16984.015625 2903
17011.974609375 2996
17012.830078125 204
17028.873046875 1247
17031.439453125 1410
17032.17578125 1888
17039.0390625 1214
17060.1171875 1658
17074.333984375 2587
17077.2421875 380
17081.982421875 688
17083.38671875 1761
17091.873046875 66
17114.044921875 127
17152.2578125 179
17152.83984375 855
17158.580078125 1198
17204.40625 1250
17234.59765625 1507
17282.3203125 1558
17323.916015625 2007
17333.341796875 2092
17335.9140625 2231
17388.4921875 2384
17400.533203125 2457
17400.533203125 2544
17411.509765625 2717
17458.986328125 2774
17460.0546875 2794
17462.52734375 2909
17494.62109375 972
17496.642578125 1138
17508.0078125 1442
17535.724609375 1137
17536.2421875 102
17537.396484375 667
17545.04296875 1935
17566.439453125 2352
17588.357421875 2887
17600.580078125 427
17615.724609375 1533
17637.3515625 170
17718.68359375 262
17726.884765625 306
17747.203125 596
17758.67578125 805
17768.49609375 849
17774.7734375 850
17778.916015625 965
17788.34765625 976
17808.2109375 1058
17808.5703125 1403
17826.4765625 1645
17872.677734375 1999
17888.392578125 2292
17898.146484375 2392
17922.4375 2403
17938.23046875 2497
17973.8515625 2524
17994.0390625 2601
18003.47265625 2652
18039.3984375 2657
18119.58984375 2761
18126.72265625 2839
18162.466796875 2939
18203.044921875 2984
18207.275390625 1027
18235.8515625 622
18242.767578125 417
18281.341796875 450
18326.5234375 690
18401.32421875 969
18459.55859375 982
18460.005859375 1040
18502.443359375 1078
18506.341796875 1083
18510.556640625 1382
18517.900390625 1391
18526.728515625 1486
18651.24609375 1503
18662.013671875 1547
18665.345703125 1561
18711.4296875 1965
18712.013671875 2026
18719.572265625 2066
18726.95703125 2182
18734.4453125 2245
18746.48828125 2460
18756.375 2466
18805.953125 2540
18809.455078125 2593
18825.314453125 2632
18841.85546875 2753
18858.998046875 2759
18884.376953125 2793
18912.8203125 2925
18953.451171875 2152
18988.662109375 762
19008.41796875 2757
19031.955078125 37
19042.1796875 1624
19052.95703125 1271
19108.40625 2370
19131.177734375 2895
19141.57421875 2411
19201.1640625 67
19253.53125 150
19265.55078125 171
19277.111328125 195
19294.28515625 363
19395.51953125 522
19456.658203125 657
19469.078125 701
19505.77734375 760
19508.953125 811
19510.095703125 874
19536.01953125 875
19537.77734375 1002
19545.0625 1007
19560.943359375 1023
19576.544921875 1356
19593.212890625 1378
19604.767578125 1489
19616.416015625 1629
19681.123046875 2721
19691.71875 2032
19725.58203125 2259
19768.052734375 771
19786.646484375 1543
19812.048828125 2241
19813.015625 1964
19836.1015625 1625
19852.484375 2693
19885.91796875 222
19898.955078125 258
19920.5 281
20035.888671875 506
20037.400390625 582
20186.62109375 724
20188.1484375 879
20208.0546875 1003
20233.779296875 1171
20255.28515625 1182
20265.748046875 1588
20278.94140625 1685
20304.990234375 1758
20321.515625 2300
20397.005859375 2310
20400.396484375 2705
20428.705078125 2845
20460.666015625 2916
20480.17578125 1811
20495.767578125 2701
20515.205078125 421
20609.181640625 1440
20674.890625 2337
20683.640625 2531
20704.509765625 18
20857.578125 29
20870.271484375 31
20880.2890625 104
21011.900390625 274
21028.080078125 321
21134.123046875 370
21157.560546875 375
21165.046875 562
21359.18359375 914
21368.103515625 944
21369.0546875 1672
21518.01953125 1684
21533.1328125 1825
21562.943359375 1846
21639.666015625 1960
21847.48046875 1976
21854.564453125 2006
21941.771484375 2319
21975.138671875 2405
22004.29296875 2550
22291.58203125 2606
22352.248046875 2768
22368.06640625 1081
22428.509765625 1780
22544.361328125 16
22549.5859375 28
22921.619140625 125
23175.06640625 212
23302.7421875 265
23341.908203125 295
23786.75390625 360
23881.173828125 364
23970.30859375 937
24203.07421875 1077
24587.568359375 1101
24695.7578125 1241
24705.958984375 1243
24847.431640625 1307
25226.47265625 1343
25275.638671875 1404
25804.39453125 1418
25924.45703125 1585
25957.57421875 1719
26124.43359375 1822
26239.56640625 2009
27009.572265625 2164
27966.296875 2214
28228.7734375 2250
28587.630859375 2263
28830.814453125 2342
31398.662109375 2359
34529.7578125 2547
