6878.2421875 1511
6891.61865234375 1778
7541.12890625 329
7694.51513671875 731
7712.193359375 1400
8027.9404296875 2070
8050.6337890625 1480
8414.431640625 1714
8482.322265625 249
8497.6875 94
8509.833984375 2823
8621.65625 471
8700.1923828125 473
8774.837890625 747
8820.6484375 915
8865.783203125 921
8873.5029296875 993
8912.646484375 1072
9051.966796875 1415
9051.966796875 1541
9150.5244140625 1746
9151.861328125 1949
9243.0458984375 2079
9256.50390625 2219
9487.0458984375 2258
9568.041015625 2413
9595.576171875 2628
9642.0673828125 2828
9656.681640625 2903
9692.92578125 2996
9740.48046875 1446
9740.9833984375 87
9806.6064453125 251
9862.8447265625 527
9873.1318359375 529
9891.912109375 625
9908.3466796875 641
9911.31640625 693
9914.6142578125 873
9951.0361328125 881
9964.751953125 928
9980.900390625 1133
10019.35546875 1283
10026.755859375 1318
10058.5244140625 1346
10065.3388671875 1417
10099.779296875 1720
10101.35546875 1987
10123.82421875 2226
10154.8818359375 2296
10163.2099609375 2515
10180.193359375 2572
10185.203125 2669
10192.5009765625 2728
10197.6669921875 2734
10231.5751953125 2746
10245.501953125 2852
10259.146484375 2866
10259.857421875 2915
10269.775390625 2949
10283.490234375 377
10307.232421875 2281
10341.8193359375 160
10411.6552734375 1
10449.447265625 425
10451.7392578125 446
10458.9873046875 800
10479.748046875 918
10493.4130859375 953
10525.5751953125 985
10529.427734375 986
10547.7255859375 1008
10552.6806640625 1043
10559.73828125 1270
10575.8427734375 1317
10583.5419921875 1435
10600.9677734375 1548
10608.091796875 1606
10620.01171875 1661
10664.384765625 1712
10670.447265625 2010
10709.6015625 2088
10711.0009765625 2365
10720.236328125 2410
10727.15625 2414
10729.2001953125 2482
10735.712890625 2560
10780.060546875 2781
10782.7109375 2820
10797.486328125 997
10809.0791015625 1781
10816.791015625 81
10817.8154296875 229
10817.8662109375 440
10819.2626953125 548
10822.7060546875 611
10882.833984375 826
10915.9921875 834
10930.333984375 848
10950.7265625 871
10952.8505859375 893
10954.7666015625 1231
10975.1494140625 1256
10988.1982421875 1315
11011.154296875 1458
11039.203125 1550
11054.2275390625 1671
11062.552734375 1711
11073.6240234375 1815
11089.7060546875 1893
11094.8876953125 2312
11097.640625 2324
11100.6826171875 2385
11102.80859375 2447
11124.50390625 2562
11148.404296875 2610
11151.3720703125 2622
11179.64453125 2853
11187.7607421875 2924
11213.958984375 2927
11242.263671875 2239
11275.9453125 1362
11276.08984375 1926
11279.98046875 2997
11285.3515625 254
11297.583984375 388
11329.6357421875 465
11335.05078125 498
11342.345703125 520
11348.3818359375 962
11362.107421875 981
11365.9013671875 1156
11387.466796875 1652
11392.34765625 2205
11421.583984375 2339
11425.560546875 2417
11446.4697265625 2494
11454.384765625 2687
11472.3642578125 1122
11477.3330078125 1670
11478.8212890625 264
11490.5029296875 2173
11497.654296875 1646
11511.9326171875 2396
11514.0888671875 49
11519.6630859375 189
11534.2119140625 261
11538.9541015625 263
11543.83984375 430
11554.302734375 831
11559.7080078125 899
11582.818359375 1123
11584.7412109375 1169
11585.3232421875 1350
11587.572265625 1405
11594.79296875 1512
11609.673828125 1750
11622.169921875 1769
11634.9853515625 1908
11643.486328125 1966
11649.3486328125 1982
11661.505859375 1993
11662.650390625 2094
11670.7255859375 2126
11690.2373046875 2141
11703.2001953125 2171
11703.8447265625 2174
11706.158203125 2177
11721.755859375 2237
11724.6767578125 2367
11731.150390625 2536
11748.6650390625 2542
11782.0537109375 2582
11815.748046875 2675
11825.8232421875 2703
11826.4267578125 1873
11836.9619140625 2107
11841.8837890625 1281
11865.283203125 455
11872.546875 470
11873.375 902
11876.6220703125 926
11884.646484375 967
11884.978515625 1104
11895.486328125 1225
11898.8779296875 1286
11913.3935546875 1506
11913.7626953125 1516
11935.732421875 1599
11939.7919921875 1779
11950.4453125 1848
11957.470703125 1867
11979.84765625 1883
12004.2607421875 2063
12007.4609375 2210
12037.9365234375 2246
12039.6328125 2285
12047.8427734375 2361
12055.265625 2686
12055.4609375 2700
12068.5244140625 88
12080.625 586
12082.20703125 136
12086.4169921875 1471
12091.3740234375 226
12098.5849609375 296
12105.3291015625 1197
12112.3486328125 1666
12115.38671875 2511
12123.1279296875 101
12156.79296875 215
12211.1767578125 549
12224.5654296875 550
12228.8037109375 573
12239.5458984375 1136
12255.623046875 1199
12257.009765625 1530
12261.0791015625 1581
12276.7880859375 1640
12279.3486328125 1688
12280.2734375 1968
12282.7646484375 2526
12285.64453125 2571
12287.6025390625 2983
12297.4365234375 1787
12324.296875 602
12335.0068359375 1146
12335.728515625 253
12345.580078125 342
12350.9599609375 843
12354.9599609375 1233
12366.203125 1335
12381.9951171875 1394
12392.90234375 1737
12403.47265625 1784
12404.4658203125 1950
12446.091796875 2025
12457.130859375 2473
12467.703125 2518
12472.349609375 999
12476.9208984375 1056
12488.0654296875 1900
12500.369140625 1304
12504.673828125 1326
12510.369140625 2967
12521.125 1329
12521.337890625 50
12539.8740234375 318
12551.294921875 389
12552.708984375 478
12564.6669921875 491
12566.169921875 580
12591.89453125 599
12613.2060546875 890
12618.2099609375 896
12644.611328125 909
12675.1533203125 919
12681.7041015625 995
12697.2685546875 1273
12701.2939453125 1342
12723.900390625 1430
12740.19921875 1495
12749.974609375 1568
12762.6298828125 1583
12767.99609375 1764
12782.44140625 1774
12799.728515625 2065
12801.8798828125 2117
12818.7099609375 2181
12821.939453125 2268
12823.6552734375 2465
12823.9365234375 2664
12825.619140625 2760
12828.6650390625 2764
12835.7080078125 2938
12893.2890625 2943
12909.8251953125 1860
12924.7880859375 2880
12926.96875 1333
12926.96875 2631
12941.125 146
12948.93359375 1538
12955.0537109375 21
12957.0810546875 34
12966.4267578125 200
12982.6279296875 288
13004.2861328125 336
13011.07421875 385
13024.228515625 517
13024.9921875 546
13027.17578125 609
13029.8583984375 614
13046.4609375 683
13051.83984375 686
13051.9072265625 769
13057.9677734375 1097
13070.5908203125 1221
13082.578125 1322
13088.5537109375 1359
13099.30859375 1376
13101.181640625 1686
13104.353515625 1854
13134.990234375 2513
13141.44140625 2553
13146.521484375 2650
13148.650390625 2672
13148.97265625 2911
13168.494140625 78
13183.3798828125 2713
13190.5849609375 2800
13193.2470703125 2651
13193.2470703125 2970
13196.6943359375 1045
13197.3310546875 1068
13198.6640625 2078
13202.126953125 884
13209.546875 886
13215.8125 1028
13224.2255859375 1845
13225.9326171875 1932
13227.5869140625 2489
13229.0341796875 90
13247.55078125 153
13250.3857421875 240
13251.8935546875 256
13263.787109375 531
13268.0546875 644
13269.8076171875 706
13271.708984375 775
13276.39453125 1163
13278.8681640625 1483
13302.87890625 2114
13307.7978515625 2379
13314.5 2424
13352.140625 2433
13355.291015625 2435
13360.7294921875 2442
13361.8994140625 2683
13363.177734375 2811
13366.8876953125 2176
13383.8251953125 169
13385.009765625 2207
13388.2763671875 1144
13390.0283203125 2180
13405.2158203125 73
13407.607421875 663
13411.4228515625 677
13437.80078125 756
13444.658203125 925
13452.4619140625 927
13453.123046875 946
13453.15625 996
13459.583984375 1141
13459.9990234375 1202
13472.0390625 1251
13472.5673828125 1457
13513.64453125 1502
13523.1923828125 1591
13537.705078125 1733
13537.857421875 1735
13537.857421875 1919
13540.896484375 1933
13541.4853515625 1955
13542.185546875 2002
13542.185546875 2335
13562.0498046875 2341
13572.421875 2565
13601.650390625 2695
13616.283203125 2763
13618.9072265625 2840
13619.8212890625 2422
13622.1484375 1020
13623.2421875 640
13623.41015625 59
13629.611328125 177
13635.779296875 191
13649.98046875 575
13680.837890625 687
13698.5087890625 934
13707.548828125 1119
13710.3017578125 1529
13713.796875 1697
13724.861328125 1810
13747.28515625 1831
13750.5478515625 2354
13764.263671875 2528
13765.892578125 2679
13773.857421875 2712
13783.130859375 2747
13789.330078125 2809
13790.505859375 2821
13807.921875 2842
13813.056640625 2860
13814.65234375 2906
13821.0947265625 2994
13847.4296875 186
13848.4248046875 223
13875.58203125 1594
13882.7421875 410
13902.744140625 631
13908.94140625 132
13918.810546875 2576
13920.302734375 1282
13934.61328125 488
13944.564453125 869
13947.58203125 2059
13952.4013671875 787
13964.353515625 904
13969.896484375 137
13972.4638671875 275
13975.4150390625 328
13982.474609375 333
13993.544921875 392
14001.232421875 407
14003.080078125 489
14025.4931640625 680
14027.88671875 1022
14035.3125 1290
14062.330078125 1358
14066.63671875 1607
14070.349609375 1653
14080.892578125 2024
14086.30859375 2184
14098.2685546875 2221
14119.3662109375 2394
14125.4638671875 2427
14128.0166015625 2517
14135.119140625 2655
14138.640625 2704
14139.470703125 2900
14147.8466796875 2946
14157.134765625 459
14167.029296875 1408
14176.1884765625 1339
14198.8515625 22
14203.6875 45
14209.1845703125 300
14214.7646484375 812
14236.4931640625 922
14242.6005859375 947
14249.1396484375 975
14254.84765625 1001
14256.958984375 1095
14260.3671875 1275
14266.013671875 1664
14267.3544921875 1708
14269.236328125 1763
14280.986328125 1766
14294.734375 1889
14299.796875 2077
14302.03515625 2082
14302.568359375 2131
14322.251953125 2315
14332.9150390625 2317
14338.67578125 2409
14351.9306640625 2608
14353.658203125 2616
14359.1298828125 2649
14359.5234375 2819
14361.017578125 2862
14363.6103515625 1164
14367.037109375 2213
14373.1611328125 1050
14377.35546875 979
14381.3427734375 1562
14396.478515625 1597
14399.98828125 2334
14406.568359375 587
14413.7529296875 630
14418.095703125 777
14419.697265625 1012
14436.734375 1064
14445.841796875 1082
14454.998046875 1462
14457.2275390625 1501
14468.0078125 1654
14469.5380859375 1800
14478.8154296875 2656
14488.4384765625 2884
14507.49609375 1416
14509.31640625 1575
14513.802734375 2889
14518.568359375 445
14521.03515625 30
14523.42578125 2484
14540.1455078125 38
14547.5068359375 40
14556.09765625 76
14559.0546875 77
14561.5537109375 108
14564.88671875 164
14609.2734375 211
14626.8720703125 225
14628.8408203125 376
14629.0166015625 437
14631.4404296875 510
14648.3701171875 646
14679.958984375 671
14691.732421875 738
14692.13671875 770
14705.201171875 1434
14732.404296875 1610
14737.3251953125 1662
14777.9384765625 1709
14781.0556640625 1998
14791.2646484375 2166
14809.6240234375 2220
14828.1328125 2238
14845.4130859375 2255
14846.40625 2345
14846.685546875 2510
14866.822265625 2581
14912.6416015625 2607
14924.1435546875 2807
14928.427734375 1015
14935.314453125 1984
14947.373046875 1258
14949.111328125 2555
14954.041015625 1147
14959.123046875 865
14964.70703125 939
14966.1494140625 1497
15007.0478515625 2630
15014.2783203125 2752
15026.083984375 457
15040.8642578125 309
15046.0556640625 316
15048.3525390625 483
15056.599609375 484
15064.724609375 633
15070.068359375 1026
15110.896484375 1036
15127.2666015625 1176
15143.21484375 1423
15146.5302734375 1485
15148.06640625 1590
15159.2373046875 1702
15160.57421875 1759
15172.873046875 1818
15173.94140625 1958
15176.8095703125 1963
15181.1279296875 1977
15184.8037109375 2053
15199.62890625 2056
15213.173828125 2125
15215.865234375 2304
15229.30078125 2356
15232.3115234375 2477
15237.140625 2533
15241.0 2732
15245.6787109375 2948
15251.1640625 1601
15263.037109375 2256
15273.181640625 2104
15277.2001953125 284
15282.7431640625 182
15301.3310546875 916
15307.259765625 1667
15307.4140625 1852
15334.2783203125 727
15348.89453125 2036
15357.142578125 2772
15362.2685546875 130
15395.791015625 219
15400.4609375 394
15408.84765625 405
15416.3759765625 634
15417.41796875 856
15420.787109375 983
15449.44140625 1117
15461.9736328125 1386
15475.6494140625 1791
15488.439453125 1991
15490.013671875 2060
15494.4140625 2215
15515.400390625 2314
15538.5283203125 2440
15546.02734375 2467
15547.947265625 2618
15551.02734375 2648
15552.2265625 2694
15584.2373046875 1772
15584.91796875 818
15589.5703125 2907
15593.685546875 660
15609.3125 1168
15611.5390625 1145
15624.16796875 1476
15626.0 1618
15635.568359375 655
15646.1806640625 1592
15657.2041015625 2120
15660.658203125 2557
15683.408203125 112
15683.408203125 350
15683.408203125 356
15704.9755859375 448
15711.4267578125 1500
15723.62890625 1526
15733.283203125 1587
15736.56640625 1881
15774.4765625 1943
15777.2431640625 1962
15777.4931640625 1995
15787.2939453125 2075
15792.552734375 2118
15809.232421875 2309
15823.1240234375 2418
15825.2158203125 2516
15826.576171875 2588
15827.421875 2605
15831.708984375 2623
15838.041015625 2937
15840.318359375 1005
15843.5625 110
15846.0732421875 2360
15848.890625 121
15852.2333984375 1046
15877.34375 298
15877.34375 372
15884.8212890625 492
15893.6220703125 752
15911.8681640625 838
15914.826171875 903
15931.85546875 1034
15934.4609375 1128
15938.8759765625 1187
15955.5439453125 1437
15968.9765625 1488
16019.1025390625 1534
16021.83984375 1657
16023.7939453125 1678
16030.474609375 1824
16032.4931640625 1826
16071.814453125 1941
16080.755859375 1997
16091.396484375 2318
16095.625 2327
16097.693359375 2362
16104.2607421875 2404
16114.20703125 2453
16115.3984375 2458
16121.716796875 2496
16128.390625 2696
16128.826171875 2722
16133.166015625 2796
16144.705078125 2584
16155.916015625 2872
16183.900390625 2589
16226.767578125 2135
16245.353515625 1802
16248.6826171875 1853
16276.6240234375 1892
16320.9375 1580
16327.7099609375 25
16338.8349609375 72
16355.8828125 343
16401.4765625 710
16425.478515625 755
16428.974609375 885
16429.8203125 1683
16434.205078125 1776
16448.083984375 1972
16458.8046875 2047
16473.5234375 2138
16497.279296875 2185
16498.419921875 2344
16526.8828125 2545
16530.66015625 2573
16532.041015625 2855
16535.53125 2159
16537.5234375 1067
16551.7265625 371
16553.705078125 243
16561.37109375 1301
16598.71484375 311
16599.51953125 426
16607.294921875 648
16612.283203125 720
16625.705078125 792
16625.908203125 940
16641.005859375 1006
16644.361328125 1032
16648.15234375 1160
16654.861328125 1189
16664.603515625 2183
16667.306640625 2190
16688.076171875 2301
16697.12109375 1459
16730.07421875 1649
16749.7265625 353
16762.65234375 2706
16776.048828125 204
16786.873046875 1247
16812.765625 1410
16816.82421875 1888
16821.24609375 1214
16869.66796875 1658
16922.46484375 2587
16948.001953125 380
16957.24609375 688
16962.966796875 1761
16971.947265625 66
16984.150390625 127
17034.181640625 179
17036.9296875 855
17041.818359375 1198
17049.837890625 1250
17054.95703125 1507
17076.021484375 1558
17080.076171875 2007
17112.859375 2092
17115.6484375 2231
17142.228515625 2384
17144.931640625 2457
17158.271484375 2544
17161.11328125 2717
17186.57421875 2774
17187.064453125 2794
17191.533203125 2909
17193.05859375 972
17198.146484375 1138
17202.17578125 1442
17209.86328125 1137
17210.99609375 102
17228.7109375 667
17272.05078125 1935
17281.890625 2352
17305.0625 2887
17322.748046875 427
17326.91015625 1533
17327.8515625 170
17345.28125 262
17352.515625 306
17367.98046875 596
17394.28125 805
17419.625 849
17423.78515625 850
17431.1171875 965
17456.130859375 976
17494.54296875 1058
17513.86328125 1403
17548.501953125 1645
17551.859375 1999
17553.37109375 2292
17574.412109375 2392
17587.63671875 2403
17656.408203125 2497
17656.5703125 2524
17660.203125 2601
17663.951171875 2652
17673.25 2657
17683.279296875 2761
17695.611328125 2839
17699.927734375 2939
17706.650390625 2984
17715.50390625 1027
17717.279296875 622
17725.015625 417
17726.89453125 450
17735.65234375 690
17762.6484375 969
17766.041015625 982
17774.759765625 1040
17779.189453125 1078
17809.21484375 1083
17814.52734375 1382
17841.921875 1391
17846.75 1486
17865.640625 1503
17889.6484375 1547
17894.26171875 1561
17903.533203125 1965
17931.359375 2026
17946.087890625 2066
17957.765625 2182
17987.294921875 2245
18003.32421875 2460
18005.29296875 2466
18005.96484375 2540
18031.966796875 2593
18033.55078125 2632
18104.43359375 2753
18112.673828125 2759
18144.427734375 2793
18151.333984375 2925
18153.900390625 2152
18156.015625 762
18168.896484375 2757
18196.26171875 37
18265.3046875 1624
18282.66796875 1271
18351.138671875 2370
18405.263671875 2895
18409.7265625 2411
18442.89453125 67
18465.162109375 150
18476.5390625 171
18524.14453125 195
18553.330078125 363
18553.83984375 522
18568.4609375 657
18578.8984375 701
18590.287109375 760
18650.240234375 811
18682.140625 874
18723.25390625 875
18756.865234375 1002
18771.55859375 1007
18851.12109375 1023
18894.712890625 1356
18924.869140625 1378
18944.4375 1489
18945.8515625 1629
18978.2890625 2721
18984.96875 2032
18988.0234375 2259
19058.73046875 771
19111.1640625 1543
19117.568359375 2241
19206.93359375 1964
19273.51953125 1625
19327.04296875 2693
19359.3203125 222
19370.263671875 258
19498.837890625 281
19561.427734375 506
19595.154296875 582
19655.9609375 724
19676.201171875 879
19783.23828125 1003
19851.580078125 1171
19856.8671875 1182
19867.533203125 1588
19883.451171875 1685
19899.5703125 1758
19973.677734375 2300
20049.41796875 2310
20078.037109375 2705
20095.4921875 2845
20206.669921875 2916
20233.236328125 1811
20290.033203125 2701
20301.65234375 421
20383.287109375 1440
20457.451171875 2337
20514.453125 2531
20556.73046875 18
20638.68359375 29
20761.322265625 31
20859.595703125 104
20965.396484375 274
20978.94140625 321
21021.478515625 370
21021.765625 375
21048.119140625 562
21064.03515625 914
21073.919921875 944
21076.525390625 1672
21088.359375 1684
21205.501953125 1825
21256.669921875 1846
21265.1640625 1960
21302.078125 1976
21312.640625 2006
21312.640625 2319
21405.720703125 2405
21547.798828125 2550
21591.82421875 2606
21593.568359375 2768
21647.291015625 1081
21698.3046875 1780
21706.705078125 16
21809.630859375 28
21854.8359375 125
21918.03515625 212
21975.734375 265
22002.65625 295
22006.73046875 360
22032.509765625 364
22143.017578125 937
22242.30078125 1077
22265.384765625 1101
22350.28515625 1241
22372.693359375 1243
22491.3359375 1307
22577.890625 1343
22772.44921875 1404
23083.3515625 1418
23244.98828125 1585
24266.134765625 1719
24408.52734375 1822
24516.28125 2009
24753.6640625 2164
24818.271484375 2214
24857.998046875 2250
25172.65234375 2263
25729.29296875 2342
26594.314453125 2359
30282.158203125 2547
