6845.98779296875 160
7122.78759765625 1
7153.11376953125 425
7295.3525390625 446
7331.435546875 800
8249.90625 918
8359.25390625 953
8452.2255859375 985
8542.8515625 986
8646.765625 1008
8658.1064453125 1043
8741.0439453125 1270
9032.27734375 1317
9095.2392578125 1435
9158.65625 1548
9179.1357421875 1606
9226.9345703125 1661
9227.3408203125 1712
9228.474609375 2010
9262.83984375 2088
9355.0537109375 2365
9399.951171875 2410
9408.02734375 2414
9511.6171875 2482
9586.052734375 2560
9776.21875 2781
9792.23828125 2820
9804.1435546875 997
9840.298828125 1446
9845.625 87
9858.837890625 251
9919.9921875 527
9954.099609375 529
9961.4921875 625
10001.7421875 641
10036.390625 693
10043.609375 873
10057.3271484375 881
10069.435546875 928
10091.6513671875 1133
10139.912109375 1283
10154.13671875 1318
10221.599609375 1346
10350.3486328125 1417
10357.728515625 1720
10368.7333984375 1987
10417.388671875 2226
10443.177734375 2296
10467.0595703125 2515
10491.3857421875 2572
10495.9052734375 2669
10509.982421875 2728
10555.6904296875 2734
10567.07421875 2746
10575.43359375 2852
10624.43359375 2866
10658.5576171875 2915
10678.82421875 2949
10687.052734375 377
10737.181640625 2281
10843.6513671875 1781
10885.318359375 81
10889.484375 229
10912.4599609375 440
11011.0341796875 548
11024.4951171875 611
11065.69140625 826
11074.2607421875 834
11147.0615234375 848
11164.3447265625 871
11169.2705078125 893
11169.5712890625 1231
11177.8125 1256
11213.9169921875 1315
11241.517578125 1458
11264.876953125 1550
11270.42578125 1671
11280.81640625 1711
11291.34375 1815
11299.046875 1893
11303.5615234375 2312
11304.66796875 2324
11314.130859375 2385
11316.4970703125 2447
11370.173828125 2562
11399.5126953125 2610
11428.044921875 2622
11490.0712890625 2853
11514.33984375 2924
11550.607421875 2927
11599.26953125 2239
11607.1171875 1362
11657.333984375 1926
11673.3984375 2997
11673.3984375 254
11679.943359375 388
11713.12890625 465
11728.5458984375 498
11742.923828125 520
11745.87890625 962
11774.12890625 981
11804.91796875 1156
11834.453125 1652
11836.73046875 2205
11844.4658203125 2339
11879.7080078125 2417
11884.7548828125 2494
11884.998046875 2687
11893.2880859375 1122
11921.4208984375 1670
11931.158203125 264
11934.6416015625 2173
11937.09375 1646
11939.677734375 2396
11939.69921875 49
11944.279296875 189
11946.2890625 261
11955.2392578125 263
11966.712890625 430
11973.732421875 831
11997.619140625 899
12038.4658203125 1123
12052.271484375 1169
12064.6591796875 1350
12067.65234375 1405
12068.2275390625 1512
12074.8291015625 1750
12076.3291015625 1769
12090.7548828125 1908
12106.333984375 1966
12143.892578125 1982
12149.845703125 1993
12151.25 2094
12161.7392578125 2126
12165.1669921875 2141
12174.666015625 2171
12179.9609375 2174
12187.00390625 2177
12187.150390625 2237
12215.4189453125 2367
12216.9111328125 2536
12233.1494140625 2542
12266.091796875 2582
12267.2060546875 2675
12306.5947265625 2703
12325.6650390625 1873
12342.45703125 2107
12365.7802734375 1281
12370.1103515625 455
12388.62890625 470
12447.8251953125 902
12453.4248046875 926
12455.24609375 967
12493.3564453125 1104
12496.384765625 1225
12499.2568359375 1286
12510.0966796875 1506
12511.05859375 1516
12511.1572265625 1599
12520.775390625 1779
12521.1162109375 1848
12521.26953125 1867
12523.6484375 1883
12530.986328125 2063
12540.8046875 2210
12557.7470703125 2246
12581.501953125 2285
12582.0234375 2361
12596.3701171875 2686
12606.15625 2700
12606.447265625 88
12622.5078125 586
12625.162109375 136
12649.935546875 1471
12655.650390625 226
12658.1650390625 296
12662.6513671875 1197
12684.947265625 1666
12685.953125 2511
12686.087890625 101
12709.2470703125 215
12711.36328125 549
12713.3603515625 550
12713.697265625 573
12716.287109375 1136
12721.615234375 1199
12722.6923828125 1530
12723.5498046875 1581
12737.005859375 1640
12746.9697265625 1688
12758.884765625 1968
12798.93359375 2526
12810.6455078125 2571
12814.2724609375 2983
12819.87109375 1787
12843.5693359375 602
12850.3505859375 1146
12855.646484375 253
12873.91015625 342
12882.77734375 843
12884.0205078125 1233
12884.44921875 1335
12885.9892578125 1394
12924.82421875 1737
12951.29296875 1784
12954.2099609375 1950
12954.689453125 2025
12971.29296875 2473
12981.0458984375 2518
12985.427734375 999
12985.9365234375 1056
12999.478515625 1900
13011.142578125 1304
13014.7197265625 1326
13015.03515625 2967
13047.431640625 1329
13070.015625 50
13083.138671875 318
13083.1396484375 389
13110.55859375 478
13121.64453125 491
13137.2080078125 580
13140.181640625 599
13166.6826171875 890
13169.6611328125 896
13170.57421875 909
13180.4697265625 919
13183.22265625 995
13185.919921875 1273
13226.6630859375 1342
13229.203125 1430
13236.34765625 1495
13241.0009765625 1568
13245.537109375 1583
13249.771484375 1764
13263.5107421875 1774
13266.8544921875 2065
13278.9921875 2117
13284.58984375 2181
13291.1767578125 2268
13318.0732421875 2465
13322.3134765625 2664
13326.0068359375 2760
13336.5341796875 2764
13369.9404296875 2938
13377.5986328125 2943
13392.9306640625 1860
13400.923828125 2880
13402.220703125 1333
13402.58203125 2631
13402.91015625 146
13404.099609375 1538
13406.0390625 21
13406.7197265625 34
13413.33984375 200
13427.8212890625 288
13443.01171875 336
13448.71875 385
13473.2822265625 517
13488.712890625 546
13512.3046875 609
13534.9267578125 614
13552.6884765625 683
13553.3037109375 686
13560.236328125 769
13570.8369140625 1097
13570.8369140625 1221
13571.291015625 1322
13575.203125 1359
13580.255859375 1376
13581.248046875 1686
13582.369140625 1854
13589.7265625 2513
13599.3935546875 2553
13605.2724609375 2650
13640.33203125 2672
13641.34375 2911
13651.806640625 78
13655.5263671875 2713
13656.7705078125 2800
13657.369140625 2651
13667.59765625 2970
13669.3525390625 1045
13669.4052734375 1068
13673.634765625 2078
13680.599609375 884
13680.599609375 886
13686.3037109375 1028
13686.5625 1845
13689.4580078125 1932
13689.4677734375 2489
13698.45703125 90
13699.01953125 153
13710.771484375 240
13721.5029296875 256
13723.416015625 531
13724.71875 644
13730.64453125 706
13742.70703125 775
13748.84765625 1163
13749.6396484375 1483
13753.38671875 2114
13759.3427734375 2379
13775.412109375 2424
13789.0478515625 2433
13804.333984375 2435
13819.9619140625 2442
13836.7587890625 2683
13843.38671875 2811
13883.0888671875 2176
13885.2841796875 169
13892.662109375 2207
13892.8056640625 1144
13894.830078125 2180
13897.310546875 73
13908.2138671875 663
13924.9140625 677
13926.9580078125 756
13931.16015625 925
13933.2783203125 927
13935.095703125 946
13943.107421875 996
13950.77734375 1141
13954.591796875 1202
13963.8896484375 1251
13964.490234375 1457
13967.8427734375 1502
13976.248046875 1591
13978.6689453125 1733
13988.61328125 1735
14009.0595703125 1919
14020.494140625 1933
14023.3154296875 1955
14026.455078125 2002
14029.4287109375 2335
14049.00390625 2341
14052.9619140625 2565
14070.6376953125 2695
14085.9091796875 2763
14095.53125 2840
14110.783203125 2422
14114.818359375 1020
14118.142578125 640
14162.1904296875 59
14164.267578125 177
14175.0849609375 191
14182.23046875 575
14187.255859375 687
14191.494140625 934
14204.517578125 1119
14234.3740234375 1529
14236.626953125 1697
14249.0546875 1810
14268.96484375 1831
14269.6845703125 2354
14272.4765625 2528
14273.408203125 2679
14285.1875 2712
14293.40625 2747
14305.9541015625 2809
14309.751953125 2821
14322.056640625 2842
14323.896484375 2860
14355.541015625 2906
14362.09765625 2994
14363.9599609375 186
14376.73046875 223
14380.6259765625 1594
14386.08203125 410
14388.91015625 631
14398.5009765625 132
14414.5439453125 2576
14425.4287109375 1282
14438.6943359375 488
14442.0654296875 869
14444.224609375 2059
14454.109375 787
14471.8681640625 904
14475.123046875 137
14483.0947265625 275
14486.65625 328
14489.0439453125 333
14514.3837890625 392
14525.0751953125 407
14536.28515625 489
14559.556640625 680
14560.720703125 1022
14567.7861328125 1290
14595.3359375 1358
14607.6025390625 1607
14632.7392578125 1653
14633.3994140625 2024
14637.8564453125 2184
14637.8564453125 2221
14640.3798828125 2394
14652.33203125 2427
14658.55859375 2517
14667.9111328125 2655
14672.5576171875 2704
14673.833984375 2900
14706.6142578125 2946
14724.203125 459
14726.908203125 1408
14728.287109375 1339
14729.853515625 22
14750.0087890625 45
14753.9345703125 300
14759.513671875 812
14779.8251953125 922
14783.970703125 947
14799.498046875 975
14801.0888671875 1001
14807.193359375 1095
14812.5048828125 1275
14813.236328125 1664
14817.2587890625 1708
14844.0869140625 1763
14869.0419921875 1766
14873.1640625 1889
14877.154296875 2077
14905.115234375 2082
14918.32421875 2131
14918.5859375 2315
14932.9599609375 2317
14949.712890625 2409
14952.57421875 2608
14954.185546875 2616
14955.50390625 2649
14971.0302734375 2819
15061.8486328125 2862
15073.7412109375 1164
15074.9326171875 2213
15077.4599609375 1050
15081.1357421875 979
15093.671875 1562
15098.943359375 1597
15109.46484375 2334
15140.11328125 587
15142.79296875 630
15174.3857421875 777
15208.5537109375 1012
15217.876953125 1064
15218.568359375 1082
15223.994140625 1462
15227.462890625 1501
15227.619140625 1654
15228.67578125 1800
15241.5703125 2656
15257.4912109375 2884
15258.7138671875 1416
15259.0908203125 1575
15261.5087890625 2889
15286.787109375 445
15289.40625 30
15290.9951171875 2484
15292.109375 38
15321.9453125 40
15328.791015625 76
15329.416015625 77
15335.4228515625 108
15341.3896484375 164
15342.056640625 211
15349.541015625 225
15356.140625 376
15356.46484375 437
15356.9365234375 510
15357.78125 646
15370.4599609375 671
15379.63671875 738
15383.80859375 770
15390.7763671875 1434
15396.4296875 1610
15399.919921875 1662
15404.615234375 1709
15409.8837890625 1998
15411.80859375 2166
15411.80859375 2220
15413.640625 2238
15414.8564453125 2255
15416.826171875 2345
15450.048828125 2510
15450.08203125 2581
15455.1640625 2607
15459.5517578125 2807
15462.30078125 1015
15471.5810546875 1984
15471.642578125 1258
15477.419921875 2555
15507.486328125 1147
15507.791015625 865
15514.44140625 939
15528.2724609375 1497
15532.44140625 2630
15541.71484375 2752
15541.953125 457
15572.41015625 309
15576.080078125 316
15592.76171875 483
15597.34765625 484
15599.384765625 633
15600.9921875 1026
15604.212890625 1036
15610.6591796875 1176
15625.41015625 1423
15626.2060546875 1485
15655.455078125 1590
15680.1943359375 1702
15681.6015625 1759
15683.654296875 1818
15685.0322265625 1958
15698.6630859375 1963
15705.8994140625 1977
15705.8994140625 2053
15705.8994140625 2056
15705.9482421875 2125
15706.416015625 2304
15730.59765625 2356
15734.912109375 2477
15740.359375 2533
15743.568359375 2732
15748.486328125 2948
15749.3828125 1601
15749.40234375 2256
15751.32421875 2104
15754.5361328125 284
15775.765625 182
15780.9755859375 916
15786.2744140625 1667
15816.2548828125 1852
15821.576171875 727
15823.8330078125 2036
15824.705078125 2772
15836.681640625 130
15867.2890625 219
15892.69140625 394
15894.7802734375 405
15894.7802734375 634
15902.53125 856
15913.6826171875 983
15940.701171875 1117
15944.228515625 1386
15947.8095703125 1791
15959.3271484375 1991
15977.67578125 2060
15990.1787109375 2215
16016.9765625 2314
16017.064453125 2440
16017.3076171875 2467
16024.7236328125 2618
16028.0546875 2648
16029.998046875 2694
16067.056640625 1772
16085.00390625 818
16095.8515625 2907
16099.5888671875 660
16103.0791015625 1168
16106.0849609375 1145
16141.333984375 1476
16145.318359375 1618
16154.150390625 655
16155.416015625 1592
16161.96484375 2120
16172.3115234375 2557
16177.5029296875 112
16179.84765625 350
16182.740234375 356
16188.4169921875 448
16211.13671875 1500
16220.236328125 1526
16229.6611328125 1587
16230.001953125 1881
16232.8388671875 1943
16246.765625 1962
16248.560546875 1995
16273.76953125 2075
16299.90625 2118
16310.9296875 2309
16313.328125 2418
16351.58203125 2516
16358.7001953125 2588
16363.736328125 2605
16365.41796875 2623
16377.5908203125 2937
16383.99609375 1005
16389.642578125 110
16394.974609375 2360
16395.283203125 121
16405.359375 1046
16407.06640625 298
16427.126953125 372
16440.28125 492
16455.064453125 752
16474.5234375 838
16489.6328125 903
16506.365234375 1034
16515.94921875 1128
16516.529296875 1187
16518.9140625 1437
16544.09375 1488
16551.4921875 1534
16555.9375 1657
16562.810546875 1678
16616.77734375 1824
16622.185546875 1826
16622.880859375 1941
16625.865234375 1997
16626.416015625 2318
16684.609375 2327
16721.140625 2362
16748.177734375 2404
16756.453125 2453
16764.86328125 2458
16800.9140625 2496
16808.23828125 2696
16813.3125 2722
16831.841796875 2796
16838.9765625 2584
16846.259765625 2872
16872.357421875 2589
16884.42578125 2135
16906.85546875 1802
16907.67578125 1853
16917.99609375 1892
16923.6953125 1580
16927.59765625 25
16968.9296875 72
16979.63671875 343
16982.40625 710
16987.873046875 755
17024.326171875 885
17052.10546875 1683
17083.6015625 1776
17132.224609375 1972
17149.095703125 2047
17173.05078125 2138
17181.751953125 2185
17188.28515625 2344
17203.15234375 2545
17210.916015625 2573
17220.853515625 2855
17235.865234375 2159
17243.4296875 1067
17253.703125 371
17260.900390625 243
17278.32421875 1301
17279.98828125 311
17281.634765625 426
17290.25390625 648
17293.72265625 720
17299.130859375 792
17310.10546875 940
17341.765625 1006
17353.81640625 1032
17373.568359375 1160
17384.763671875 1189
17401.955078125 2183
17406.109375 2190
17418.83203125 2301
17468.431640625 1459
17471.40625 1649
17482.1328125 353
17497.935546875 2706
17503.154296875 1511
17515.900390625 1778
17552.2421875 329
17553.044921875 731
17553.056640625 1400
17567.876953125 2070
17576.5 1480
17585.408203125 1714
17585.962890625 249
17587.158203125 94
17592.34765625 2823
17606.51171875 471
17616.013671875 473
17624.33984375 747
17635.14453125 915
17686.33984375 921
17687.91796875 993
17688.16796875 1072
17699.7578125 1415
17718.546875 1541
17730.666015625 1746
17750.1171875 1949
17763.611328125 2079
17772.384765625 2219
17774.3359375 2258
17779.80078125 2413
17823.591796875 2628
17829.611328125 2828
17861.373046875 2903
17869.873046875 2996
17901.130859375 204
17933.99609375 1247
17936.73828125 1410
17950.189453125 1888
17964.759765625 1214
17967.533203125 1658
18000.095703125 2587
18007.4375 380
18016.150390625 688
18027.25 1761
18032.306640625 66
18052.990234375 127
18079.244140625 179
18081.685546875 855
18082.7265625 1198
18090.48046875 1250
18105.607421875 1507
18113.046875 1558
18146.37890625 2007
18148.091796875 2092
18168.640625 2231
18197.0703125 2384
18220.9453125 2457
18255.96875 2544
18255.96875 2717
18294.25390625 2774
18298.1328125 2794
18309.759765625 2909
18357.453125 972
18369.068359375 1138
18384.400390625 1442
18388.6796875 1137
18413.583984375 102
18420.998046875 667
18422.486328125 1935
18426.96484375 2352
18443.5546875 2887
18474.267578125 427
18488.224609375 1533
18489.84765625 170
18522.90234375 262
18563.7734375 306
18583.49609375 596
18583.84375 805
18597.791015625 849
18663.771484375 850
18671.419921875 965
18701.6015625 976
18705.287109375 1058
18749.859375 1403
18760.2890625 1645
18850.390625 1999
18857.990234375 2292
18870.087890625 2392
18906.107421875 2403
18923.19921875 2497
18924.962890625 2524
18925.912109375 2601
18926.6640625 2652
18937.708984375 2657
18984.904296875 2761
18995.826171875 2839
19110.89453125 2939
19150.791015625 2984
19170.08984375 1027
19193.283203125 622
19256.001953125 417
19290.197265625 450
19340.29296875 690
19346.46875 969
19352.85546875 982
19405.28515625 1040
19424.125 1078
19426.732421875 1083
19443.84375 1382
19451.388671875 1391
19451.662109375 1486
19540.435546875 1503
19572.12109375 1547
19576.90625 1561
19687.78125 1965
19698.359375 2026
19712.576171875 2066
19728.6796875 2182
19747.798828125 2245
19747.818359375 2460
19761.833984375 2466
19777.310546875 2540
19791.173828125 2593
19791.265625 2632
19792.583984375 2753
19862.380859375 2759
19874.529296875 2793
19887.1328125 2925
19930.845703125 2152
19940.447265625 762
19991.0859375 2757
20003.171875 37
20099.44921875 1624
20109.814453125 1271
20137.74609375 2370
20149.15234375 2895
20178.958984375 2411
20180.671875 67
20185.87890625 150
20255.638671875 171
20267.71484375 195
20288.931640625 363
20382.005859375 522
20411.580078125 657
20466.560546875 701
20471.669921875 760
20501.603515625 811
20548.37109375 874
20558.298828125 875
20625.310546875 1002
20637.373046875 1007
20645.12109375 1023
20653.544921875 1356
20659.0703125 1378
20671.2109375 1489
20671.466796875 1629
20676.05859375 2721
20698.9375 2032
20757.109375 2259
20789.0078125 771
20809.294921875 1543
20844.24609375 2241
20858.552734375 1964
20880.40234375 1625
20888.84765625 2693
20908.01953125 222
20973.171875 258
20987.146484375 281
20997.51953125 506
21074.009765625 582
21158.3828125 724
21223.21875 879
21268.037109375 1003
21281.146484375 1171
21472.236328125 1182
21504.84765625 1588
21566.103515625 1685
21567.490234375 1758
21579.15234375 2300
21700.712890625 2310
21708.052734375 2705
21793.703125 2845
21851.869140625 2916
21864.228515625 1811
21869.994140625 2701
21902.205078125 421
21983.572265625 1440
22072.80859375 2337
22195.302734375 2531
22307.4375 18
22335.107421875 29
22405.951171875 31
22435.37890625 104
22495.001953125 274
22572.609375 321
22596.033203125 370
22596.24609375 375
22615.8046875 562
22796.544921875 914
22816.7890625 944
22874.0390625 1672
22968.771484375 1684
22996.15234375 1825
23021.63671875 1846
23313.548828125 1960
23407.560546875 1976
23446.6484375 2006
23606.330078125 2319
23618.73828125 2405
23630.521484375 2550
23670.537109375 2606
23781.798828125 2768
23812.333984375 1081
23927.92578125 1780
23947.490234375 16
23975.77734375 28
24222.75 125
24284.154296875 212
24424.169921875 265
24462.3515625 295
24836.90234375 360
24893.5078125 364
24954.375 937
24990.107421875 1077
24991.939453125 1101
25260.009765625 1241
25517.482421875 1243
25695.744140625 1307
25841.57421875 1343
25897.267578125 1404
25927.04296875 1418
25982.49609375 1585
26084.068359375 1719
26497.7109375 1822
26602.69140625 2009
26770.78515625 2164
26985.5390625 2214
27091.5078125 2250
27438.548828125 2263
29350.59375 2342
34590.80859375 2359
35185.3671875 2547
