6819.7861328125 1811
6819.7861328125 2701
6882.95654296875 421
7612.7021484375 1440
7653.3173828125 2337
7658.86328125 2531
7817.21923828125 18
7905.3369140625 29
8145.921875 31
8157.58251953125 104
8273.4365234375 274
8274.7939453125 321
8374.8095703125 370
8461.5458984375 375
8525.3046875 562
8750.45703125 914
8751.0068359375 944
8948.60546875 1672
9001.4052734375 1684
9044.0625 1825
9047.5185546875 1846
9070.9912109375 1960
9098.4619140625 1976
9128.16015625 2006
9140.3232421875 2319
9188.5693359375 2405
9322.443359375 2550
9353.810546875 2606
9362.384765625 2768
9366.94140625 1446
9417.5517578125 87
9422.99609375 251
9468.541015625 527
9497.767578125 529
9583.1640625 625
9598.7197265625 641
9618.5361328125 693
9646.857421875 873
9717.0849609375 881
9721.908203125 928
9738.1044921875 1133
9779.5830078125 1283
9795.8759765625 1318
9824.8017578125 1346
9828.443359375 1417
9835.01953125 1720
9907.24609375 1987
9923.62109375 2226
9951.451171875 2296
9966.2587890625 2515
9977.09765625 2572
10003.1650390625 2669
10004.4375 2728
10048.69140625 2734
10062.0009765625 2746
10111.7412109375 2852
10218.751953125 2866
10226.51953125 2915
10236.01171875 2949
10257.1064453125 377
10308.203125 2281
10312.619140625 160
10321.771484375 1
10323.1611328125 425
10327.669921875 446
10380.8408203125 800
10387.509765625 918
10420.751953125 953
10426.552734375 985
10434.6650390625 986
10443.130859375 1008
10447.03125 1043
10451.3486328125 1270
10453.7041015625 1317
10462.2646484375 1435
10462.453125 1548
10480.1845703125 1606
10484.24609375 1661
10522.611328125 1712
10584.189453125 2010
10608.806640625 2088
10612.578125 2365
10633.2138671875 2410
10644.3720703125 2414
10679.236328125 2482
10725.4775390625 2560
10731.10546875 2781
10745.693359375 2820
10783.8916015625 997
10784.1298828125 1781
10809.220703125 81
10822.828125 229
10832.7412109375 440
10847.85546875 548
10859.6748046875 611
10894.7236328125 826
10913.9326171875 834
11013.451171875 848
11031.7587890625 871
11046.189453125 893
11055.8154296875 1231
11081.7900390625 1256
11098.7607421875 1315
11130.833984375 1458
11136.06640625 1550
11150.69921875 1671
11150.69921875 1711
11205.6279296875 1815
11222.900390625 1893
11223.6640625 2312
11242.9892578125 2324
11254.572265625 2385
11276.6884765625 2447
11277.482421875 2562
11284.66015625 2610
11296.103515625 2622
11310.2041015625 2853
11343.98046875 2924
11351.666015625 2927
11354.7255859375 2239
11361.4931640625 1362
11371.658203125 1926
11423.4306640625 2997
11424.076171875 254
11429.20703125 388
11438.33984375 465
11443.044921875 498
11444.90625 520
11454.259765625 962
11483.689453125 981
11491.8740234375 1156
11545.2939453125 1652
11549.7880859375 2205
11560.212890625 2339
11571.24609375 2417
11596.126953125 2494
11598.8271484375 2687
11610.3515625 1122
11610.73828125 1670
11693.0 264
11707.0693359375 2173
11736.703125 1646
11738.0830078125 2396
11746.95703125 49
11753.408203125 189
11774.8427734375 261
11791.138671875 263
11804.650390625 430
11816.3671875 831
11821.490234375 899
11821.765625 1123
11839.87890625 1169
11844.7744140625 1350
11865.4228515625 1405
11889.1357421875 1512
11893.912109375 1750
11899.7861328125 1769
11905.228515625 1908
11923.6865234375 1966
11955.52734375 1982
11979.96875 1993
11987.02734375 2094
12007.1630859375 2126
12026.7255859375 2141
12029.134765625 2171
12058.17578125 2174
12070.751953125 2177
12097.53125 2237
12097.53125 2367
12098.01171875 2536
12200.12109375 2542
12203.3125 2582
12205.298828125 2675
12210.9951171875 2703
12218.0751953125 1873
12227.220703125 2107
12235.2080078125 1281
12235.5048828125 455
12259.763671875 470
12270.298828125 902
12274.98828125 926
12294.94921875 967
12308.3681640625 1104
12365.01953125 1225
12368.89453125 1286
12368.9794921875 1506
12408.2939453125 1516
12439.5830078125 1599
12441.3271484375 1779
12455.3408203125 1848
12465.6572265625 1867
12484.33984375 1883
12495.84765625 2063
12515.904296875 2210
12540.9013671875 2246
12543.669921875 2285
12550.501953125 2361
12554.3388671875 2686
12558.681640625 2700
12559.7001953125 88
12571.6298828125 586
12572.62109375 136
12593.85546875 1471
12604.9873046875 226
12625.7724609375 296
12631.392578125 1197
12638.4716796875 1666
12638.677734375 2511
12648.111328125 101
12667.421875 215
12677.9072265625 549
12682.296875 550
12693.7265625 573
12709.3984375 1136
12729.12890625 1199
12753.1845703125 1530
12766.28515625 1581
12779.169921875 1640
12782.716796875 1688
12786.5703125 1968
12803.0595703125 2526
12809.3125 2571
12847.080078125 2983
12850.8662109375 1787
12862.1552734375 602
12865.6875 1146
12868.58203125 253
12887.6484375 342
12890.8173828125 843
12892.2939453125 1233
12894.416015625 1335
12912.275390625 1394
12915.158203125 1737
12916.6748046875 1784
12941.927734375 1950
12945.66015625 2025
12947.736328125 2473
12955.107421875 2518
12962.431640625 999
12998.0859375 1056
12999.9052734375 1900
13001.2294921875 1304
13001.466796875 1326
13027.01953125 2967
13029.44140625 1329
13047.134765625 50
13056.9150390625 318
13057.5029296875 389
13067.98046875 478
13071.505859375 491
13073.865234375 580
13086.8251953125 599
13108.9267578125 890
13108.94140625 896
13125.9052734375 909
13127.171875 919
13156.2587890625 995
13202.36328125 1273
13241.2744140625 1342
13250.5498046875 1430
13252.9794921875 1495
13258.0126953125 1568
13288.73828125 1583
13310.8720703125 1764
13311.23828125 1774
13323.20703125 2065
13323.9208984375 2117
13330.9326171875 2181
13335.568359375 2268
13364.6962890625 2465
13395.5224609375 2664
13399.47265625 2760
13404.193359375 2764
13420.2099609375 2938
13427.9111328125 2943
13429.482421875 1860
13434.0830078125 2880
13447.177734375 1333
13459.857421875 2631
13464.74609375 146
13469.931640625 1538
13474.564453125 21
13480.4775390625 34
13482.751953125 200
13482.892578125 288
13483.1279296875 336
13529.2197265625 385
13559.779296875 517
13571.765625 546
13574.7890625 609
13583.4736328125 614
13590.23828125 683
13600.884765625 686
13604.6767578125 769
13646.0234375 1097
13663.869140625 1221
13670.943359375 1322
13685.1943359375 1359
13737.3916015625 1376
13779.3642578125 1686
13785.7314453125 1854
13805.83203125 2513
13835.4609375 2553
13841.65625 2650
13845.5478515625 2672
13858.134765625 2911
13866.9697265625 78
13871.9931640625 2713
13891.0927734375 2800
13896.197265625 2651
13911.4052734375 2970
13925.791015625 1045
13949.9775390625 1068
13953.9453125 2078
13960.3017578125 884
13973.3017578125 886
13973.638671875 1028
13993.23828125 1845
13999.8984375 1932
14010.380859375 2489
14033.443359375 90
14033.833984375 153
14045.7705078125 240
14046.3056640625 256
14059.416015625 531
14072.09765625 644
14102.5576171875 706
14113.1796875 775
14133.0732421875 1163
14136.9052734375 1483
14148.67578125 2114
14155.6318359375 2379
14160.13671875 2424
14170.32421875 2433
14192.203125 2435
14205.5224609375 2442
14207.4775390625 2683
14215.373046875 2811
14219.90625 2176
14229.0908203125 169
14230.521484375 2207
14239.8994140625 1144
14245.3681640625 2180
14269.474609375 73
14269.6328125 663
14286.4990234375 677
14295.9228515625 756
14301.626953125 925
14302.80859375 927
14304.150390625 946
14316.3505859375 996
14327.33203125 1141
14338.7841796875 1202
14358.2353515625 1251
14374.267578125 1457
14376.568359375 1502
14392.708984375 1591
14394.830078125 1733
14421.826171875 1735
14439.2158203125 1919
14455.7099609375 1933
14458.9677734375 1955
14462.734375 2002
14472.759765625 2335
14473.43359375 2341
14475.6005859375 2565
14475.66015625 2695
14491.212890625 2763
14512.6796875 2840
14518.7060546875 2422
14532.4150390625 1020
14545.3271484375 640
14566.8662109375 59
14607.9677734375 177
14638.9296875 191
14652.1875 575
14657.0849609375 687
14668.916015625 934
14684.474609375 1119
14685.69140625 1529
14703.6806640625 1697
14747.2509765625 1810
14759.8994140625 1831
14767.2216796875 2354
14783.5673828125 2528
14809.4404296875 2679
14825.6748046875 2712
14827.31640625 2747
14840.0166015625 2809
14840.29296875 2821
14844.119140625 2842
14859.0078125 2860
14872.5166015625 2906
14875.220703125 2994
14889.3955078125 186
14897.3740234375 223
14909.779296875 1594
14917.9326171875 410
14920.625 631
14927.974609375 132
14935.75390625 2576
14947.7509765625 1282
14956.5576171875 488
14966.302734375 869
14971.83984375 2059
15024.2607421875 787
15033.1650390625 904
15047.3125 137
15052.1845703125 275
15062.287109375 328
15083.9736328125 333
15117.5283203125 392
15118.896484375 407
15127.6171875 489
15142.197265625 680
15150.9892578125 1022
15172.28515625 1290
15180.306640625 1358
15181.3427734375 1607
15197.8017578125 1653
15233.80859375 2024
15235.5888671875 2184
15238.244140625 2221
15253.90234375 2394
15281.201171875 2427
15290.1494140625 2517
15315.6806640625 2655
15355.294921875 2704
15363.1083984375 2900
15384.3330078125 2946
15386.03515625 459
15399.806640625 1408
15411.93359375 1339
15417.310546875 22
15430.806640625 45
15435.22265625 300
15444.671875 812
15448.8447265625 922
15455.6953125 947
15505.5439453125 975
15506.15234375 1001
15515.4296875 1095
15520.421875 1275
15522.216796875 1664
15527.7958984375 1708
15557.5078125 1763
15561.04296875 1766
15565.7001953125 1889
15577.8115234375 2077
15584.5703125 2082
15590.13671875 2131
15597.603515625 2315
15613.2001953125 2317
15613.2890625 2409
15613.755859375 2608
15625.431640625 2616
15635.6826171875 2649
15650.5380859375 2819
15678.1611328125 2862
15682.8193359375 1164
15691.66015625 2213
15708.212890625 1050
15747.8310546875 979
15759.716796875 1562
15765.234375 1597
15774.654296875 2334
15788.830078125 587
15790.873046875 630
15791.201171875 777
15800.3125 1012
15803.427734375 1064
15828.8759765625 1082
15829.4541015625 1462
15842.0537109375 1501
15853.6279296875 1654
15864.326171875 1800
15870.6748046875 2656
15902.76953125 2884
15914.060546875 1416
15927.0234375 1575
15936.7294921875 2889
15943.7490234375 445
15948.884765625 30
15967.7783203125 2484
15979.6962890625 38
15981.814453125 40
15989.4130859375 76
16023.634765625 77
16043.455078125 108
16048.28515625 164
16048.5966796875 211
16054.525390625 225
16057.953125 376
16058.9990234375 437
16070.9677734375 510
16072.05078125 646
16075.232421875 671
16087.7080078125 738
16088.005859375 770
16096.1728515625 1434
16098.6357421875 1610
16109.46484375 1662
16110.3623046875 1709
16147.138671875 1998
16149.716796875 2166
16153.716796875 2220
16153.87890625 2238
16155.5732421875 2255
16164.0283203125 2345
16175.1435546875 2510
16177.3623046875 2581
16181.9306640625 2607
16190.03125 2807
16192.6474609375 1015
16201.0537109375 1984
16203.873046875 1258
16217.5322265625 2555
16219.228515625 1147
16220.4287109375 865
16227.59765625 939
16250.087890625 1497
16254.1416015625 2630
16261.2119140625 2752
16266.3759765625 457
16266.7666015625 309
16273.837890625 316
16276.193359375 483
16312.5341796875 484
16331.140625 633
16339.66015625 1026
16339.66015625 1036
16345.111328125 1176
16359.1083984375 1423
16366.6484375 1485
16367.6806640625 1590
16384.853515625 1702
16386.2421875 1759
16386.533203125 1818
16398.39453125 1958
16410.138671875 1963
16426.900390625 1977
16430.07421875 2053
16435.578125 2056
16448.6171875 2125
16452.73046875 2304
16469.2578125 2356
16472.099609375 2477
16478.0859375 2533
16495.08984375 2732
16506.90625 2948
16522.83984375 1601
16544.68359375 2256
16562.33984375 2104
16562.33984375 284
16582.484375 182
16585.177734375 916
16588.517578125 1667
16610.416015625 1852
16621.484375 727
16621.515625 2036
16628.228515625 2772
16628.8203125 130
16638.515625 219
16678.62890625 394
16692.17578125 405
16697.185546875 634
16728.958984375 856
16753.12890625 983
16758.7578125 1117
16775.044921875 1386
16794.744140625 1791
16801.001953125 1991
16819.58203125 2060
16819.818359375 2215
16841.2265625 2314
16859.248046875 2440
16868.51953125 2467
16868.51953125 2618
16877.62109375 2648
16885.87890625 2694
16899.2421875 1772
16920.27734375 818
16927.431640625 2907
16952.544921875 660
16959.794921875 1168
16986.78125 1145
17024.099609375 1476
17035.46484375 1618
17047.375 655
17072.470703125 1592
17111.169921875 2120
17113.05078125 2557
17119.953125 112
17134.626953125 350
17141.466796875 356
17143.974609375 448
17147.38671875 1500
17160.4609375 1526
17171.4140625 1587
17178.0234375 1881
17180.080078125 1943
17203.64453125 1962
17214.2421875 1995
17280.28125 2075
17280.609375 2118
17292.80859375 2309
17300.59375 2418
17314.0390625 2516
17379.44921875 2588
17406.3203125 2605
17433.833984375 2623
17457.787109375 2937
17464.521484375 1005
17512.73046875 110
17554.73046875 2360
17572.9921875 121
17575.705078125 1046
17591.94921875 298
17615.37109375 372
17653.166015625 492
17662.28125 752
17702.072265625 838
17725.505859375 903
17740.34765625 1034
17753.8671875 1128
17754.9296875 1187
17773.1484375 1437
17773.16015625 1488
17809.716796875 1534
17814.25390625 1657
17823.564453125 1678
17830.9609375 1824
17835.376953125 1826
17848.974609375 1941
17849.22265625 1997
17850.81640625 2318
17858.423828125 2327
17860.013671875 2362
17885.689453125 2404
17891.6640625 2453
17913.02734375 2458
17925.369140625 2496
17942.171875 2696
17950.0859375 2722
17951.935546875 2796
17953.6015625 2584
17973.9609375 2872
18010.029296875 2589
18011.779296875 2135
18027.966796875 1802
18049.060546875 1853
18059.85546875 1892
18074.134765625 1580
18074.736328125 25
18078.001953125 72
18108.544921875 343
18113.3671875 710
18114.423828125 755
18125.548828125 885
18133.71484375 1683
18148.625 1776
18154.15625 1972
18171.310546875 2047
18187.583984375 2138
18224.7890625 2185
18249.193359375 2344
18255.478515625 2545
18258.0390625 2573
18300.267578125 2855
18351.9921875 2159
18359.744140625 1067
18361.224609375 371
18366.146484375 243
18369.25 1301
18370.490234375 311
18419.32421875 426
18419.935546875 648
18448.060546875 720
18482.51171875 792
18486.91796875 940
18528.111328125 1006
18541.474609375 1032
18547.046875 1160
18549.37890625 1189
18550.744140625 2183
18558.736328125 2190
18561.51953125 2301
18627.25390625 1459
18630.205078125 1649
18645.669921875 353
18667.1484375 2706
18673.55078125 1511
18680.7890625 1778
18701.7734375 329
18702.169921875 731
18718.3671875 1400
18723.03515625 2070
18749.552734375 1480
18749.87109375 1714
18756.58984375 249
18771.8984375 94
18820.71484375 2823
18820.7578125 471
18823.251953125 473
18831.408203125 747
18835.7265625 915
18839.388671875 921
18839.591796875 993
18856.005859375 1072
18881.19140625 1415
18888.99609375 1541
18897.171875 1746
18899.51171875 1949
18908.125 2079
18931.0546875 2219
18942.857421875 2258
18983.46875 2413
19004.4140625 2628
19007.41015625 2828
19035.626953125 2903
19051.07421875 2996
19080.734375 204
19091.330078125 1247
19093.365234375 1410
19102.658203125 1888
19116.990234375 1214
19142.611328125 1658
19149.044921875 2587
19164.40234375 380
19210.888671875 688
19218.71484375 1761
19241.34375 66
19261.75 127
19279.013671875 179
19342.296875 855
19375.09765625 1198
19397.837890625 1250
19403.052734375 1507
19412.68359375 1558
19454.56640625 2007
19466.759765625 2092
19472.869140625 2231
19572.44140625 2384
19581.85546875 2457
19634.373046875 2544
19692.22265625 2717
19726.30859375 2774
19731.36328125 2794
19737.48828125 2909
19782.6796875 972
19790.3203125 1138
19818.470703125 1442
19826.8203125 1137
19830.654296875 102
19847.34765625 667
19891.458984375 1935
19938.955078125 2352
19940.916015625 2887
19953.232421875 427
19959.82421875 1533
19988.015625 170
20000.501953125 262
20012.478515625 306
20039.69140625 596
20041.986328125 805
20055.837890625 849
20070.75 850
20076.599609375 965
20099.96875 976
20141.21875 1058
20151.56640625 1403
20160.26953125 1645
20202.71484375 1999
20237.720703125 2292
20252.9140625 2392
20258.548828125 2403
20273.97265625 2497
20299.4765625 2524
20311.64453125 2601
20312.8671875 2652
20326.0390625 2657
20329.44921875 2761
20369.39453125 2839
20562.546875 2939
20616.830078125 2984
20617.0859375 1027
20667.732421875 622
20668.5078125 417
20729.6640625 450
20731.9765625 690
20781.669921875 969
20888.0234375 982
20889.97265625 1040
20892.640625 1078
20898.982421875 1083
20903.798828125 1382
20912.619140625 1391
20916.458984375 1486
20928.41015625 1503
20970.767578125 1547
21032.921875 1561
21053.126953125 1965
21093.53515625 2026
21096.13671875 2066
21105.42578125 2182
21111.7109375 2245
21228.970703125 2460
21235.05078125 2466
21277.44140625 2540
21404.11328125 2593
21455.81640625 2632
21571.8359375 2753
21741.525390625 2759
21741.822265625 2793
21770.130859375 2925
21791.66015625 2152
21822.376953125 762
21848.787109375 2757
21870.943359375 37
21875.58203125 1624
21895.6796875 1271
21918.583984375 2370
21992.685546875 2895
22023.515625 2411
22052.33203125 67
22057.3984375 150
22123.34375 171
22166.67578125 195
22174.478515625 363
22261.04296875 522
22315.400390625 657
22404.93359375 701
22442.849609375 760
22463.96484375 811
22534.28515625 874
22550.14453125 875
22567.0078125 1002
22635.3203125 1007
22642.517578125 1023
22647.5 1356
22675.3828125 1378
22678.404296875 1489
22783.6015625 1629
22818.37890625 2721
22944.283203125 2032
22989.4765625 2259
22990.33984375 771
23078.984375 1543
23086.99609375 2241
23152.857421875 1964
23181.896484375 1625
23208.095703125 2693
23211.259765625 222
23513.048828125 258
23610.642578125 281
23658.77734375 506
23688.828125 582
23724.583984375 724
23755.923828125 879
23788.138671875 1003
23803.6953125 1171
23942.916015625 1182
23971.87109375 1588
23989.2890625 1685
24280.150390625 1758
24375.908203125 2300
24387.283203125 2310
24486.390625 2705
24539.494140625 2845
24552.21484375 2916
24594.26953125 1081
24624.3359375 1780
24826.671875 16
25272.80078125 28
25398.53125 125
25514.92578125 212
25514.92578125 265
25551.298828125 295
25609.37109375 360
25613.125 364
25702.67578125 937
25792.5078125 1077
26501.115234375 1101
27002.296875 1241
27033.423828125 1243
27107.32421875 1307
27518.341796875 1343
27561.205078125 1404
27740.255859375 1418
27945.912109375 1585
28043.748046875 1719
29118.833984375 1822
29204.478515625 2009
29416.541015625 2164
29519.982421875 2214
30220.931640625 2250
30595.87890625 2263
31067.236328125 2342
32112.513671875 2359
32507.0 2547
