714.83056640625 1046
716.2100219726562 298
826.215576171875 372
833.374755859375 492
933.8009033203125 752
957.4317016601562 838
1041.019287109375 903
1166.5894775390625 1034
1196.156494140625 1128
1198.5263671875 1187
1231.114501953125 1437
1286.011962890625 1488
1330.38720703125 1534
1333.6593017578125 1657
1345.235107421875 1678
1571.511474609375 1824
1571.511474609375 1826
1571.54150390625 1941
1654.204345703125 1997
1678.3759765625 2318
1703.8431396484375 2327
1754.7130126953125 2362
1815.198486328125 2404
1891.4735107421875 2453
1891.4735107421875 2458
1971.0947265625 2496
2046.7310791015625 2696
2085.34423828125 2722
2194.9013671875 2796
2387.623046875 2584
2567.548828125 2872
2710.73193359375 1446
2755.112548828125 87
2768.83447265625 251
2769.406005859375 527
3110.733642578125 529
3221.10595703125 625
3298.303466796875 641
3443.14453125 693
3458.5966796875 873
3490.810546875 881
3898.258056640625 928
3971.205078125 1133
4290.3408203125 1283
4484.7919921875 1318
4527.46630859375 1346
4537.2666015625 1417
4728.9931640625 1720
4729.42529296875 1987
4957.07861328125 2226
5224.9677734375 2296
5246.05126953125 2515
5359.7861328125 2572
5602.046875 2669
5682.9443359375 2728
5713.14404296875 2734
5781.7431640625 2746
5919.40673828125 2852
6091.47119140625 2866
6556.9150390625 2915
6772.15234375 2949
6863.9951171875 377
7062.0234375 2281
7080.5966796875 160
7257.47216796875 1
7501.4892578125 425
7980.95458984375 446
8015.109375 800
8024.3154296875 918
8084.017578125 953
8230.849609375 985
8338.7626953125 986
8396.6328125 1008
8556.5068359375 1043
8627.2548828125 1270
8758.265625 1317
9008.966796875 1435
9043.9296875 1548
9073.7080078125 1606
9181.830078125 1661
9216.72265625 1712
9330.58984375 2010
9368.259765625 2088
9504.638671875 2365
9924.7021484375 2410
10220.724609375 2414
10493.8076171875 2482
10509.3369140625 2560
10518.3154296875 2781
10532.009765625 2820
10788.7666015625 997
10959.46875 1781
11066.4296875 81
11140.7470703125 229
11182.330078125 440
11418.943359375 548
11449.7607421875 611
11519.1474609375 826
11564.552734375 834
11566.880859375 848
11765.724609375 871
11858.0810546875 893
11916.0673828125 1231
12088.900390625 1256
12528.44921875 1315
12686.828125 1458
12837.623046875 1550
12946.15625 1671
13112.6953125 1711
13129.5810546875 1815
13224.04296875 1893
13272.1337890625 2312
13297.181640625 2324
13301.1142578125 2385
13358.216796875 2447
13375.37890625 2562
13409.4990234375 2610
13474.6025390625 2622
13578.1796875 2853
13714.720703125 2924
13755.4189453125 2927
13858.8779296875 2239
14092.6044921875 1362
14166.3486328125 1926
14218.404296875 2997
14254.474609375 254
14313.6591796875 388
14420.3125 465
14479.3505859375 498
14740.6953125 520
14762.6123046875 962
14782.404296875 981
14961.4013671875 1156
15142.638671875 1652
15169.681640625 2205
15204.0380859375 2339
15442.541015625 2417
15448.4345703125 2494
15575.767578125 2687
15628.2001953125 1122
15703.54296875 1670
15750.005859375 264
15815.13671875 2173
15827.560546875 1646
16060.0234375 2396
16077.32421875 49
16223.03515625 189
16239.28515625 261
16245.2294921875 263
16249.1728515625 430
16268.2216796875 831
16449.30078125 899
16463.01953125 1123
16493.001953125 1169
16495.33984375 1350
16518.23046875 1405
16594.126953125 1512
16769.875 1750
16793.73828125 1769
16891.396484375 1908
16959.3984375 1966
17145.9609375 1982
17200.9921875 1993
17396.005859375 2094
17441.59375 2126
17442.5390625 2141
17470.1171875 2171
17474.19921875 2174
17561.03515625 2177
17580.880859375 2237
17588.646484375 2367
17606.650390625 2536
17729.95703125 2542
17753.76171875 2582
17776.017578125 2675
17792.33203125 2703
17860.724609375 1873
17883.56640625 2107
17912.625 1281
18002.814453125 455
18138.966796875 470
18175.322265625 902
18317.193359375 926
18337.21484375 967
18393.861328125 1104
18398.24609375 1225
18410.783203125 1286
18448.328125 1506
18497.30078125 1516
18499.60546875 1599
18545.58984375 1779
18554.359375 1848
18557.5 1867
18580.59375 1883
18604.2421875 2063
18655.3125 2210
18727.1796875 2246
18760.544921875 2285
18831.529296875 2361
18846.869140625 2686
18865.734375 2700
18870.8984375 88
18888.669921875 586
18913.326171875 136
18944.50390625 1471
18959.267578125 226
18973.705078125 296
18989.90625 1197
19039.783203125 1666
19062.7890625 2511
19165.615234375 101
19261.69140625 215
19317.525390625 549
19317.916015625 550
19380.72265625 573
19418.81640625 1136
19419.3671875 1199
19503.658203125 1530
19519.4375 1581
19522.935546875 1640
19547.115234375 1688
19565.671875 1968
19597.361328125 2526
19607.296875 2571
19609.453125 2983
19635.552734375 1787
19673.046875 602
19689.8515625 1146
19703.08984375 253
19831.814453125 342
19858.55078125 843
19900.62109375 1233
19907.216796875 1335
19958.8125 1394
20015.767578125 1737
20021.89453125 1784
20067.72265625 1950
20073.513671875 2025
20079.908203125 2473
20086.0859375 2518
20088.85546875 999
20089.01953125 1056
20146.35546875 1900
20202.919921875 1304
20234.333984375 1326
20256.56640625 2967
20287.349609375 1329
20287.349609375 50
20311.8359375 318
20319.6796875 389
20335.07421875 478
20353.39453125 491
20356.400390625 580
20389.62109375 599
20405.55859375 890
20415.796875 896
20459.951171875 909
20506.625 919
20548.28125 995
20587.421875 1273
20635.138671875 1342
20659.640625 1430
20702.8984375 1495
20703.56640625 1568
20738.384765625 1583
20798.017578125 1764
20806.794921875 1774
20811.61328125 2065
20812.142578125 2117
20812.21875 2181
20876.375 2268
20912.9609375 2465
20937.0078125 2664
20969.41796875 2760
21006.654296875 2764
21013.29296875 2938
21015.03125 2943
21062.984375 1860
21095.251953125 2880
21100.763671875 1333
21119.23828125 2631
21125.98828125 146
21128.326171875 1538
21159.642578125 21
21160.3515625 34
21166.400390625 200
21174.03125 288
21206.884765625 336
21221.208984375 385
21244.017578125 517
21246.763671875 546
21255.013671875 609
21265.662109375 614
21277.39453125 683
21277.39453125 686
21277.39453125 769
21380.58984375 1097
21383.125 1221
21418.95703125 1322
21432.36328125 1359
21446.98046875 1376
21457.404296875 1686
21459.36328125 1854
21464.96875 2513
21475.9921875 2553
21486.35546875 2650
21488.82421875 2672
21516.76953125 2911
21521.208984375 78
21543.46484375 2713
21591.4765625 2800
21618.3515625 2651
21639.57421875 2970
21678.345703125 1045
21680.798828125 1068
21698.626953125 2078
21734.091796875 884
21774.01171875 886
21793.0703125 1028
21800.78515625 1845
21811.85546875 1932
21820.142578125 2489
21821.78515625 90
21824.00390625 153
21862.40625 240
21881.6640625 256
21955.0390625 531
21955.0390625 644
21976.970703125 706
21976.970703125 775
21980.775390625 1163
22009.095703125 1483
22012.552734375 2114
22025.171875 2379
22029.3359375 2424
22043.009765625 2433
22054.353515625 2435
22072.625 2442
22082.169921875 2683
22090.580078125 2811
22143.3203125 2176
22176.14453125 169
22179.712890625 2207
22204.033203125 1144
22206.091796875 2180
22207.93359375 73
22216.23046875 663
22228.2265625 677
22244.146484375 756
22298.8359375 925
22348.748046875 927
22352.09765625 946
22356.734375 996
22364.5234375 1141
22433.23828125 1202
22447.32421875 1251
22472.892578125 1457
22475.470703125 1502
22477.189453125 1591
22510.970703125 1733
22516.060546875 1735
22516.8671875 1919
22615.830078125 1933
22627.556640625 1955
22682.69140625 2002
22759.5703125 2335
22762.484375 2341
22796.267578125 2565
22797.896484375 2695
22807.896484375 2763
22873.015625 2840
22874.744140625 2422
22879.62890625 1020
22914.837890625 640
22955.1953125 59
22968.703125 177
23007.17578125 191
23020.435546875 575
23078.873046875 687
23089.642578125 934
23101.740234375 1119
23109.939453125 1529
23136.91796875 1697
23142.9921875 1810
23197.416015625 1831
23214.58984375 2354
23259.85546875 2528
23264.64453125 2679
23275.4140625 2712
23279.5078125 2747
23293.08984375 2809
23298.2890625 2821
23304.046875 2842
23362.40234375 2860
23379.337890625 2906
23395.869140625 2994
23408.005859375 186
23423.31640625 223
23480.181640625 1594
23492.419921875 410
23497.021484375 631
23498.384765625 132
23503.796875 2576
23509.361328125 1282
23511.30859375 488
23517.849609375 869
23517.8828125 2059
23530.513671875 787
23539.74609375 904
23550.16796875 137
23574.517578125 275
23584.517578125 328
23607.376953125 333
23609.44921875 392
23612.853515625 407
23619.376953125 489
23663.98046875 680
23668.5390625 1022
23675.8828125 1290
23690.087890625 1358
23708.068359375 1607
23726.00390625 1653
23738.30859375 2024
23742.78515625 2184
23750.7265625 2221
23754.625 2394
23767.82421875 2427
23769.62109375 2517
23782.79296875 2655
23805.48828125 2704
23811.376953125 2900
23814.072265625 2946
23835.40234375 459
23842.263671875 1408
23844.931640625 1339
23860.99609375 22
23875.078125 45
23884.595703125 300
23888.171875 812
23913.548828125 922
23926.71484375 947
23930.880859375 975
23937.962890625 1001
23940.107421875 1095
23971.9921875 1275
23985.71875 1664
23992.333984375 1708
23999.685546875 1763
24002.75390625 1766
24011.189453125 1889
24034.74609375 2077
24035.474609375 2082
24068.27734375 2131
24070.0546875 2315
24075.267578125 2317
24085.58984375 2409
24098.453125 2608
24116.990234375 2616
24117.494140625 2649
24146.337890625 2819
24170.349609375 2862
24173.26171875 1164
24223.916015625 2213
24228.87890625 1050
24234.185546875 979
24256.2109375 1562
24268.205078125 1597
24274.255859375 2334
24275.86328125 587
24293.3359375 630
24293.984375 777
24318.10546875 1012
24321.40625 1064
24339.40625 1082
24378.28125 1462
24388.62890625 1501
24397.833984375 1654
24397.833984375 1800
24398.607421875 2656
24401.53125 2884
24419.3046875 1416
24444.45703125 1575
24449.4375 2889
24455.767578125 445
24465.52734375 30
24474.53515625 2484
24486.21484375 38
24500.658203125 40
24503.6640625 76
24507.87890625 77
24508.91796875 108
24546.59765625 164
24556.79296875 211
24572.275390625 225
24578.75 376
24582.23828125 437
24596.8671875 510
24676.130859375 646
24693.14453125 671
24711.71484375 738
24726.248046875 770
24730.67578125 1434
24759.986328125 1610
24766.73046875 1662
24790.697265625 1709
24804.51953125 1998
24824.7890625 2166
24835.19921875 2220
24841.5546875 2238
24858.265625 2255
24871.177734375 2345
24872.7421875 2510
24876.953125 2581
24893.369140625 2607
24915.5546875 2807
24932.0703125 1015
24973.640625 1984
24984.67578125 1258
24994.375 2555
25006.40625 1147
25019.7109375 865
25025.70703125 939
25027.69140625 1497
25067.544921875 2630
25070.642578125 2752
25081.798828125 457
25084.724609375 309
25107.6796875 316
25121.751953125 483
25127.5078125 484
25138.890625 633
25139.42578125 1026
25141.38671875 1036
25146.873046875 1176
25152.4296875 1423
25157.767578125 1485
25181.48828125 1590
25188.853515625 1702
25200.14453125 1759
25200.2734375 1818
25242.251953125 1958
25244.380859375 1963
25249.099609375 1977
25252.017578125 2053
25279.298828125 2056
25281.544921875 2125
25295.791015625 2304
25304.84375 2356
25310.443359375 2477
25318.005859375 2533
25368.54296875 2732
25413.232421875 2948
25428.025390625 1601
25433.837890625 2256
25435.08984375 2104
25439.734375 284
25445.587890625 182
25457.79296875 916
25508.91015625 1667
25513.634765625 1852
25514.24609375 727
25584.38671875 2036
25611.62109375 2772
25612.373046875 130
25632.455078125 219
25645.9140625 394
25661.59765625 405
25674.86328125 634
25676.5234375 856
25688.513671875 983
25698.109375 1117
25702.9140625 1386
25713.208984375 1791
25716.890625 1991
25717.642578125 2060
25721.66015625 2215
25728.376953125 2314
25732.14453125 2440
25762.3359375 2467
25763.357421875 2618
25765.41796875 2648
25777.4921875 2694
25787.349609375 1772
25790.01953125 818
25791.859375 2907
25800.794921875 660
25822.76171875 1168
25859.267578125 1145
25862.45703125 1476
25883.900390625 1618
25892.771484375 655
25930.4375 1592
25958.634765625 2120
25975.765625 2557
25990.69921875 112
25998.15234375 350
26018.1171875 356
26022.4609375 448
26034.369140625 1500
26036.818359375 1526
26089.330078125 1587
26092.111328125 1881
26127.046875 1943
26129.46875 1962
26136.248046875 1995
26152.8125 2075
26167.04296875 2118
26169.9921875 2309
26218.927734375 2418
26221.95703125 2516
26247.060546875 2588
26248.44921875 2605
26249.712890625 2623
26256.94140625 2937
26270.810546875 1005
26309.173828125 110
26337.865234375 2360
26341.7890625 121
26345.904296875 2589
26410.203125 2135
26429.263671875 1802
26436.271484375 1853
26459.44140625 1892
26469.015625 1580
26486.47265625 25
26495.716796875 72
26505.470703125 343
26526.69140625 710
26527.66796875 755
26533.248046875 885
26541.310546875 1683
26566.701171875 1776
26606.33984375 1972
26656.884765625 2047
26668.875 2138
26677.0703125 2185
26690.755859375 2344
26715.046875 2545
26722.470703125 2573
26734.03515625 2855
26745.169921875 2159
26753.15234375 1067
26773.45703125 371
26791.892578125 243
26800.806640625 1301
26808.453125 311
26808.7109375 426
26812.75390625 648
26831.23828125 720
26831.2890625 792
26852.8359375 940
26855.2734375 1006
26863.19921875 1032
26873.234375 1160
26881.396484375 1189
26884.09765625 2183
26915.546875 2190
26923.76171875 2301
26953.0703125 1459
26962.17578125 1649
26963.43359375 353
26976.48828125 2706
26982.15625 1511
26986.888671875 1778
27007.248046875 329
27015.07421875 731
27018.58203125 1400
27018.8671875 2070
27036.16015625 1480
27058.2109375 1714
27064.7734375 249
27065.830078125 94
27072.97265625 2823
27073.46484375 471
27076.76953125 473
27077.990234375 747
27091.064453125 915
27099.150390625 921
27113.333984375 993
27126.521484375 1072
27175.384765625 1415
27179.341796875 1541
27202.11328125 1746
27206.0078125 1949
27206.5234375 2079
27210.6328125 2219
27222.822265625 2258
27224.173828125 2413
27255.029296875 2628
27283.8125 2828
27303.98828125 2903
27327.947265625 2996
27333.833984375 204
27339.234375 1247
27350.2890625 1410
27358.94140625 1888
27362.44140625 1214
27390.302734375 1658
27398.26953125 2587
27398.634765625 380
27402.673828125 688
27411.537109375 1761
27420.39453125 66
27441.6953125 127
27444.6015625 179
27468.607421875 855
27468.779296875 1198
27470.84765625 1250
27472.63671875 1507
27475.578125 1558
27481.73046875 2007
27504.44140625 2092
27531.150390625 2231
27578.55078125 2384
27616.90625 2457
27663.025390625 2544
27686.248046875 2717
27707.10546875 2774
27729.103515625 2794
27749.251953125 2909
27777.171875 972
27784.748046875 1138
27785.265625 1442
27833.7421875 1137
27849.8125 102
27851.33984375 667
27853.212890625 1935
27857.306640625 2352
27858.490234375 2887
27872.33984375 427
27877.83203125 1533
27919.388671875 170
27920.46484375 262
27920.560546875 306
27925.0 596
27942.177734375 805
27959.458984375 849
28030.08984375 850
28051.271484375 965
28097.416015625 976
28111.576171875 1058
28139.333984375 1403
28172.123046875 1645
28177.67578125 1999
28242.41015625 2292
28272.966796875 2392
28315.625 2403
28320.24609375 2497
28329.673828125 2524
28357.77734375 2601
28358.53515625 2652
28365.169921875 2657
28375.328125 2761
28386.173828125 2839
28400.833984375 2939
28416.53515625 2984
28423.123046875 1027
28436.84375 622
28445.080078125 417
28455.78515625 450
28455.78515625 690
28470.890625 969
28488.177734375 982
28588.275390625 1040
28589.09375 1078
28595.60546875 1083
28598.09375 1382
28611.359375 1391
28613.189453125 1486
28616.173828125 1503
28628.87109375 1547
28647.640625 1561
28653.767578125 1965
28710.32421875 2026
28741.6171875 2066
28756.44921875 2182
28758.146484375 2245
28759.6796875 2460
28790.560546875 2466
28818.822265625 2540
28842.16796875 2593
28847.322265625 2632
28857.28515625 2753
28862.111328125 2759
28871.09375 2793
28879.41015625 2925
28898.423828125 2152
28909.96484375 762
28973.40625 2757
28977.48046875 37
28982.3359375 1624
28985.462890625 1271
28990.6484375 2370
28995.671875 2895
29019.705078125 2411
29058.546875 67
29099.025390625 150
29105.671875 171
29106.197265625 195
29124.2421875 363
29175.8046875 522
29203.744140625 657
29203.744140625 701
29217.392578125 760
29297.896484375 811
29308.271484375 874
29329.23046875 875
29331.44140625 1002
29370.0078125 1007
29370.810546875 1023
29465.541015625 1356
29477.9296875 1378
29485.53515625 1489
29511.07421875 1629
29549.0 2721
29669.984375 2032
29707.02734375 2259
29726.935546875 771
29756.046875 1543
29803.15625 2241
29899.517578125 1964
29907.9375 1625
29908.595703125 2693
29923.400390625 222
29923.455078125 258
29948.298828125 281
29988.830078125 506
29992.048828125 582
30009.58203125 724
30061.646484375 879
30085.828125 1003
30119.8359375 1171
30161.810546875 1182
30182.033203125 1588
30245.546875 1685
30255.732421875 1758
30304.23828125 2300
30317.818359375 2310
30395.01953125 2705
30405.1953125 2845
30410.05078125 2916
30413.23828125 1811
30422.185546875 2701
30479.205078125 421
30536.51953125 1440
30545.7265625 2337
30548.208984375 2531
30550.85546875 18
30559.841796875 29
30566.107421875 31
30589.06640625 104
30613.673828125 274
30651.94921875 321
30658.189453125 370
30666.873046875 375
30708.013671875 562
30768.705078125 914
30819.318359375 944
30896.173828125 1672
30914.255859375 1684
30918.166015625 1825
30973.81640625 1846
31040.22265625 1960
31108.34375 1976
31183.248046875 2006
31206.7265625 2319
31308.6953125 2405
31424.669921875 2550
31503.685546875 2606
31547.998046875 2768
31666.939453125 1081
31972.77734375 1780
31982.650390625 16
31997.484375 28
32173.943359375 125
32184.8984375 212
32245.232421875 265
32354.662109375 295
32366.3359375 360
32496.63671875 364
32725.625 937
32888.49609375 1077
32922.421875 1101
33141.6015625 1241
33331.36328125 1243
33475.55859375 1307
33911.578125 1343
33983.1171875 1404
34132.75 1418
34226.8515625 1585
34228.82421875 1719
34625.046875 1822
35399.10546875 2009
35593.11328125 2164
35599.09375 2214
35604.4296875 2250
36600.4375 2263
36837.3125 2342
38785.7734375 2359
39678.3359375 2547
