4980.84521484375 1281
5584.6796875 455
5932.591796875 470
6010.3056640625 902
6404.6689453125 926
6486.44873046875 967
6550.32421875 1104
6649.63720703125 1225
6711.18115234375 1286
6880.9052734375 1506
6887.421875 1516
7055.92138671875 1599
7082.3271484375 1779
7199.66748046875 1848
7319.501953125 1867
7433.94873046875 1883
7504.48486328125 2063
7509.19677734375 2210
7625.220703125 2246
7677.98583984375 2285
7774.83447265625 2361
7786.57275390625 2686
7822.80615234375 2700
7881.93896484375 88
7957.03515625 586
7966.49755859375 136
7983.41552734375 1471
7983.41552734375 226
7995.0986328125 296
8009.12939453125 1197
8032.759765625 1666
8034.98876953125 1446
8072.90283203125 87
8099.79345703125 251
8111.0224609375 527
8125.5654296875 529
8133.7861328125 625
8150.72119140625 641
8176.2724609375 693
8178.306640625 873
8180.5615234375 881
8184.52978515625 928
8192.53515625 1133
8194.2880859375 1283
8280.482421875 1318
8289.0498046875 1346
8293.845703125 1417
8332.6201171875 1720
8332.6708984375 1987
8337.7734375 2226
8343.521484375 2296
8345.6806640625 2515
8398.2197265625 2572
8466.9462890625 2669
8499.703125 2728
8503.234375 2734
8516.478515625 2746
8529.42578125 2852
8609.73828125 2866
8629.30078125 2915
8634.90625 2949
8653.421875 377
8697.1416015625 2281
8720.189453125 160
8723.73828125 1
8736.5732421875 425
8743.8203125 446
8911.208984375 800
8929.7890625 918
8966.5419921875 953
8981.466796875 985
8990.12890625 986
9007.291015625 1008
9026.107421875 1043
9048.6259765625 1270
9069.56640625 1317
9103.923828125 1435
9105.189453125 1548
9137.470703125 1606
9143.783203125 1661
9185.95703125 1712
9204.3564453125 2010
9209.6826171875 2088
9249.0595703125 2365
9262.44140625 2410
9263.2998046875 2414
9267.62109375 2482
9332.986328125 2560
9392.9365234375 2781
9400.138671875 2820
9425.6337890625 997
9470.607421875 1781
9479.6396484375 81
9485.3046875 229
9525.7587890625 440
9544.0498046875 548
9551.140625 611
9576.359375 826
9586.060546875 834
9669.837890625 848
9749.8115234375 871
9780.544921875 893
9785.591796875 1231
9810.65625 1256
9847.740234375 1315
9882.3056640625 1458
9908.515625 1550
9946.1923828125 1671
9968.0849609375 1711
9969.65625 1815
10024.2099609375 1893
10048.806640625 2312
10060.79296875 2324
10130.6201171875 2385
10141.3994140625 2447
10147.1728515625 2562
10202.6943359375 2610
10228.9345703125 2622
10281.232421875 2853
10281.7890625 2924
10317.107421875 2927
10341.08203125 2239
10341.9423828125 1362
10352.37890625 1926
10356.4267578125 2997
10359.169921875 254
10367.5830078125 388
10424.599609375 465
10476.701171875 498
10560.5498046875 520
10683.775390625 962
10707.064453125 981
10709.640625 1156
10748.205078125 1652
10750.5693359375 2205
10780.326171875 2339
10829.560546875 2417
10843.1435546875 2494
10870.1962890625 2687
10926.96484375 1122
10962.23046875 1670
10973.8447265625 264
10993.91796875 2173
11065.3642578125 1646
11102.0390625 2396
11102.25390625 49
11102.25390625 189
11106.7744140625 261
11163.1748046875 263
11178.0498046875 430
11212.09765625 831
11242.69921875 899
11271.494140625 1123
11298.3193359375 1169
11318.255859375 1350
11472.771484375 1405
11473.103515625 1512
11495.3583984375 1750
11505.0830078125 1769
11509.875 1908
11530.4404296875 1966
11530.498046875 1982
11547.83203125 1993
11552.6328125 2094
11562.6796875 2126
11576.552734375 2141
11658.3798828125 2171
11670.01953125 2174
11687.755859375 2177
11689.294921875 2237
11699.5 2367
11717.13671875 2536
11723.9423828125 2542
11739.7490234375 2582
11765.30859375 2675
11766.8115234375 2703
11790.6669921875 1873
11802.96484375 2107
11810.6259765625 2511
11876.4541015625 101
11876.4541015625 215
11891.8759765625 549
11894.9453125 550
11908.013671875 573
11925.7353515625 1136
11945.462890625 1199
11962.046875 1530
11985.091796875 1581
11996.994140625 1640
12010.4873046875 1688
12014.9228515625 1968
12050.12890625 2526
12058.47265625 2571
12086.26171875 2983
12119.0537109375 1787
12168.3857421875 602
12181.8828125 1146
12201.08203125 253
12213.009765625 342
12283.8671875 843
12299.3798828125 1233
12326.158203125 1335
12328.5859375 1394
12334.7236328125 1737
12368.240234375 1784
12370.8544921875 1950
12380.7197265625 2025
12410.814453125 2473
12418.072265625 2518
12531.02734375 999
12580.380859375 1056
12586.5107421875 1900
12587.529296875 1304
12596.7529296875 1326
12609.169921875 2967
12612.74609375 1329
12667.7958984375 50
12671.0849609375 318
12686.80859375 389
12711.615234375 478
12720.94921875 491
12721.9970703125 580
12747.4833984375 599
12771.296875 890
12873.828125 896
12892.8330078125 909
12899.47265625 919
12921.4658203125 995
12926.73828125 1273
12931.6884765625 1342
12933.9931640625 1430
12956.19921875 1495
12961.3876953125 1568
12974.359375 1583
12979.6328125 1764
12989.248046875 1774
12992.404296875 2065
13009.9091796875 2117
13026.7119140625 2181
13029.73046875 2268
13045.83203125 2465
13067.919921875 2664
13074.3115234375 2760
13131.333984375 2764
13177.5634765625 2938
13177.71484375 2943
13186.5 1860
13195.4091796875 2880
13208.7890625 1333
13246.6435546875 2631
13265.111328125 146
13285.478515625 1538
13351.955078125 21
13361.25390625 34
13388.1708984375 200
13411.96484375 288
13456.1103515625 336
13478.5390625 385
13480.8046875 517
13503.9423828125 546
13562.3896484375 609
13592.3779296875 614
13594.7197265625 683
13639.83984375 686
13643.2802734375 769
13655.0830078125 1097
13674.9208984375 1221
13677.794921875 1322
13696.994140625 1359
13708.8779296875 1376
13729.134765625 1686
13729.466796875 1854
13734.8505859375 2513
13736.6435546875 2553
13751.705078125 2650
13758.1552734375 2672
13770.0654296875 2911
13782.861328125 78
13808.392578125 2713
13810.7431640625 2800
13811.837890625 2651
13852.0029296875 2970
13858.6220703125 1045
13869.6748046875 1068
13877.4970703125 2078
13911.1279296875 884
13913.0244140625 886
13914.205078125 1028
13935.9365234375 1845
13946.8564453125 1932
13955.044921875 2489
13974.267578125 90
13977.314453125 153
13986.5234375 240
13988.84375 256
14007.451171875 531
14010.314453125 644
14015.1708984375 706
14018.7939453125 775
14024.1728515625 1163
14038.05859375 1483
14053.443359375 2114
14054.8349609375 2379
14085.984375 2424
14105.751953125 2433
14115.765625 2435
14152.6474609375 2442
14153.376953125 2683
14154.6396484375 2811
14158.4814453125 2176
14188.529296875 169
14205.7568359375 2207
14258.798828125 1144
14378.48828125 2180
14395.8515625 73
14415.4169921875 663
14430.6826171875 677
14431.7861328125 756
14437.9501953125 925
14473.4384765625 927
14497.734375 946
14500.501953125 996
14502.099609375 1141
14502.8701171875 1202
14503.68359375 1251
14554.6953125 1457
14566.9384765625 1502
14573.533203125 1591
14600.599609375 1733
14609.4677734375 1735
14610.53125 1919
14614.1015625 1933
14616.1474609375 1955
14618.939453125 2002
14639.0546875 2335
14648.5947265625 2341
14679.0546875 2565
14684.5556640625 2695
14707.185546875 2763
14708.9892578125 2840
14717.583984375 2422
14730.740234375 1020
14760.9189453125 640
14776.1953125 59
14779.4423828125 177
14835.263671875 191
14899.7314453125 575
14908.6484375 687
14913.3720703125 934
14914.826171875 1119
14944.60546875 1529
14949.7685546875 1697
14969.0078125 1810
14984.3173828125 1831
14988.2978515625 2354
14988.4130859375 2528
15000.5009765625 2679
15014.1943359375 2712
15019.041015625 2747
15033.0576171875 2809
15046.142578125 2821
15087.794921875 2842
15091.73046875 2860
15121.26171875 2906
15124.9990234375 2994
15143.0576171875 186
15148.1982421875 223
15155.1533203125 1594
15158.1923828125 410
15168.73828125 631
15195.3701171875 132
15205.208984375 2576
15207.6982421875 1282
15221.4560546875 488
15233.30859375 869
15262.1435546875 2059
15277.87109375 787
15307.416015625 904
15325.599609375 137
15327.216796875 275
15341.70703125 328
15342.0078125 333
15344.287109375 392
15360.27734375 407
15372.451171875 489
15381.841796875 680
15384.974609375 1022
15387.642578125 1290
15387.77734375 1358
15398.34375 1607
15401.49609375 1653
15440.970703125 2024
15465.384765625 2184
15467.7421875 2221
15478.54296875 2394
15489.076171875 2427
15489.5830078125 2517
15496.2314453125 2655
15519.5830078125 2704
15542.3955078125 2900
15548.5859375 2946
15550.2080078125 459
15554.2578125 1408
15579.29296875 1339
15580.701171875 22
15591.3046875 45
15603.3017578125 300
15604.2060546875 812
15635.875 922
15646.00390625 947
15646.0546875 975
15666.591796875 1001
15667.544921875 1095
15671.1552734375 1275
15699.9150390625 1664
15701.591796875 1708
15713.6435546875 1763
15722.33203125 1766
15726.1650390625 1889
15734.658203125 2077
15740.5634765625 2082
15744.568359375 2131
15752.78515625 2315
15768.15625 2317
15777.75 2409
15805.1708984375 2608
15812.130859375 2616
15817.2060546875 2649
15825.076171875 2819
15838.2216796875 2862
15846.5361328125 1164
15874.6435546875 2213
15896.623046875 1050
15945.376953125 979
15952.1220703125 1562
15958.0859375 1597
15969.017578125 2334
15969.5087890625 587
15979.4765625 630
15992.0947265625 777
15997.2978515625 1012
16063.81640625 1064
16068.5400390625 1082
16068.5400390625 1462
16090.2998046875 1501
16098.9853515625 1654
16101.1591796875 1800
16102.6552734375 2656
16110.9873046875 2884
16120.8759765625 1416
16128.8115234375 1575
16130.064453125 2889
16140.73046875 445
16148.462890625 30
16163.1025390625 2484
16171.1015625 38
16181.0869140625 40
16185.1103515625 76
16188.3857421875 77
16209.25 108
16222.91015625 164
16255.64453125 211
16267.1552734375 225
16277.8701171875 376
16284.1484375 437
16291.9697265625 510
16297.3857421875 646
16316.4052734375 671
16336.443359375 738
16339.1982421875 770
16369.2431640625 1434
16376.7607421875 1610
16381.55859375 1662
16398.0859375 1709
16409.392578125 1998
16411.673828125 2166
16423.677734375 2220
16449.732421875 2238
16466.216796875 2255
16469.251953125 2345
16479.3359375 2510
16479.564453125 2581
16486.435546875 2607
16491.32421875 2807
16511.40234375 1015
16532.482421875 1984
16535.3515625 1258
16559.0546875 2555
16586.25 1147
16612.87890625 865
16618.681640625 939
16624.685546875 1497
16643.310546875 2630
16644.615234375 2752
16657.814453125 457
16670.349609375 309
16671.94921875 316
16673.677734375 483
16686.74609375 484
16695.318359375 633
16713.109375 1026
16722.9140625 1036
16729.849609375 1176
16746.693359375 1423
16747.869140625 1485
16773.044921875 1590
16778.447265625 1702
16793.142578125 1759
16794.37890625 1818
16808.39453125 1958
16815.0078125 1963
16817.607421875 1977
16827.81640625 2053
16844.771484375 2056
16847.802734375 2125
16875.83203125 2304
16892.771484375 2356
16900.009765625 2477
16929.56640625 2533
16946.564453125 2732
16985.552734375 2948
17000.787109375 1601
17001.02734375 2256
17005.63671875 2104
17039.34375 284
17050.02734375 182
17059.96875 916
17072.935546875 1667
17077.099609375 1852
17094.208984375 727
17128.708984375 2036
17133.138671875 2772
17167.841796875 130
17173.361328125 219
17185.453125 394
17216.15625 405
17221.2265625 634
17238.650390625 856
17260.47265625 983
17263.95703125 1117
17279.9921875 1386
17308.654296875 1791
17316.900390625 1991
17350.16015625 2060
17359.603515625 2215
17359.791015625 2314
17363.46875 2440
17379.099609375 2467
17387.8984375 2618
17389.701171875 2648
17395.23828125 2694
17398.82421875 1772
17413.076171875 818
17435.388671875 2907
17449.0859375 660
17471.66796875 1168
17486.845703125 1145
17498.099609375 1476
17507.158203125 1618
17524.01953125 655
17550.681640625 1592
17552.234375 2120
17559.3984375 2557
17564.091796875 112
17575.298828125 350
17577.65625 356
17581.453125 448
17583.841796875 1500
17597.802734375 1526
17607.296875 1587
17607.501953125 1881
17612.78515625 1943
17616.6484375 1962
17630.4140625 1995
17662.572265625 2075
17677.951171875 2118
17696.103515625 2309
17705.150390625 2418
17766.267578125 2516
17777.765625 2588
17780.515625 2605
17788.421875 2623
17814.2578125 2937
17834.171875 1005
17842.017578125 110
17906.7734375 2360
17908.712890625 121
17923.119140625 1046
17934.78515625 298
17942.0 372
17968.396484375 492
17996.546875 752
18035.447265625 838
18043.5625 903
18056.412109375 1034
18092.38671875 1128
18097.392578125 1187
18106.2734375 1437
18119.341796875 1488
18165.845703125 1534
18173.611328125 1657
18180.79296875 1678
18184.126953125 1824
18191.330078125 1826
18200.890625 1941
18203.552734375 1997
18209.333984375 2318
18219.421875 2327
18229.5078125 2362
18291.744140625 2404
18294.037109375 2453
18311.810546875 2458
18318.677734375 2496
18320.064453125 2696
18338.27734375 2722
18367.36328125 2796
18383.787109375 2584
18406.388671875 2872
18409.490234375 2589
18458.421875 2135
18476.0 1802
18478.6171875 1853
18501.33984375 1892
18504.708984375 1580
18541.73828125 25
18549.62890625 72
18560.091796875 343
18587.5 710
18597.427734375 755
18597.947265625 885
18599.484375 1683
18609.927734375 1776
18639.755859375 1972
18641.794921875 2047
18647.087890625 2138
18655.205078125 2185
18672.392578125 2344
18683.1796875 2545
18685.5390625 2573
18686.125 2855
18690.390625 2159
18695.59375 1067
18698.65625 371
18723.3671875 243
18763.052734375 1301
18773.134765625 311
18787.1328125 426
18791.32421875 648
18795.177734375 720
18824.4375 792
18830.21484375 940
18832.095703125 1006
18834.12890625 1032
18849.0078125 1160
18862.65234375 1189
18863.658203125 2183
18882.923828125 2190
18885.23046875 2301
18891.1171875 1459
18895.59765625 1649
18908.927734375 353
18909.23046875 2706
18921.04296875 1511
18935.837890625 1778
18940.56640625 329
18946.75 731
18951.62890625 1400
18964.947265625 2070
18976.767578125 1480
18995.27734375 1714
19072.76953125 249
19123.8125 94
19125.6328125 2823
19141.31640625 471
19146.326171875 473
19164.8125 747
19174.716796875 915
19188.650390625 921
19190.080078125 993
19192.6640625 1072
19202.986328125 1415
19228.4765625 1541
19260.767578125 1746
19269.48046875 1949
19290.62890625 2079
19315.97265625 2219
19319.47265625 2258
19364.095703125 2413
19365.298828125 2628
19383.912109375 2828
19389.693359375 2903
19397.44140625 2996
19410.29296875 204
19428.984375 1247
19432.46484375 1410
19432.560546875 1888
19440.060546875 1214
19450.646484375 1658
19451.12890625 2587
19460.484375 380
19470.79296875 688
19492.68359375 1761
19492.68359375 66
19512.19140625 127
19516.60546875 179
19549.494140625 855
19559.859375 1198
19560.853515625 1250
19587.55078125 1507
19624.228515625 1558
19629.4296875 2007
19636.564453125 2092
19678.994140625 2231
19700.38671875 2384
19711.244140625 2457
19720.6796875 2544
19766.55859375 2717
19791.69921875 2774
19800.939453125 2794
19831.01953125 2909
19835.591796875 972
19854.611328125 1138
19887.20703125 1442
19969.59375 1137
20005.283203125 102
20006.271484375 667
20019.578125 1935
20198.466796875 2352
20198.87109375 2887
20229.541015625 427
20234.19921875 1533
20274.298828125 170
20292.900390625 262
20315.87890625 306
20318.423828125 596
20387.1953125 805
20392.93359375 849
20394.984375 850
20435.466796875 965
20446.416015625 976
20452.58984375 1058
20517.0546875 1403
20540.744140625 1645
20543.607421875 1999
20547.68359375 2292
20551.3828125 2392
20576.61328125 2403
20612.705078125 2497
20630.646484375 2524
20655.8203125 2601
20663.736328125 2652
20678.345703125 2657
20691.5078125 2761
20714.900390625 2839
20718.6328125 2939
20721.9609375 2984
20732.5859375 1027
20745.78125 622
20747.904296875 417
20753.259765625 450
20809.775390625 690
20813.046875 969
20831.154296875 982
20879.361328125 1040
20881.587890625 1078
20898.509765625 1083
20900.541015625 1382
20918.955078125 1391
20927.455078125 1486
20959.865234375 1503
20976.767578125 1547
20982.103515625 1561
21004.115234375 1965
21035.2890625 2026
21044.564453125 2066
21066.708984375 2182
21075.8046875 2245
21086.064453125 2460
21151.7890625 2466
21213.888671875 2540
21338.84765625 2593
21349.8671875 2632
21364.623046875 2753
21404.033203125 2759
21418.77734375 2793
21420.83203125 2925
21490.31640625 2152
21516.404296875 762
21538.76953125 2757
21549.509765625 37
21566.794921875 1624
21581.123046875 1271
21615.994140625 2370
21667.8984375 2895
21667.92578125 2411
21752.443359375 67
21814.552734375 150
21817.42578125 171
21885.93359375 195
21935.31640625 363
21982.31640625 522
22020.736328125 657
22036.91015625 701
22063.14453125 760
22068.046875 811
22133.240234375 874
22147.810546875 875
22180.548828125 1002
22253.318359375 1007
22287.91015625 1023
22300.0078125 1356
22321.83984375 1378
22327.685546875 1489
22356.19921875 1629
22369.986328125 2721
22375.12109375 2032
22407.416015625 2259
22457.345703125 771
22556.162109375 1543
22578.294921875 2241
22641.26953125 1964
22685.58203125 1625
22713.82421875 2693
22723.73046875 222
22804.078125 258
22842.1015625 281
22927.65234375 506
22950.46484375 582
22977.025390625 724
23069.240234375 879
23146.89453125 1003
23204.2734375 1171
23251.388671875 1182
23254.150390625 1588
23326.150390625 1685
23389.912109375 1758
23446.55078125 2300
23477.642578125 2310
23550.42578125 2705
23578.470703125 2845
23614.552734375 2916
23734.29296875 1811
23754.90234375 2701
23794.71875 421
23809.421875 1440
23862.78515625 2337
23864.826171875 2531
23882.431640625 18
23907.44921875 29
23926.0625 31
23926.0625 104
24145.978515625 274
24156.66015625 321
24177.927734375 370
24187.4765625 375
24361.5390625 562
24362.33203125 914
24363.478515625 944
24614.380859375 1672
24645.388671875 1684
24709.548828125 1825
24773.4375 1846
24877.583984375 1960
24915.14453125 1976
25013.1015625 2006
25023.75 2319
25034.44140625 2405
25153.29296875 2550
25163.185546875 2606
25169.11328125 2768
25226.84765625 1081
25227.580078125 1780
25231.552734375 16
25247.87890625 28
25297.984375 125
25353.1015625 212
25382.8125 265
25428.197265625 295
25597.841796875 360
26113.296875 364
26443.171875 937
26808.767578125 1077
27108.98828125 1101
27455.14453125 1241
27611.552734375 1243
27951.2890625 1307
28047.548828125 1343
28061.072265625 1404
28288.16796875 1418
28300.0390625 1585
28319.73046875 1719
28935.744140625 1822
29063.666015625 2009
29167.857421875 2164
30002.0703125 2214
30215.138671875 2250
30400.810546875 2263
30590.55078125 2342
31659.734375 2359
32183.80078125 2547
