5322.71435546875 1781
6392.8720703125 81
6918.931640625 229
7095.17431640625 440
7238.7353515625 548
7265.66943359375 611
7296.72265625 826
7383.89013671875 834
7405.52978515625 848
7477.9033203125 871
7643.39453125 893
7696.240234375 1231
7709.2783203125 1256
7837.2666015625 1315
7949.7236328125 1458
7960.353515625 1550
7973.80517578125 1671
7975.42529296875 1711
8000.4140625 1815
8011.2705078125 1893
8024.02880859375 2312
8064.8974609375 2324
8072.62548828125 2385
8117.0810546875 2447
8130.0341796875 2562
8191.8671875 2610
8201.0439453125 2622
8234.1796875 2853
8258.767578125 2924
8274.8154296875 2927
8285.853515625 2239
8301.2880859375 1446
8324.48046875 87
8334.3759765625 251
8345.927734375 527
8441.328125 529
8448.0615234375 625
8463.1484375 641
8466.697265625 693
8478.947265625 873
8561.1611328125 881
8563.3271484375 928
8566.998046875 1133
8596.6806640625 1283
8621.5302734375 1318
8643.537109375 1346
8648.7568359375 1417
8665.8037109375 1720
8673.1015625 1987
8685.677734375 2226
8784.544921875 2296
8863.9462890625 2515
8865.3662109375 2572
8896.677734375 2669
8898.5048828125 2728
8940.302734375 2734
9012.3935546875 2746
9013.0625 2852
9025.1748046875 2866
9037.359375 2915
9062.6767578125 2949
9145.166015625 377
9178.4296875 2281
9249.7822265625 160
9266.1796875 1
9324.751953125 425
9335.59375 446
9345.681640625 800
9370.5 918
9379.830078125 953
9388.5546875 985
9396.9619140625 986
9444.51171875 1008
9451.1572265625 1043
9457.599609375 1270
9479.541015625 1317
9503.431640625 1435
9505.0107421875 1548
9527.5185546875 1606
9545.98828125 1661
9561.421875 1712
9578.9931640625 2010
9586.4638671875 2088
9592.5302734375 2365
9612.578125 2410
9628.060546875 2414
9630.166015625 2482
9637.5146484375 2560
9651.3212890625 2781
9651.8701171875 2820
9661.896484375 997
9672.54296875 1362
9700.1455078125 1926
9725.9462890625 2997
9734.3671875 254
9743.5517578125 388
9744.0029296875 465
9744.5087890625 498
9750.77734375 520
9782.359375 962
9784.873046875 981
9784.873046875 1156
9819.060546875 1652
9819.80078125 2205
9830.400390625 2339
9830.591796875 2417
9840.078125 2494
9841.5703125 2687
9855.595703125 1122
9858.1640625 1670
9879.7509765625 264
9892.2578125 2173
9896.4765625 1646
9896.9736328125 2396
9913.0703125 49
9944.0009765625 189
9945.2421875 261
9960.53515625 263
9975.8271484375 430
9981.40625 831
9995.513671875 899
10038.259765625 1123
10040.06640625 1169
10042.3232421875 1350
10043.8349609375 1405
10166.234375 1512
10201.2724609375 1750
10207.3935546875 1769
10209.271484375 1908
10210.3701171875 1966
10215.9501953125 1982
10244.1142578125 1993
10244.541015625 2094
10245.1572265625 2126
10249.013671875 2141
10255.3359375 2171
10307.6025390625 2174
10316.2412109375 2177
10362.171875 2237
10369.0966796875 2367
10371.5009765625 2536
10373.880859375 2542
10381.8525390625 2582
10396.84375 2675
10400.6435546875 2703
10441.2626953125 1873
10443.5 2107
10454.7890625 1281
10462.54296875 455
10462.71484375 470
10470.732421875 902
10473.69140625 926
10490.54296875 967
10517.0361328125 1104
10518.513671875 1225
10524.51953125 1286
10542.7138671875 1506
10555.48828125 1516
10556.2412109375 1599
10578.296875 1779
10602.2734375 1848
10628.494140625 1867
10674.4560546875 1883
10698.7177734375 2063
10753.1171875 2210
10757.166015625 2246
10758.193359375 2285
10774.328125 2361
10777.70703125 2686
10784.962890625 2700
10824.486328125 88
10829.833984375 586
10833.626953125 136
10834.6064453125 1471
10856.7587890625 226
10875.099609375 296
10879.92578125 1197
10886.703125 1666
10898.423828125 2511
10911.400390625 101
10917.8291015625 215
10938.7265625 549
10939.6259765625 550
10952.8173828125 573
10984.072265625 1136
10986.2109375 1199
10998.962890625 1530
11018.3056640625 1581
11019.53515625 1640
11038.7705078125 1688
11044.8837890625 1968
11047.91796875 2526
11106.423828125 2571
11109.4609375 2983
11113.640625 1787
11125.2412109375 602
11143.0732421875 1146
11191.638671875 253
11193.6826171875 342
11194.41015625 843
11255.810546875 1233
11258.9130859375 1335
11272.111328125 1394
11276.751953125 1737
11277.1728515625 1784
11291.12890625 1950
11297.1015625 2025
11297.5693359375 2473
11298.724609375 2518
11314.9677734375 999
11317.09375 1056
11342.0869140625 1900
11346.8125 1304
11353.779296875 1326
11382.88671875 2967
11397.5849609375 1329
11405.7529296875 50
11425.6181640625 318
11444.83984375 389
11445.39453125 478
11452.4052734375 491
11453.6796875 580
11455.9970703125 599
11466.478515625 890
11475.0029296875 896
11484.279296875 909
11485.322265625 919
11504.08203125 995
11515.5341796875 1273
11521.0556640625 1342
11523.404296875 1430
11551.5302734375 1495
11554.083984375 1568
11556.6923828125 1583
11564.283203125 1764
11586.98828125 1774
11589.50390625 2065
11604.69140625 2117
11632.1201171875 2181
11667.263671875 2268
11682.7890625 2465
11684.849609375 2664
11688.396484375 2760
11690.8486328125 2764
11698.541015625 2938
11702.7626953125 2943
11714.6884765625 1860
11734.720703125 2880
11743.4013671875 1333
11783.88671875 2631
11789.634765625 146
11793.3046875 1538
11811.857421875 21
11831.8125 34
11843.0439453125 200
11843.1064453125 288
11852.07421875 336
11854.71484375 385
11854.9697265625 517
11886.685546875 546
11940.90234375 609
11951.39453125 614
11990.0498046875 683
11999.5546875 686
12048.3271484375 769
12049.8330078125 1097
12070.30859375 1221
12070.30859375 1322
12079.916015625 1359
12101.3056640625 1376
12151.3203125 1686
12162.7353515625 1854
12163.208984375 2513
12177.033203125 2553
12182.498046875 2650
12195.537109375 2672
12212.83984375 2911
12267.2373046875 78
12269.591796875 2713
12272.80859375 2800
12275.064453125 2651
12278.0380859375 2970
12286.2041015625 1045
12308.7626953125 1068
12320.8671875 2078
12320.9619140625 884
12321.0390625 886
12366.4736328125 1028
12373.8701171875 1845
12384.43359375 1932
12399.3349609375 2489
12415.2783203125 90
12417.806640625 153
12449.498046875 240
12470.697265625 256
12475.5068359375 531
12481.177734375 644
12498.6552734375 706
12502.7490234375 775
12514.5869140625 1163
12518.482421875 1483
12523.7958984375 2114
12562.7890625 2379
12571.060546875 2424
12583.4658203125 2433
12593.5263671875 2435
12609.478515625 2442
12616.525390625 2683
12629.1982421875 2811
12633.9873046875 2176
12655.265625 169
12682.4208984375 2207
12684.791015625 1144
12693.8779296875 2180
12702.21875 73
12757.2421875 663
12778.544921875 677
12783.42578125 756
12801.39453125 925
12804.5419921875 927
12820.1376953125 946
12825.228515625 996
12826.8671875 1141
12848.1904296875 1202
12848.9892578125 1251
12863.3818359375 1457
12863.8671875 1502
12864.001953125 1591
12873.373046875 1733
12883.64453125 1735
12886.01171875 1919
12926.595703125 1933
12932.4296875 1955
12939.1015625 2002
12965.904296875 2335
13044.5283203125 2341
13055.7353515625 2565
13103.3408203125 2695
13148.43359375 2763
13158.7109375 2840
13158.7880859375 2422
13168.7060546875 1020
13176.142578125 640
13186.98046875 59
13196.1416015625 177
13219.2939453125 191
13252.02734375 575
13264.95703125 687
13288.974609375 934
13314.1884765625 1119
13335.2890625 1529
13336.1845703125 1697
13353.2412109375 1810
13364.5185546875 1831
13377.3525390625 2354
13382.541015625 2528
13383.1689453125 2679
13394.857421875 2712
13406.99609375 2747
13408.9521484375 2809
13410.0634765625 2821
13417.330078125 2842
13424.7109375 2860
13446.3779296875 2906
13466.263671875 2994
13479.541015625 186
13508.333984375 223
13517.728515625 1594
13521.9892578125 410
13534.5615234375 631
13535.921875 132
13536.16796875 2576
13552.138671875 1282
13559.1826171875 488
13559.8876953125 869
13562.3125 2059
13575.98046875 787
13589.841796875 904
13600.8701171875 137
13608.2001953125 275
13615.58984375 328
13621.3466796875 333
13626.16796875 392
13631.494140625 407
13636.048828125 489
13644.462890625 680
13649.556640625 1022
13652.015625 1290
13672.53125 1358
13692.708984375 1607
13708.203125 1653
13712.3466796875 2024
13716.1611328125 2184
13719.001953125 2221
13720.0849609375 2394
13721.353515625 2427
13753.2099609375 2517
13767.087890625 2655
13772.2119140625 2704
13784.3271484375 2900
13785.50390625 2946
13812.4931640625 459
13813.953125 1408
13819.2734375 1339
13823.8154296875 22
13832.4658203125 45
13870.748046875 300
13874.07421875 812
13884.6044921875 922
13908.5087890625 947
13945.349609375 975
13956.43359375 1001
13959.2607421875 1095
13959.6748046875 1275
13982.470703125 1664
13998.2138671875 1708
14019.017578125 1763
14027.1435546875 1766
14042.271484375 1889
14047.5859375 2077
14091.5810546875 2082
14092.255859375 2131
14094.46875 2315
14096.1689453125 2317
14097.2490234375 2409
14143.572265625 2608
14145.3916015625 2616
14175.5537109375 2649
14185.740234375 2819
14190.0537109375 2862
14195.224609375 1164
14196.99609375 2213
14206.671875 1050
14223.6103515625 979
14236.0517578125 1562
14279.833984375 1597
14281.9736328125 2334
14305.0908203125 587
14331.19140625 630
14355.0703125 777
14377.302734375 1012
14381.80859375 1064
14388.486328125 1082
14394.8642578125 1462
14395.4697265625 1501
14395.7119140625 1654
14399.3935546875 1800
14409.076171875 2656
14422.966796875 2884
14429.470703125 1416
14445.6455078125 1575
14467.1826171875 2889
14475.2861328125 445
14484.720703125 30
14490.9267578125 2484
14500.623046875 38
14522.587890625 40
14563.7919921875 76
14565.1279296875 77
14568.18359375 108
14568.443359375 164
14587.2509765625 211
14599.2353515625 225
14609.8984375 376
14647.5810546875 437
14675.861328125 510
14677.6533203125 646
14709.6806640625 671
14716.5185546875 738
14720.3095703125 770
14724.50390625 1434
14729.564453125 1610
14732.390625 1662
14735.978515625 1709
14764.5712890625 1998
14771.6259765625 2166
14779.44140625 2220
14876.7421875 2238
14877.5771484375 2255
14890.6611328125 2345
14907.9697265625 2510
14930.1376953125 2581
14941.5380859375 2607
14943.2666015625 2807
14947.6630859375 1015
14981.5009765625 1984
14996.0302734375 1258
15004.904296875 2555
15007.1181640625 1147
15022.8203125 865
15031.9228515625 939
15032.390625 1497
15037.1123046875 2630
15047.0908203125 2752
15054.3095703125 457
15058.11328125 309
15059.564453125 316
15083.3369140625 483
15126.6728515625 484
15159.8251953125 633
15168.4609375 1026
15179.03515625 1036
15183.8466796875 1176
15193.1708984375 1423
15200.4853515625 1485
15224.583984375 1590
15237.24609375 1702
15242.12890625 1759
15242.6455078125 1818
15244.34765625 1958
15247.294921875 1963
15255.7978515625 1977
15257.708984375 2053
15314.765625 2056
15315.5029296875 2125
15315.609375 2304
15323.0712890625 2356
15340.302734375 2477
15359.927734375 2533
15375.48828125 2732
15379.3984375 2948
15396.0390625 1601
15424.3876953125 2256
15468.95703125 2104
15476.291015625 284
15484.9462890625 182
15504.8037109375 916
15511.880859375 1667
15518.73828125 1852
15519.8193359375 727
15547.5029296875 2036
15574.2705078125 2772
15587.748046875 130
15592.48828125 219
15603.7724609375 394
15605.77734375 405
15606.3603515625 634
15607.974609375 856
15609.6083984375 983
15622.6279296875 1117
15654.7529296875 1386
15655.646484375 1791
15667.43359375 1991
15686.16796875 2060
15694.45703125 2215
15694.45703125 2314
15705.1728515625 2440
15731.4189453125 2467
15733.2734375 2618
15739.7890625 2648
15746.3173828125 2694
15752.8203125 1772
15759.8125 818
15766.6533203125 2907
15785.0390625 660
15788.1220703125 1168
15789.892578125 1145
15794.080078125 1476
15801.140625 1618
15815.056640625 655
15817.666015625 1592
15818.6337890625 2120
15839.3408203125 2557
15839.3408203125 112
15841.638671875 350
15856.35546875 356
15878.3359375 448
15917.6337890625 1500
15925.9150390625 1526
15930.095703125 1587
15936.46484375 1881
15954.103515625 1943
15963.416015625 1962
16001.4033203125 1995
16015.13671875 2075
16065.8251953125 2118
16085.4794921875 2309
16094.1875 2418
16099.373046875 2516
16108.458984375 2588
16168.2431640625 2605
16182.8486328125 2623
16184.2880859375 2937
16235.0029296875 1005
16236.3505859375 110
16242.314453125 2360
16248.2197265625 121
16287.330078125 1046
16317.2275390625 298
16320.705078125 372
16322.88671875 492
16337.9775390625 752
16347.8623046875 838
16362.8720703125 903
16372.939453125 1034
16395.0390625 1128
16396.376953125 1187
16404.33984375 1437
16404.33984375 1488
16420.318359375 1534
16429.548828125 1657
16445.015625 1678
16454.71484375 1824
16458.986328125 1826
16473.748046875 1941
16474.8671875 1997
16475.96875 2318
16491.45703125 2327
16507.07421875 2362
16550.55859375 2404
16550.63671875 2453
16605.556640625 2458
16620.095703125 2496
16652.921875 2696
16683.37109375 2722
16687.51171875 2796
16694.82421875 2584
16711.529296875 2872
16823.107421875 2589
16823.849609375 2135
16874.7109375 1802
16877.169921875 1853
16895.8671875 1892
16934.58203125 1580
16949.3125 25
16963.802734375 72
16982.359375 343
16995.216796875 710
17001.912109375 755
17016.771484375 885
17021.646484375 1683
17055.25 1776
17082.24609375 1972
17085.20703125 2047
17088.10546875 2138
17095.736328125 2185
17102.501953125 2344
17117.013671875 2545
17135.80859375 2573
17152.544921875 2855
17173.27734375 2159
17194.68359375 1067
17196.98046875 371
17217.490234375 243
17231.298828125 1301
17233.646484375 311
17272.482421875 426
17282.6640625 648
17296.205078125 720
17310.375 792
17311.845703125 940
17329.21484375 1006
17390.9375 1032
17445.865234375 1160
17455.9140625 1189
17459.3359375 2183
17467.208984375 2190
17483.05078125 2301
17495.802734375 1459
17508.859375 1649
17547.23828125 353
17557.3828125 2706
17561.091796875 1511
17561.369140625 1778
17561.369140625 329
17576.728515625 731
17581.845703125 1400
17599.96875 2070
17624.0703125 1480
17624.291015625 1714
17641.1015625 249
17641.54296875 94
17653.814453125 2823
17694.41015625 471
17725.708984375 473
17753.17578125 747
17776.828125 915
17782.54296875 921
17784.62890625 993
17786.306640625 1072
17804.544921875 1415
17820.73828125 1541
17841.490234375 1746
17843.615234375 1949
17861.392578125 2079
17873.7734375 2219
17878.79296875 2258
17890.4140625 2413
17906.623046875 2628
17909.4453125 2828
17909.96875 2903
17967.158203125 2996
17967.958984375 204
17968.8984375 1247
18042.20703125 1410
18059.822265625 1888
18064.634765625 1214
18065.013671875 1658
18102.1015625 2587
18112.490234375 380
18112.490234375 688
18112.490234375 1761
18112.490234375 66
18122.7421875 127
18129.44140625 179
18144.470703125 855
18149.701171875 1198
18168.818359375 1250
18180.646484375 1507
18183.94140625 1558
18196.173828125 2007
18233.95703125 2092
18255.81640625 2231
18273.0078125 2384
18292.822265625 2457
18295.1015625 2544
18305.28515625 2717
18321.080078125 2774
18357.177734375 2794
18373.388671875 2909
18374.283203125 972
18383.69140625 1138
18429.783203125 1442
18510.712890625 1137
18535.609375 102
18545.697265625 667
18551.646484375 1935
18553.681640625 2352
18573.4140625 2887
18587.1484375 427
18589.314453125 1533
18605.546875 170
18612.162109375 262
18620.26171875 306
18629.818359375 596
18728.8671875 805
18745.671875 849
18759.193359375 850
18759.9609375 965
18765.185546875 976
18786.5703125 1058
18793.63671875 1403
18821.123046875 1645
18826.80078125 1999
18830.90625 2292
18831.041015625 2392
18837.994140625 2403
18926.546875 2497
18931.203125 2524
18999.939453125 2601
19037.8359375 2652
19057.30078125 2657
19082.265625 2761
19083.65625 2839
19101.33984375 2939
19134.125 2984
19182.79296875 1027
19184.416015625 622
19185.880859375 417
19208.306640625 450
19281.1015625 690
19310.31640625 969
19323.787109375 982
19376.81640625 1040
19401.38671875 1078
19404.236328125 1083
19423.509765625 1382
19430.794921875 1391
19432.6484375 1486
19462.125 1503
19510.48828125 1547
19551.35546875 1561
19645.408203125 1965
19670.873046875 2026
19677.5625 2066
19723.73828125 2182
19733.96484375 2245
19734.19140625 2460
19743.326171875 2466
19749.970703125 2540
19816.59765625 2593
19910.38671875 2632
20003.373046875 2753
20045.564453125 2759
20106.634765625 2793
20148.904296875 2925
20165.14453125 2152
20169.56640625 762
20173.40234375 2757
20174.69140625 37
20183.7578125 1624
20281.6953125 1271
20296.173828125 2370
20315.232421875 2895
20329.125 2411
20394.82421875 67
20639.7734375 150
20671.76171875 171
20684.9609375 195
20752.90234375 363
20763.34765625 522
20770.935546875 657
20790.458984375 701
20793.0546875 760
20799.548828125 811
20810.29296875 874
20849.8828125 875
20876.583984375 1002
20882.015625 1007
20912.314453125 1023
20927.138671875 1356
21006.16796875 1378
21044.271484375 1489
21052.138671875 1629
21058.02734375 2721
21067.810546875 2032
21095.751953125 2259
21163.02734375 771
21169.70703125 1543
21221.8515625 2241
21279.64453125 1964
21297.703125 1625
21300.6171875 2693
21318.89453125 222
21366.267578125 258
21432.30859375 281
21449.107421875 506
21621.85546875 582
21627.810546875 724
21632.15234375 879
21663.91796875 1003
21681.123046875 1171
21693.796875 1182
21720.328125 1588
21776.5546875 1685
21806.580078125 1758
21840.408203125 2300
21851.9375 2310
21978.876953125 2705
21980.814453125 2845
22070.9375 2916
22076.10546875 1811
22174.845703125 2701
22267.533203125 421
22274.560546875 1440
22427.0859375 2337
22477.171875 2531
22499.146484375 18
22500.28515625 29
22535.52734375 31
22545.326171875 104
22577.818359375 274
22606.466796875 321
22681.330078125 370
22812.8125 375
22828.822265625 562
22847.251953125 914
22860.7421875 944
22866.97265625 1672
22869.404296875 1684
22886.3359375 1825
22927.189453125 1846
22937.423828125 1960
23050.177734375 1976
23158.275390625 2006
23387.7265625 2319
23407.90625 2405
23462.125 2550
24002.76953125 2606
24008.14453125 2768
24151.123046875 1081
24349.548828125 1780
24390.90625 16
24453.35546875 28
24530.685546875 125
24976.669921875 212
25082.6953125 265
25110.41015625 295
25173.45703125 360
25223.75 364
25465.71484375 937
25600.73828125 1077
25618.97265625 1101
25668.205078125 1241
25891.169921875 1243
26077.740234375 1307
26102.439453125 1343
26150.671875 1404
26200.4609375 1418
26243.91796875 1585
26473.28125 1719
27529.951171875 1822
27588.01953125 2009
27612.55078125 2164
28901.033203125 2214
29273.37890625 2250
32043.6953125 2263
32663.17578125 2342
32999.3359375 2359
33754.046875 2547
