5533.802734375 160
5575.49755859375 1
6361.2333984375 425
6669.41357421875 446
6817.5703125 800
6854.4716796875 918
7151.021484375 953
7268.64599609375 985
7450.826171875 986
7512.296875 1008
7526.314453125 1043
7705.4365234375 1270
7731.2685546875 1317
8204.23046875 1435
8257.18359375 1548
8303.119140625 1606
8306.955078125 1661
8465.2529296875 1712
8484.322265625 2010
8617.2216796875 2088
8618.1474609375 2365
8627.08203125 2410
8628.68359375 2414
8643.365234375 2482
8673.103515625 2560
8702.8427734375 2781
8743.6533203125 2820
8862.984375 997
8916.7880859375 1446
8985.623046875 87
9048.2158203125 251
9055.640625 527
9133.2314453125 529
9166.986328125 625
9190.251953125 641
9297.7783203125 693
9311.78515625 873
9347.8984375 881
9458.1494140625 928
9473.6201171875 1133
9473.6201171875 1283
9530.853515625 1318
9555.779296875 1346
9572.2314453125 1417
9582.2314453125 1720
9582.2314453125 1987
9711.5751953125 2226
9813.248046875 2296
9825.4765625 2515
9859.419921875 2572
9874.021484375 2669
9894.533203125 2728
9895.5302734375 2734
9904.640625 2746
9904.740234375 2852
9960.5791015625 2866
10041.396484375 2915
10065.2685546875 2949
10077.7802734375 377
10090.7998046875 2281
10100.3388671875 1781
10117.3642578125 81
10131.0185546875 229
10132.62890625 440
10153.09375 548
10160.6484375 611
10196.2734375 826
10202.6181640625 834
10243.9560546875 848
10244.5166015625 871
10255.765625 893
10278.431640625 1231
10286.076171875 1256
10319.7685546875 1315
10365.73828125 1458
10428.65625 1550
10438.595703125 1671
10571.4482421875 1711
10590.1220703125 1815
10611.08984375 1893
10611.3154296875 2312
10613.52734375 2324
10670.29296875 2385
10677.931640625 2447
10685.76953125 2562
10708.265625 2610
10745.154296875 2622
10753.7587890625 2853
10828.2509765625 2924
10857.74609375 2927
10873.84765625 2239
10892.01953125 1362
10909.396484375 1926
10914.1318359375 2997
10943.966796875 254
10951.6796875 388
10968.88671875 465
11025.935546875 498
11059.4189453125 520
11085.8681640625 962
11088.578125 981
11112.5419921875 1156
11114.9814453125 1652
11155.3994140625 2205
11159.421875 2339
11190.7841796875 2417
11223.953125 2494
11244.341796875 2687
11255.482421875 1122
11313.0625 1670
11321.6533203125 264
11358.748046875 2173
11370.68359375 1646
11380.9599609375 2396
11397.4140625 49
11414.5751953125 189
11453.3232421875 261
11480.271484375 263
11480.294921875 430
11484.0595703125 831
11508.1572265625 899
11508.1591796875 1123
11519.833984375 1169
11519.833984375 1350
11525.833984375 1405
11544.9580078125 1512
11548.525390625 1750
11566.044921875 1769
11582.814453125 1908
11623.00390625 1966
11631.20703125 1982
11649.26953125 1993
11680.333984375 2094
11691.7978515625 2126
11695.787109375 2141
11767.1923828125 2171
11768.306640625 2174
11831.7958984375 2177
11878.447265625 2237
11915.873046875 2367
11916.65625 2536
11917.1416015625 2542
11948.7861328125 2582
11960.5615234375 2675
11995.078125 2703
12036.30078125 1873
12063.384765625 2107
12074.2041015625 1281
12087.177734375 455
12139.60546875 470
12140.84765625 902
12181.185546875 926
12263.02734375 967
12277.0517578125 1104
12291.16015625 1225
12307.779296875 1286
12334.685546875 1506
12354.12890625 1516
12400.39453125 1599
12408.5185546875 1779
12466.388671875 1848
12485.23828125 1867
12487.7197265625 1883
12501.5283203125 2063
12504.03125 2210
12525.1376953125 2246
12548.853515625 2285
12562.4638671875 2361
12583.2939453125 2686
12586.0849609375 2700
12619.6123046875 88
12624.5908203125 586
12634.642578125 136
12650.888671875 1471
12662.4658203125 226
12685.6640625 296
12733.580078125 1197
12766.9296875 1666
12774.1259765625 2511
12789.583984375 101
12820.2265625 215
12830.8466796875 549
12844.73828125 550
12859.2138671875 573
12866.041015625 1136
12867.203125 1199
12889.1279296875 1530
12897.37109375 1581
12923.4287109375 1640
12926.1142578125 1688
12932.0322265625 1968
12968.0224609375 2526
12991.2421875 2571
13019.267578125 2983
13023.63671875 1787
13038.8583984375 602
13050.216796875 1146
13063.5361328125 253
13088.1123046875 342
13094.037109375 843
13103.4072265625 1233
13156.9638671875 1335
13158.0087890625 1394
13180.5546875 1737
13197.3037109375 1784
13219.4013671875 1950
13230.166015625 2025
13255.865234375 2473
13263.4560546875 2518
13266.2080078125 999
13269.271484375 1056
13275.48828125 1900
13277.896484375 1304
13283.6650390625 1326
13300.7568359375 2967
13312.169921875 1329
13364.427734375 50
13378.888671875 318
13403.78515625 389
13406.99609375 478
13408.046875 491
13409.138671875 580
13414.02734375 599
13425.7177734375 890
13432.828125 896
13436.8154296875 909
13437.46484375 919
13444.234375 995
13455.01953125 1273
13465.990234375 1342
13469.462890625 1430
13477.0390625 1495
13480.1123046875 1568
13483.1796875 1583
13486.1748046875 1764
13500.216796875 1774
13517.9052734375 2065
13518.2138671875 2117
13521.3515625 2181
13530.31640625 2268
13536.6025390625 2465
13555.35546875 2664
13560.4794921875 2760
13562.00390625 2764
13581.4697265625 2938
13584.7578125 2943
13585.814453125 1860
13614.6875 2880
13662.015625 1333
13679.92578125 2631
13685.70703125 146
13697.95703125 1538
13698.3408203125 21
13708.703125 34
13728.1953125 200
13729.8544921875 288
13744.4765625 336
13745.4697265625 385
13747.2373046875 517
13750.177734375 546
13759.408203125 609
13760.8818359375 614
13766.5478515625 683
13774.998046875 686
13824.396484375 769
13825.7294921875 1097
13831.41015625 1221
13835.7548828125 1322
13837.2802734375 1359
13837.2802734375 1376
13837.86328125 1686
13887.671875 1854
13893.2685546875 2513
13905.357421875 2553
13918.650390625 2650
13950.505859375 2672
13983.2998046875 2911
14004.857421875 78
14005.08984375 2713
14017.5263671875 2800
14043.19140625 2651
14049.9453125 2970
14064.9306640625 1045
14076.671875 1068
14091.2734375 2078
14099.23046875 884
14100.173828125 886
14104.6591796875 1028
14125.451171875 1845
14143.904296875 1932
14177.1328125 2489
14181.32421875 90
14186.748046875 153
14191.1513671875 240
14192.3740234375 256
14209.541015625 531
14236.8896484375 644
14263.0146484375 706
14265.0390625 775
14275.6181640625 1163
14288.1015625 1483
14319.4130859375 2114
14328.384765625 2379
14338.3818359375 2424
14339.8818359375 2433
14342.759765625 2435
14349.173828125 2442
14367.84375 2683
14391.6650390625 2811
14409.2373046875 2176
14416.501953125 169
14426.4609375 2207
14431.2607421875 1144
14450.716796875 2180
14479.25390625 73
14483.8994140625 663
14484.0439453125 677
14485.5703125 756
14492.287109375 925
14494.689453125 927
14531.6357421875 946
14548.13671875 996
14548.794921875 1141
14576.5458984375 1202
14588.2880859375 1251
14614.666015625 1457
14643.3525390625 1502
14658.5576171875 1591
14673.3388671875 1733
14689.716796875 1735
14691.349609375 1919
14699.056640625 1933
14700.4248046875 1955
14701.6025390625 2002
14720.177734375 2335
14723.2197265625 2341
14738.8505859375 2565
14746.2275390625 2695
14751.23828125 2763
14754.205078125 2840
14769.91796875 2422
14784.345703125 1020
14805.0556640625 640
14809.35546875 59
14833.25 177
14834.2470703125 191
14841.7509765625 575
14879.1494140625 687
14884.6455078125 934
14887.8994140625 1119
14888.5546875 1529
14892.1220703125 1697
14893.59375 1810
14941.693359375 1831
14966.6435546875 2354
14967.568359375 2528
14985.9541015625 2679
14987.6015625 2712
14993.021484375 2747
15049.5009765625 2809
15051.822265625 2821
15086.486328125 2842
15088.1943359375 2860
15102.4072265625 2906
15105.671875 2994
15109.2275390625 186
15112.525390625 223
15122.2587890625 1594
15122.90625 410
15130.3974609375 631
15134.00390625 132
15157.6611328125 2576
15210.697265625 1282
15217.9951171875 488
15238.2578125 869
15246.18359375 2059
15250.3671875 787
15253.751953125 904
15255.11328125 137
15273.166015625 275
15277.17578125 328
15284.701171875 333
15289.8779296875 392
15299.0576171875 407
15305.5078125 489
15307.8837890625 680
15326.0830078125 1022
15329.955078125 1290
15334.53515625 1358
15349.166015625 1607
15368.1640625 1653
15369.9111328125 2024
15374.5859375 2184
15387.2099609375 2221
15402.642578125 2394
15407.3232421875 2427
15412.953125 2517
15415.4404296875 2655
15427.9482421875 2704
15440.794921875 2900
15442.1435546875 2946
15443.8154296875 459
15448.7158203125 1408
15448.7431640625 1339
15460.81640625 22
15462.5126953125 45
15467.66796875 300
15473.3662109375 812
15526.728515625 922
15527.541015625 947
15534.64453125 975
15551.384765625 1001
15564.2314453125 1095
15590.9765625 1275
15597.134765625 1664
15603.7744140625 1708
15611.486328125 1763
15632.4169921875 1766
15632.4169921875 1889
15642.7158203125 2077
15659.625 2082
15667.8095703125 2131
15685.23046875 2315
15686.830078125 2317
15696.1865234375 2409
15703.90625 2608
15713.2265625 2616
15739.578125 2649
15741.6923828125 2819
15764.5078125 2862
15764.892578125 1164
15800.2412109375 2213
15809.908203125 1050
15821.2177734375 979
15823.78515625 1562
15841.6396484375 1597
15842.671875 2334
15866.5361328125 587
15897.6728515625 630
15906.20703125 777
15912.0048828125 1012
15923.6904296875 1064
15937.671875 1082
15939.4853515625 1462
15946.234375 1501
15946.91796875 1654
15961.232421875 1800
15968.9365234375 2656
15969.0029296875 2884
15977.048828125 1416
15978.65234375 1575
16009.76953125 2889
16010.1904296875 445
16013.1962890625 30
16023.3828125 2484
16032.0927734375 38
16056.181640625 40
16057.4697265625 76
16063.8779296875 77
16064.5322265625 108
16065.0673828125 164
16069.0244140625 211
16069.96875 225
16084.0029296875 376
16087.40234375 437
16088.458984375 510
16089.318359375 646
16090.759765625 671
16097.25 738
16100.908203125 770
16101.255859375 1434
16104.0517578125 1610
16106.84375 1662
16108.626953125 1709
16128.474609375 1998
16140.2333984375 2166
16184.85546875 2220
16187.9365234375 2238
16189.962890625 2255
16199.2001953125 2345
16200.3095703125 2510
16200.93359375 2581
16204.064453125 2607
16205.5 2807
16214.861328125 1015
16219.2626953125 1984
16231.1171875 1258
16232.716796875 2555
16234.10546875 1147
16235.318359375 865
16241.0751953125 939
16249.0361328125 1497
16255.0400390625 2630
16287.9951171875 2752
16309.7451171875 457
16325.0888671875 309
16332.7978515625 316
16333.22265625 483
16347.07421875 484
16368.03125 633
16370.3330078125 1026
16381.11328125 1036
16384.873046875 1176
16399.6953125 1423
16414.4765625 1485
16415.041015625 1590
16417.83984375 1702
16426.568359375 1759
16439.40234375 1818
16462.1328125 1958
16483.380859375 1963
16495.59765625 1977
16527.083984375 2053
16531.712890625 2056
16577.06640625 2125
16641.662109375 2304
16679.255859375 2356
16679.365234375 2477
16686.326171875 2533
16689.259765625 2732
16692.13671875 2948
16692.595703125 1601
16696.4375 2256
16709.4765625 2104
16727.546875 284
16757.052734375 182
16767.8671875 916
16774.16796875 1667
16774.966796875 1852
16781.064453125 727
16810.259765625 2036
16824.90234375 2772
16829.021484375 130
16835.130859375 219
16856.46484375 394
16859.5546875 405
16868.375 634
16873.521484375 856
16875.04296875 983
16891.47265625 1117
16894.333984375 1386
16897.666015625 1791
16915.96484375 1991
16935.845703125 2060
16936.875 2215
16941.890625 2314
16943.361328125 2440
16955.150390625 2467
16985.998046875 2618
16989.337890625 2648
17006.302734375 2694
17059.701171875 1772
17062.39453125 818
17072.44921875 2907
17078.6015625 660
17086.6796875 1168
17087.630859375 1145
17101.84765625 1476
17135.3515625 1618
17148.587890625 655
17152.154296875 1592
17156.2734375 2120
17156.958984375 2557
17161.50390625 112
17194.30078125 350
17199.4921875 356
17206.36328125 448
17231.779296875 1500
17242.515625 1526
17250.349609375 1587
17267.56640625 1881
17353.07421875 1943
17382.1640625 1962
17383.08203125 1995
17404.267578125 2075
17409.5859375 2118
17411.0234375 2309
17415.111328125 2418
17416.0625 2516
17419.029296875 2588
17425.61328125 2605
17431.033203125 2623
17434.833984375 2937
17448.013671875 1005
17462.9296875 110
17484.056640625 2360
17493.802734375 121
17510.4921875 1046
17545.693359375 298
17545.927734375 372
17549.4140625 492
17559.79296875 752
17568.986328125 838
17570.451171875 903
17609.109375 1034
17609.59375 1128
17612.826171875 1187
17619.03515625 1437
17625.224609375 1488
17626.0234375 1534
17640.26171875 1657
17649.14453125 1678
17650.119140625 1824
17661.4375 1826
17667.361328125 1941
17667.673828125 1997
17668.2109375 2318
17670.892578125 2327
17694.013671875 2362
17707.58203125 2404
17724.90625 2453
17755.236328125 2458
17778.890625 2496
17792.79296875 2696
17794.419921875 2722
17796.89453125 2796
17837.052734375 2584
17863.900390625 2872
17866.345703125 2589
17889.7890625 2135
17923.5234375 1802
17924.1796875 1853
17933.751953125 1892
17941.974609375 1580
17979.7578125 25
17988.060546875 72
17988.173828125 343
18010.896484375 710
18021.44921875 755
18032.2734375 885
18039.09765625 1683
18052.04296875 1776
18110.900390625 1972
18132.615234375 2047
18142.396484375 2138
18161.84375 2185
18179.12109375 2344
18186.123046875 2545
18193.794921875 2573
18198.615234375 2855
18264.4453125 2159
18268.388671875 1067
18268.388671875 371
18268.7265625 243
18287.595703125 1301
18294.77734375 311
18315.9921875 426
18323.580078125 648
18353.8046875 720
18356.599609375 792
18358.2109375 940
18362.1328125 1006
18372.599609375 1032
18374.38671875 1160
18394.81640625 1189
18449.390625 2183
18454.779296875 2190
18477.5234375 2301
18522.3671875 1459
18527.123046875 1649
18530.869140625 353
18532.69921875 2706
18555.91015625 1511
18578.80078125 1778
18585.806640625 329
18592.650390625 731
18613.1015625 1400
18630.212890625 2070
18660.845703125 1480
18665.255859375 1714
18676.5546875 249
18685.658203125 94
18691.97265625 2823
18695.169921875 471
18696.6484375 473
18713.955078125 747
18716.498046875 915
18726.39453125 921
18752.125 993
18764.15625 1072
18788.517578125 1415
18801.5 1541
18804.6484375 1746
18815.96875 1949
18835.537109375 2079
18838.93359375 2219
18846.984375 2258
18854.20703125 2413
18867.96484375 2628
18868.24609375 2828
18873.216796875 2903
18874.1015625 2996
18876.302734375 204
18893.044921875 1247
18912.22265625 1410
18916.7578125 1888
18951.919921875 1214
18957.923828125 1658
18963.08203125 2587
18989.185546875 380
18998.79296875 688
19022.662109375 1761
19033.3671875 66
19068.5859375 127
19081.185546875 179
19082.109375 855
19123.005859375 1198
19207.40234375 1250
19290.8046875 1507
19293.4140625 1558
19295.59765625 2007
19323.966796875 2092
19389.068359375 2231
19393.470703125 2384
19416.40625 2457
19435.90625 2544
19449.63671875 2717
19454.716796875 2774
19482.345703125 2794
19485.880859375 2909
19504.93359375 972
19534.396484375 1138
19610.27734375 1442
19628.521484375 1137
19662.72265625 102
19669.310546875 667
19691.41796875 1935
19703.9453125 2352
19705.939453125 2887
19736.0546875 427
19784.53515625 1533
19787.837890625 170
19818.615234375 262
19828.025390625 306
19854.0625 596
19870.783203125 805
19873.287109375 849
19900.36328125 850
19920.033203125 965
19921.75390625 976
19948.158203125 1058
19955.875 1403
19961.62109375 1645
19964.1484375 1999
19974.181640625 2292
20044.35546875 2392
20074.880859375 2403
20094.8671875 2497
20142.2109375 2524
20209.95703125 2601
20299.029296875 2652
20331.865234375 2657
20339.578125 2761
20356.744140625 2839
20389.322265625 2939
20390.861328125 2984
20429.16796875 1027
20431.8359375 622
20458.95703125 417
20472.037109375 450
20532.890625 690
20555.373046875 969
20566.607421875 982
20579.40234375 1040
20586.255859375 1078
20640.88671875 1083
20646.185546875 1382
20647.6328125 1391
20652.70703125 1486
20662.26953125 1503
20673.50390625 1547
20701.806640625 1561
20704.478515625 1965
20722.029296875 2026
20743.228515625 2066
20752.2265625 2182
20781.44921875 2245
20798.798828125 2460
20801.09765625 2466
20873.78125 2540
20970.953125 2593
20972.77734375 2632
21045.90625 2753
21080.345703125 2759
21094.10546875 2793
21112.439453125 2925
21138.4375 2152
21163.431640625 762
21168.01953125 2757
21186.044921875 37
21216.859375 1624
21325.37890625 1271
21340.2578125 2370
21340.2578125 2895
21356.64453125 2411
21379.328125 67
21421.634765625 150
21469.76171875 171
21490.607421875 195
21502.40625 363
21526.7890625 522
21542.98828125 657
21544.529296875 701
21548.109375 760
21570.591796875 811
21589.8203125 874
21767.4296875 875
21783.54296875 1002
21831.330078125 1007
21871.326171875 1023
21887.587890625 1356
21901.580078125 1378
21969.5234375 1489
21975.900390625 1629
22014.91796875 2721
22104.29296875 2032
22238.611328125 2259
22261.150390625 771
22363.603515625 1543
22386.177734375 2241
22408.21875 1964
22621.56640625 1625
22632.501953125 2693
22702.451171875 222
22711.83984375 258
22851.39453125 281
22887.5078125 506
22904.564453125 582
22930.830078125 724
22947.568359375 879
22951.16796875 1003
23018.076171875 1171
23030.515625 1182
23060.71875 1588
23067.103515625 1685
23172.4375 1758
23200.712890625 2300
23288.134765625 2310
23298.712890625 2705
23335.654296875 2845
23351.01953125 2916
23360.763671875 1811
23373.955078125 2701
23421.94921875 421
23428.240234375 1440
23597.1796875 2337
23787.97265625 2531
23821.052734375 18
23914.94921875 29
23918.546875 31
23964.41015625 104
23988.34375 274
24199.673828125 321
24203.494140625 370
24281.779296875 375
24344.158203125 562
24494.328125 914
24569.41015625 944
24607.96875 1672
24670.24609375 1684
24706.234375 1825
24736.6328125 1846
24761.986328125 1960
25175.150390625 1976
25521.859375 2006
25557.626953125 2319
25725.484375 2405
25727.11328125 2550
25851.8671875 2606
25860.8515625 2768
26036.548828125 1081
26057.814453125 1780
26062.5390625 16
26066.63671875 28
26123.1328125 125
26311.166015625 212
26355.224609375 265
26436.26171875 295
26515.130859375 360
26544.03125 364
26627.2890625 937
26635.2734375 1077
26764.56640625 1101
26807.04296875 1241
26824.314453125 1243
26839.853515625 1307
26872.62109375 1343
27059.455078125 1404
27207.00390625 1418
27229.73046875 1585
27464.15625 1719
27705.625 1822
27810.482421875 2009
27853.875 2164
28434.208984375 2214
28663.353515625 2250
28666.947265625 2263
29576.625 2342
31995.54296875 2359
35366.45703125 2547
