5483.46337890625 1050
5941.2119140625 979
6012.53857421875 1562
6192.5703125 1597
6309.3955078125 2334
6361.86376953125 587
6432.9052734375 630
6482.41455078125 777
6490.53955078125 1012
6522.71875 1064
6540.35302734375 1082
6639.2060546875 1462
6688.099609375 1501
6737.93359375 1654
6771.41650390625 1800
6778.4375 2656
6786.736328125 2884
6789.697265625 1416
6791.55419921875 1446
6792.71142578125 87
6816.30615234375 251
6838.8447265625 527
6873.1748046875 529
6875.55615234375 625
6909.30615234375 641
6934.38916015625 693
7006.38232421875 873
7016.9013671875 881
7027.80029296875 928
7030.44970703125 1133
7070.673828125 1283
7076.61328125 1318
7099.091796875 1346
7099.9404296875 1417
7144.4697265625 1720
7192.8974609375 1987
7196.43505859375 2226
7208.595703125 2296
7226.033203125 2515
7226.033203125 2572
7227.7958984375 2669
7233.447265625 2728
7258.556640625 2734
7259.974609375 2746
7268.12939453125 2852
7302.6181640625 2866
7317.9580078125 2915
7322.51416015625 2949
7324.98388671875 377
7343.0146484375 2281
7371.68115234375 160
7373.455078125 1
7392.66552734375 425
7395.9931640625 446
7399.20361328125 800
7407.0458984375 918
7412.794921875 953
7465.248046875 985
7465.9697265625 986
7480.20458984375 1008
7480.20458984375 1043
7491.74609375 1270
7500.275390625 1317
7530.140625 1435
7535.0341796875 1548
7560.083984375 1606
7567.470703125 1661
7685.53466796875 1712
7694.4609375 2010
7733.32958984375 2088
7748.119140625 2365
7766.1279296875 2410
7779.76220703125 2414
7789.82373046875 2482
7800.2626953125 2560
7802.0263671875 2781
7812.0859375 2820
7828.6279296875 997
7848.896484375 1781
7853.4853515625 81
7888.16015625 229
7912.3193359375 440
7913.3291015625 548
7932.85546875 611
7951.884765625 826
7952.9052734375 834
7953.40283203125 848
7997.29345703125 871
8002.4345703125 893
8003.82861328125 1231
8013.58935546875 1256
8014.82568359375 1315
8021.12451171875 1458
8027.70751953125 1550
8050.958984375 1671
8067.1474609375 1711
8082.32958984375 1815
8105.2109375 1893
8114.99462890625 2312
8122.4072265625 2324
8127.4560546875 2385
8133.802734375 2447
8146.45556640625 2562
8147.3076171875 2610
8160.263671875 2622
8185.01171875 2853
8189.4697265625 2924
8190.90771484375 2927
8253.291015625 2239
8254.4716796875 1362
8254.4912109375 1926
8297.8369140625 2997
8318.5263671875 254
8325.0361328125 388
8338.29296875 465
8345.9052734375 498
8362.83984375 520
8386.3076171875 962
8410.4716796875 981
8423.4921875 1156
8435.87109375 1652
8447.2900390625 2205
8463.298828125 2339
8473.6767578125 2417
8496.353515625 2494
8506.697265625 2687
8509.0869140625 1122
8560.7412109375 1670
8562.7197265625 264
8569.0458984375 2173
8603.36328125 1646
8607.2041015625 2396
8609.3095703125 49
8614.263671875 189
8620.16015625 261
8627.41796875 263
8631.55859375 430
8636.232421875 831
8639.8896484375 899
8640.9384765625 1123
8662.93359375 1169
8692.2958984375 1350
8704.240234375 1405
8715.7021484375 1512
8718.060546875 1750
8731.2685546875 1769
8734.5166015625 1908
8763.9169921875 1966
8768.755859375 1982
8773.556640625 1993
8803.6904296875 2094
8809.89453125 2126
8867.8798828125 2141
8872.3349609375 2171
8874.5322265625 2174
8879.4580078125 2177
8880.4306640625 2237
8931.7001953125 2367
8956.625 2536
8975.533203125 2542
8980.484375 2582
8986.5546875 2675
8992.095703125 2703
9008.568359375 1873
9013.599609375 2107
9030.134765625 1281
9048.712890625 455
9053.095703125 470
9061.10546875 902
9075.5654296875 926
9090.341796875 967
9095.1650390625 1104
9100.748046875 1225
9102.0 1286
9107.005859375 1506
9118.892578125 1516
9123.6708984375 1599
9129.3916015625 1779
9136.42578125 1848
9190.1923828125 1867
9223.5244140625 1883
9236.052734375 2063
9247.0654296875 2210
9286.169921875 2246
9321.052734375 2285
9324.9365234375 2361
9331.79296875 2686
9332.8203125 2700
9339.8134765625 88
9341.748046875 586
9353.3857421875 136
9370.111328125 1471
9378.5302734375 226
9393.09375 296
9421.1904296875 1197
9431.0322265625 1666
9444.83984375 2511
9465.0771484375 101
9465.447265625 215
9467.30859375 549
9505.0791015625 550
9519.072265625 573
9523.3740234375 1136
9524.19140625 1199
9549.1806640625 1530
9551.0478515625 1581
9575.6435546875 1640
9628.5126953125 1688
9638.8427734375 1968
9652.169921875 2526
9675.796875 2571
9690.59765625 2983
9700.365234375 1787
9768.5 602
9803.8876953125 1146
9825.544921875 253
9833.87109375 342
9834.57421875 843
9897.9873046875 1233
9955.943359375 1335
9996.2353515625 1394
9997.119140625 1737
10006.236328125 1784
10014.494140625 1950
10018.49609375 2025
10045.9306640625 2473
10047.431640625 2518
10057.7265625 999
10094.7861328125 1056
10095.712890625 1900
10099.54296875 1304
10109.103515625 1326
10114.65625 2967
10126.90234375 1329
10170.302734375 50
10178.0361328125 318
10180.61328125 389
10180.6142578125 478
10180.619140625 491
10245.1171875 580
10247.162109375 599
10254.455078125 890
10284.60546875 896
10287.1064453125 909
10296.99609375 919
10382.6943359375 995
10403.9609375 1273
10429.31640625 1342
10438.2587890625 1430
10438.4873046875 1495
10444.4892578125 1568
10463.859375 1583
10486.0224609375 1764
10510.7158203125 1774
10518.26171875 2065
10569.19140625 2117
10571.7431640625 2181
10577.451171875 2268
10607.396484375 2465
10624.2744140625 2664
10639.10546875 2760
10647.86328125 2764
10673.0263671875 2938
10673.353515625 2943
10685.90625 1860
10698.361328125 2880
10699.029296875 1333
10699.65625 2631
10701.6181640625 146
10710.2314453125 1538
10764.181640625 21
10766.25390625 34
10783.3515625 200
10799.1904296875 288
10816.58203125 336
10835.26953125 385
10836.5 517
10872.0576171875 546
10873.4716796875 609
10875.4736328125 614
10882.923828125 683
10922.810546875 686
10924.7138671875 769
10954.732421875 1097
10961.6748046875 1221
10975.966796875 1322
10976.6455078125 1359
10986.2578125 1376
11001.8125 1686
11013.8935546875 1854
11023.359375 2513
11033.8740234375 2553
11038.3984375 2650
11129.056640625 2672
11175.765625 2911
11198.197265625 78
11219.42578125 2713
11240.1923828125 2800
11247.33203125 2651
11251.5390625 2970
11258.8935546875 1045
11287.357421875 1068
11293.6875 2078
11299.75 884
11311.5859375 886
11321.86328125 1028
11360.46484375 1845
11372.4990234375 1932
11372.8642578125 2489
11385.806640625 90
11394.5458984375 153
11415.099609375 240
11459.974609375 256
11486.771484375 531
11497.123046875 644
11499.134765625 706
11501.015625 775
11502.537109375 1163
11514.109375 1483
11566.6572265625 2114
11570.533203125 2379
11572.9365234375 2424
11594.099609375 2433
11596.58203125 2435
11620.09765625 2442
11627.1826171875 2683
11662.861328125 2811
11681.71875 2176
11691.0859375 169
11691.109375 2207
11707.951171875 1144
11727.701171875 2180
11733.890625 73
11741.279296875 663
11755.837890625 677
11794.2900390625 756
11803.232421875 925
11823.0498046875 927
11830.599609375 946
11845.6962890625 996
11871.671875 1141
11886.3955078125 1202
11894.13671875 1251
11903.3935546875 1457
11910.4990234375 1502
11911.32421875 1591
11917.369140625 1733
11919.2265625 1735
11921.857421875 1919
11941.376953125 1933
11963.103515625 1955
11967.6923828125 2002
12009.876953125 2335
12011.142578125 2341
12019.685546875 2565
12033.8603515625 2695
12042.4541015625 2763
12059.173828125 2840
12064.4951171875 2422
12087.388671875 1020
12101.2646484375 640
12103.626953125 59
12108.64453125 177
12113.0830078125 191
12120.279296875 575
12133.4775390625 687
12147.0498046875 934
12151.3203125 1119
12157.7939453125 1529
12160.66015625 1697
12169.623046875 1810
12187.33203125 1831
12220.6455078125 2354
12221.88671875 2528
12244.5947265625 2679
12245.203125 2712
12248.716796875 2747
12249.5478515625 2809
12257.8330078125 2821
12266.4990234375 2842
12293.751953125 2860
12338.189453125 2906
12341.685546875 2994
12344.583984375 186
12347.900390625 223
12351.7216796875 1594
12362.0693359375 410
12363.419921875 631
12371.16015625 132
12374.595703125 2576
12391.80078125 1282
12396.234375 488
12411.7275390625 869
12415.087890625 2059
12422.05078125 787
12464.4716796875 904
12465.291015625 137
12469.5322265625 275
12469.7314453125 328
12471.37109375 333
12481.1865234375 392
12482.3330078125 407
12507.310546875 489
12511.810546875 680
12540.474609375 1022
12550.84375 1290
12560.255859375 1358
12604.560546875 1607
12614.7998046875 1653
12635.5673828125 2024
12650.8408203125 2184
12661.216796875 2221
12674.56640625 2394
12678.5556640625 2427
12683.263671875 2517
12726.4267578125 2655
12760.0380859375 2704
12787.875 2900
12795.4296875 2946
12796.7783203125 459
12799.9873046875 1408
12805.2998046875 1339
12805.4296875 22
12813.3134765625 45
12817.43359375 300
12849.771484375 812
12893.396484375 922
12900.896484375 947
12937.9716796875 975
12949.5234375 1001
12980.90625 1095
12995.4970703125 1275
13003.869140625 1664
13021.3154296875 1708
13033.4970703125 1763
13035.634765625 1766
13036.5615234375 1889
13088.5048828125 2077
13118.837890625 2082
13123.3232421875 2131
13151.76171875 2315
13167.9716796875 2317
13178.396484375 2409
13185.4775390625 2608
13217.841796875 2616
13222.474609375 2649
13235.3310546875 2819
13248.75390625 2862
13251.6455078125 1164
13281.525390625 2213
13301.0673828125 1575
13307.919921875 2889
13309.67578125 445
13356.4638671875 30
13395.6201171875 2484
13402.61328125 38
13459.142578125 40
13512.291015625 76
13545.07421875 77
13546.765625 108
13551.876953125 164
13556.5087890625 211
13596.146484375 225
13619.552734375 376
13632.193359375 437
13644.173828125 510
13685.7275390625 646
13738.330078125 671
13771.1728515625 738
13788.16015625 770
13819.009765625 1434
13819.009765625 1610
13820.955078125 1662
13856.67578125 1709
13876.1259765625 1998
13886.912109375 2166
13891.35546875 2220
13894.17578125 2238
13913.9892578125 2255
13945.2412109375 2345
13946.6201171875 2510
13954.6865234375 2581
13954.6865234375 2607
13959.5537109375 2807
13964.3369140625 1015
13986.6640625 1984
14014.6201171875 1258
14076.611328125 2555
14092.16796875 1147
14094.80078125 865
14109.1240234375 939
14123.8173828125 1497
14137.72265625 2630
14172.73046875 2752
14178.451171875 457
14201.1845703125 309
14216.3271484375 316
14237.5146484375 483
14249.3330078125 484
14251.765625 633
14252.798828125 1026
14253.169921875 1036
14262.955078125 1176
14301.0634765625 1423
14333.087890625 1485
14349.3935546875 1590
14356.5703125 1702
14421.1708984375 1759
14428.3896484375 1818
14462.640625 1958
14475.1513671875 1963
14478.5087890625 1977
14480.26953125 2053
14504.44140625 2056
14513.623046875 2125
14531.3798828125 2304
14556.6416015625 2356
14570.859375 2477
14578.287109375 2533
14635.578125 2732
14676.6943359375 2948
14693.2392578125 1601
14716.0166015625 2256
14733.705078125 2104
14746.99609375 284
14767.115234375 182
14802.0146484375 916
14842.2548828125 1667
14842.9365234375 1852
14845.0078125 727
14870.4189453125 2036
14882.599609375 2772
14886.240234375 130
14903.2421875 219
14917.697265625 394
14923.666015625 405
14931.486328125 634
14944.560546875 856
14947.958984375 983
15047.0078125 1117
15062.169921875 1386
15065.19921875 1791
15099.931640625 1991
15101.58203125 2060
15120.373046875 2215
15125.9326171875 2314
15134.18359375 2440
15138.6328125 2467
15150.8232421875 2618
15157.349609375 2648
15161.240234375 2694
15200.19921875 1772
15205.01953125 818
15207.923828125 2907
15216.3837890625 660
15241.34765625 1168
15245.2041015625 1145
15285.75390625 1476
15295.75390625 1618
15295.75390625 655
15298.173828125 1592
15300.7548828125 2120
15305.9033203125 2557
15325.3857421875 112
15404.931640625 350
15407.5361328125 356
15409.2138671875 448
15416.380859375 1500
15435.1806640625 1526
15435.921875 1587
15440.91015625 1881
15446.513671875 1943
15446.84375 1962
15448.16015625 1995
15450.1552734375 2075
15457.8154296875 2118
15459.6591796875 2309
15464.8125 2418
15501.2197265625 2516
15548.912109375 2588
15558.595703125 2605
15566.2119140625 2623
15566.93359375 2937
15593.0361328125 1005
15603.19140625 110
15612.2509765625 2360
15615.404296875 121
15615.986328125 1046
15624.083984375 298
15660.099609375 372
15680.2421875 492
15689.6220703125 752
15710.2314453125 838
15711.0224609375 903
15726.361328125 1034
15742.990234375 1128
15743.53125 1187
15748.443359375 1437
15754.380859375 1488
15760.9306640625 1534
15809.0751953125 1657
15816.302734375 1678
15828.4423828125 1824
15845.701171875 1826
15845.921875 1941
15868.54296875 1997
15937.6611328125 2318
16002.482421875 2327
16027.80078125 2362
16048.298828125 2404
16078.1025390625 2453
16083.5361328125 2458
16093.4296875 2496
16104.4990234375 2696
16107.8251953125 2722
16113.8193359375 2796
16129.5615234375 2584
16149.6494140625 2872
16156.40234375 2589
16162.8583984375 2135
16199.2314453125 1802
16210.681640625 1853
16248.12890625 1892
16263.9384765625 1580
16292.1552734375 25
16334.6923828125 72
16375.2548828125 343
16386.4609375 710
16453.6953125 755
16471.11328125 885
16487.001953125 1683
16522.388671875 1776
16554.99609375 1972
16594.03515625 2047
16598.703125 2138
16608.55078125 2185
16616.3515625 2344
16620.564453125 2545
16639.248046875 2573
16645.3046875 2855
16665.603515625 2159
16671.0625 1067
16677.45703125 371
16686.62890625 243
16689.01171875 1301
16689.01171875 311
16700.01171875 426
16716.78125 648
16732.5234375 720
16734.107421875 792
16744.30859375 940
16758.080078125 1006
16787.01171875 1032
16792.80859375 1160
16796.025390625 1189
16800.591796875 2183
16804.046875 2190
16808.80859375 2301
16850.15234375 1459
16851.3515625 1649
16851.369140625 353
16892.41015625 2706
16904.244140625 1511
16912.880859375 1778
16939.29296875 329
16944.279296875 731
16971.92578125 1400
17002.1328125 2070
17008.736328125 1480
17009.83984375 1714
17031.65625 249
17043.962890625 94
17055.794921875 2823
17059.853515625 471
17084.79296875 473
17100.37890625 747
17106.859375 915
17130.953125 921
17133.0390625 993
17134.7578125 1072
17143.203125 1415
17145.0859375 1541
17173.162109375 1746
17174.96484375 1949
17194.42578125 2079
17205.109375 2219
17206.517578125 2258
17213.369140625 2413
17232.3125 2628
17285.640625 2828
17286.048828125 2903
17325.6796875 2996
17364.484375 204
17378.8671875 1247
17407.34375 1410
17424.71484375 1888
17446.490234375 1214
17456.697265625 1658
17552.466796875 2587
17596.951171875 380
17628.916015625 688
17638.08984375 1761
17645.900390625 66
17687.9140625 127
17694.9140625 179
17709.884765625 855
17721.71875 1198
17725.189453125 1250
17727.828125 1507
17733.775390625 1558
17734.03125 2007
17745.81640625 2092
17749.75 2231
17753.3203125 2384
17759.46484375 2457
17771.326171875 2544
17832.884765625 2717
17849.201171875 2774
17883.515625 2794
17894.017578125 2909
17925.591796875 972
17945.1875 1138
17947.046875 1442
17950.798828125 1137
17953.431640625 102
18016.7109375 667
18025.634765625 1935
18044.80078125 2352
18075.142578125 2887
18106.17578125 427
18111.501953125 1533
18122.166015625 170
18185.23828125 262
18193.419921875 306
18201.298828125 596
18218.98046875 805
18225.484375 849
18264.24609375 850
18272.984375 965
18312.87890625 976
18320.4453125 1058
18354.103515625 1403
18374.84765625 1645
18401.869140625 1999
18420.796875 2292
18425.375 2392
18439.966796875 2403
18444.72265625 2497
18447.2890625 2524
18534.21484375 2601
18548.859375 2652
18616.96484375 2657
18643.99609375 2761
18659.375 2839
18667.7890625 2939
18698.892578125 2984
18699.154296875 1027
18716.998046875 622
18776.30078125 417
18784.275390625 450
18827.70703125 690
18843.97265625 969
18883.8984375 982
18891.763671875 1040
18906.9921875 1078
18911.064453125 1083
18953.814453125 1382
19014.421875 1391
19051.787109375 1486
19061.912109375 1503
19073.779296875 1547
19077.890625 1561
19185.404296875 1965
19215.11328125 2026
19232.568359375 2066
19312.0703125 2182
19350.509765625 2245
19358.951171875 2460
19363.060546875 2466
19444.740234375 2540
19509.666015625 2593
19551.12109375 2632
19574.658203125 2753
19598.431640625 2759
19654.37109375 2793
19813.052734375 2925
19840.1328125 2152
19860.419921875 762
19887.876953125 2757
19892.646484375 37
19907.86328125 1624
19926.22265625 1271
20030.5 2370
20031.60546875 2895
20072.62109375 2411
20091.517578125 67
20097.8984375 150
20107.16796875 171
20113.80078125 195
20121.216796875 363
20132.943359375 522
20193.00390625 657
20198.328125 701
20199.849609375 760
20220.705078125 811
20365.0390625 874
20387.29296875 875
20401.55859375 1002
20488.685546875 1007
20524.6796875 1023
20568.37109375 1356
20609.12109375 1378
20657.203125 1489
20736.7578125 1629
20786.8828125 2721
20808.6328125 2032
20873.427734375 2259
20896.8984375 771
20900.29296875 1543
20945.53515625 2241
21025.92578125 1964
21050.755859375 1625
21221.748046875 2693
21286.501953125 222
21299.25 258
21307.7734375 281
21322.859375 506
21334.17578125 582
21386.837890625 724
21519.19921875 879
21527.6171875 1003
21571.203125 1171
21607.416015625 1182
21687.296875 1588
21689.158203125 1685
21757.9296875 1758
21759.0078125 2300
21760.962890625 2310
21784.431640625 2705
21831.001953125 2845
21871.333984375 2916
21876.79296875 1811
21933.58984375 2701
21978.8671875 421
22022.751953125 1440
22096.42578125 2337
22100.05859375 2531
22108.4765625 18
22200.65625 29
22206.138671875 31
22327.15625 104
22428.482421875 274
22446.71875 321
22454.41015625 370
22490.150390625 375
22536.380859375 562
22577.67578125 914
22670.71875 944
22688.232421875 1672
22720.6328125 1684
22886.376953125 1825
22950.66015625 1846
23051.369140625 1960
23093.75390625 1976
23145.607421875 2006
23323.744140625 2319
23603.41796875 2405
23612.703125 2550
23723.01171875 2606
23734.43359375 2768
23763.37109375 1081
23896.29296875 1780
23898.171875 16
24077.533203125 28
24077.533203125 125
24142.689453125 212
24421.14453125 265
24509.28125 295
24594.640625 360
24741.6484375 364
24825.529296875 937
24984.509765625 1077
25036.71875 1101
25540.755859375 1241
25752.6796875 1243
26240.052734375 1307
26471.08203125 1343
26561.302734375 1404
26701.0859375 1418
26798.630859375 1585
26833.884765625 1719
27132.923828125 1822
27469.138671875 2009
27533.5859375 2164
28747.48046875 2214
29101.326171875 2250
29109.126953125 2263
29418.11328125 2342
29963.951171875 2359
30961.357421875 2547
