7399.39404296875 1362
7813.49609375 1926
7821.515625 2997
7834.21728515625 254
7979.39306640625 388
8086.3857421875 465
8115.33544921875 498
8131.1201171875 520
8182.47021484375 962
8230.52734375 981
8275.5205078125 1156
8320.01953125 1652
8333.9501953125 2205
8363.8486328125 2339
8406.0244140625 2417
8407.8330078125 2494
8433.09765625 2687
8437.078125 1122
8452.939453125 1670
8486.6376953125 264
8531.9052734375 2173
8549.935546875 1446
8567.4658203125 87
8631.599609375 251
8640.40234375 527
8654.955078125 529
8662.7060546875 625
8667.2724609375 641
8669.12109375 693
8717.2802734375 873
8744.625 881
8790.451171875 928
8800.0537109375 1133
8804.91796875 1283
8826.896484375 1318
8828.7314453125 1346
8834.48046875 1417
8846.845703125 1720
8855.9482421875 1987
8883.318359375 2226
8889.841796875 2296
8905.8076171875 2515
8910.9931640625 2572
8915.83203125 2669
8921.9482421875 2728
8921.9921875 2734
8928.2470703125 2746
8931.9248046875 2852
8941.35546875 2866
9004.5009765625 2915
9033.90625 2949
9080.5537109375 377
9089.6845703125 2281
9100.05078125 160
9124.287109375 1
9126.408203125 425
9133.8759765625 446
9145.8056640625 800
9167.26953125 918
9169.63671875 953
9176.41796875 985
9206.533203125 986
9209.90234375 1008
9218.333984375 1043
9220.30078125 1270
9224.0634765625 1317
9275.462890625 1435
9282.5615234375 1548
9283.697265625 1606
9292.6806640625 1661
9297.046875 1712
9308.0966796875 2010
9360.791015625 2088
9364.8720703125 2365
9381.62890625 2410
9382.39453125 2414
9382.658203125 2482
9411.869140625 2560
9415.216796875 2781
9425.9404296875 2820
9438.0517578125 997
9441.5068359375 1781
9442.9541015625 81
9443.6591796875 229
9462.322265625 440
9481.0830078125 548
9485.6689453125 611
9488.8046875 826
9490.0546875 834
9494.3876953125 848
9503.123046875 871
9517.88671875 893
9521.619140625 1231
9521.6435546875 1256
9525.1953125 1315
9529.8662109375 1458
9530.1416015625 1550
9537.6875 1671
9547.4248046875 1711
9548.72265625 1815
9566.7158203125 1893
9571.044921875 2312
9606.6416015625 2324
9608.8642578125 2385
9615.5107421875 2447
9620.9423828125 2562
9621.498046875 2610
9625.8935546875 2622
9626.7548828125 2853
9626.7548828125 2924
9627.697265625 2927
9633.505859375 2239
9648.30859375 1646
9653.7900390625 2396
9655.3544921875 49
9682.439453125 189
9700.4052734375 261
9708.60546875 263
9718.52734375 430
9727.828125 831
9743.529296875 899
9747.9931640625 1123
9764.373046875 1169
9771.2216796875 1350
9781.2900390625 1405
9781.2900390625 1512
9803.1552734375 1750
9808.0625 1769
9817.939453125 1908
9834.62109375 1966
9847.337890625 1982
9864.4267578125 1993
9887.271484375 2094
9892.4306640625 2126
9900.041015625 2141
9914.26171875 2171
9922.79296875 2174
9931.7099609375 2177
9941.7841796875 2237
9960.0126953125 2367
9972.8896484375 2536
9983.1533203125 2542
9990.703125 2582
9996.0048828125 2675
10020.0087890625 2703
10037.2734375 1873
10037.7265625 2107
10040.5634765625 1281
10051.294921875 455
10051.5185546875 470
10061.0947265625 902
10073.994140625 926
10077.7958984375 967
10083.279296875 1104
10094.2548828125 1225
10097.5068359375 1286
10100.986328125 1506
10102.671875 1516
10108.291015625 1599
10108.56640625 1779
10115.3818359375 1848
10119.7421875 1867
10124.0302734375 1883
10141.3984375 2063
10141.9814453125 2210
10155.4697265625 2246
10173.984375 2285
10181.80078125 2361
10191.9501953125 2686
10204.3173828125 2700
10214.76953125 88
10236.4130859375 586
10238.7783203125 136
10242.7568359375 1471
10274.6435546875 226
10293.41796875 296
10305.0244140625 1197
10311.9287109375 1666
10343.0234375 2511
10344.5087890625 101
10345.02734375 215
10353.470703125 549
10360.703125 550
10367.7861328125 573
10382.0048828125 1136
10392.728515625 1199
10392.955078125 1530
10400.6767578125 1581
10408.8388671875 1640
10408.8525390625 1688
10416.8251953125 1968
10426.939453125 2526
10444.4658203125 2571
10447.97265625 2983
10448.7060546875 1787
10460.2021484375 602
10465.248046875 1146
10469.4130859375 253
10476.87890625 342
10477.779296875 843
10478.6611328125 1233
10498.5751953125 1335
10500.8525390625 1394
10510.08984375 1737
10513.9306640625 1784
10514.712890625 1950
10525.4990234375 2025
10531.529296875 2473
10532.4296875 2518
10532.751953125 999
10555.71875 1056
10570.9052734375 1900
10571.0576171875 1304
10574.396484375 1326
10589.1787109375 2967
10604.064453125 1329
10615.103515625 50
10631.87890625 318
10645.431640625 389
10646.6416015625 478
10655.84375 491
10659.53515625 580
10667.0439453125 599
10671.115234375 890
10671.115234375 896
10683.5615234375 909
10685.0830078125 919
10698.0087890625 995
10705.7109375 1273
10713.865234375 1342
10714.6865234375 1430
10714.8095703125 1495
10774.5654296875 1568
10776.9033203125 1583
10779.2392578125 1764
10782.892578125 1774
10790.916015625 2065
10794.4560546875 2117
10798.5400390625 2181
10801.18359375 2268
10801.3515625 2465
10807.2197265625 2664
10809.5087890625 2760
10814.4560546875 2764
10826.748046875 2938
10827.75 2943
10828.2626953125 1860
10828.2626953125 2880
10830.828125 1333
10834.3125 2631
10835.6875 146
10835.6875 1538
10850.931640625 21
10869.27734375 34
10876.74609375 200
10877.931640625 288
10885.8037109375 336
10890.7685546875 385
10897.8818359375 517
10900.4150390625 546
10901.5439453125 609
10906.951171875 614
10912.7568359375 683
10920.2431640625 686
10931.3310546875 769
10933.3388671875 1097
10940.6552734375 1221
10942.6064453125 1322
10944.4560546875 1359
10945.5517578125 1376
10975.775390625 1686
10991.50390625 1854
11003.3681640625 2513
11005.81640625 2553
11008.0087890625 2650
11010.6708984375 2672
11024.7568359375 2911
11025.1455078125 78
11030.68359375 2713
11032.880859375 2800
11036.3583984375 2651
11036.82421875 2970
11044.8984375 1045
11072.1591796875 1068
11088.90234375 2078
11096.9658203125 884
11099.5615234375 886
11124.9951171875 1028
11128.171875 1845
11143.900390625 1932
11151.671875 2489
11153.181640625 90
11158.8046875 153
11167.498046875 240
11171.9013671875 256
11173.5751953125 531
11176.8232421875 644
11181.484375 706
11182.912109375 775
11186.2802734375 1163
11189.36328125 1483
11207.248046875 2114
11215.4873046875 2379
11218.7724609375 2424
11227.947265625 2433
11229.91796875 2435
11236.4208984375 2442
11248.5849609375 2683
11252.4697265625 2811
11252.8662109375 2176
11258.515625 169
11266.3291015625 2207
11271.001953125 1144
11271.89453125 2180
11293.1650390625 73
11293.65625 663
11296.2138671875 677
11308.017578125 756
11309.9287109375 925
11315.92578125 927
11323.138671875 946
11332.30078125 996
11335.7333984375 1141
11338.435546875 1202
11341.8193359375 1251
11344.908203125 1457
11353.5634765625 1502
11354.236328125 1591
11367.3701171875 1733
11378.4267578125 1735
11384.185546875 1919
11418.837890625 1933
11426.33203125 1955
11429.7646484375 2002
11435.890625 2335
11442.490234375 2341
11442.5478515625 2565
11448.0673828125 2695
11451.287109375 2763
11469.37890625 2840
11470.4951171875 2422
11486.8076171875 1020
11492.037109375 640
11494.04296875 59
11503.8125 177
11505.0458984375 191
11522.318359375 575
11528.35546875 687
11530.4072265625 934
11530.65234375 1119
11533.875 1529
11536.845703125 1697
11538.28125 1810
11539.4697265625 1831
11568.880859375 2354
11571.365234375 2528
11585.0771484375 2679
11585.6884765625 2712
11586.62890625 2747
11602.123046875 2809
11645.8955078125 2821
11653.4443359375 2842
11657.2109375 2860
11672.1953125 2906
11673.447265625 2994
11674.3515625 186
11680.869140625 223
11682.498046875 1594
11683.3671875 410
11701.1103515625 631
11711.791015625 132
11718.876953125 2576
11724.8271484375 1282
11732.861328125 488
11734.728515625 869
11736.5400390625 2059
11736.923828125 787
11738.0458984375 904
11738.4599609375 137
11749.59375 275
11760.548828125 328
11761.4599609375 333
11772.59765625 392
11774.0615234375 407
11776.0087890625 489
11789.16796875 680
11789.6435546875 1022
11812.359375 1290
11823.3583984375 1358
11829.3896484375 1607
11831.8662109375 1653
11832.095703125 2024
11850.189453125 2184
11871.201171875 2221
11894.7236328125 2394
11912.1953125 2427
11923.037109375 2517
11924.451171875 2655
11934.1767578125 2704
11942.0166015625 2900
11942.326171875 2946
11943.6640625 459
11966.189453125 1408
11972.8408203125 1339
11973.7001953125 22
11998.693359375 45
12018.427734375 300
12019.087890625 812
12029.564453125 922
12030.0283203125 947
12049.689453125 975
12050.765625 1001
12055.0830078125 1095
12067.6767578125 1275
12076.298828125 1664
12080.1005859375 1708
12090.26171875 1763
12099.96875 1766
12108.025390625 1889
12111.0205078125 2077
12121.8662109375 2082
12125.51953125 2131
12135.2548828125 2315
12136.595703125 2317
12142.5771484375 2409
12143.0908203125 2608
12151.4794921875 2616
12157.328125 2649
12176.8720703125 2819
12190.71484375 2862
12190.939453125 1164
12199.23046875 2213
12203.1962890625 1050
12211.9755859375 979
12218.2177734375 1562
12223.4287109375 1597
12232.4404296875 2334
12242.154296875 587
12246.357421875 630
12255.662109375 777
12292.826171875 1012
12293.9033203125 1064
12303.517578125 1082
12303.7578125 1462
12304.99609375 1501
12315.1689453125 1654
12336.9130859375 1800
12336.921875 2656
12343.572265625 2884
12348.6328125 1416
12351.1875 1575
12357.9521484375 2889
12362.9091796875 445
12364.423828125 30
12374.3828125 2484
12374.890625 38
12379.2294921875 40
12383.80859375 76
12386.818359375 77
12403.802734375 108
12404.234375 164
12444.529296875 211
12467.12109375 225
12470.33984375 376
12477.21875 437
12482.70703125 510
12487.041015625 646
12488.2470703125 671
12517.8046875 738
12534.486328125 770
12534.96484375 1434
12536.9736328125 1610
12544.1396484375 1662
12544.611328125 1709
12569.8203125 1998
12570.8203125 2166
12587.1669921875 2220
12590.6845703125 2238
12591.826171875 2255
12610.810546875 2345
12610.9677734375 2510
12617.546875 2581
12628.814453125 2607
12631.6025390625 2807
12646.9384765625 1015
12674.1015625 1984
12688.5654296875 1258
12697.447265625 2555
12706.7001953125 1147
12722.375 865
12727.255859375 939
12729.80859375 1497
12731.1416015625 2630
12743.6875 2752
12744.736328125 457
12758.36328125 309
12764.197265625 316
12764.72265625 483
12783.072265625 484
12796.3994140625 633
12801.302734375 1026
12801.9052734375 1036
12829.244140625 1176
12830.7529296875 1423
12882.765625 1485
12924.2958984375 1590
12925.0185546875 1702
12928.1484375 1759
12941.0546875 1818
12948.662109375 1958
12981.0576171875 1963
12991.8662109375 1977
12992.451171875 2053
12996.67578125 2056
13019.60546875 2125
13050.998046875 2304
13065.9150390625 2356
13078.4013671875 2477
13082.8232421875 2533
13089.4462890625 2732
13093.958984375 2948
13102.677734375 1601
13107.1171875 2256
13136.5908203125 2104
13146.21875 284
13148.740234375 182
13159.861328125 916
13162.046875 1667
13174.7783203125 1852
13183.251953125 727
13201.888671875 2036
13206.2568359375 2772
13206.837890625 130
13230.7490234375 219
13248.9072265625 394
13249.501953125 405
13283.1708984375 634
13315.63671875 856
13333.931640625 983
13339.4267578125 1117
13340.5390625 1386
13343.921875 1791
13360.5498046875 1991
13369.146484375 2060
13375.1689453125 2215
13379.6220703125 2314
13393.7939453125 2440
13399.1552734375 2467
13399.1552734375 2618
13402.3349609375 2648
13414.3203125 2694
13424.8486328125 1772
13446.849609375 818
13454.2548828125 2907
13468.6328125 660
13479.0 1168
13481.2421875 1145
13518.40234375 1476
13547.6787109375 1618
13557.630859375 655
13559.759765625 1592
13561.4609375 2120
13563.9677734375 2557
13579.6455078125 112
13580.455078125 350
13586.34375 356
13617.6025390625 448
13622.6611328125 1500
13623.8642578125 1526
13626.423828125 1587
13634.423828125 1881
13640.388671875 1943
13655.4970703125 1962
13678.41015625 1995
13678.791015625 2075
13680.515625 2118
13733.0146484375 2309
13737.142578125 2418
13777.80078125 2516
13782.666015625 2588
13783.2373046875 2605
13804.671875 2623
13864.14453125 2937
13868.7265625 1005
13870.736328125 110
13880.2705078125 2360
13896.013671875 121
13908.0126953125 1046
13912.70703125 298
13916.7578125 372
13917.93359375 492
13951.521484375 752
13961.60546875 838
13963.86328125 903
13970.021484375 1034
13978.3583984375 1128
13993.3408203125 1187
13994.376953125 1437
13996.546875 1488
14007.6708984375 1534
14017.931640625 1657
14035.9765625 1678
14048.845703125 1824
14059.8994140625 1826
14062.6328125 1941
14075.478515625 1997
14084.7314453125 2318
14087.0703125 2327
14097.9765625 2362
14109.34765625 2404
14113.6806640625 2453
14116.673828125 2458
14130.3095703125 2496
14149.4921875 2696
14184.13671875 2722
14190.41796875 2796
14221.544921875 2584
14223.923828125 2872
14235.888671875 2589
14250.6328125 2135
14253.9384765625 1802
14262.2626953125 1853
14278.4296875 1892
14297.298828125 1580
14306.166015625 25
14369.3154296875 72
14378.0498046875 343
14390.8623046875 710
14413.4130859375 755
14433.4208984375 885
14437.2412109375 1683
14448.6943359375 1776
14450.46484375 1972
14474.5703125 2047
14502.498046875 2138
14548.427734375 2185
14601.6044921875 2344
14609.0390625 2545
14627.09765625 2573
14630.189453125 2855
14701.25390625 2159
14709.361328125 1067
14734.2109375 371
14734.5205078125 243
14758.8759765625 1301
14774.2685546875 311
14782.1015625 426
14795.8955078125 648
14821.3955078125 720
14826.8125 792
14826.9375 940
14887.623046875 1006
14903.3876953125 1032
14907.1142578125 1160
14943.970703125 1189
14946.369140625 2183
14957.330078125 2190
14966.2119140625 2301
15003.6044921875 1459
15014.53515625 1649
15030.267578125 353
15044.32421875 2706
15053.484375 1511
15058.3984375 1778
15065.3203125 329
15068.8369140625 731
15069.5341796875 1400
15099.66796875 2070
15110.408203125 1480
15111.2548828125 1714
15111.69921875 249
15131.109375 94
15145.42578125 2823
15151.9345703125 471
15164.369140625 473
15193.6103515625 747
15210.181640625 915
15212.98828125 921
15215.3037109375 993
15248.130859375 1072
15287.037109375 1415
15311.09375 1541
15322.3564453125 1746
15334.48828125 1949
15336.7763671875 2079
15337.7587890625 2219
15343.232421875 2258
15366.7802734375 2413
15367.4765625 2628
15376.8359375 2828
15394.3740234375 2903
15423.90234375 2996
15442.962890625 204
15445.6787109375 1247
15491.3935546875 1410
15495.724609375 1888
15545.7138671875 1214
15547.1220703125 1658
15555.3330078125 2587
15567.978515625 380
15577.923828125 688
15602.19140625 1761
15619.90234375 66
15643.4140625 127
15644.21484375 179
15654.6962890625 855
15745.2275390625 1198
15752.130859375 1250
15764.7265625 1507
15775.751953125 1558
15782.0712890625 2007
15784.470703125 2092
15786.8818359375 2231
15793.771484375 2384
15828.8359375 2457
15835.37109375 2544
15893.689453125 2717
15910.1318359375 2774
15939.373046875 2794
15966.5595703125 2909
15997.3828125 972
16001.876953125 1138
16026.564453125 1442
16030.78125 1137
16050.2919921875 102
16091.048828125 667
16106.623046875 1935
16126.064453125 2352
16130.3623046875 2887
16137.912109375 427
16169.314453125 1533
16186.626953125 170
16209.384765625 262
16228.576171875 306
16249.1103515625 596
16258.9462890625 805
16263.7109375 849
16270.7080078125 850
16275.2978515625 965
16283.9228515625 976
16295.41796875 1058
16319.14453125 1403
16331.0859375 1645
16341.451171875 1999
16423.361328125 2292
16452.52734375 2392
16460.306640625 2403
16504.859375 2497
16532.888671875 2524
16535.5078125 2601
16562.03125 2652
16562.037109375 2657
16575.248046875 2761
16604.720703125 2839
16620.466796875 2939
16650.47265625 2984
16661.859375 1027
16673.45703125 622
16680.107421875 417
16690.337890625 450
16711.19140625 690
16711.228515625 969
16755.552734375 982
16759.521484375 1040
16760.986328125 1078
16767.412109375 1083
16778.865234375 1382
16822.439453125 1391
16826.3125 1486
16843.650390625 1503
16886.244140625 1547
16886.8515625 1561
16886.8515625 1965
16925.3203125 2026
17027.021484375 2066
17061.302734375 2182
17102.939453125 2245
17108.9140625 2460
17123.1796875 2466
17152.19921875 2540
17161.384765625 2593
17174.34765625 2632
17249.69921875 2753
17315.23046875 2759
17320.2421875 2793
17339.10546875 2925
17447.162109375 2152
17450.048828125 762
17451.482421875 2757
17518.15625 37
17519.48046875 1624
17563.6875 1271
17573.244140625 2370
17609.71875 2895
17617.75390625 2411
17719.984375 67
17737.416015625 150
17766.4765625 171
17800.107421875 195
17840.578125 363
17847.7265625 522
17868.640625 657
17888.3203125 701
17956.853515625 760
18041.556640625 811
18066.15234375 874
18103.166015625 875
18184.58203125 1002
18185.8203125 1007
18208.65234375 1023
18220.314453125 1356
18318.99609375 1378
18357.126953125 1489
18371.517578125 1629
18481.314453125 2721
18503.736328125 2032
18507.486328125 2259
18529.734375 771
18583.59765625 1543
18634.978515625 2241
18652.87109375 1964
18745.48828125 1625
18785.556640625 2693
18936.25 222
18973.36328125 258
18983.623046875 281
18991.66796875 506
19003.654296875 582
19060.9921875 724
19070.005859375 879
19084.77734375 1003
19134.0546875 1171
19322.291015625 1182
19341.71484375 1588
19342.748046875 1685
19424.427734375 1758
19424.98046875 2300
19460.107421875 2310
19475.62109375 2705
19516.205078125 2845
19538.046875 2916
19555.048828125 1811
19762.083984375 2701
19808.4765625 421
19881.732421875 1440
19911.49609375 2337
19944.69140625 2531
19951.083984375 18
20010.810546875 29
20025.326171875 31
20026.37890625 104
20091.0703125 274
20111.32421875 321
20120.65625 370
20152.193359375 375
20173.87109375 562
20306.015625 914
20326.29296875 944
20465.513671875 1672
20555.498046875 1684
20581.498046875 1825
20652.244140625 1846
20652.244140625 1960
20794.615234375 1976
20809.197265625 2006
21053.46484375 2319
21055.55078125 2405
21143.736328125 2550
21156.8515625 2606
21349.265625 2768
21357.974609375 1081
21459.041015625 1780
21515.900390625 16
21520.48046875 28
21535.79296875 125
21768.234375 212
22034.02734375 265
22106.62109375 295
22143.15234375 360
22152.513671875 364
22192.435546875 937
22255.419921875 1077
22470.99609375 1101
22519.09375 1241
22577.6015625 1243
22692.4609375 1307
22826.271484375 1343
22912.001953125 1404
23165.841796875 1418
23354.701171875 1585
23425.5703125 1719
23480.935546875 1822
23531.419921875 2009
24152.375 2164
24323.185546875 2214
24442.8984375 2250
24635.826171875 2263
25467.3828125 2342
26300.138671875 2359
26415.623046875 2547
