5724.8369140625 182
6741.73486328125 916
6858.71484375 1667
6943.56591796875 1852
6954.10595703125 727
6969.279296875 2036
7185.10888671875 2772
7403.619140625 130
7447.908203125 219
7651.74169921875 394
7744.3251953125 405
7782.60498046875 634
7787.50146484375 856
7817.72119140625 983
7829.9033203125 1117
7844.05517578125 1386
7845.2119140625 1791
7901.11083984375 1991
7906.3837890625 2060
7935.5166015625 2215
7940.4013671875 2314
7940.4013671875 2440
8026.4736328125 2467
8120.865234375 2618
8201.4814453125 2648
8224.115234375 2694
8404.8447265625 1772
8623.4619140625 818
8648.9013671875 2907
8649.951171875 660
8673.9560546875 1446
8692.9150390625 87
8889.7373046875 251
9006.85546875 527
9024.01171875 529
9124.205078125 625
9191.474609375 641
9210.0966796875 693
9220.931640625 873
9229.83984375 881
9260.2158203125 928
9315.369140625 1133
9618.5390625 1283
9669.8916015625 1318
9760.1435546875 1346
9778.5400390625 1417
9811.1708984375 1720
9850.4951171875 1987
9890.01953125 2226
9890.01953125 2296
9911.865234375 2515
9944.1025390625 2572
9996.74609375 2669
10030.408203125 2728
10045.638671875 2734
10067.537109375 2746
10143.98828125 2852
10159.125 2866
10179.2548828125 2915
10242.095703125 2949
10294.7685546875 377
10299.4423828125 2281
10316.3544921875 160
10350.3486328125 1
10387.8095703125 425
10401.09765625 446
10416.7578125 800
10426.8076171875 918
10433.2275390625 953
10487.859375 985
10489.1923828125 986
10507.12890625 1008
10507.3974609375 1043
10507.734375 1270
10524.7216796875 1317
10555.6005859375 1435
10567.1181640625 1548
10586.337890625 1606
10590.833984375 1661
10597.373046875 1712
10615.322265625 2010
10620.646484375 2088
10632.0537109375 2365
10651.7421875 2410
10695.4150390625 2414
10695.8984375 2482
10724.072265625 2560
10766.611328125 2781
10823.9375 2820
10849.126953125 997
10860.2919921875 1781
10862.8349609375 81
10864.9306640625 229
10869.736328125 440
10876.75 548
10877.7578125 611
10911.263671875 826
10929.3310546875 834
10960.6015625 848
10984.6572265625 871
10996.443359375 893
11006.9873046875 1231
11014.0888671875 1256
11016.81640625 1315
11084.86328125 1458
11110.556640625 1550
11148.1630859375 1671
11157.439453125 1711
11160.3359375 1815
11233.076171875 1893
11246.9921875 2312
11247.1318359375 2324
11251.4384765625 2385
11322.9189453125 2447
11334.01953125 2562
11339.4267578125 2610
11350.337890625 2622
11409.267578125 2853
11415.35546875 2924
11419.41015625 2927
11450.619140625 2239
11479.57421875 1362
11503.4560546875 1926
11508.73046875 2997
11525.9990234375 254
11559.9345703125 388
11603.9970703125 465
11605.4091796875 498
11614.8642578125 520
11615.259765625 962
11617.7802734375 981
11632.52734375 1156
11645.1416015625 1652
11650.66796875 2205
11664.0029296875 2339
11672.115234375 2417
11672.900390625 2494
11676.587890625 2687
11695.5166015625 1122
11710.5888671875 1670
11715.3935546875 264
11716.7109375 2173
11747.083984375 1646
11747.4931640625 2396
11747.5439453125 49
11749.1162109375 189
11753.5224609375 261
11807.869140625 263
11812.646484375 430
11842.2607421875 831
11852.158203125 899
11869.8466796875 1123
11875.525390625 1169
11901.880859375 1350
11908.94921875 1405
11917.337890625 1512
11917.5576171875 1750
11948.3623046875 1769
11953.28515625 1908
11966.11328125 1966
11979.1240234375 1982
11992.5810546875 1993
11997.6640625 2094
12045.4384765625 2126
12080.427734375 2141
12095.9345703125 2171
12105.2607421875 2174
12111.1201171875 2177
12116.84375 2237
12118.330078125 2367
12122.8662109375 2536
12125.24609375 2542
12137.7568359375 2582
12139.4345703125 2675
12141.69921875 2703
12146.888671875 1873
12151.25 2107
12188.591796875 1281
12193.205078125 455
12198.0078125 470
12216.8271484375 902
12242.5478515625 926
12245.9501953125 967
12249.205078125 1104
12259.404296875 1225
12277.40234375 1286
12290.818359375 1506
12296.859375 1516
12304.482421875 1599
12312.947265625 1779
12320.1875 1848
12326.48046875 1867
12327.42578125 1883
12356.4521484375 2063
12371.4375 2210
12399.89453125 2246
12414.06640625 2285
12424.4140625 2361
12450.1513671875 2686
12458.7470703125 2700
12471.6748046875 88
12473.7001953125 586
12491.09375 136
12531.39453125 1471
12548.056640625 226
12557.845703125 296
12574.9873046875 1197
12578.2626953125 1666
12581.3193359375 2511
12585.6865234375 101
12603.0146484375 215
12604.87890625 549
12612.8701171875 550
12618.6455078125 573
12619.08203125 1136
12625.6171875 1199
12631.986328125 1530
12631.986328125 1581
12632.08203125 1640
12649.537109375 1688
12651.69140625 1968
12662.703125 2526
12691.68359375 2571
12699.5908203125 2983
12699.7880859375 1787
12702.2998046875 602
12713.94921875 1146
12721.083984375 253
12729.140625 342
12737.724609375 843
12742.1396484375 1233
12767.3740234375 1335
12784.23828125 1394
12787.810546875 1737
12788.322265625 1784
12816.0625 1950
12821.296875 2025
12825.08203125 2473
12826.1689453125 2518
12837.529296875 999
12840.775390625 1056
12847.693359375 1900
12848.6943359375 1304
12859.486328125 1326
12867.0546875 2967
12890.4296875 1329
12901.3359375 50
12905.1552734375 318
12934.5751953125 389
12938.923828125 478
12942.6787109375 491
12955.849609375 580
12959.248046875 599
12963.248046875 890
12975.822265625 896
12981.5712890625 909
12990.7119140625 919
13013.98046875 995
13016.1923828125 1273
13017.34765625 1342
13033.3662109375 1430
13044.9013671875 1495
13056.8740234375 1568
13056.876953125 1583
13061.9423828125 1764
13068.5126953125 1774
13073.2353515625 2065
13080.6923828125 2117
13080.7470703125 2181
13121.7705078125 2268
13123.2998046875 2465
13123.705078125 2664
13130.6171875 2760
13154.3291015625 2764
13157.0341796875 2938
13182.1083984375 2943
13203.1552734375 1860
13214.74609375 2880
13215.4970703125 1333
13224.4501953125 2631
13251.2001953125 146
13251.708984375 1538
13251.77734375 21
13254.49609375 34
13265.291015625 200
13275.90234375 288
13298.6474609375 336
13303.306640625 385
13317.490234375 517
13328.931640625 546
13334.28125 609
13346.0791015625 614
13376.37890625 683
13397.439453125 686
13402.5771484375 769
13405.720703125 1097
13409.3623046875 1221
13410.5234375 1322
13418.5146484375 1359
13423.1103515625 1376
13431.9580078125 1686
13439.92578125 1854
13449.3466796875 2513
13451.515625 2553
13454.8203125 2650
13457.775390625 2672
13478.3115234375 2911
13505.2587890625 78
13507.1044921875 2713
13517.4375 2800
13564.91796875 2651
13579.958984375 2970
13622.5771484375 1045
13636.2080078125 1068
13641.4140625 2078
13696.12890625 884
13700.5244140625 886
13701.57421875 1028
13716.3427734375 1845
13723.080078125 1932
13728.84765625 2489
13743.2138671875 90
13747.0234375 153
13747.7099609375 240
13753.8427734375 256
13765.38671875 531
13790.3505859375 644
13793.060546875 706
13803.013671875 775
13808.9736328125 1163
13831.2353515625 1483
13840.509765625 2114
13849.68359375 2379
13854.216796875 2424
13855.140625 2433
13868.0390625 2435
13873.205078125 2442
13886.45703125 2683
13893.41796875 2811
13906.060546875 2176
13908.9033203125 169
13921.1416015625 2207
13938.369140625 1144
13942.212890625 2180
13952.6357421875 73
13982.546875 663
14002.26171875 677
14007.2548828125 756
14013.740234375 925
14016.9833984375 927
14030.041015625 946
14045.01953125 996
14064.8828125 1141
14068.4609375 1202
14071.51171875 1251
14089.203125 1457
14101.2578125 1502
14110.109375 1591
14132.5693359375 1733
14139.6083984375 1735
14163.712890625 1919
14178.345703125 1933
14183.5546875 1955
14187.79296875 2002
14262.2734375 2335
14277.2587890625 2341
14277.9453125 2565
14303.423828125 2695
14306.462890625 2763
14323.8994140625 2840
14327.82421875 2422
14331.408203125 1020
14331.84375 640
14343.759765625 59
14343.970703125 177
14349.416015625 191
14358.013671875 575
14359.048828125 687
14359.70703125 934
14360.1337890625 1119
14363.0244140625 1529
14370.2900390625 1697
14375.115234375 1810
14394.701171875 1831
14395.1474609375 2354
14396.607421875 2528
14420.998046875 2679
14437.953125 2712
14439.58203125 2747
14460.4345703125 2809
14494.2802734375 2821
14505.748046875 2842
14535.7080078125 2860
14553.814453125 2906
14583.40234375 2994
14597.8974609375 186
14603.1171875 223
14605.658203125 1594
14634.6513671875 410
14635.1650390625 631
14645.7763671875 132
14688.6982421875 2576
14727.291015625 1282
14744.267578125 488
14757.1201171875 869
14760.07421875 2059
14762.5625 787
14775.2392578125 904
14775.947265625 137
14776.771484375 275
14787.306640625 328
14848.4990234375 333
14862.6337890625 392
14874.8076171875 407
14876.2119140625 489
14881.1181640625 680
14881.48828125 1022
14881.7578125 1290
14882.1650390625 1358
14892.17578125 1607
14922.0546875 1653
14948.69140625 2024
14955.6796875 2184
14965.369140625 2221
14975.3193359375 2394
14984.2529296875 2427
14986.97265625 2517
14994.5390625 2655
15004.2109375 2704
15010.751953125 2900
15014.8046875 2946
15019.3720703125 459
15026.3935546875 1408
15038.7666015625 1339
15045.5556640625 22
15046.068359375 45
15070.55859375 300
15075.0576171875 812
15076.1943359375 922
15092.4970703125 947
15097.4853515625 975
15105.3017578125 1001
15114.9091796875 1095
15148.3427734375 1275
15148.3427734375 1664
15151.9658203125 1708
15158.822265625 1763
15160.9638671875 1766
15163.0712890625 1889
15177.5830078125 2077
15182.3837890625 2082
15189.0263671875 2131
15220.9208984375 2315
15238.5751953125 2317
15248.912109375 2409
15305.482421875 2608
15328.623046875 2616
15336.5078125 2649
15339.048828125 2819
15368.3779296875 2862
15383.244140625 1164
15409.73046875 2213
15423.3759765625 1050
15432.09765625 979
15437.8671875 1562
15462.9775390625 1597
15464.681640625 2334
15466.7080078125 587
15468.484375 630
15480.5029296875 777
15486.7587890625 1012
15510.4765625 1064
15512.923828125 1082
15530.7626953125 1462
15536.5986328125 1501
15543.9677734375 1654
15557.33984375 1800
15575.0546875 2656
15611.58203125 2884
15613.9638671875 1416
15619.6162109375 1575
15639.3857421875 2889
15643.3330078125 445
15646.388671875 30
15652.7412109375 2484
15672.3134765625 38
15703.634765625 40
15740.046875 76
15752.37890625 77
15762.765625 108
15764.6005859375 164
15772.869140625 211
15776.5234375 225
15776.720703125 376
15782.8623046875 437
15786.1171875 510
15786.4638671875 646
15802.908203125 671
15817.3662109375 738
15822.17578125 770
15823.7939453125 1434
15854.5068359375 1610
15855.20703125 1662
15860.591796875 1709
15861.021484375 1998
15871.611328125 2166
15879.0009765625 2220
15889.490234375 2238
15890.8017578125 2255
15894.095703125 2345
15920.5048828125 2510
15952.7646484375 2581
15954.8603515625 2607
15956.5185546875 2807
15966.0595703125 1015
15966.7431640625 1984
15974.34765625 1258
15978.96875 2555
15991.3232421875 1147
15994.396484375 865
15995.533203125 939
15999.8671875 1497
16010.0625 2630
16026.498046875 2752
16044.7431640625 457
16054.541015625 309
16055.6171875 316
16084.41796875 483
16112.361328125 484
16120.09765625 633
16124.001953125 1026
16129.2646484375 1036
16189.431640625 1176
16223.361328125 1423
16234.146484375 1485
16255.3271484375 1590
16260.302734375 1702
16266.9873046875 1759
16297.072265625 1818
16328.62109375 1958
16352.16796875 1963
16368.298828125 1977
16373.9970703125 2053
16382.505859375 2056
16386.4140625 2125
16393.146484375 2304
16437.240234375 2356
16449.837890625 2477
16477.259765625 2533
16501.369140625 2732
16502.029296875 2948
16505.7421875 1601
16513.189453125 2256
16516.58984375 2104
16531.361328125 284
16535.330078125 1168
16556.849609375 1145
16560.189453125 1476
16562.3046875 1618
16565.0546875 655
16567.37109375 1592
16570.12890625 2120
16597.296875 2557
16613.22265625 112
16631.546875 350
16650.294921875 356
16658.34765625 448
16677.294921875 1500
16707.384765625 1526
16711.57421875 1587
16750.3671875 1881
16762.83203125 1943
16785.818359375 1962
16793.1796875 1995
16794.662109375 2075
16796.455078125 2118
16797.185546875 2309
16798.8671875 2418
16811.017578125 2516
16837.71875 2588
16923.46875 2605
16928.12890625 2623
16944.87109375 2937
16949.6796875 1005
16988.94140625 110
16988.94140625 2360
16997.078125 121
16998.705078125 1046
17005.20703125 298
17008.634765625 372
17008.998046875 492
17011.13671875 752
17030.14453125 838
17050.041015625 903
17062.93359375 1034
17081.396484375 1128
17107.404296875 1187
17116.90234375 1437
17123.837890625 1488
17140.66796875 1534
17179.19140625 1657
17215.755859375 1678
17275.966796875 1824
17277.01171875 1826
17282.984375 1941
17288.9765625 1997
17300.060546875 2318
17316.4609375 2327
17336.12890625 2362
17340.88671875 2404
17347.04296875 2453
17347.583984375 2458
17372.314453125 2496
17373.626953125 2696
17377.626953125 2722
17382.33984375 2796
17387.748046875 2584
17392.560546875 2872
17400.876953125 2589
17409.88671875 2135
17428.203125 1802
17439.32421875 1853
17474.09375 1892
17476.275390625 1580
17491.939453125 25
17516.619140625 72
17529.689453125 343
17534.109375 710
17548.267578125 755
17571.375 885
17655.4765625 1683
17723.95703125 1776
17738.103515625 1972
17844.40234375 2047
17847.26953125 2138
17856.533203125 2185
17871.63671875 2344
17933.33984375 2545
17933.36328125 2573
17949.033203125 2855
17952.576171875 2159
17986.673828125 1067
18029.091796875 371
18033.591796875 243
18036.37890625 1301
18039.203125 311
18065.642578125 426
18067.84375 648
18074.61328125 720
18078.36328125 792
18079.509765625 940
18084.146484375 1006
18096.6796875 1032
18137.3046875 1160
18171.837890625 1189
18195.40234375 2183
18210.62109375 2190
18222.515625 2301
18247.861328125 1459
18252.294921875 1649
18283.568359375 353
18286.869140625 2706
18310.123046875 1511
18316.134765625 1778
18324.796875 329
18355.93359375 731
18356.45703125 1400
18367.90625 2070
18380.33203125 1480
18381.306640625 1714
18385.66015625 249
18404.42578125 94
18421.65625 2823
18432.03515625 471
18454.587890625 473
18455.796875 747
18487.064453125 915
18505.14453125 921
18508.470703125 993
18535.94921875 1072
18538.271484375 1415
18539.57421875 1541
18541.76953125 1746
18553.287109375 1949
18558.3671875 2079
18605.7734375 2219
18609.947265625 2258
18612.111328125 2413
18623.20703125 2628
18667.751953125 2828
18701.8046875 2903
18728.166015625 2996
18758.333984375 204
18785.34765625 1247
18791.216796875 1410
18827.845703125 1888
18836.8984375 1214
18950.455078125 1658
18977.3671875 2587
18988.87890625 380
18989.21484375 688
18989.962890625 1761
19004.892578125 66
19015.03515625 127
19041.244140625 179
19088.71484375 855
19119.533203125 1198
19133.46484375 1250
19168.33203125 1507
19192.794921875 1558
19264.6328125 2007
19268.2421875 2092
19268.68359375 2231
19282.326171875 2384
19312.0390625 2457
19319.046875 2544
19344.345703125 2717
19362.69140625 2774
19380.7890625 2794
19435.1875 2909
19438.1875 972
19449.087890625 1138
19500.34375 1442
19506.173828125 1137
19506.990234375 102
19525.71875 667
19545.37890625 1935
19550.201171875 2352
19557.76171875 2887
19571.259765625 427
19573.974609375 1533
19578.18359375 170
19586.55078125 262
19598.95703125 306
19676.10546875 596
19712.560546875 805
19718.349609375 849
19722.626953125 850
19751.13671875 965
19772.140625 976
19774.830078125 1058
19787.423828125 1403
19795.57421875 1645
19798.791015625 1999
19832.96875 2292
19853.822265625 2392
19860.091796875 2403
19877.38671875 2497
19962.8828125 2524
19976.28125 2601
19991.837890625 2652
20024.5703125 2657
20033.53515625 2761
20044.7109375 2839
20057.791015625 2939
20124.140625 2984
20166.259765625 1027
20212.912109375 622
20300.10546875 417
20329.4375 450
20337.2421875 690
20362.830078125 969
20375.7734375 982
20376.49609375 1040
20390.837890625 1078
20393.9765625 1083
20400.57421875 1382
20410.712890625 1391
20428.267578125 1486
20437.8046875 1503
20460.52734375 1547
20530.810546875 1561
20532.65234375 1965
20606.33203125 2026
20618.923828125 2066
20649.05859375 2182
20685.3203125 2245
20699.8125 2460
20710.298828125 2466
20743.71484375 2540
20805.52734375 2593
20841.21484375 2632
20849.09765625 2753
20853.3984375 2759
20895.98828125 2793
20917.75 2925
20952.69140625 2152
20970.201171875 762
21018.78125 2757
21036.01953125 37
21085.015625 1624
21098.287109375 1271
21126.498046875 2370
21127.904296875 2895
21226.85546875 2411
21274.056640625 67
21346.2265625 150
21371.84375 171
21394.12109375 195
21677.091796875 363
21681.57421875 522
21689.564453125 657
21724.669921875 701
21746.98046875 760
21865.361328125 811
21945.7421875 874
21967.953125 875
21997.9140625 1002
22002.0625 1007
22031.36328125 1023
22058.814453125 1356
22060.91015625 1378
22065.197265625 1489
22094.359375 1629
22147.6640625 2721
22434.435546875 2032
22450.736328125 2259
22464.029296875 771
22517.029296875 1543
22526.66015625 2241
22548.55078125 1964
22592.16015625 1625
22610.8671875 2693
22615.01953125 222
22640.423828125 258
22649.814453125 281
22712.216796875 506
22752.46484375 582
22771.4921875 724
22790.880859375 879
22813.767578125 1003
23052.115234375 1171
23200.25 1182
23209.380859375 1588
23250.87890625 1685
23269.04296875 1758
23422.07421875 2300
23463.83984375 2310
23500.99609375 2705
23615.025390625 2845
23628.98828125 2916
23708.173828125 1811
23785.669921875 2701
23831.8125 421
23931.90625 1440
23936.119140625 2337
23936.119140625 2531
24000.0703125 18
24026.25 29
24099.912109375 31
24124.224609375 104
24154.759765625 274
24213.205078125 321
24214.052734375 370
24245.658203125 375
24548.310546875 562
24602.669921875 914
24656.5390625 944
24674.447265625 1672
24680.265625 1684
24726.560546875 1825
24872.681640625 1846
25097.166015625 1960
25490.21484375 1976
25556.126953125 2006
25955.27734375 2319
25992.20703125 2405
26117.97265625 2550
26362.513671875 2606
26376.08203125 2768
26411.11328125 1081
26464.267578125 1780
26817.125 16
27086.90625 28
27131.189453125 125
27132.216796875 212
27235.80078125 265
27264.10546875 295
27276.875 360
27284.076171875 364
27598.9765625 937
27629.041015625 1077
27740.509765625 1101
27747.31640625 1241
27934.875 1243
27967.126953125 1307
28119.2890625 1343
28389.4921875 1404
28620.212890625 1418
28629.052734375 1585
28649.634765625 1719
28723.62109375 1822
29163.5625 2009
29179.46875 2164
29811.3984375 2214
30605.95703125 2250
31097.63671875 2263
31813.5625 2342
32099.646484375 2359
32122.01171875 2547
