7078.85400390625 1329
7242.1494140625 50
7283.79638671875 318
7319.67822265625 389
7557.291015625 478
7561.9677734375 491
7593.3525390625 580
7749.9228515625 599
7777.7109375 890
7807.75390625 896
7832.4580078125 909
7867.8388671875 919
7900.21435546875 995
7974.52978515625 1273
7986.23095703125 1342
8001.64892578125 1430
8046.3076171875 1495
8115.6591796875 1568
8189.2158203125 1583
8207.34765625 1764
8222.44140625 1774
8232.115234375 2065
8237.9658203125 2117
8262.8876953125 2181
8279.390625 2268
8298.927734375 2465
8338.251953125 2664
8357.48828125 2760
8372.1572265625 2764
8392.52734375 2938
8407.5419921875 2943
8443.19140625 1860
8447.1611328125 2880
8466.7890625 1446
8486.1337890625 87
8535.1279296875 251
8537.1376953125 527
8557.5673828125 529
8634.6787109375 625
8657.5615234375 641
8658.5517578125 693
8671.2021484375 873
8671.2021484375 881
8775.7548828125 928
8781.1533203125 1133
8784.97265625 1283
8819.935546875 1318
8843.4384765625 1346
8878.8935546875 1417
8887.9423828125 1720
8912.365234375 1987
8920.744140625 2226
8921.8076171875 2296
8928.4599609375 2515
8938.5478515625 2572
8943.361328125 2669
8997.4462890625 2728
9000.39453125 2734
9000.7001953125 2746
9012.5498046875 2852
9089.833984375 2866
9098.1328125 2915
9122.2041015625 2949
9129.6005859375 377
9142.6298828125 2281
9199.015625 160
9211.5595703125 1
9224.361328125 425
9236.9189453125 446
9263.6708984375 800
9265.1689453125 918
9268.326171875 953
9276.490234375 985
9277.244140625 986
9298.998046875 1008
9308.23828125 1043
9310.0654296875 1270
9354.9931640625 1317
9391.94140625 1435
9416.533203125 1548
9438.1796875 1606
9477.080078125 1661
9506.5009765625 1712
9518.44140625 2010
9521.9287109375 2088
9531.9921875 2365
9552.8017578125 2410
9557.4111328125 2414
9570.3681640625 2482
9573.9970703125 2560
9604.2392578125 2781
9606.7568359375 2820
9617.966796875 997
9619.9296875 1781
9632.0849609375 81
9681.771484375 229
9682.63671875 440
9690.099609375 548
9691.642578125 611
9696.044921875 826
9727.623046875 834
9747.5224609375 848
9748.669921875 871
9761.7490234375 893
9765.3955078125 1231
9769.26171875 1256
9770.0673828125 1315
9806.3037109375 1458
9818.6181640625 1550
9827.7802734375 1671
9865.3955078125 1711
9873.310546875 1815
9893.8662109375 1893
9901.28515625 2312
9911.306640625 2324
9913.37109375 2385
9928.1572265625 2447
9931.3056640625 2562
9940.123046875 2610
9952.5 2622
9972.2216796875 2853
9979.3564453125 2924
9983.0859375 2927
9994.8876953125 2239
10008.400390625 1362
10043.7158203125 1926
10072.0693359375 2997
10073.1015625 254
10074.564453125 388
10075.2236328125 465
10094.67578125 498
10107.2783203125 520
10128.4921875 962
10151.3115234375 981
10185.5107421875 1156
10189.9296875 1652
10193.12109375 2205
10196.80078125 2339
10216.6826171875 2417
10223.4140625 2494
10226.001953125 2687
10229.6982421875 1122
10230.8984375 1670
10235.19140625 264
10238.0556640625 2173
10240.3076171875 1646
10243.1806640625 2396
10258.810546875 49
10263.6767578125 189
10269.2880859375 261
10273.693359375 263
10306.169921875 430
10310.86328125 831
10340.701171875 899
10347.912109375 1123
10354.357421875 1169
10359.380859375 1350
10377.966796875 1405
10379.197265625 1512
10385.4248046875 1750
10391.470703125 1769
10414.375 1908
10417.09375 1966
10427.6796875 1982
10437.3984375 1993
10454.2568359375 2094
10492.6884765625 2126
10497.900390625 2141
10519.3857421875 2171
10526.994140625 2174
10530.67578125 2177
10530.8046875 2237
10536.57421875 2367
10536.8330078125 2536
10545.4716796875 2542
10561.0966796875 2582
10563.7587890625 2675
10590.4189453125 2703
10594.01171875 1873
10596.6083984375 2107
10601.86328125 1281
10630.23046875 455
10639.025390625 470
10656.3056640625 902
10656.6611328125 926
10686.8056640625 967
10712.404296875 1104
10714.486328125 1225
10728.2138671875 1286
10738.0400390625 1506
10741.1474609375 1516
10743.2265625 1599
10757.658203125 1779
10762.9833984375 1848
10766.115234375 1867
10798.453125 1883
10802.1142578125 2063
10823.5927734375 2210
10863.484375 2246
10871.2236328125 2285
10885.087890625 2361
10888.095703125 2686
10888.095703125 2700
10894.083984375 88
10919.3330078125 586
10926.859375 136
10947.091796875 1471
10947.3984375 226
10964.4755859375 296
10977.974609375 1197
10980.4013671875 1666
10984.8896484375 2511
10986.0625 101
10990.0302734375 215
10993.384765625 549
11007.1005859375 550
11013.5654296875 573
11014.3291015625 1136
11020.4765625 1199
11020.4765625 1530
11032.46875 1581
11045.1259765625 1640
11057.77734375 1688
11066.330078125 1968
11068.283203125 2526
11075.4306640625 2571
11090.740234375 2983
11091.189453125 1787
11100.46484375 602
11100.77734375 1146
11128.5341796875 253
11131.7421875 342
11147.43359375 843
11151.234375 1233
11152.7373046875 1335
11169.62890625 1394
11182.755859375 1737
11200.4970703125 1784
11216.041015625 1950
11217.802734375 2025
11219.1865234375 2473
11221.72265625 2518
11223.1708984375 999
11228.2763671875 1056
11248.40234375 1900
11248.8974609375 1304
11264.044921875 1326
11267.189453125 2967
11267.404296875 1333
11273.779296875 2631
11294.2548828125 146
11294.421875 1538
11306.6875 21
11309.259765625 34
11311.4697265625 200
11317.048828125 288
11337.2568359375 336
11362.8115234375 385
11365.224609375 517
11381.0185546875 546
11386.830078125 609
11391.47265625 614
11397.876953125 683
11399.30859375 686
11401.9599609375 769
11405.7939453125 1097
11412.669921875 1221
11440.1259765625 1322
11447.568359375 1359
11449.060546875 1376
11451.1240234375 1686
11461.2421875 1854
11471.7119140625 2513
11486.39453125 2553
11486.416015625 2650
11493.041015625 2672
11496.654296875 2911
11500.375 78
11507.501953125 2713
11515.41015625 2800
11520.4462890625 2651
11523.830078125 2970
11524.498046875 1045
11526.94921875 1068
11533.251953125 2078
11557.0205078125 884
11558.9423828125 886
11566.1904296875 1028
11568.1552734375 1845
11576.7529296875 1932
11583.328125 2489
11586.189453125 90
11598.5576171875 153
11608.484375 240
11625.380859375 256
11656.529296875 531
11657.455078125 644
11658.796875 706
11672.09375 775
11675.123046875 1163
11715.66796875 1483
11729.6015625 2114
11742.8642578125 2379
11749.7412109375 2424
11752.265625 2433
11752.453125 2435
11753.8505859375 2442
11760.4404296875 2683
11764.443359375 2811
11765.7685546875 2176
11778.48828125 169
11793.166015625 2207
11795.93359375 1144
11799.61328125 2180
11804.9384765625 73
11810.01953125 663
11813.5205078125 677
11813.9482421875 756
11849.5732421875 925
11862.3603515625 927
11867.294921875 946
11874.0283203125 996
11880.2587890625 1141
11890.9423828125 1202
11892.6630859375 1251
11895.5478515625 1457
11910.9814453125 1502
11943.755859375 1591
11948.4765625 1733
11951.0966796875 1735
11976.4892578125 1919
11984.42578125 1933
11989.8681640625 1955
12008.302734375 2002
12014.6123046875 2335
12036.6259765625 2341
12038.3671875 2565
12038.7421875 2695
12050.85546875 2763
12054.0986328125 2840
12057.2216796875 2422
12066.2158203125 1020
12082.9775390625 640
12088.5400390625 59
12091.5224609375 177
12095.8837890625 191
12097.296875 575
12098.626953125 687
12100.1318359375 934
12108.03515625 1119
12115.71875 1529
12118.78125 1697
12123.0166015625 1810
12128.5283203125 1831
12158.6474609375 2354
12163.138671875 2528
12164.232421875 2679
12168.0927734375 2712
12170.99609375 2747
12178.8251953125 2809
12195.3154296875 2821
12204.9765625 2842
12206.4033203125 2860
12206.826171875 2906
12208.505859375 2994
12210.6787109375 186
12210.6787109375 223
12219.6083984375 1594
12249.8046875 410
12253.0908203125 631
12258.650390625 132
12261.4326171875 2576
12281.6279296875 1282
12286.2421875 488
12295.8984375 869
12297.6796875 2059
12301.962890625 787
12309.16015625 904
12315.3076171875 137
12320.642578125 275
12325.3603515625 328
12341.80078125 333
12353.5986328125 392
12358.9423828125 407
12361.298828125 489
12361.95703125 680
12390.0673828125 1022
12405.6748046875 1290
12406.4375 1358
12407.7294921875 1607
12414.78515625 1653
12414.810546875 2024
12419.236328125 2184
12420.2080078125 2221
12430.849609375 2394
12441.3798828125 2427
12442.4228515625 2517
12450.5478515625 2655
12465.4306640625 2704
12465.4306640625 2900
12481.3271484375 2946
12483.46484375 459
12484.234375 1408
12491.0703125 1339
12493.787109375 22
12503.1533203125 45
12536.8486328125 300
12549.1611328125 812
12561.171875 922
12566.8583984375 947
12568.0751953125 975
12571.1767578125 1001
12574.8447265625 1095
12575.0654296875 1275
12576.20703125 1664
12577.4189453125 1708
12582.568359375 1763
12613.6708984375 1766
12615.0078125 1889
12626.625 2077
12626.798828125 2082
12629.8369140625 2131
12634.525390625 2315
12637.998046875 2317
12654.724609375 2409
12662.5498046875 2608
12675.380859375 2616
12683.7099609375 2649
12690.72265625 2819
12697.9404296875 2862
12701.2626953125 1164
12712.30078125 2213
12718.0498046875 1050
12723.2197265625 979
12725.876953125 1562
12732.4716796875 1597
12748.06640625 2334
12752.01953125 587
12752.962890625 630
12758.763671875 777
12762.8310546875 1012
12769.4560546875 1064
12779.24609375 1082
12786.6240234375 1462
12787.0693359375 1501
12794.40625 1654
12797.94921875 1800
12808.318359375 2656
12812.19140625 2884
12816.154296875 1416
12823.0029296875 1575
12848.1513671875 2889
12848.6826171875 445
12849.15234375 30
12850.7578125 2484
12853.2177734375 38
12854.8017578125 40
12868.283203125 76
12870.25 77
12877.6572265625 108
12901.51171875 164
12903.9462890625 211
12917.68359375 225
12924.828125 376
12931.685546875 437
12935.392578125 510
12940.6689453125 646
12953.25390625 671
12968.4609375 738
12981.9677734375 770
13000.830078125 1434
13007.1435546875 1610
13028.3291015625 1662
13037.09375 1709
13041.109375 1998
13046.7109375 2166
13052.451171875 2220
13055.3330078125 2238
13065.607421875 2255
13071.0166015625 2345
13081.408203125 2510
13104.5390625 2581
13104.806640625 2607
13108.7685546875 2807
13113.5205078125 1015
13121.24609375 1984
13123.078125 1258
13125.2060546875 2555
13129.212890625 1147
13130.0205078125 865
13149.904296875 939
13153.533203125 1497
13156.244140625 2630
13158.4755859375 2752
13165.24609375 457
13169.8056640625 309
13172.29296875 316
13174.4296875 483
13190.759765625 484
13197.849609375 633
13213.853515625 1026
13217.20703125 1036
13224.7158203125 1176
13229.5234375 1423
13231.84375 1485
13252.6943359375 1590
13257.73828125 1702
13265.8408203125 1759
13270.1904296875 1818
13272.9658203125 1958
13276.4736328125 1963
13276.666015625 1977
13295.826171875 2053
13299.9658203125 2056
13301.48828125 2125
13302.140625 2304
13304.955078125 2356
13306.8408203125 2477
13307.197265625 2533
13321.2724609375 2732
13324.2021484375 2948
13329.1220703125 1601
13344.4853515625 2256
13346.650390625 2104
13350.587890625 284
13352.0966796875 182
13352.3447265625 916
13352.65234375 1667
13371.0556640625 1852
13373.6904296875 727
13378.166015625 2036
13379.0224609375 2772
13382.548828125 130
13385.8798828125 219
13386.8271484375 394
13401.2021484375 405
13404.7080078125 634
13416.4462890625 856
13420.7099609375 983
13420.9990234375 1117
13437.3828125 1386
13440.775390625 1791
13451.212890625 1991
13452.826171875 2060
13455.986328125 2215
13459.4921875 2314
13469.404296875 2440
13477.4189453125 2467
13479.330078125 2618
13486.2109375 2648
13492.345703125 2694
13497.1630859375 1772
13524.134765625 818
13531.458984375 2907
13534.654296875 660
13553.412109375 1168
13557.611328125 1145
13583.5478515625 1476
13593.759765625 1618
13596.701171875 655
13604.005859375 1592
13608.5712890625 2120
13614.724609375 2557
13616.99609375 112
13627.4873046875 350
13647.3115234375 356
13649.6943359375 448
13676.091796875 1500
13688.9287109375 1526
13689.63671875 1587
13701.4013671875 1881
13727.865234375 1943
13733.76953125 1962
13741.28515625 1995
13768.767578125 2075
13799.5888671875 2118
13805.3203125 2309
13814.0908203125 2418
13843.1875 2516
13853.0595703125 2588
13855.091796875 2605
13866.24609375 2623
13870.66015625 2937
13883.8740234375 1005
13931.65234375 110
13934.6669921875 2360
13938.423828125 121
13944.7734375 1046
13974.3740234375 298
13986.568359375 372
13990.9306640625 492
14008.8486328125 752
14022.51171875 838
14024.0234375 903
14027.2099609375 1034
14040.189453125 1128
14041.0400390625 1187
14042.3056640625 1437
14065.384765625 1488
14081.8984375 1534
14085.3232421875 1657
14086.908203125 1678
14090.6240234375 1824
14095.1640625 1826
14097.41015625 1941
14098.400390625 1997
14103.80078125 2318
14110.90234375 2327
14112.4423828125 2362
14117.7568359375 2404
14144.88671875 2453
14150.5380859375 2458
14160.6328125 2496
14164.5791015625 2696
14213.3212890625 2722
14216.7705078125 2796
14225.2490234375 2584
14225.640625 2872
14227.3115234375 2589
14233.9423828125 2135
14238.3779296875 1802
14242.591796875 1853
14252.0908203125 1892
14261.60546875 1580
14281.322265625 25
14308.642578125 72
14312.9384765625 343
14324.728515625 710
14347.8486328125 755
14379.7861328125 885
14438.1953125 1683
14439.888671875 1776
14454.9482421875 1972
14462.013671875 2047
14470.6123046875 2138
14477.4306640625 2185
14498.73046875 2344
14510.2626953125 2545
14519.38671875 2573
14529.4140625 2855
14529.6044921875 2159
14537.73828125 1067
14542.46875 371
14547.5517578125 243
14554.7734375 1301
14559.26953125 311
14562.287109375 426
14564.876953125 648
14602.6201171875 720
14633.97265625 792
14652.2099609375 940
14667.1328125 1006
14676.865234375 1032
14682.0625 1160
14683.96484375 1189
14724.6748046875 2183
14734.6142578125 2190
14750.7607421875 2301
14753.2265625 1459
14780.6201171875 1649
14843.931640625 353
14854.9140625 2706
14862.880859375 1511
14869.560546875 1778
14887.134765625 329
14895.1923828125 731
14911.9052734375 1400
14919.8896484375 2070
14935.3740234375 1480
14959.8359375 1714
14967.6015625 249
14986.80078125 94
14989.666015625 2823
14989.7958984375 471
14999.98046875 473
15009.443359375 747
15017.37890625 915
15045.73828125 921
15046.345703125 993
15062.5478515625 1072
15066.0859375 1415
15096.615234375 1541
15112.896484375 1746
15117.091796875 1949
15117.154296875 2079
15131.4375 2219
15153.4287109375 2258
15163.5498046875 2413
15177.296875 2628
15187.3017578125 2828
15201.2587890625 2903
15230.3369140625 2996
15274.8544921875 204
15309.4970703125 1247
15309.853515625 1410
15338.0263671875 1888
15342.2109375 1214
15378.34765625 1658
15383.455078125 2587
15419.470703125 380
15422.34765625 688
15426.03125 1761
15434.23828125 66
15448.546875 127
15460.48046875 179
15499.5419921875 855
15516.935546875 1198
15523.591796875 1250
15535.138671875 1507
15559.431640625 1558
15623.40234375 2007
15629.1669921875 2092
15631.244140625 2231
15644.640625 2384
15650.412109375 2457
15659.171875 2544
15667.65625 2717
15674.6123046875 2774
15682.125 2794
15684.9384765625 2909
15727.8310546875 972
15776.0517578125 1138
15781.65234375 1442
15784.1611328125 1137
15798.3134765625 102
15809.6611328125 667
15820.533203125 1935
15820.533203125 2352
15824.466796875 2887
15834.46875 427
15836.0390625 1533
15836.4716796875 170
15858.6865234375 262
15867.0263671875 306
15868.6982421875 596
15882.611328125 805
15897.6953125 849
15899.15234375 850
15917.6806640625 965
15938.041015625 976
15938.0439453125 1058
15951.4990234375 1403
15997.576171875 1645
15999.0947265625 1999
16047.064453125 2292
16056.94921875 2392
16079.5107421875 2403
16080.3564453125 2497
16080.642578125 2524
16104.37109375 2601
16143.494140625 2652
16172.416015625 2657
16175.546875 2761
16188.0673828125 2839
16194.4716796875 2939
16216.6845703125 2984
16223.451171875 1027
16241.34765625 622
16289.3740234375 417
16295.845703125 450
16316.9482421875 690
16322.8037109375 969
16347.771484375 982
16354.248046875 1040
16375.0947265625 1078
16409.58984375 1083
16438.662109375 1382
16464.18359375 1391
16474.62109375 1486
16567.5390625 1503
16585.35546875 1547
16638.611328125 1561
16657.669921875 1965
16660.552734375 2026
16684.58984375 2066
16698.36328125 2182
16728.2265625 2245
16730.240234375 2460
16735.01171875 2466
16735.01171875 2540
16782.978515625 2593
16830.296875 2632
16846.572265625 2753
16884.328125 2759
16891.228515625 2793
16920.54296875 2925
16946.392578125 2152
16947.44921875 762
16952.578125 2757
16954.046875 37
16982.158203125 1624
16982.37890625 1271
17111.265625 2370
17138.47265625 2895
17141.462890625 2411
17190.130859375 67
17226.658203125 150
17290.99609375 171
17309.82421875 195
17339.216796875 363
17345.40234375 522
17369.734375 657
17385.2734375 701
17449.337890625 760
17462.416015625 811
17485.935546875 874
17488.4375 875
17502.486328125 1002
17548.287109375 1007
17578.05859375 1023
17594.02734375 1356
17598.822265625 1378
17607.203125 1489
17634.05859375 1629
17646.443359375 2721
17647.109375 2032
17671.87890625 2259
17726.66015625 771
17738.349609375 1543
17741.701171875 2241
17912.044921875 1964
17953.828125 1625
18025.76171875 2693
18032.244140625 222
18079.853515625 258
18128.7578125 281
18138.150390625 506
18183.71484375 582
18196.548828125 724
18233.537109375 879
18237.015625 1003
18266.2890625 1171
18268.279296875 1182
18275.86328125 1588
18278.43359375 1685
18315.328125 1758
18316.625 2300
18321.9921875 2310
18350.23046875 2705
18398.5 2845
18435.904296875 2916
18484.888671875 1811
18642.53515625 2701
18703.138671875 421
18718.6953125 1440
18745.87109375 2337
18767.794921875 2531
18801.5703125 18
18832.603515625 29
18844.91015625 31
18880.39453125 104
18885.345703125 274
18965.2890625 321
19038.36328125 370
19081.095703125 375
19274.14453125 562
19391.068359375 914
19405.466796875 944
19465.06640625 1672
19522.337890625 1684
19535.921875 1825
19580.7890625 1846
19834.810546875 1960
19880.7734375 1976
19929.533203125 2006
20018.046875 2319
20044.890625 2405
20204.556640625 2550
20257.876953125 2606
20514.724609375 2768
20599.263671875 1081
20680.474609375 1780
20725.099609375 16
20734.76953125 28
20736.296875 125
20784.09765625 212
21101.318359375 265
21190.544921875 295
21241.490234375 360
21246.2265625 364
21946.56640625 937
22086.556640625 1077
22112.275390625 1101
22126.330078125 1241
22139.69140625 1243
22519.037109375 1307
22539.1015625 1343
23458.9296875 1404
23578.322265625 1418
23664.046875 1585
24277.13671875 1719
24369.6953125 1822
24461.4375 2009
24468.8125 2164
24483.94140625 2214
24876.18359375 2250
24988.173828125 2263
26171.28125 2342
29710.708984375 2359
32118.7421875 2547
