2495.5146484375 1446
2691.1337890625 87
2707.80224609375 251
2869.718017578125 527
3039.38427734375 529
3039.770263671875 625
3168.73828125 641
3262.0 693
3357.921630859375 873
3517.23779296875 881
3721.068603515625 928
3814.12744140625 1133
4048.198486328125 1283
4145.9326171875 1318
4180.0927734375 1346
4368.3076171875 1417
4556.7333984375 1720
4610.8525390625 1987
4636.09765625 2226
4639.544921875 2296
4715.66015625 2515
4829.15869140625 2572
5043.00732421875 2669
5051.9150390625 2728
5689.3349609375 2734
5850.1201171875 2746
5850.1201171875 2852
5965.64404296875 2866
6034.560546875 2915
6128.09765625 2949
6128.09765625 377
6131.48828125 2281
6258.75390625 160
6459.01513671875 1
6595.66015625 425
6625.47509765625 446
6791.70654296875 800
6818.705078125 918
6830.23876953125 953
6941.52490234375 985
7037.568359375 986
7156.06298828125 1008
7253.96240234375 1043
7292.701171875 1270
7345.9111328125 1317
7400.611328125 1435
7405.0615234375 1548
7440.72412109375 1606
7454.1416015625 1661
7524.716796875 1712
7545.95361328125 2010
7593.21240234375 2088
7664.10791015625 2365
7753.0869140625 2410
7868.126953125 2414
7954.109375 2482
8154.56103515625 2560
8165.6328125 2781
8174.4189453125 2820
8176.921875 997
8210.0263671875 1781
8489.23046875 81
8524.533203125 229
8590.6513671875 440
8703.41015625 548
8762.2724609375 611
8777.7578125 826
8784.1328125 834
8944.7919921875 848
8952.1982421875 871
8962.39453125 893
8993.353515625 1231
8995.4306640625 1256
9035.48828125 1315
9061.5166015625 1458
9126.826171875 1550
9179.7080078125 1671
9209.8935546875 1711
9235.322265625 1815
9238.685546875 1893
9244.869140625 2312
9380.2666015625 2324
9401.0029296875 2385
9424.3427734375 2447
9456.265625 2562
9490.5009765625 2610
9533.3173828125 2622
9548.1123046875 2853
9564.0751953125 2924
9567.5380859375 2927
9630.728515625 2239
9661.8349609375 1362
9726.375 1926
9774.751953125 2997
9876.4111328125 254
9883.775390625 388
9892.7939453125 465
9900.8173828125 498
9906.595703125 520
9993.271484375 962
9999.2568359375 981
10017.8203125 1156
10044.720703125 1652
10050.2275390625 2205
10052.0048828125 2339
10058.6640625 2417
10074.54296875 2494
10110.197265625 2687
10117.94921875 1122
10118.69921875 1670
10139.0673828125 264
10166.515625 2173
10258.70703125 1646
10282.0322265625 2396
10316.501953125 49
10370.919921875 189
10414.8603515625 261
10417.66015625 263
10426.796875 430
10434.578125 831
10452.294921875 899
10496.83203125 1123
10523.693359375 1169
10605.2099609375 1350
10631.7509765625 1405
10650.7197265625 1512
10659.0205078125 1750
10737.1611328125 1769
10740.962890625 1908
10751.875 1966
10770.5595703125 1982
10772.080078125 1993
10786.662109375 2094
10840.4951171875 2126
10864.7265625 2141
10890.5078125 2171
10893.220703125 2174
10904.740234375 2177
10920.3486328125 2237
10922.052734375 2367
10926.7412109375 2536
10950.5810546875 2542
10951.8408203125 2582
10956.82421875 2675
10987.765625 2703
11060.5830078125 1873
11077.166015625 2107
11079.626953125 1281
11088.0302734375 455
11101.6513671875 470
11108.361328125 902
11136.3642578125 926
11194.5390625 967
11211.9033203125 1104
11220.9814453125 1225
11239.9892578125 1286
11259.9296875 1506
11297.208984375 1516
11340.5419921875 1599
11345.9521484375 1779
11347.9013671875 1848
11355.4287109375 1867
11358.181640625 1883
11372.845703125 2063
11383.1328125 2210
11400.8662109375 2246
11420.642578125 2285
11440.57421875 2361
11451.087890625 2686
11471.005859375 2700
11480.4267578125 88
11518.64453125 586
11529.1376953125 136
11542.634765625 1471
11553.5498046875 226
11554.58203125 296
11562.92578125 1197
11569.271484375 1666
11589.3544921875 2511
11618.4814453125 101
11635.9248046875 215
11650.359375 549
11651.9609375 550
11653.697265625 573
11658.501953125 1136
11661.6796875 1199
11666.560546875 1530
11666.90625 1581
11687.3798828125 1640
11720.845703125 1688
11752.0537109375 1968
11767.6015625 2526
11805.2109375 2571
11875.5185546875 2983
11879.58984375 1787
11881.9951171875 602
11892.498046875 1146
11915.1484375 253
11915.28125 342
11916.779296875 843
11917.6962890625 1233
11928.6220703125 1335
11932.1416015625 1394
11937.841796875 1737
11956.62890625 1784
11972.4404296875 1950
11987.171875 2025
11992.029296875 2473
11997.5185546875 2518
12006.8427734375 999
12060.974609375 1056
12061.1767578125 1900
12062.1953125 1304
12105.724609375 1326
12110.76171875 2967
12114.2666015625 1329
12117.16796875 50
12119.7958984375 318
12130.8037109375 389
12141.2373046875 478
12154.30859375 491
12184.5068359375 580
12194.623046875 599
12210.146484375 890
12260.759765625 896
12264.4833984375 909
12279.2568359375 919
12298.587890625 995
12316.6787109375 1273
12326.6884765625 1342
12328.587890625 1430
12333.341796875 1495
12334.1279296875 1568
12358.73046875 1583
12363.326171875 1764
12373.0869140625 1774
12374.4306640625 2065
12374.7294921875 2117
12377.755859375 2181
12381.9130859375 2268
12401.7255859375 2465
12435.8662109375 2664
12443.71875 2760
12459.3173828125 2764
12471.5810546875 2938
12483.7705078125 2943
12491.853515625 1860
12494.337890625 2880
12499.169921875 1333
12507.837890625 2631
12533.7275390625 146
12548.939453125 1538
12563.46875 21
12566.5078125 34
12567.08203125 200
12569.5810546875 288
12576.951171875 336
12603.8427734375 385
12675.8837890625 517
12703.0048828125 546
12706.4873046875 609
12739.826171875 614
12753.1435546875 683
12767.9453125 686
12773.048828125 769
12775.6982421875 1097
12785.517578125 1221
12811.7607421875 1322
12819.896484375 1359
12820.54296875 1376
12940.4501953125 1686
12976.8662109375 1854
12988.6826171875 2513
12989.263671875 2553
12996.10546875 2650
12996.2216796875 2672
13007.423828125 2911
13030.8603515625 78
13033.4814453125 2713
13045.5908203125 2800
13069.6875 2651
13071.5888671875 2970
13096.6318359375 1045
13105.4267578125 1068
13127.4697265625 2078
13132.9150390625 884
13149.025390625 886
13158.986328125 1028
13174.173828125 1845
13175.30078125 1932
13186.134765625 2489
13192.5546875 90
13207.779296875 153
13220.7578125 240
13221.3330078125 256
13228.2666015625 531
13228.7265625 644
13236.98046875 706
13247.2353515625 775
13257.80859375 1163
13263.8193359375 1483
13302.78125 2114
13303.2861328125 2379
13324.6396484375 2424
13342.134765625 2433
13346.2529296875 2435
13354.6904296875 2442
13365.02734375 2683
13378.97265625 2811
13387.935546875 2176
13420.58984375 169
13432.7900390625 2207
13438.1181640625 1144
13451.8515625 2180
13455.2099609375 73
13457.2333984375 663
13463.755859375 677
13467.291015625 756
13482.984375 925
13489.0830078125 927
13499.044921875 946
13503.029296875 996
13510.849609375 1141
13532.666015625 1202
13540.6181640625 1251
13548.095703125 1457
13580.4091796875 1502
13584.306640625 1591
13594.130859375 1733
13607.5556640625 1735
13642.0361328125 1919
13650.4658203125 1933
13687.822265625 1955
13692.0986328125 2002
13705.451171875 2335
13707.5400390625 2341
13715.3759765625 2565
13716.41015625 2695
13751.7421875 2763
13752.3583984375 2840
13784.427734375 2422
13791.5107421875 1020
13812.37890625 640
13814.2607421875 59
13835.1611328125 177
13845.37109375 191
13853.6142578125 575
13867.2802734375 687
13878.9873046875 934
13887.302734375 1119
13908.921875 1529
13912.4140625 1697
13929.9677734375 1810
13933.11328125 1831
13940.751953125 2354
13953.9892578125 2528
13963.5693359375 2679
14021.4384765625 2712
14028.5556640625 2747
14036.3837890625 2809
14041.0634765625 2821
14054.0341796875 2842
14055.494140625 2860
14064.50390625 2906
14068.21875 2994
14076.1298828125 186
14117.7568359375 223
14129.705078125 1594
14135.7529296875 410
14140.2041015625 631
14142.1953125 132
14153.6630859375 2576
14155.6455078125 1282
14168.85546875 488
14205.802734375 869
14228.7998046875 2059
14230.7802734375 787
14246.5283203125 904
14252.86328125 137
14309.9228515625 275
14310.2412109375 328
14313.5537109375 333
14327.357421875 392
14333.02734375 407
14338.134765625 489
14345.32421875 680
14355.3125 1022
14358.46484375 1290
14366.806640625 1358
14367.4482421875 1607
14378.20703125 1653
14399.1884765625 2024
14403.4755859375 2184
14411.228515625 2221
14439.4169921875 2394
14459.048828125 2427
14495.984375 2517
14500.6171875 2655
14534.677734375 2704
14539.45703125 2900
14542.82421875 2946
14566.765625 459
14572.6318359375 1408
14572.6318359375 1339
14585.078125 22
14590.3623046875 45
14606.947265625 300
14607.224609375 812
14630.62109375 922
14640.7392578125 947
14652.099609375 975
14663.986328125 1001
14697.3701171875 1095
14704.3232421875 1275
14713.701171875 1664
14714.92578125 1708
14714.955078125 1763
14716.2890625 1766
14747.158203125 1889
14760.037109375 2077
14764.3642578125 2082
14777.21875 2131
14794.9453125 2315
14801.7939453125 2317
14802.9033203125 2409
14814.263671875 2608
14837.984375 2616
14857.865234375 2649
14864.193359375 2819
14887.8720703125 2862
14919.2939453125 1164
14932.626953125 2213
14944.10546875 1050
14958.82421875 979
14982.3203125 1562
14998.0771484375 1597
14998.912109375 2334
14999.8486328125 587
15014.8203125 630
15026.2900390625 777
15027.103515625 1012
15032.2216796875 1064
15057.5947265625 1082
15093.6728515625 1462
15096.9072265625 1501
15098.685546875 1654
15106.3935546875 1800
15108.798828125 2656
15126.189453125 2884
15170.4912109375 1416
15208.912109375 1575
15213.58984375 2889
15232.4033203125 445
15232.845703125 30
15293.560546875 2484
15315.3154296875 38
15331.140625 40
15346.1005859375 76
15346.2890625 77
15355.9501953125 108
15356.6376953125 164
15365.4169921875 211
15407.1357421875 225
15412.9765625 376
15418.7919921875 437
15427.8173828125 510
15456.3935546875 646
15461.7919921875 671
15462.7099609375 738
15466.2578125 770
15467.1826171875 1434
15471.9990234375 1610
15489.783203125 1662
15499.58984375 1709
15502.6884765625 1998
15526.4306640625 2166
15535.103515625 2220
15593.0576171875 2238
15603.7607421875 2255
15630.84765625 2345
15634.7509765625 2510
15641.595703125 2581
15650.5009765625 2607
15653.1337890625 2807
15653.1875 1015
15661.8896484375 1984
15666.8642578125 1258
15669.4130859375 2555
15676.1044921875 1147
15677.435546875 865
15681.935546875 939
15684.466796875 1497
15753.3583984375 2630
15754.1650390625 2752
15754.1650390625 457
15768.9794921875 309
15769.4140625 316
15779.6220703125 483
15811.697265625 484
15823.447265625 633
15865.515625 1026
15878.5166015625 1036
15889.8984375 1176
15900.3515625 1423
15916.53125 1485
15916.744140625 1590
15917.94140625 1702
15919.14453125 1759
15924.1240234375 1818
15961.00390625 1958
15992.0107421875 1963
16035.728515625 1977
16038.3349609375 2053
16042.5 2056
16085.333984375 2125
16086.5205078125 2304
16107.3046875 2356
16108.7490234375 2477
16142.20703125 2533
16148.001953125 2732
16167.3984375 2948
16186.37109375 1601
16222.865234375 2256
16242.96875 2104
16249.591796875 284
16252.65625 182
16320.4384765625 916
16335.7841796875 1667
16346.60546875 1852
16346.6611328125 727
16352.919921875 2036
16359.740234375 2772
16364.9892578125 130
16369.3759765625 219
16372.2177734375 394
16406.3359375 405
16417.37890625 634
16521.98046875 856
16548.220703125 983
16555.587890625 1117
16559.2734375 1386
16571.08984375 1791
16579.98046875 1991
16590.00390625 2060
16598.52734375 2215
16615.056640625 2314
16638.5625 2440
16649.9296875 2467
16662.625 2618
16680.396484375 2648
16685.50390625 2694
16694.03515625 1772
16737.326171875 818
16741.279296875 2907
16753.8984375 660
16772.25 1168
16774.78125 1145
16793.892578125 1476
16800.830078125 1618
16807.138671875 655
16815.466796875 1592
16823.0 2120
16855.2734375 2557
16862.849609375 112
16874.677734375 350
16894.0 356
16894.560546875 448
16901.77734375 1500
16906.087890625 1526
16921.51953125 1587
16935.24609375 1881
16952.802734375 1943
16956.6484375 1962
16966.01171875 1995
16968.419921875 2075
17026.8203125 2118
17030.859375 2309
17034.8359375 2418
17054.46484375 2516
17078.3828125 2588
17087.9765625 2605
17110.30078125 2623
17122.404296875 2937
17124.65234375 1005
17210.703125 110
17217.390625 2360
17220.263671875 121
17239.470703125 1046
17241.140625 298
17241.47265625 372
17245.0078125 492
17253.794921875 752
17253.822265625 838
17255.291015625 903
17307.03125 1034
17315.591796875 1128
17319.060546875 1187
17321.357421875 1437
17344.55078125 1488
17346.986328125 1534
17349.544921875 1657
17363.951171875 1678
17368.712890625 1824
17437.39453125 1826
17444.447265625 1941
17487.96875 1997
17489.8359375 2318
17490.14453125 2327
17496.89453125 2362
17515.044921875 2404
17560.78515625 2453
17595.720703125 2458
17612.15625 2496
17617.61328125 2696
17624.265625 2722
17651.6171875 2796
17652.720703125 2584
17669.45703125 2872
17678.27734375 2589
17687.71484375 2135
17718.80078125 1802
17759.3125 1853
17763.966796875 1892
17781.65234375 1580
17783.328125 25
17795.212890625 72
17821.2421875 343
17831.822265625 710
17864.05859375 755
17866.236328125 885
17868.69140625 1683
17964.935546875 1776
17980.94140625 1972
18015.603515625 2047
18026.240234375 2138
18037.84765625 2185
18054.51171875 2344
18066.345703125 2545
18073.626953125 2573
18080.3203125 2855
18106.376953125 2159
18109.140625 1067
18141.953125 371
18178.060546875 243
18185.134765625 1301
18186.90234375 311
18204.474609375 426
18232.216796875 648
18235.23046875 720
18241.619140625 792
18263.4296875 940
18272.0078125 1006
18313.69140625 1032
18327.416015625 1160
18355.400390625 1189
18372.119140625 2183
18376.73828125 2190
18405.90234375 2301
18437.1171875 1459
18443.412109375 1649
18451.7421875 353
18457.96484375 2706
18478.7578125 1511
18501.640625 1778
18502.119140625 329
18502.119140625 731
18514.833984375 1400
18530.271484375 2070
18547.759765625 1480
18575.33984375 1714
18576.412109375 249
18608.4140625 94
18614.21875 2823
18631.64453125 471
18633.568359375 473
18669.5546875 747
18670.408203125 915
18699.5546875 921
18752.62109375 993
18788.6875 1072
18797.63671875 1415
18818.45703125 1541
18856.05078125 1746
18875.62890625 1949
18902.541015625 2079
18950.697265625 2219
19015.169921875 2258
19029.25390625 2413
19029.87109375 2628
19039.259765625 2828
19057.703125 2903
19089.212890625 2996
19096.146484375 204
19119.85546875 1247
19130.041015625 1410
19130.55859375 1888
19131.4375 1214
19157.587890625 1658
19174.154296875 2587
19186.189453125 380
19267.990234375 688
19281.20703125 1761
19321.44140625 66
19322.822265625 127
19337.3359375 179
19381.322265625 855
19392.642578125 1198
19393.0625 1250
19424.2265625 1507
19460.388671875 1558
19486.79296875 2007
19493.9375 2092
19494.44921875 2231
19541.064453125 2384
19542.642578125 2457
19558.18359375 2544
19559.9609375 2717
19584.654296875 2774
19664.171875 2794
19694.025390625 2909
19708.36328125 972
19730.6796875 1138
19751.123046875 1442
19754.67578125 1137
19756.6015625 102
19761.28125 667
19766.779296875 1935
19774.7421875 2352
19797.845703125 2887
19799.134765625 427
19803.59375 1533
19843.7109375 170
19846.708984375 262
19867.267578125 306
19914.1796875 596
19918.837890625 805
19939.091796875 849
19963.052734375 850
19990.0234375 965
19990.123046875 976
19993.18359375 1058
20028.3671875 1403
20075.103515625 1645
20103.005859375 1999
20152.919921875 2292
20209.02734375 2392
20294.271484375 2403
20313.119140625 2497
20313.119140625 2524
20334.396484375 2601
20349.552734375 2652
20368.751953125 2657
20373.6328125 2761
20384.3359375 2839
20390.4296875 2939
20421.279296875 2984
20434.763671875 1027
20441.734375 622
20472.67578125 417
20493.779296875 450
20529.515625 690
20575.697265625 969
20671.162109375 982
20675.884765625 1040
20693.03515625 1078
20707.365234375 1083
20714.111328125 1382
20732.34375 1391
20829.0390625 1486
20832.03125 1503
20846.80078125 1547
20913.0078125 1561
20977.576171875 1965
21079.1875 2026
21094.529296875 2066
21177.99609375 2182
21190.2421875 2245
21200.00390625 2460
21283.75390625 2466
21290.203125 2540
21348.056640625 2593
21350.697265625 2632
21357.98046875 2753
21375.1875 2759
21384.185546875 2793
21431.607421875 2925
21443.1328125 2152
21445.337890625 762
21450.6875 2757
21504.525390625 37
21538.1015625 1624
21560.564453125 1271
21658.41015625 2370
21695.650390625 2895
21712.91015625 2411
21868.255859375 67
21901.5625 150
21910.328125 171
21915.72265625 195
21935.38671875 363
21937.24609375 522
21958.646484375 657
22007.62890625 701
22032.845703125 760
22128.42578125 811
22139.05859375 874
22158.0546875 875
22194.880859375 1002
22225.841796875 1007
22246.572265625 1023
22263.44921875 1356
22345.65625 1378
22349.32421875 1489
22372.916015625 1629
22427.21484375 2721
22489.328125 2032
22495.439453125 2259
22526.27734375 771
22536.59765625 1543
22690.611328125 2241
22692.27734375 1964
22705.916015625 1625
22711.673828125 2693
22833.21875 222
22869.80859375 258
22898.3828125 281
22920.18359375 506
22928.13671875 582
22972.310546875 724
23005.02734375 879
23013.7265625 1003
23024.8515625 1171
23071.0078125 1182
23184.3984375 1588
23266.75 1685
23331.185546875 1758
23340.138671875 2300
23350.0 2310
23448.587890625 2705
23470.103515625 2845
23603.384765625 2916
23603.384765625 1811
23679.24609375 2701
23681.525390625 421
23744.052734375 1440
23901.505859375 2337
23936.779296875 2531
23949.07421875 18
23954.28125 29
24087.65625 31
24211.205078125 104
24310.734375 274
24317.345703125 321
24376.05859375 370
24507.32421875 375
24972.486328125 562
25037.837890625 914
25303.986328125 944
25341.203125 1672
25477.65625 1684
25518.392578125 1825
25606.927734375 1846
25630.2265625 1960
25734.08203125 1976
25818.62890625 2006
25843.396484375 2319
25874.388671875 2405
25881.087890625 2550
26008.416015625 2606
26084.83984375 2768
26167.611328125 1081
26257.390625 1780
26284.75 16
26297.375 28
26395.92578125 125
26410.75 212
26525.767578125 265
26539.87109375 295
26575.38671875 360
26619.140625 364
26681.619140625 937
26850.13671875 1077
26914.951171875 1101
27428.52734375 1241
27799.255859375 1243
28135.732421875 1307
28160.30078125 1343
28177.646484375 1404
28497.7421875 1418
28527.37109375 1585
28685.6640625 1719
28718.72265625 1822
28973.71484375 2009
29162.07421875 2164
29359.228515625 2214
29579.94140625 2250
29582.048828125 2263
30229.935546875 2342
30462.771484375 2359
32352.12109375 2547
