5433.421875 204
5527.37255859375 1247
5536.10693359375 1410
5546.77099609375 1888
5951.23828125 1214
6217.017578125 1658
6273.16064453125 2587
6288.20703125 380
6717.7958984375 688
6793.54248046875 1761
6812.2822265625 66
7026.5966796875 127
7030.2421875 179
7040.9033203125 855
7061.43359375 1198
7155.8837890625 1250
7347.20458984375 1507
7422.7236328125 1558
7461.19677734375 2007
7608.72314453125 2092
7609.1953125 2231
7616.73046875 2384
7673.2705078125 2457
7721.5302734375 2544
7857.1259765625 2717
7909.509765625 2774
7910.291015625 2794
7985.32763671875 2909
8000.05517578125 972
8047.490234375 1138
8053.6298828125 1442
8065.04150390625 1446
8113.63720703125 87
8117.3896484375 251
8158.9619140625 527
8191.0654296875 529
8191.576171875 625
8421.234375 641
8436.7939453125 693
8450.30859375 873
8468.544921875 881
8535.703125 928
8540.220703125 1133
8548.0654296875 1283
8584.7060546875 1318
8600.111328125 1346
8660.3681640625 1417
8702.869140625 1720
8705.6572265625 1987
8711.66796875 2226
8727.7587890625 2296
8729.1376953125 2515
8752.96484375 2572
8772.6806640625 2669
8777.2685546875 2728
8798.125 2734
8884.896484375 2746
8916.59375 2852
8919.845703125 2866
8953.763671875 2915
8974.1640625 2949
8997.6708984375 377
9006.640625 2281
9013.86328125 160
9027.19921875 1
9051.068359375 425
9058.935546875 446
9058.935546875 800
9082.9755859375 918
9087.4404296875 953
9128.2880859375 985
9138.75390625 986
9176.4365234375 1008
9296.21875 1043
9301.2080078125 1270
9317.55078125 1317
9335.4326171875 1435
9341.39453125 1548
9343.65625 1606
9380.2666015625 1661
9386.875 1712
9420.716796875 2010
9423.732421875 2088
9425.44921875 2365
9436.052734375 2410
9449.1552734375 2414
9483.513671875 2482
9499.4296875 2560
9522.33984375 2781
9530.1796875 2820
9541.2734375 997
9541.279296875 1781
9548.74609375 81
9579.37109375 229
9610.1796875 440
9616.384765625 548
9626.6171875 611
9636.482421875 826
9645.673828125 834
9661.125 848
9725.8408203125 871
9729.521484375 893
9736.5615234375 1231
9751.2109375 1256
9756.478515625 1315
9777.18359375 1458
9785.419921875 1550
9809.5185546875 1671
9813.9306640625 1711
9816.7900390625 1815
9828.23046875 1893
9840.017578125 2312
9855.201171875 2324
9885.203125 2385
9889.3134765625 2447
9890.33203125 2562
9906.443359375 2610
9907.4609375 2622
9917.7373046875 2853
9927.326171875 2924
9951.91015625 2927
9956.9521484375 2239
9967.8046875 1362
9968.060546875 1926
10003.693359375 2997
10032.13671875 254
10053.06640625 388
10098.55859375 465
10121.3896484375 498
10133.2685546875 520
10146.1845703125 962
10159.240234375 981
10160.708984375 1156
10205.7119140625 1652
10217.3642578125 2205
10229.6416015625 2339
10232.1328125 2417
10236.5615234375 2494
10238.265625 2687
10255.880859375 1122
10298.7099609375 1670
10321.3642578125 264
10351.619140625 2173
10362.251953125 1646
10377.966796875 2396
10398.2900390625 49
10402.552734375 189
10425.1884765625 261
10441.73046875 263
10457.201171875 430
10489.294921875 831
10500.84375 899
10519.6142578125 1123
10568.123046875 1169
10600.2744140625 1350
10622.783203125 1405
10661.7783203125 1512
10686.4755859375 1750
10699.1259765625 1769
10701.724609375 1908
10721.96484375 1966
10734.861328125 1982
10745.40234375 1993
10761.3828125 2094
10762.7470703125 2126
10765.048828125 2141
10767.8505859375 2171
10779.1806640625 2174
10784.9296875 2177
10786.08984375 2237
10791.185546875 2367
10797.4912109375 2536
10817.544921875 2542
10829.318359375 2582
10830.958984375 2675
10837.765625 2703
10839.7587890625 1873
10840.26171875 2107
10851.01171875 1281
10851.01171875 455
10870.98046875 470
10883.6611328125 902
10888.75390625 926
10890.484375 967
10904.705078125 1104
10915.86328125 1225
10924.095703125 1286
10950.44921875 1506
10951.0009765625 1516
10957.8037109375 1599
10960.1142578125 1779
11009.416015625 1848
11015.1875 1867
11019.3291015625 1883
11019.404296875 2063
11025.083984375 2210
11048.099609375 2246
11062.8896484375 2285
11082.4130859375 2361
11085.8330078125 2686
11089.671875 2700
11100.638671875 88
11122.92578125 586
11167.6484375 136
11179.04296875 1471
11185.818359375 226
11190.552734375 296
11202.59375 1197
11213.630859375 1666
11220.361328125 2511
11220.609375 101
11234.2109375 215
11308.1357421875 549
11316.42578125 550
11358.9150390625 573
11384.7080078125 1136
11419.41015625 1199
11422.416015625 1530
11437.658203125 1581
11475.5986328125 1640
11479.109375 1688
11480.5341796875 1968
11518.837890625 2526
11525.171875 2571
11527.48046875 2983
11536.287109375 1787
11547.37109375 602
11554.703125 1146
11556.798828125 253
11561.6455078125 342
11572.3408203125 843
11608.9072265625 1233
11611.7373046875 1335
11622.603515625 1394
11652.1865234375 1737
11670.78125 1784
11686.7119140625 1950
11690.5888671875 2025
11708.275390625 2473
11710.75 2518
11714.1328125 999
11734.728515625 1056
11737.4921875 1900
11774.1103515625 1304
11780.57421875 1326
11781.1533203125 2967
11803.3701171875 1329
11807.8056640625 50
11808.4697265625 318
11826.3486328125 389
11829.58203125 478
11836.185546875 491
11846.1884765625 580
11846.1884765625 599
11850.611328125 890
11852.322265625 896
11868.8681640625 909
11870.4130859375 919
11872.982421875 995
11897.1962890625 1273
11897.2666015625 1342
11898.99609375 1430
11915.5078125 1495
11919.0234375 1568
11919.1318359375 1583
11952.2998046875 1764
11961.28125 1774
11979.5380859375 2065
11980.3583984375 2117
12001.1767578125 2181
12003.365234375 2268
12019.31640625 2465
12033.2578125 2664
12035.982421875 2760
12043.6923828125 2764
12047.9453125 2938
12084.2001953125 2943
12088.9609375 1860
12097.169921875 2880
12107.021484375 1333
12111.16015625 2631
12120.5478515625 146
12130.6669921875 1538
12131.1396484375 21
12133.88671875 34
12147.6767578125 200
12153.12890625 288
12154.810546875 336
12159.9970703125 385
12173.9970703125 517
12198.9638671875 546
12215.498046875 609
12223.8125 614
12239.94140625 683
12265.4140625 686
12265.822265625 769
12267.44140625 1097
12276.7451171875 1221
12278.9501953125 1322
12287.34765625 1359
12288.654296875 1376
12308.4873046875 1686
12313.609375 1854
12323.3232421875 2513
12336.2861328125 2553
12340.544921875 2650
12359.7734375 2672
12360.7177734375 2911
12363.0625 78
12363.9619140625 2713
12370.70703125 2800
12375.27734375 2651
12375.71484375 2970
12398.5966796875 1045
12402.552734375 1068
12419.056640625 2078
12424.33984375 884
12424.990234375 886
12437.640625 1028
12461.4375 1845
12461.912109375 1932
12472.333984375 2489
12478.4501953125 90
12499.0458984375 153
12514.41015625 240
12522.3701171875 256
12538.0546875 531
12542.4033203125 644
12561.5869140625 706
12583.5927734375 775
12589.4951171875 1163
12592.5849609375 1483
12593.0224609375 2114
12616.380859375 2379
12632.3896484375 2424
12634.927734375 2433
12655.654296875 2435
12659.4375 2442
12679.5869140625 2683
12692.107421875 2811
12699.2265625 2176
12701.7294921875 169
12705.28125 2207
12710.123046875 1144
12722.2783203125 2180
12725.146484375 73
12727.021484375 663
12731.068359375 677
12733.763671875 756
12751.24609375 925
12762.650390625 927
12776.951171875 946
12777.146484375 996
12786.31640625 1141
12823.0732421875 1202
12826.470703125 1251
12839.10546875 1457
12848.369140625 1502
12856.2265625 1591
12857.330078125 1733
12895.87890625 1735
12906.76953125 1919
12910.853515625 1933
12914.8447265625 1955
12928.9521484375 2002
12929.5078125 2335
12939.287109375 2341
12940.2158203125 2565
12959.2998046875 2695
12962.4619140625 2763
12972.7626953125 2840
12997.5166015625 2422
12997.91015625 1020
13001.330078125 640
13007.0830078125 59
13016.6796875 177
13019.88671875 191
13037.404296875 575
13041.46875 687
13067.23828125 934
13068.7607421875 1119
13095.509765625 1529
13114.638671875 1697
13127.0791015625 1810
13132.8798828125 1831
13139.265625 2354
13141.349609375 2528
13147.044921875 2679
13161.8173828125 2712
13174.138671875 2747
13175.28125 2809
13176.3154296875 2821
13178.375 2842
13180.13671875 2860
13184.255859375 2906
13188.5078125 2994
13192.44921875 186
13201.146484375 223
13238.1591796875 1594
13238.5205078125 410
13254.1142578125 631
13303.7548828125 132
13308.986328125 2576
13312.0693359375 1282
13348.576171875 488
13353.5107421875 869
13361.599609375 2059
13379.8486328125 787
13384.0244140625 904
13390.5869140625 137
13417.201171875 275
13421.994140625 328
13423.2392578125 333
13427.1044921875 392
13427.298828125 407
13432.375 489
13460.677734375 680
13474.2724609375 1022
13490.767578125 1290
13497.384765625 1358
13504.7255859375 1607
13508.9970703125 1653
13514.7001953125 2024
13593.1552734375 2184
13597.3818359375 2221
13627.9833984375 2394
13632.216796875 2427
13637.91015625 2517
13637.9873046875 2655
13646.4072265625 2704
13653.849609375 2900
13659.50390625 2946
13688.208984375 459
13701.3037109375 1408
13704.9072265625 1339
13709.4111328125 22
13709.6171875 45
13710.9931640625 300
13720.5087890625 812
13774.33203125 922
13779.7509765625 947
13784.68359375 975
13814.630859375 1001
13818.19921875 1095
13820.72265625 1275
13837.6005859375 1664
13842.6484375 1708
13845.85546875 1763
13856.171875 1766
13884.9873046875 1889
13888.5234375 2077
13893.09375 2082
13894.00390625 2131
13900.7421875 2315
13901.0654296875 2317
13950.0859375 2409
13974.384765625 2608
13986.8564453125 2616
13993.2265625 2649
13999.71875 2819
14016.57421875 2862
14037.1357421875 1164
14037.287109375 2213
14039.291015625 1050
14051.4130859375 979
14057.982421875 1562
14070.6044921875 1597
14078.888671875 2334
14085.6533203125 587
14097.6435546875 630
14106.2880859375 777
14121.2744140625 1012
14127.701171875 1064
14134.56640625 1082
14137.4501953125 1462
14137.4501953125 1501
14146.9541015625 1654
14150.7685546875 1800
14203.041015625 2656
14205.6435546875 2884
14230.109375 1416
14231.2568359375 1575
14244.548828125 2889
14252.689453125 445
14286.1435546875 30
14296.6552734375 2484
14301.873046875 38
14305.6416015625 40
14309.79296875 76
14314.5078125 77
14333.720703125 108
14345.30078125 164
14365.05078125 211
14397.203125 225
14402.955078125 376
14432.650390625 437
14437.8828125 510
14444.6748046875 646
14449.70703125 671
14471.07421875 738
14480.7294921875 770
14498.7509765625 1434
14519.5390625 1610
14523.4931640625 1662
14536.029296875 1709
14536.31640625 1998
14566.61328125 2166
14584.84375 2220
14600.08984375 2238
14659.3955078125 2255
14663.31640625 2345
14676.140625 2510
14705.80078125 2581
14708.08203125 2607
14710.708984375 2807
14726.9560546875 1015
14733.0263671875 1984
14794.56640625 1258
14795.96484375 2555
14807.931640625 1147
14809.10546875 865
14810.658203125 939
14818.349609375 1497
14819.849609375 2630
14824.943359375 2752
14827.7412109375 457
14830.62890625 309
14833.0888671875 316
14846.064453125 483
14849.236328125 484
14855.6064453125 633
14860.1806640625 1026
14866.494140625 1036
14888.123046875 1176
14898.03125 1423
14906.177734375 1485
14914.0791015625 1590
14928.8046875 1702
14930.951171875 1759
14933.70703125 1818
14934.326171875 1958
14937.1298828125 1963
14937.595703125 1977
14945.01171875 2053
14948.380859375 2056
14960.02734375 2125
14990.0146484375 2304
14990.3359375 2356
14991.4326171875 2477
15013.84375 2533
15014.67578125 2732
15023.623046875 2948
15027.43359375 1601
15033.130859375 2256
15033.830078125 2104
15053.6640625 284
15080.935546875 182
15095.5625 916
15103.04296875 1667
15115.982421875 1852
15126.48046875 727
15135.5126953125 2036
15157.876953125 2772
15183.548828125 130
15205.4912109375 219
15207.197265625 394
15241.6826171875 405
15245.42578125 634
15247.0078125 856
15252.6171875 983
15276.716796875 1117
15283.34765625 1386
15292.9091796875 1791
15304.96875 1991
15317.24609375 2060
15318.318359375 2215
15343.6640625 2314
15350.25 2440
15361.86328125 2467
15370.853515625 2618
15382.6923828125 2648
15395.19921875 2694
15396.935546875 1772
15398.1416015625 818
15398.556640625 2907
15409.2685546875 660
15428.9091796875 1168
15435.6796875 1145
15440.03515625 1476
15446.720703125 1618
15454.9365234375 655
15462.64453125 1592
15468.5673828125 2120
15473.158203125 2557
15481.7822265625 112
15515.49609375 350
15527.9609375 356
15528.8388671875 448
15530.2509765625 1500
15564.71484375 1526
15565.3896484375 1587
15567.19921875 1881
15571.91796875 1943
15593.5625 1962
15614.677734375 1995
15619.275390625 2075
15644.212890625 2118
15650.818359375 2309
15668.525390625 2418
15674.1953125 2516
15682.837890625 2588
15683.4755859375 2605
15684.5546875 2623
15728.6357421875 2937
15740.6513671875 1005
15785.3212890625 110
15789.48046875 2360
15799.078125 121
15805.658203125 1046
15810.9345703125 298
15810.9345703125 372
15812.30078125 492
15812.9521484375 752
15815.662109375 838
15818.6728515625 903
15823.2109375 1034
15857.56640625 1128
15857.8115234375 1187
15865.7861328125 1437
15869.05078125 1488
15879.744140625 1534
15891.3740234375 1657
15893.2197265625 1678
15893.4736328125 1824
15906.3251953125 1826
15915.5009765625 1941
15932.6328125 1997
15958.185546875 2318
16016.56640625 2327
16021.671875 2362
16052.974609375 2404
16072.0673828125 2453
16079.408203125 2458
16092.8349609375 2496
16098.12109375 2696
16111.6962890625 2722
16129.8857421875 2796
16140.5322265625 2584
16247.8662109375 2872
16251.9599609375 2589
16255.396484375 2135
16272.4306640625 1802
16297.228515625 1853
16303.130859375 1892
16308.048828125 1580
16330.9736328125 25
16333.5234375 72
16334.318359375 343
16339.291015625 710
16352.0546875 755
16364.2607421875 885
16367.310546875 1683
16371.427734375 1776
16397.27734375 1972
16408.8984375 2047
16443.572265625 2138
16465.134765625 2185
16496.1484375 2344
16519.265625 2545
16530.23046875 2573
16537.66796875 2855
16540.7265625 2159
16547.005859375 1067
16549.337890625 371
16557.623046875 243
16560.591796875 1301
16565.259765625 311
16582.748046875 426
16598.0625 648
16601.349609375 720
16650.494140625 792
16678.34375 940
16678.96875 1006
16698.638671875 1032
16722.11328125 1160
16725.525390625 1189
16728.080078125 2183
16729.7578125 2190
16740.541015625 2301
16765.03125 1459
16783.15234375 1649
16800.740234375 353
16936.009765625 2706
16940.595703125 1511
16970.8828125 1778
16977.833984375 329
16981.873046875 731
17007.208984375 1400
17021.78515625 2070
17095.15625 1480
17104.0859375 1714
17106.0859375 249
17118.923828125 94
17135.8203125 2823
17169.7265625 471
17225.9765625 473
17227.912109375 747
17240.171875 915
17268.71875 921
17287.0078125 993
17289.328125 1072
17306.931640625 1415
17394.302734375 1541
17403.033203125 1746
17418.494140625 1949
17437.525390625 2079
17478.744140625 2219
17479.099609375 2258
17502.248046875 2413
17533.732421875 2628
17549.279296875 2828
17553.55078125 2903
17567.24609375 2996
17578.833984375 1137
17600.7578125 102
17666.1953125 667
17687.76171875 1935
17705.775390625 2352
17760.33984375 2887
17779.265625 427
17782.125 1533
17829.466796875 170
17849.060546875 262
17882.0859375 306
17889.01953125 596
17889.90625 805
17896.943359375 849
17920.3984375 850
17972.681640625 965
17979.865234375 976
17996.1875 1058
18059.318359375 1403
18083.626953125 1645
18140.80859375 1999
18158.931640625 2292
18197.0859375 2392
18206.94140625 2403
18228.02734375 2497
18258.072265625 2524
18268.40625 2601
18296.962890625 2652
18337.982421875 2657
18346.28515625 2761
18379.921875 2839
18415.892578125 2939
18435.693359375 2984
18479.87109375 1027
18488.82421875 622
18510.328125 417
18530.765625 450
18540.806640625 690
18555.91015625 969
18564.60546875 982
18589.482421875 1040
18590.556640625 1078
18614.544921875 1083
18667.115234375 1382
18674.375 1391
18682.4296875 1486
18698.86328125 1503
18698.86328125 1547
18715.80078125 1561
18717.28515625 1965
18902.5 2026
18911.37109375 2066
18932.875 2182
19042.3828125 2245
19084.1171875 2460
19105.751953125 2466
19131.091796875 2540
19170.95703125 2593
19184.203125 2632
19187.6015625 2753
19214.724609375 2759
19252.59375 2793
19264.1796875 2925
19285.568359375 2152
19316.9140625 762
19342.3359375 2757
19384.21875 37
19392.876953125 1624
19438.1484375 1271
19455.044921875 2370
19464.109375 2895
19467.49609375 2411
19470.568359375 67
19497.806640625 150
19500.33984375 171
19519.828125 195
19574.140625 363
19607.009765625 522
19647.955078125 657
19734.017578125 701
19741.46875 760
19751.173828125 811
19817.791015625 874
19826.3046875 875
19847.234375 1002
19911.29296875 1007
19955.55078125 1023
19962.919921875 1356
19998.833984375 1378
20024.21875 1489
20045.39453125 1629
20105.37890625 2721
20124.529296875 2032
20137.43359375 2259
20150.466796875 771
20154.1796875 1543
20207.98046875 2241
20253.40625 1964
20319.119140625 1625
20332.634765625 2693
20373.84375 222
20411.943359375 258
20414.84375 281
20418.28125 506
20484.208984375 582
20495.51953125 724
20613.9609375 879
20634.169921875 1003
20652.615234375 1171
20733.853515625 1182
20754.1796875 1588
20828.650390625 1685
20831.35546875 1758
20893.02734375 2300
20937.779296875 2310
20938.240234375 2705
20973.056640625 2845
20981.59765625 2916
21048.64453125 1811
21074.669921875 2701
21172.6953125 421
21327.015625 1440
21367.734375 2337
21397.93359375 2531
21417.572265625 18
21430.2109375 29
21580.46484375 31
21864.53515625 104
22031.83203125 274
22083.626953125 321
22093.494140625 370
22129.66796875 375
22169.95703125 562
22176.357421875 914
22212.421875 944
22219.25390625 1672
22349.330078125 1684
22381.58203125 1825
22392.095703125 1846
22528.46875 1960
22538.87890625 1976
22653.001953125 2006
22716.884765625 2319
22816.517578125 2405
22865.6015625 2550
22982.9296875 2606
23178.904296875 2768
23192.537109375 1081
23412.46484375 1780
23426.279296875 16
23497.24609375 28
23557.9765625 125
23592.33984375 212
23615.626953125 265
23638.287109375 295
23707.099609375 360
23745.958984375 364
23971.2890625 937
24012.69140625 1077
24324.24609375 1101
24439.76171875 1241
25085.7109375 1243
25126.03515625 1307
25632.982421875 1343
25722.080078125 1404
25829.0703125 1418
25963.12109375 1585
26299.142578125 1719
26621.390625 1822
27080.798828125 2009
27478.548828125 2164
29028.037109375 2214
29060.05859375 2250
29404.5 2263
29566.33984375 2342
31351.953125 2359
32298.5234375 2547
