6391.68603515625 1144
6547.30615234375 2180
6671.09619140625 73
7090.4814453125 663
7332.52490234375 677
7412.53515625 756
7665.37353515625 925
7734.17431640625 927
7741.27685546875 946
7834.27001953125 996
7857.787109375 1141
8051.83544921875 1202
8120.52392578125 1251
8135.8701171875 1457
8137.0458984375 1502
8206.5595703125 1591
8209.2177734375 1733
8215.517578125 1735
8288.16015625 1919
8407.54296875 1933
8420.66015625 1955
8425.9609375 2002
8439.5830078125 2335
8441.001953125 2341
8475.818359375 2565
8498.6640625 2695
8610.1162109375 2763
8664.6484375 2840
8673.4599609375 2422
8676.0439453125 1446
8710.4970703125 87
8725.05078125 251
8743.171875 527
8762.44140625 529
8827.6279296875 625
8842.8564453125 641
8845.3564453125 693
8903.7353515625 873
8940.4345703125 881
8964.5185546875 928
8993.533203125 1133
8998.970703125 1283
9001.4912109375 1318
9058.0009765625 1346
9081.7265625 1417
9084.833984375 1720
9112.7265625 1987
9141.7099609375 2226
9149.6435546875 2296
9170.51171875 2515
9211.763671875 2572
9244.4404296875 2669
9274.5048828125 2728
9278.255859375 2734
9284.9990234375 2746
9372.697265625 2852
9382.466796875 2866
9385.265625 2915
9391.2841796875 2949
9396.640625 377
9409.2939453125 2281
9474.84765625 160
9497.056640625 1
9500.0263671875 425
9527.6455078125 446
9532.791015625 800
9535.8564453125 918
9557.41015625 953
9559.3095703125 985
9609.0732421875 986
9640.7470703125 1008
9668.5830078125 1043
9669.912109375 1270
9680.466796875 1317
9692.146484375 1435
9747.41015625 1548
9774.3408203125 1606
9777.2451171875 1661
9784.541015625 1712
9863.5908203125 2010
9871.5712890625 2088
9885.875 2365
9887.6123046875 2410
9906.4755859375 2414
9907.3154296875 2482
9916.1484375 2560
9925.041015625 2781
9926.4990234375 2820
9958.576171875 997
9985.359375 1781
10029.40234375 81
10045.7587890625 229
10075.8203125 440
10098.0859375 548
10121.2021484375 611
10130.5849609375 826
10132.5703125 834
10141.0546875 848
10162.802734375 871
10170.1259765625 893
10178.9169921875 1231
10193.197265625 1256
10195.8671875 1315
10214.7880859375 1458
10220.44921875 1550
10241.28515625 1671
10245.1826171875 1711
10249.06640625 1815
10258.3076171875 1893
10260.7890625 2312
10282.82421875 2324
10291.958984375 2385
10317.9033203125 2447
10318.2939453125 2562
10338.376953125 2610
10348.7861328125 2622
10368.9267578125 2853
10406.396484375 2924
10409.4189453125 2927
10411.0634765625 2239
10419.3125 1362
10426.2822265625 1926
10440.9111328125 2997
10442.9697265625 254
10459.5556640625 388
10490.8681640625 465
10514.212890625 498
10518.03125 520
10522.5634765625 962
10585.337890625 981
10589.25 1156
10620.1923828125 1652
10629.2841796875 2205
10630.63671875 2339
10646.1552734375 2417
10654.31640625 2494
10707.544921875 2687
10710.6669921875 1122
10741.8330078125 1670
10761.0595703125 264
10824.708984375 2173
10829.0146484375 1646
10851.1884765625 2396
10859.560546875 49
10864.7431640625 189
10876.4921875 261
10883.0556640625 263
10899.3046875 430
10900.86328125 831
10907.3173828125 899
10933.2890625 1123
10956.4150390625 1169
10957.904296875 1350
10989.9794921875 1405
10992.263671875 1512
11001.2783203125 1750
11014.9111328125 1769
11019.0419921875 1908
11028.001953125 1966
11034.3955078125 1982
11050.248046875 1993
11054.2255859375 2094
11068.1904296875 2126
11077.044921875 2141
11078.3095703125 2171
11096.650390625 2174
11096.9404296875 2177
11098.162109375 2237
11130.771484375 2367
11131.427734375 2536
11153.91015625 2542
11153.91015625 2582
11154.109375 2675
11162.8359375 2703
11169.1962890625 1873
11183.0439453125 2107
11198.50390625 1281
11210.966796875 455
11233.4326171875 470
11236.2880859375 902
11251.861328125 926
11260.2724609375 967
11260.4267578125 1104
11264.298828125 1225
11269.86328125 1286
11292.1591796875 1506
11293.4013671875 1516
11314.17578125 1599
11315.203125 1779
11340.224609375 1848
11346.7763671875 1867
11351.20703125 1883
11353.7099609375 2063
11358.4833984375 2210
11361.84375 2246
11364.2099609375 2285
11376.119140625 2361
11379.2392578125 2686
11394.853515625 2700
11410.2841796875 88
11428.2734375 586
11443.9599609375 136
11456.4609375 1471
11465.66015625 226
11479.630859375 296
11479.8642578125 1197
11490.3642578125 1666
11515.189453125 2511
11537.6630859375 101
11539.0712890625 215
11553.2197265625 549
11555.9853515625 550
11557.392578125 573
11561.7255859375 1136
11586.6484375 1199
11587.6826171875 1530
11593.005859375 1581
11600.806640625 1640
11616.607421875 1688
11619.3564453125 1968
11622.890625 2526
11640.8720703125 2571
11641.40625 2983
11642.0458984375 1787
11669.357421875 602
11694.8427734375 1146
11708.908203125 253
11715.8134765625 342
11743.4482421875 843
11758.8994140625 1233
11769.291015625 1335
11777.3759765625 1394
11783.154296875 1737
11785.271484375 1784
11795.1259765625 1950
11800.482421875 2025
11832.302734375 2473
11833.8984375 2518
11857.576171875 999
11867.83984375 1056
11881.9443359375 1900
11889.13671875 1304
11900.2490234375 1326
11907.78515625 2967
11907.78515625 1329
11910.4970703125 50
11918.251953125 318
11929.8720703125 389
11931.77734375 478
11960.390625 491
11962.9267578125 580
11963.5751953125 599
11971.3662109375 890
11982.923828125 896
11992.26171875 909
11998.8203125 919
12020.666015625 995
12022.181640625 1273
12034.068359375 1342
12034.5224609375 1430
12041.0673828125 1495
12046.4169921875 1568
12069.455078125 1583
12076.140625 1764
12098.759765625 1774
12101.578125 2065
12102.4990234375 2117
12105.8046875 2181
12105.8623046875 2268
12107.9423828125 2465
12113.181640625 2664
12122.23046875 2760
12126.373046875 2764
12141.0654296875 2938
12141.580078125 2943
12153.537109375 1860
12159.2109375 2880
12172.0302734375 1333
12196.7314453125 2631
12207.84375 146
12222.2705078125 1538
12248.7353515625 21
12250.8251953125 34
12255.095703125 200
12261.2724609375 288
12265.9755859375 336
12266.7666015625 385
12282.3818359375 517
12294.1962890625 546
12297.546875 609
12297.798828125 614
12300.7490234375 683
12302.759765625 686
12302.9697265625 769
12327.1123046875 1097
12328.33203125 1221
12344.1005859375 1322
12350.0625 1359
12359.0888671875 1376
12376.1015625 1686
12384.5009765625 1854
12398.123046875 2513
12405.1259765625 2553
12433.681640625 2650
12434.0146484375 2672
12459.5 2911
12472.412109375 78
12473.8935546875 2713
12484.134765625 2800
12485.615234375 2651
12489.9560546875 2970
12508.55859375 1045
12512.01953125 1068
12514.201171875 2078
12518.798828125 884
12522.275390625 886
12527.4150390625 1028
12532.1015625 1845
12537.6025390625 1932
12544.986328125 2489
12560.2646484375 90
12569.62890625 153
12569.62890625 240
12569.7734375 256
12570.0234375 531
12581.3876953125 644
12584.0107421875 706
12586.287109375 775
12587.1875 1163
12636.6201171875 1483
12637.158203125 2114
12655.251953125 2379
12678.134765625 2424
12691.1953125 2433
12699.5732421875 2435
12702.3193359375 2442
12702.91796875 2683
12709.6865234375 2811
12719.412109375 2176
12723.9541015625 169
12725.5009765625 2207
12731.95703125 1020
12743.3671875 640
12762.212890625 59
12779.78125 177
12782.384765625 191
12784.150390625 575
12785.560546875 687
12785.71484375 934
12789.0 1119
12793.4560546875 1529
12806.79296875 1697
12812.0234375 1810
12822.8408203125 1831
12822.931640625 2354
12826.09375 2528
12826.30859375 2679
12828.4453125 2712
12831.16796875 2747
12831.3232421875 2809
12838.38671875 2821
12844.837890625 2842
12871.162109375 2860
12879.4306640625 2906
12880.134765625 2994
12886.8427734375 186
12893.7626953125 223
12900.1484375 1594
12931.2861328125 410
12931.826171875 631
12939.6171875 132
12945.7109375 2576
12964.33984375 1282
12966.8955078125 488
13000.59375 869
13001.3779296875 2059
13001.8564453125 787
13014.9111328125 904
13017.8740234375 137
13034.169921875 275
13048.4462890625 328
13060.4990234375 333
13086.904296875 392
13091.986328125 407
13092.390625 489
13095.60546875 680
13105.69140625 1022
13108.509765625 1290
13108.828125 1358
13123.744140625 1607
13130.9580078125 1653
13185.3115234375 2024
13190.2919921875 2184
13193.4853515625 2221
13197.751953125 2394
13198.9228515625 2427
13208.216796875 2517
13208.216796875 2655
13244.7216796875 2704
13252.7744140625 2900
13253.720703125 2946
13287.345703125 459
13290.193359375 1408
13292.2353515625 1339
13294.796875 22
13295.697265625 45
13296.3984375 300
13301.63671875 812
13303.7939453125 922
13304.552734375 947
13306.12109375 975
13308.001953125 1001
13321.724609375 1095
13348.693359375 1275
13372.240234375 1664
13391.0791015625 1708
13393.0966796875 1763
13393.3828125 1766
13407.171875 1889
13408.5537109375 2077
13441.552734375 2082
13447.63671875 2131
13452.078125 2315
13457.5 2317
13459.3203125 2409
13490.6806640625 2608
13504.93359375 2616
13510.4638671875 2649
13521.57421875 2819
13522.9443359375 2862
13530.125 1164
13533.7255859375 2213
13549.29296875 1050
13555.017578125 979
13555.126953125 1562
13574.19140625 1597
13577.94921875 2334
13580.306640625 587
13583.3935546875 630
13583.9052734375 777
13589.193359375 1012
13604.7744140625 1064
13606.0302734375 1082
13610.4990234375 1462
13620.623046875 1501
13621.9931640625 1654
13629.1015625 1800
13647.1875 2656
13669.8369140625 2884
13673.6767578125 1416
13683.953125 1575
13697.04296875 2889
13721.82421875 445
13722.0859375 30
13725.8603515625 2484
13729.798828125 38
13769.8544921875 40
13773.306640625 76
13779.5849609375 77
13788.283203125 108
13795.0498046875 164
13834.322265625 211
13840.876953125 225
13845.07421875 376
13855.462890625 437
13861.24609375 510
13867.984375 646
13897.0576171875 671
13907.8056640625 738
13916.2421875 770
13930.099609375 1434
13937.552734375 1610
13943.7578125 1662
13956.5 1709
13968.5224609375 1998
13969.7490234375 2166
13975.7314453125 2220
13981.015625 2238
13983.29296875 2255
13985.0927734375 2345
14015.1025390625 2510
14017.9462890625 2581
14018.125 2607
14019.51953125 2807
14026.955078125 1015
14046.6318359375 1984
14055.806640625 1258
14063.90234375 2555
14066.787109375 1147
14085.3720703125 865
14097.880859375 939
14100.3935546875 1497
14123.40625 2630
14134.6142578125 2752
14140.2998046875 457
14160.576171875 309
14163.1787109375 316
14175.3271484375 483
14176.1396484375 484
14190.318359375 633
14199.2802734375 1026
14215.4482421875 1036
14221.236328125 1176
14226.435546875 1423
14245.080078125 1485
14248.2822265625 1590
14271.6201171875 1702
14301.4189453125 1759
14307.630859375 1818
14318.791015625 1958
14333.044921875 1963
14336.158203125 1977
14354.986328125 2053
14358.0751953125 2056
14371.75390625 2125
14400.33984375 2304
14401.9609375 2356
14416.134765625 2477
14419.9013671875 2533
14430.298828125 2732
14440.650390625 2948
14464.8720703125 1601
14475.6484375 2256
14482.048828125 2104
14483.74609375 284
14520.0673828125 182
14523.6328125 916
14535.67578125 1667
14536.2021484375 1852
14540.1142578125 727
14555.669921875 2036
14559.0048828125 2772
14568.564453125 130
14570.0 219
14576.689453125 394
14597.8916015625 405
14598.5107421875 634
14602.9130859375 856
14605.9755859375 983
14611.861328125 1117
14616.48046875 1386
14618.47265625 1791
14623.3349609375 1991
14624.6494140625 2060
14628.171875 2215
14645.9140625 2314
14650.0322265625 2440
14661.603515625 2467
14677.34375 2618
14678.376953125 2648
14689.4912109375 2694
14690.197265625 1772
14754.6650390625 818
14799.025390625 2907
14802.953125 660
14805.2822265625 1168
14808.73046875 1145
14834.380859375 1476
14843.591796875 1618
14852.8017578125 655
14859.6015625 1592
14862.466796875 2120
14869.333984375 2557
14879.8017578125 112
14891.826171875 350
14917.908203125 356
14918.69921875 448
14920.1513671875 1500
14920.90234375 1526
14948.103515625 1587
14963.62109375 1881
14965.5048828125 1943
14987.3623046875 1962
14989.3359375 1995
14996.0576171875 2075
15002.9404296875 2118
15007.8603515625 2309
15024.9345703125 2418
15035.84765625 2516
15048.755859375 2588
15051.38671875 2605
15078.0810546875 2623
15079.525390625 2937
15093.94921875 1005
15094.7431640625 110
15097.1181640625 2360
15100.3642578125 121
15125.4453125 1046
15136.5048828125 298
15170.427734375 372
15189.5595703125 492
15194.560546875 752
15201.6826171875 838
15211.9716796875 903
15251.6640625 1034
15255.345703125 1128
15270.3203125 1187
15270.841796875 1437
15275.724609375 1488
15293.5107421875 1534
15310.1123046875 1657
15313.9541015625 1678
15333.38671875 1824
15346.49609375 1826
15365.8525390625 1941
15396.537109375 1997
15400.2734375 2318
15423.2783203125 2327
15428.45703125 2362
15429.0185546875 2404
15442.013671875 2453
15445.875 2458
15449.0576171875 2496
15454.72265625 2696
15476.892578125 2722
15477.3056640625 2796
15486.775390625 2584
15522.2041015625 2872
15535.966796875 2589
15539.25390625 2135
15571.580078125 1802
15574.7314453125 1853
15585.416015625 1892
15595.255859375 1580
15599.1220703125 25
15600.9794921875 72
15608.3798828125 343
15619.4599609375 710
15662.125 755
15674.109375 885
15686.8515625 1683
15694.6591796875 1776
15707.1435546875 1972
15722.3876953125 2047
15734.90625 2138
15741.462890625 2185
15769.609375 2344
15779.091796875 2545
15791.1767578125 2573
15792.4990234375 2855
15799.1328125 2159
15802.5517578125 1067
15812.228515625 371
15836.65625 243
15844.029296875 1301
15858.08984375 311
15862.5390625 426
15873.0224609375 648
15875.779296875 720
15875.7958984375 792
15880.9189453125 940
15881.4990234375 1006
15885.861328125 1032
15902.4013671875 1160
15950.931640625 1189
15951.060546875 2183
15971.7109375 2190
16010.1796875 2301
16023.9521484375 1459
16024.015625 1649
16030.4453125 353
16041.337890625 2706
16055.76171875 1511
16063.6484375 1778
16080.42578125 329
16098.537109375 731
16099.48046875 1400
16115.6162109375 2070
16146.412109375 1480
16149.267578125 1714
16161.3896484375 249
16161.439453125 94
16188.1875 2823
16190.5400390625 471
16244.056640625 473
16265.470703125 747
16283.7314453125 915
16293.6943359375 921
16312.822265625 993
16312.822265625 1072
16315.49609375 1415
16325.19921875 1541
16332.7265625 1746
16417.1953125 1949
16423.3203125 2079
16460.076171875 2219
16469.4375 2258
16479.740234375 2413
16490.234375 2628
16528.623046875 2828
16553.841796875 2903
16560.400390625 2996
16560.400390625 204
16578.818359375 1247
16586.443359375 1410
16604.21484375 1888
16604.310546875 1214
16608.880859375 1658
16608.908203125 2587
16618.66796875 380
16619.3828125 688
16637.99609375 1761
16657.6328125 66
16662.228515625 127
16666.71875 179
16667.935546875 855
16686.91796875 1198
16703.490234375 1250
16704.236328125 1507
16715.353515625 1558
16715.76953125 2007
16724.83203125 2092
16736.009765625 2231
16748.74609375 2384
16758.9609375 2457
16762.966796875 2544
16770.2109375 2717
16791.91015625 2774
16801.99609375 2794
16810.734375 2909
16823.8515625 972
16846.9375 1138
16862.734375 1442
16871.59375 1137
16885.005859375 102
16947.169921875 667
16952.931640625 1935
16954.728515625 2352
16973.630859375 2887
16985.33203125 427
16989.328125 1533
16999.654296875 170
17001.556640625 262
17004.12890625 306
17066.357421875 596
17068.814453125 805
17076.8515625 849
17103.0390625 850
17104.15234375 965
17112.185546875 976
17143.732421875 1058
17152.18359375 1403
17167.9296875 1645
17216.560546875 1999
17269.74609375 2292
17274.53515625 2392
17276.8671875 2403
17294.439453125 2497
17302.337890625 2524
17308.7578125 2601
17330.822265625 2652
17385.7265625 2657
17387.83984375 2761
17430.69140625 2839
17431.111328125 2939
17449.47265625 2984
17474.8203125 1027
17479.5546875 622
17482.583984375 417
17491.279296875 450
17550.490234375 690
17638.544921875 969
17702.27734375 982
17716.115234375 1040
17752.0078125 1078
17756.88671875 1083
17759.927734375 1382
17762.0390625 1391
17805.51953125 1486
17812.13671875 1503
17813.82421875 1547
17838.66796875 1561
17854.9765625 1965
17878.01171875 2026
17891.42578125 2066
17927.833984375 2182
17949.626953125 2245
17958.26171875 2460
17969.576171875 2466
17999.34375 2540
18011.458984375 2593
18079.966796875 2632
18107.439453125 2753
18116.75390625 2759
18165.16015625 2793
18173.9453125 2925
18186.90234375 2152
18198.166015625 762
18217.3046875 2757
18218.994140625 37
18237.326171875 1624
18281.962890625 1271
18306.19140625 2370
18307.828125 2895
18342.767578125 2411
18343.466796875 67
18368.208984375 150
18375.896484375 171
18412.669921875 195
18459.646484375 363
18501.623046875 522
18536.966796875 657
18581.640625 701
18618.431640625 760
18645.53125 811
18658.275390625 874
18663.962890625 875
18709.05859375 1002
18779.67578125 1007
18902.44921875 1023
18930.3046875 1356
18952.064453125 1378
18994.66796875 1489
19017.9609375 1629
19065.09375 2721
19069.65234375 2032
19107.478515625 2259
19141.1328125 771
19153.94140625 1543
19158.3125 2241
19181.337890625 1964
19181.494140625 1625
19229.4453125 2693
19240.080078125 222
19244.146484375 258
19256.05859375 281
19342.6953125 506
19362.70703125 582
19493.732421875 724
19521.052734375 879
19530.48828125 1003
19796.1328125 1171
19803.8671875 1182
19830.974609375 1588
19860.216796875 1685
19867.03125 1758
20018.82421875 2300
20025.619140625 2310
20057.54296875 2705
20113.595703125 2845
20138.763671875 2916
20139.744140625 1811
20152.56640625 2701
20164.369140625 421
20183.041015625 1440
20206.080078125 2337
20225.44140625 2531
20240.142578125 18
20243.103515625 29
20272.546875 31
20294.19921875 104
20299.4609375 274
20494.28125 321
20545.2578125 370
20666.341796875 375
20684.765625 562
20753.6796875 914
20753.9453125 944
20839.78515625 1672
20926.3359375 1684
20938.740234375 1825
20993.115234375 1846
21047.20703125 1960
21086.8046875 1976
21147.09375 2006
21242.380859375 2319
21321.4140625 2405
21357.341796875 2550
21437.09375 2606
21502.921875 2768
21628.62109375 1081
21773.9921875 1780
21977.640625 16
22015.564453125 28
22069.771484375 125
22111.302734375 212
22132.541015625 265
22205.095703125 295
22321.482421875 360
22378.951171875 364
22552.23828125 937
22845.908203125 1077
22858.392578125 1101
22978.9296875 1241
23038.8515625 1243
23197.931640625 1307
23425.390625 1343
23795.326171875 1404
23997.509765625 1418
24049.546875 1585
24163.60546875 1719
24493.083984375 1822
24751.7578125 2009
24772.744140625 2164
25908.06640625 2214
26096.666015625 2250
26365.9609375 2263
26368.83203125 2342
26754.15625 2359
28867.37109375 2547
