1674.666748046875 1811
1948.58447265625 2701
1992.845458984375 421
2041.36474609375 1440
2053.4384765625 2337
2134.687255859375 2531
2137.904052734375 18
2259.983154296875 29
2268.632568359375 31
2328.103515625 104
2337.758544921875 274
2549.53076171875 321
2739.080078125 370
2769.12255859375 375
2819.331298828125 562
2879.581787109375 914
2996.108154296875 944
3006.05615234375 1672
3035.4619140625 1684
3052.927734375 1825
3215.11572265625 1846
3413.27880859375 1960
3427.895263671875 1976
3428.242431640625 2006
3637.30517578125 2319
3671.869873046875 2405
3707.5498046875 2550
3723.11328125 2606
3726.244384765625 2768
3797.67431640625 1446
3821.834716796875 87
4030.87255859375 251
4103.517578125 527
4147.0263671875 529
4207.19580078125 625
4285.02734375 641
4306.3310546875 693
4340.62744140625 873
4386.03857421875 881
4444.87890625 928
4580.1416015625 1133
4638.1650390625 1283
4668.5361328125 1318
4752.32763671875 1346
4806.0380859375 1417
4830.09326171875 1720
4846.6875 1987
4983.99365234375 2226
5071.748046875 2296
5096.33837890625 2515
5260.6650390625 2572
5271.0224609375 2669
5292.333984375 2728
5304.49267578125 2734
5344.033203125 2746
5379.80029296875 2852
5393.0693359375 2866
5483.39111328125 2915
5617.81201171875 2949
5741.638671875 377
5811.525390625 2281
5887.08935546875 160
5890.57666015625 1
6005.8046875 425
6064.3251953125 446
6122.939453125 800
6188.75 918
6248.68359375 953
6289.7294921875 985
6355.02392578125 986
6422.32763671875 1008
6580.4580078125 1043
6585.5478515625 1270
6600.54296875 1317
6605.1455078125 1435
6633.6044921875 1548
6681.923828125 1606
6768.2080078125 1661
6814.6611328125 1712
6901.7060546875 2010
6904.0634765625 2088
6955.556640625 2365
6987.8037109375 2410
7051.7587890625 2414
7064.31298828125 2482
7064.66357421875 2560
7079.935546875 2781
7111.50634765625 2820
7118.548828125 997
7125.3115234375 1781
7313.33154296875 81
7339.556640625 229
7396.935546875 440
7477.65625 548
7498.1455078125 611
7536.54541015625 826
7540.623046875 834
7571.4140625 848
7584.4111328125 871
7623.61962890625 893
7625.61865234375 1231
7664.978515625 1256
7752.724609375 1315
7774.9248046875 1458
8011.18359375 1550
8027.52490234375 1671
8060.63427734375 1711
8101.26513671875 1815
8187.06982421875 1893
8247.8828125 2312
8253.3017578125 2324
8290.61328125 2385
8308.091796875 2447
8346.8359375 2562
8363.318359375 2610
8387.1787109375 2622
8434.193359375 2853
8447.638671875 2924
8551.8720703125 2927
8552.7138671875 2239
8691.75390625 1362
8743.04296875 1926
8793.2197265625 2997
8874.7529296875 254
8884.1953125 388
8922.658203125 465
9007.572265625 498
9026.640625 520
9090.966796875 962
9118.0185546875 981
9203.263671875 1156
9220.146484375 1652
9250.353515625 2205
9326.26171875 2339
9330.380859375 2417
9427.50390625 2494
9468.6083984375 2687
9476.1240234375 1122
9495.2978515625 1670
9526.5 264
9532.8876953125 2173
9540.244140625 1646
9550.896484375 2396
9645.7490234375 49
9665.326171875 189
9709.537109375 261
9713.513671875 263
9772.904296875 430
9801.4755859375 831
9807.1494140625 899
9917.9755859375 1123
10051.248046875 1169
10057.02734375 1350
10062.576171875 1405
10091.9052734375 1512
10132.748046875 1750
10145.46875 1769
10172.6708984375 1908
10196.19140625 1966
10266.93359375 1982
10309.0947265625 1993
10311.935546875 2094
10318.400390625 2126
10323.9599609375 2141
10325.36328125 2171
10370.15625 2174
10372.654296875 2177
10373.357421875 2237
10384.376953125 2367
10427.892578125 2536
10456.84765625 2542
10459.83203125 2582
10469.869140625 2675
10479.93359375 2703
10483.1845703125 1873
10491.173828125 2107
10540.2939453125 1281
10592.7841796875 455
10616.4921875 470
10626.5517578125 902
10649.5634765625 926
10667.30859375 967
10723.822265625 1104
10761.7421875 1225
10761.9189453125 1286
10781.900390625 1506
10794.158203125 1516
10860.8349609375 1599
10882.66796875 1779
10910.400390625 1848
10990.1171875 1867
11043.38671875 1883
11069.9951171875 2063
11081.0673828125 2210
11156.0380859375 2246
11161.1630859375 2285
11182.748046875 2361
11214.76953125 2686
11221.4189453125 2700
11225.599609375 88
11237.6474609375 586
11309.833984375 136
11339.04296875 1471
11346.3056640625 226
11356.62109375 296
11359.6806640625 1197
11365.1171875 1666
11391.259765625 2511
11403.1669921875 101
11405.9189453125 215
11435.68359375 549
11524.7998046875 550
11605.552734375 573
11605.89453125 1136
11606.541015625 1199
11626.09765625 1530
11631.0263671875 1581
11708.0791015625 1640
11714.5947265625 1688
11761.2607421875 1968
11777.8115234375 2526
11798.3623046875 2571
11803.720703125 2983
11810.390625 1787
11846.107421875 602
11851.1123046875 1146
11855.9599609375 253
11950.6826171875 342
11960.33203125 843
11965.142578125 1233
11996.728515625 1335
12030.7021484375 1394
12042.21875 1737
12046.603515625 1784
12101.634765625 1950
12114.087890625 2025
12118.369140625 2473
12158.544921875 2518
12183.369140625 999
12221.9306640625 1056
12248.7666015625 1900
12277.29296875 1304
12282.236328125 1326
12284.109375 2967
12313.7109375 1329
12340.0498046875 50
12341.998046875 318
12345.5302734375 389
12356.5 478
12363.353515625 491
12366.54296875 580
12387.47265625 599
12395.4375 890
12478.908203125 896
12490.6533203125 909
12492.3955078125 919
12507.8994140625 995
12519.27734375 1273
12627.7705078125 1342
12630.06640625 1430
12652.2548828125 1495
12659.783203125 1568
12712.603515625 1583
12737.6904296875 1764
12748.55078125 1774
12768.8701171875 2065
12777.123046875 2117
12797.001953125 2181
12840.9404296875 2268
12860.0712890625 2465
12868.60546875 2664
12871.341796875 2760
12874.0478515625 2764
12902.82421875 2938
12929.529296875 2943
12970.6650390625 1860
13009.6884765625 2880
13036.447265625 1333
13050.00390625 2631
13054.2021484375 146
13062.8037109375 1538
13133.181640625 21
13167.8359375 34
13167.939453125 200
13183.185546875 288
13211.083984375 336
13223.5693359375 385
13273.59375 517
13288.00390625 546
13298.541015625 609
13326.46484375 614
13344.173828125 683
13356.103515625 686
13414.3310546875 769
13429.0 1097
13433.5751953125 1221
13453.150390625 1322
13474.8564453125 1359
13487.4716796875 1376
13493.9375 1686
13520.8916015625 1854
13623.8896484375 2513
13626.4189453125 2553
13631.80859375 2650
13637.6005859375 2672
13639.498046875 2911
13642.8193359375 78
13686.095703125 2713
13716.572265625 2800
13722.0087890625 2651
13726.2373046875 2970
13819.455078125 1045
13868.3759765625 1068
13880.984375 2078
13895.947265625 884
13899.4091796875 886
13948.705078125 1028
13954.3447265625 1845
13955.853515625 1932
13965.064453125 2489
14002.7734375 90
14004.994140625 153
14013.6376953125 240
14045.28125 256
14046.7734375 531
14065.2529296875 644
14066.142578125 706
14070.91796875 775
14084.7333984375 1163
14097.2861328125 1483
14105.48828125 2114
14197.435546875 2379
14232.5703125 2424
14251.6416015625 2433
14260.052734375 2435
14280.921875 2442
14291.0380859375 2683
14303.9521484375 2811
14336.90234375 2176
14349.716796875 169
14355.416015625 2207
14388.3505859375 1144
14395.0908203125 2180
14411.365234375 73
14472.744140625 663
14486.21875 677
14493.7607421875 756
14498.6865234375 925
14500.2470703125 927
14506.947265625 946
14554.8330078125 996
14629.734375 1141
14635.9921875 1202
14635.9921875 1251
14658.5283203125 1457
14658.9453125 1502
14675.0078125 1591
14703.7392578125 1733
14715.296875 1735
14720.4990234375 1919
14757.205078125 1933
14766.947265625 1955
14774.431640625 2002
14776.26171875 2335
14786.4873046875 2341
14799.134765625 2565
14802.4423828125 2695
14815.1630859375 2763
14823.9580078125 2840
14850.1474609375 2422
14857.11328125 1020
14857.4658203125 640
14879.673828125 59
14893.3076171875 177
14896.158203125 191
14932.03515625 575
14943.587890625 687
14979.65234375 934
14997.072265625 1119
15012.2255859375 1529
15023.5771484375 1697
15032.677734375 1810
15156.9765625 1831
15157.869140625 2354
15179.6123046875 2528
15221.6259765625 2679
15225.984375 2712
15228.26953125 2747
15233.5478515625 2809
15234.24609375 2821
15234.322265625 2842
15237.1494140625 2860
15237.1494140625 2906
15245.388671875 2994
15250.39453125 186
15265.796875 223
15271.33984375 1594
15344.9423828125 410
15357.9404296875 631
15361.275390625 132
15370.3349609375 2576
15378.9072265625 1282
15384.986328125 488
15436.2802734375 869
15438.5126953125 2059
15440.3388671875 787
15440.625 904
15451.697265625 137
15460.6083984375 275
15467.3232421875 328
15490.703125 333
15514.697265625 392
15520.0078125 407
15528.8271484375 489
15568.36328125 680
15605.041015625 1022
15605.787109375 1290
15616.16796875 1358
15641.8369140625 1607
15673.1875 1653
15676.8193359375 2024
15686.9091796875 2184
15689.203125 2221
15710.6376953125 2394
15721.318359375 2427
15725.50390625 2517
15742.453125 2655
15827.140625 2704
15833.01953125 2900
15849.734375 2946
15864.4482421875 459
15893.7529296875 1408
15910.3642578125 1339
15911.6787109375 22
15919.623046875 45
15926.875 300
15927.556640625 812
15928.96875 922
15929.75390625 947
15933.2607421875 975
15940.259765625 1001
15945.7763671875 1095
15971.35546875 1275
16016.32421875 1664
16043.796875 1708
16045.2373046875 1763
16068.67578125 1766
16071.666015625 1889
16089.4873046875 2077
16101.447265625 2082
16110.5546875 2131
16131.6318359375 2315
16167.197265625 2317
16178.8642578125 2409
16195.830078125 2608
16226.4560546875 2616
16231.703125 2649
16237.1259765625 2819
16243.7099609375 2862
16245.666015625 1164
16263.130859375 2213
16263.54296875 1050
16290.802734375 979
16307.4248046875 1562
16307.669921875 1597
16308.4658203125 2334
16373.921875 587
16386.75 630
16409.1171875 777
16410.947265625 1012
16410.9765625 1064
16420.115234375 1082
16423.41796875 1462
16427.80078125 1501
16431.255859375 1654
16433.9609375 1800
16442.732421875 2656
16484.26171875 2884
16536.55859375 1416
16547.12109375 1575
16573.392578125 2889
16579.40625 445
16579.427734375 30
16645.595703125 2484
16660.6171875 38
16678.705078125 40
16683.294921875 76
16689.9296875 77
16692.22265625 108
16693.095703125 164
16739.400390625 211
16743.880859375 225
16749.939453125 376
16773.4140625 437
16807.09375 510
16810.31640625 646
16831.400390625 671
16846.91796875 738
16854.109375 770
16907.1484375 1434
16930.2890625 1610
16944.32421875 1662
16960.375 1709
16966.669921875 1998
17039.845703125 2166
17042.638671875 2220
17047.109375 2238
17055.162109375 2255
17106.09765625 2345
17126.73046875 2510
17173.43359375 2581
17176.0078125 2607
17176.29296875 2807
17177.693359375 1015
17189.650390625 1984
17202.9453125 1258
17203.890625 2555
17209.93359375 1147
17222.74609375 865
17227.02734375 939
17227.91796875 1497
17266.904296875 2630
17278.76953125 2752
17335.67578125 457
17353.8359375 309
17379.794921875 316
17385.734375 483
17452.08984375 484
17490.34375 633
17493.91796875 1026
17503.861328125 1036
17556.458984375 1176
17596.82421875 1423
17616.779296875 1485
17683.318359375 1590
17693.72265625 1702
17702.59765625 1759
17706.94140625 1818
17720.587890625 1958
17728.716796875 1963
17853.96875 1977
17868.3125 2053
17899.9296875 2056
17962.5078125 2125
17978.07421875 2304
17984.79296875 2356
18009.26953125 2477
18012.736328125 2533
18030.060546875 2732
18034.078125 2948
18035.203125 1601
18045.376953125 2256
18065.228515625 2104
18082.103515625 284
18107.953125 182
18108.2890625 916
18118.1328125 1667
18123.154296875 1852
18149.9296875 727
18167.748046875 2036
18185.62890625 2772
18194.294921875 130
18228.7734375 219
18340.33984375 394
18391.41015625 405
18398.39453125 634
18400.76171875 856
18406.986328125 983
18427.822265625 1117
18429.904296875 1386
18430.533203125 1791
18433.845703125 1991
18446.880859375 2060
18446.880859375 2215
18456.8984375 2314
18468.18359375 2440
18488.697265625 2467
18490.78515625 2618
18501.91015625 2648
18504.0 2694
18520.1953125 1772
18554.130859375 818
18554.990234375 2907
18566.466796875 660
18586.138671875 1168
18587.666015625 1145
18619.3515625 1476
18638.376953125 1618
18643.244140625 655
18646.974609375 1592
18690.421875 2120
18690.421875 2557
18706.65234375 112
18730.95703125 350
18731.5859375 356
18732.31640625 448
18745.197265625 1500
18764.283203125 1526
18788.029296875 1587
18795.080078125 1881
18799.447265625 1943
18831.40625 1962
18848.412109375 1995
18862.533203125 2075
18883.728515625 2118
18889.791015625 2309
18899.232421875 2418
18901.421875 2516
18917.927734375 2588
18945.9453125 2605
18967.78125 2623
18971.7578125 2937
18975.798828125 1005
19007.97265625 110
19029.64453125 2360
19068.087890625 121
19071.9609375 1046
19078.353515625 298
19109.513671875 372
19118.0078125 492
19126.400390625 752
19143.244140625 838
19153.7109375 903
19220.91015625 1034
19227.755859375 1128
19248.5078125 1187
19285.388671875 1437
19296.91796875 1488
19296.93359375 1534
19297.328125 1657
19297.986328125 1678
19298.251953125 1824
19310.642578125 1826
19325.169921875 1941
19334.451171875 1997
19338.421875 2318
19355.20703125 2327
19357.515625 2362
19364.34375 2404
19424.89453125 2453
19431.2265625 2458
19432.35546875 2496
19448.6640625 2696
19474.296875 2722
19537.48046875 2796
19549.05078125 2584
19550.41796875 2872
19579.66796875 2589
19618.619140625 2135
19679.96484375 1802
19705.69921875 1853
19709.884765625 1892
19779.51171875 1580
19783.740234375 25
19816.80859375 72
19816.962890625 343
19829.94140625 710
19843.984375 755
19882.744140625 885
19884.75390625 1683
19920.615234375 1776
19952.84375 1972
19981.87890625 2047
20026.27734375 2138
20035.986328125 2185
20039.55859375 2344
20046.9140625 2545
20055.0078125 2573
20060.08984375 2855
20061.37109375 2159
20096.271484375 1067
20134.689453125 371
20169.71875 243
20188.65625 1301
20196.69140625 311
20200.75 426
20201.005859375 648
20217.0390625 720
20237.5625 792
20245.212890625 940
20259.431640625 1006
20266.2890625 1032
20268.521484375 1160
20268.646484375 1189
20319.796875 2183
20320.33203125 2190
20322.51953125 2301
20362.208984375 1459
20363.48046875 1649
20382.876953125 353
20439.33984375 2706
20441.384765625 1511
20445.654296875 1778
20454.470703125 329
20467.638671875 731
20474.609375 1400
20528.310546875 2070
20534.7734375 1480
20549.51171875 1714
20568.873046875 249
20585.75390625 94
20623.642578125 2823
20628.9921875 471
20634.712890625 473
20634.767578125 747
20637.029296875 915
20638.05859375 921
20661.890625 993
20694.333984375 1072
20782.39453125 1415
20785.484375 1541
20791.083984375 1746
20840.875 1949
20889.0078125 2079
20914.453125 2219
20919.904296875 2258
20959.42578125 2413
21005.083984375 2628
21012.5546875 2828
21028.255859375 2903
21055.087890625 2996
21063.513671875 204
21107.29296875 1247
21110.73046875 1410
21130.0234375 1888
21165.302734375 1214
21177.30078125 1658
21178.283203125 2587
21198.056640625 380
21212.779296875 688
21232.55078125 1761
21237.06640625 66
21263.931640625 127
21273.125 179
21437.2109375 855
21451.958984375 1198
21519.830078125 1250
21524.6640625 1507
21592.296875 1558
21594.740234375 2007
21608.916015625 2092
21616.71484375 2231
21623.728515625 2384
21645.4375 2457
21700.328125 2544
21740.19921875 2717
21742.623046875 2774
21896.9296875 2794
21955.81640625 2909
21970.52734375 972
21984.88671875 1138
21987.751953125 1442
22044.96484375 1137
22065.13671875 102
22080.810546875 667
22107.12890625 1935
22175.7421875 2352
22242.51171875 2887
22310.66796875 427
22322.609375 1533
22357.1640625 170
22368.41796875 262
22415.169921875 306
22437.072265625 596
22480.673828125 805
22497.921875 849
22577.5 850
22590.046875 965
22616.626953125 976
22649.33203125 1058
22772.951171875 1403
22788.521484375 1645
22857.564453125 1999
22861.37109375 2292
22869.20703125 2392
22938.9921875 2403
22968.05859375 2497
22970.765625 2524
22970.8046875 2601
23002.005859375 2652
23050.18359375 2657
23123.1640625 2761
23135.462890625 2839
23160.404296875 2939
23206.388671875 2984
23210.720703125 1027
23219.484375 622
23276.96484375 417
23361.31640625 450
23443.5390625 690
23462.31640625 969
23499.11328125 982
23519.39453125 1040
23550.33203125 1078
23555.0703125 1083
23617.078125 1382
23664.384765625 1391
23718.427734375 1486
23729.8125 1503
23758.634765625 1547
23795.158203125 1561
23803.498046875 1965
23851.4453125 2026
23960.55859375 2066
24026.203125 2182
24041.1640625 2245
24108.556640625 2460
24120.859375 2466
24120.859375 2540
24232.005859375 2593
24272.921875 2632
24321.689453125 2753
24420.154296875 2759
24432.1796875 2793
24530.203125 2925
24677.416015625 2152
24699.07421875 762
24728.564453125 2757
24824.0625 37
24854.8046875 1624
24959.30078125 1271
24965.2578125 2370
25031.783203125 2895
25112.5546875 2411
25124.6875 67
25143.87109375 150
25242.37890625 171
25281.939453125 195
25330.529296875 363
25376.962890625 522
25409.265625 657
25438.345703125 701
25793.96484375 760
25895.01171875 811
25943.5390625 874
25979.326171875 875
26008.951171875 1002
26035.056640625 1007
26068.283203125 1023
26069.0390625 1356
26127.404296875 1378
26244.83203125 1489
26324.66796875 1629
26350.5234375 2721
26350.5234375 2032
26394.353515625 2259
26679.107421875 771
26800.533203125 1543
26901.7734375 2241
26940.0078125 1964
26943.841796875 1625
27076.798828125 2693
27139.830078125 222
27159.4921875 258
27368.822265625 281
27753.619140625 506
27768.791015625 582
28085.2109375 724
28109.6328125 879
28152.541015625 1003
28217.8046875 1171
28390.884765625 1182
28731.8671875 1588
28749.82421875 1685
28783.171875 1758
28898.205078125 2300
28908.185546875 2310
28954.8359375 2705
29037.49609375 2845
29112.359375 2916
29133.08984375 1081
29260.93359375 1780
29504.962890625 16
29869.05859375 28
29989.09765625 125
30021.888671875 212
30150.6015625 265
30259.931640625 295
30264.990234375 360
30813.599609375 364
30963.40234375 937
31083.021484375 1077
31352.126953125 1101
31382.5625 1241
31434.23828125 1243
31488.234375 1307
31557.140625 1343
31800.359375 1404
31901.642578125 1418
31975.052734375 1585
32086.583984375 1719
32255.625 1822
32463.193359375 2009
33583.46875 2164
33924.80859375 2214
34074.3203125 2250
34868.99609375 2263
34927.984375 2342
35456.23046875 2359
36803.51171875 2547
