2804.913330078125 2078
3099.871826171875 884
3371.654296875 886
3509.056640625 1028
3529.2099609375 1845
3540.871826171875 1932
3578.934326171875 2489
3609.124755859375 90
3613.993408203125 153
3645.782470703125 240
3665.775146484375 256
3677.16015625 531
3680.508056640625 644
3686.706787109375 706
3720.20654296875 775
3721.35009765625 1163
3852.830322265625 1483
3897.41943359375 2114
3960.25830078125 2379
3995.54345703125 2424
3996.433837890625 2433
4039.440185546875 2435
4171.2890625 2442
4192.93359375 2683
4234.71875 2811
4248.54833984375 2176
4314.8818359375 169
4340.84375 2207
4423.39306640625 1446
4427.9345703125 87
4513.015625 251
4613.69287109375 527
4655.34521484375 529
4683.35205078125 625
4720.9501953125 641
4834.94482421875 693
4835.4951171875 873
4837.79345703125 881
4862.2060546875 928
4945.353515625 1133
5085.14306640625 1283
5109.17626953125 1318
5141.6162109375 1346
5158.06689453125 1417
5230.05810546875 1720
5250.31005859375 1987
5251.791015625 2226
5327.025390625 2296
5344.16943359375 2515
5349.22216796875 2572
5427.28271484375 2669
5488.0498046875 2728
5501.736328125 2734
5516.05859375 2746
5599.24072265625 2852
5619.095703125 2866
5640.458984375 2915
5645.6748046875 2949
5667.857421875 377
5674.447265625 2281
5698.625 160
5770.90625 1
5808.00634765625 425
5812.06494140625 446
5819.6015625 800
5960.13720703125 918
6042.501953125 953
6054.8828125 985
6101.9560546875 986
6142.06884765625 1008
6168.61474609375 1043
6186.22900390625 1270
6203.5078125 1317
6257.828125 1435
6295.8662109375 1548
6331.931640625 1606
6361.45166015625 1661
6403.6015625 1712
6432.9677734375 2010
6511.1728515625 2088
6710.00048828125 2365
6746.025390625 2410
6746.576171875 2414
6746.89990234375 2482
6762.7802734375 2560
6862.01611328125 2781
6904.09716796875 2820
6932.458984375 997
6938.087890625 1781
6954.138671875 81
7082.11669921875 229
7188.63232421875 440
7193.97802734375 548
7214.1533203125 611
7241.46875 826
7258.8310546875 834
7309.28955078125 848
7320.9384765625 871
7363.24755859375 893
7380.1162109375 1231
7392.7275390625 1256
7443.908203125 1315
7475.9501953125 1458
7525.04931640625 1550
7527.02587890625 1671
7554.9326171875 1711
7694.52880859375 1815
7724.10107421875 1893
7735.41162109375 2312
7821.73193359375 2324
7836.4013671875 2385
7867.609375 2447
7867.609375 2562
7934.5673828125 2610
7976.70703125 2622
7990.5439453125 2853
8003.8037109375 2924
8051.62841796875 2927
8093.90185546875 2239
8096.10009765625 1362
8108.654296875 1926
8136.818359375 2997
8154.77294921875 254
8162.626953125 388
8188.6083984375 465
8217.62109375 498
8222.65625 520
8256.5126953125 962
8274.12109375 981
8324.40625 1156
8369.1982421875 1652
8388.1953125 2205
8449.5244140625 2339
8462.9130859375 2417
8472.9697265625 2494
8509.4169921875 2687
8543.7919921875 1122
8556.3447265625 1670
8578.0556640625 264
8578.86328125 2173
8578.86328125 1646
8583.9140625 2396
8602.517578125 49
8657.634765625 189
8713.076171875 261
8735.806640625 263
8738.3330078125 430
8772.2275390625 831
8784.6552734375 899
8797.8623046875 1123
8804.2255859375 1169
8815.8564453125 1350
8844.6806640625 1405
8902.0927734375 1512
8902.734375 1750
8974.8876953125 1769
8976.76953125 1908
8989.3193359375 1966
9015.484375 1982
9080.001953125 1993
9094.4619140625 2094
9109.111328125 2126
9109.64453125 2141
9118.5205078125 2171
9142.12890625 2174
9172.291015625 2177
9186.65625 2237
9265.748046875 2367
9270.4580078125 2536
9288.599609375 2542
9360.1591796875 2582
9365.8505859375 2675
9369.6220703125 2703
9391.34765625 1873
9396.99609375 2107
9427.4453125 1281
9463.3095703125 455
9469.25390625 470
9487.2333984375 902
9504.91015625 926
9551.70703125 967
9582.4111328125 1104
9597.7607421875 1225
9647.978515625 1286
9660.7578125 1506
9682.0673828125 1516
9697.19921875 1599
9705.49609375 1779
9715.0849609375 1848
9748.5478515625 1867
9753.29296875 1883
9764.7626953125 2063
9794.69921875 2210
9801.822265625 2246
9819.923828125 2285
9824.6376953125 2361
9866.072265625 2686
9896.7314453125 2700
9911.7578125 88
9935.3984375 586
9952.3642578125 136
9987.4306640625 1471
9988.48828125 226
10002.09375 296
10013.728515625 1197
10029.0556640625 1666
10038.2900390625 2511
10043.111328125 101
10043.626953125 215
10044.59375 549
10055.25390625 550
10069.412109375 573
10071.779296875 1136
10086.4052734375 1199
10106.7412109375 1530
10135.7109375 1581
10153.49609375 1640
10255.8642578125 1688
10321.6298828125 1968
10339.9013671875 2526
10350.015625 2571
10360.875 2983
10386.2314453125 1787
10396.625 602
10416.236328125 1146
10420.4638671875 253
10440.283203125 342
10462.3994140625 843
10464.28515625 1233
10474.1142578125 1335
10487.375 1394
10522.482421875 1737
10524.1328125 1784
10540.18359375 1950
10589.716796875 2025
10619.3291015625 2473
10641.8994140625 2518
10654.94921875 999
10658.3369140625 1056
10670.9140625 1900
10685.8232421875 1304
10702.154296875 1326
10729.0244140625 2967
10751.5341796875 1329
10774.0712890625 50
10819.890625 318
10847.3681640625 389
10855.1416015625 478
10873.00390625 491
10912.94921875 580
10914.916015625 599
10923.869140625 890
10934.255859375 896
10939.80078125 909
10957.3955078125 919
10964.904296875 995
10984.3486328125 1273
10997.44921875 1342
11013.1015625 1430
11014.8134765625 1495
11021.15625 1568
11023.228515625 1583
11053.185546875 1764
11062.40625 1774
11062.822265625 2065
11072.8701171875 2117
11086.044921875 2181
11096.2919921875 2268
11101.900390625 2465
11119.677734375 2664
11129.1015625 2760
11144.966796875 2764
11145.2626953125 2938
11177.13671875 2943
11200.783203125 1860
11218.37109375 2880
11221.158203125 1333
11226.470703125 2631
11231.3857421875 146
11235.4921875 1538
11235.4921875 21
11243.544921875 34
11245.1591796875 200
11271.5908203125 288
11272.71875 336
11285.7490234375 385
11293.03515625 517
11351.318359375 546
11370.1796875 609
11393.779296875 614
11395.6162109375 683
11398.0888671875 686
11402.693359375 769
11406.6279296875 1097
11419.6513671875 1221
11480.7568359375 1322
11481.1494140625 1359
11505.5537109375 1376
11523.009765625 1686
11524.990234375 1854
11532.4228515625 2513
11548.947265625 2553
11549.177734375 2650
11550.5869140625 2672
11552.224609375 2911
11552.515625 78
11560.193359375 2713
11596.072265625 2800
11612.2802734375 2651
11614.5537109375 2970
11621.099609375 1045
11640.0888671875 1068
11653.0205078125 1144
11666.0048828125 2180
11677.2470703125 73
11682.458984375 663
11689.1123046875 677
11696.669921875 756
11696.6884765625 925
11726.169921875 927
11734.416015625 946
11755.0546875 996
11756.2666015625 1141
11792.8115234375 1202
11821.9140625 1251
11828.1162109375 1457
11835.265625 1502
11846.7041015625 1591
11854.287109375 1733
11861.990234375 1735
11875.421875 1919
11876.986328125 1933
11879.5126953125 1955
11952.2783203125 2002
11957.4921875 2335
11960.4951171875 2341
11970.4150390625 2565
11990.052734375 2695
12023.5400390625 2763
12036.2529296875 2840
12058.7294921875 2422
12063.5126953125 1020
12078.509765625 640
12080.2998046875 59
12094.4501953125 177
12106.970703125 191
12109.255859375 575
12115.1552734375 687
12163.408203125 934
12166.19921875 1119
12195.310546875 1529
12205.994140625 1697
12210.7041015625 1810
12253.6015625 1831
12269.2587890625 2354
12272.17578125 2528
12276.2900390625 2679
12285.546875 2712
12290.3310546875 2747
12305.0703125 2809
12305.654296875 2821
12305.662109375 2842
12306.2763671875 2860
12363.8046875 2906
12365.61328125 2994
12377.837890625 186
12405.8037109375 223
12428.125 1594
12498.3095703125 410
12501.830078125 631
12511.30859375 132
12512.9609375 2576
12531.6767578125 1282
12546.0693359375 488
12548.359375 869
12551.056640625 2059
12552.7392578125 787
12566.080078125 904
12581.5244140625 137
12586.8525390625 275
12586.994140625 328
12593.9453125 333
12597.3134765625 392
12625.4501953125 407
12647.2197265625 489
12706.4248046875 680
12706.595703125 1022
12708.125 1290
12750.5224609375 1358
12756.2314453125 1607
12774.8544921875 1653
12815.2919921875 2024
12824.7216796875 2184
12829.5283203125 2221
12851.296875 2394
12874.5029296875 2427
12890.802734375 2517
12894.5087890625 2655
12895.296875 2704
12908.08203125 2900
12913.0166015625 2946
12922.1650390625 459
12924.703125 1408
12951.6982421875 1339
12953.7001953125 22
12997.28515625 45
12998.4609375 300
13026.5517578125 812
13032.0859375 922
13032.904296875 947
13034.1826171875 975
13043.205078125 1001
13044.775390625 1095
13053.55859375 1275
13058.8349609375 1664
13066.0478515625 1708
13082.7646484375 1763
13089.638671875 1766
13090.2578125 1889
13091.6630859375 2077
13093.7470703125 2082
13094.65234375 2131
13097.90234375 2315
13103.708984375 2317
13111.6455078125 2409
13123.595703125 2608
13155.3291015625 2616
13168.5732421875 2649
13193.23828125 2819
13201.9521484375 2862
13209.8232421875 1164
13234.5732421875 2213
13241.291015625 1050
13243.7177734375 979
13246.7431640625 1562
13267.5478515625 1597
13270.294921875 2334
13292.16015625 587
13308.8671875 630
13309.0625 777
13321.015625 1012
13328.33984375 1064
13329.6552734375 1082
13346.794921875 1462
13348.28125 1501
13348.419921875 1654
13352.8056640625 1800
13361.5263671875 2656
13363.4111328125 2884
13364.0390625 1416
13396.21484375 1575
13405.833984375 2889
13412.228515625 445
13412.615234375 30
13424.7021484375 2484
13474.3671875 38
13478.03125 40
13486.904296875 76
13490.9423828125 77
13509.662109375 108
13510.931640625 164
13510.9716796875 211
13513.431640625 225
13519.716796875 376
13526.6796875 437
13531.439453125 510
13558.9609375 646
13562.34375 671
13562.4853515625 738
13568.4375 770
13594.533203125 1434
13605.26953125 1610
13635.8701171875 1662
13636.6279296875 1709
13641.8935546875 1998
13673.68359375 2166
13675.681640625 2220
13678.318359375 2238
13686.3330078125 2255
13686.4130859375 2345
13761.2021484375 2510
13765.240234375 2581
13769.4140625 2607
13781.1318359375 2807
13812.388671875 1015
13818.0302734375 1984
13828.3349609375 1258
13843.626953125 2555
13844.927734375 1147
13848.517578125 865
13899.267578125 939
13901.134765625 1497
13933.0693359375 2630
13937.9013671875 2752
13960.8056640625 457
13971.9609375 309
13976.763671875 316
13985.8681640625 483
13988.6962890625 484
14029.2939453125 633
14063.4384765625 1026
14084.05859375 1036
14112.287109375 1176
14112.767578125 1423
14117.734375 1485
14126.40625 1590
14127.009765625 1702
14158.349609375 1759
14242.2470703125 1818
14247.609375 1958
14251.8359375 1963
14308.005859375 1977
14311.0400390625 2053
14340.447265625 2056
14356.587890625 2125
14382.107421875 2304
14389.5703125 2356
14393.763671875 2477
14394.4013671875 2533
14419.3447265625 2732
14424.626953125 2948
14427.5322265625 1601
14437.3564453125 2256
14437.7763671875 2104
14443.716796875 284
14455.9873046875 182
14461.8798828125 916
14492.5302734375 1667
14500.5537109375 1852
14527.21875 727
14561.62890625 2036
14571.8564453125 2772
14572.6630859375 130
14601.951171875 219
14611.201171875 394
14620.177734375 405
14659.4970703125 634
14667.2607421875 856
14696.541015625 983
14702.4189453125 1117
14726.673828125 1386
14776.6337890625 1791
14779.7880859375 1991
14788.02734375 2060
14789.603515625 2215
14835.28125 2314
14860.3291015625 2440
14881.2421875 2467
14884.7685546875 2618
14899.99609375 2648
14908.1103515625 2694
14910.2568359375 1772
14912.2265625 818
14919.0849609375 2907
14921.1240234375 660
14921.1533203125 1168
14925.26953125 1145
14931.421875 1476
14939.326171875 1618
14941.6845703125 655
14973.6533203125 1592
14978.5 2120
14987.091796875 2557
15018.8955078125 112
15019.224609375 350
15072.09375 356
15077.1181640625 448
15099.8173828125 1500
15102.884765625 1526
15117.9208984375 1587
15155.873046875 1881
15165.4921875 1943
15176.09765625 1962
15177.595703125 1995
15211.6474609375 2075
15225.9248046875 2118
15234.9140625 2309
15249.71484375 2418
15294.56640625 2516
15296.5986328125 2588
15303.9013671875 2605
15306.2607421875 2623
15308.380859375 2937
15308.380859375 1005
15314.9140625 110
15332.4541015625 2360
15350.3310546875 121
15375.4013671875 1046
15385.9599609375 298
15395.572265625 372
15400.216796875 492
15418.39453125 752
15423.087890625 838
15424.0625 903
15432.2392578125 1034
15435.185546875 1128
15436.134765625 1187
15484.8486328125 1437
15484.8486328125 1488
15507.91015625 1534
15515.5439453125 1657
15554.369140625 1678
15590.9677734375 1824
15607.74609375 1826
15618.3271484375 1941
15623.142578125 1997
15662.962890625 2318
15686.771484375 2327
15693.5615234375 2362
15694.625 2404
15704.6337890625 2453
15778.7294921875 2458
15778.7294921875 2496
15784.19140625 2696
15785.1796875 2722
15794.40234375 2796
15799.8359375 2584
15811.076171875 2872
15822.0361328125 2589
15825.3681640625 2135
15841.6171875 1802
15848.849609375 1853
15867.2529296875 1892
15872.5615234375 1580
15873.8837890625 25
15909.1982421875 72
15923.0595703125 343
15941.8681640625 710
15947.3818359375 755
15996.7939453125 885
16010.287109375 1683
16013.041015625 1776
16130.015625 1972
16136.1513671875 2047
16148.7119140625 2138
16170.5673828125 2185
16246.69921875 2344
16256.9658203125 2545
16259.3740234375 2573
16271.7421875 2855
16271.9228515625 2159
16272.7890625 1067
16335.130859375 371
16367.8037109375 243
16369.4775390625 1301
16398.03125 311
16399.58203125 426
16405.455078125 648
16413.310546875 720
16415.3984375 792
16440.609375 940
16450.140625 1006
16456.01171875 1032
16472.43359375 1160
16498.1796875 1189
16507.5703125 2183
16517.916015625 2190
16536.3515625 2301
16565.76171875 1459
16580.064453125 1649
16606.90234375 353
16638.859375 2706
16657.154296875 1511
16666.7421875 1778
16701.943359375 329
16712.94921875 731
16736.724609375 1400
16742.29296875 2070
16742.908203125 1480
16797.169921875 1714
16800.615234375 249
16816.75390625 94
16823.470703125 2823
16824.03125 471
16886.185546875 473
16902.7890625 747
16983.59375 915
16989.900390625 921
17012.546875 993
17039.998046875 1072
17074.447265625 1415
17097.462890625 1541
17107.19921875 1746
17128.501953125 1949
17212.875 2079
17214.923828125 2219
17216.16015625 2258
17217.0625 2413
17257.201171875 2628
17265.841796875 2828
17274.623046875 2903
17316.69140625 2996
17337.03515625 204
17348.115234375 1247
17373.3828125 1410
17404.71875 1888
17412.62890625 1214
17428.68359375 1658
17454.744140625 2587
17512.208984375 380
17563.306640625 688
17568.4921875 1761
17573.166015625 66
17595.140625 127
17621.69140625 179
17625.0859375 855
17634.26953125 1198
17673.529296875 1250
17687.7734375 1507
17706.697265625 1558
17716.525390625 2007
17757.26171875 2092
17789.6484375 2231
17807.693359375 2384
17814.560546875 2457
17832.44140625 2544
17856.01953125 2717
17875.345703125 2774
17886.994140625 2794
17926.8671875 2909
17964.578125 972
17993.544921875 1138
17995.146484375 1442
18062.87890625 1137
18078.951171875 102
18092.47265625 667
18242.568359375 1935
18333.51171875 2352
18341.84765625 2887
18385.755859375 427
18394.203125 1533
18412.01171875 170
18457.46484375 262
18475.857421875 306
18497.220703125 596
18512.341796875 805
18562.1953125 849
18580.587890625 850
18587.50390625 965
18587.5546875 976
18630.408203125 1058
18645.099609375 1403
18671.67578125 1645
18705.9375 1999
18707.0234375 2292
18722.7890625 2392
18763.5 2403
18838.150390625 2497
18839.3515625 2524
18888.5078125 2601
18945.208984375 2652
18995.759765625 2657
19097.5546875 2761
19101.28125 2839
19104.3203125 2939
19106.01171875 2984
19120.236328125 1027
19143.603515625 622
19234.111328125 417
19236.6015625 450
19270.951171875 690
19277.3203125 969
19312.90234375 982
19335.0546875 1040
19424.333984375 1078
19435.232421875 1083
19447.392578125 1382
19509.779296875 1391
19510.267578125 1486
19528.32421875 1503
19536.017578125 1547
19573.74609375 1561
19574.685546875 1965
19593.994140625 2026
19628.982421875 2066
19666.9609375 2182
19694.505859375 2245
19834.876953125 2460
19839.9296875 2466
19877.103515625 2540
19982.96484375 2593
19994.09765625 2632
20066.76171875 2753
20087.1640625 2759
20125.33203125 2793
20132.44921875 2925
20136.951171875 2152
20244.8046875 762
20252.322265625 2757
20319.916015625 37
20326.611328125 1624
20336.3671875 1271
20344.37890625 2370
20348.896484375 2895
20374.33203125 2411
20390.361328125 67
20407.50390625 150
20429.162109375 171
20536.578125 195
20545.8671875 363
20585.4765625 522
20603.4921875 657
20676.37890625 701
20705.087890625 760
20709.607421875 811
20759.75390625 874
20789.43359375 875
20799.423828125 1002
20997.0625 1007
21097.38671875 1023
21097.94140625 1356
21294.533203125 1378
21345.349609375 1489
21354.6796875 1629
21562.9921875 2721
21613.46875 2032
21982.5 2259
21988.35546875 771
22081.859375 1543
22102.177734375 2241
22128.451171875 1964
22160.134765625 1625
22187.1171875 2693
22241.3828125 222
22260.033203125 258
22317.4609375 281
22347.494140625 506
22351.048828125 582
22391.548828125 724
22504.80859375 879
22548.4921875 1003
22571.818359375 1171
22629.60546875 1182
22768.275390625 1588
22787.5390625 1685
22871.412109375 1758
22877.4921875 2300
22984.97265625 2310
23012.16015625 2705
23025.208984375 2845
23084.578125 2916
23103.77734375 1811
23190.509765625 2701
23191.626953125 421
23208.95703125 1440
23223.474609375 2337
23239.357421875 2531
23251.220703125 18
23447.966796875 29
23479.0546875 31
23510.0 104
23558.857421875 274
23639.56640625 321
23640.1796875 370
23816.451171875 375
23948.5546875 562
24034.408203125 914
24184.548828125 944
24198.587890625 1672
24214.177734375 1684
24576.296875 1825
24633.435546875 1846
24694.7734375 1960
24707.978515625 1976
24785.0546875 2006
24795.978515625 2319
24849.220703125 2405
25068.759765625 2550
25100.740234375 2606
25169.04296875 2768
25372.587890625 1081
25392.732421875 1780
25570.21875 16
25576.078125 28
25628.912109375 125
25835.146484375 212
25879.990234375 265
25950.3515625 295
26149.828125 360
26309.298828125 364
26309.298828125 937
26691.5859375 1077
27554.78125 1101
27595.666015625 1241
27615.53125 1243
27700.91015625 1307
27932.53125 1343
28073.33203125 1404
28282.6953125 1418
28464.916015625 1585
28503.587890625 1719
28668.990234375 1822
29149.564453125 2009
29305.013671875 2164
29933.72265625 2214
30261.2109375 2250
31394.822265625 2263
32475.0625 2342
33238.703125 2359
37917.71875 2547
