3808.5615234375 1408
4346.44580078125 1339
4368.8466796875 22
4769.2607421875 45
4894.5537109375 300
4973.62939453125 812
5218.23583984375 922
5295.822265625 947
5454.00732421875 975
5563.9609375 1001
5760.73291015625 1095
5846.9755859375 1275
5849.5361328125 1664
5987.6279296875 1708
6085.892578125 1763
6460.49462890625 1766
6735.7333984375 1889
6987.154296875 2077
7160.13037109375 2082
7170.44140625 2131
7688.99267578125 2315
7816.0185546875 2317
7826.4912109375 2409
8019.31640625 2608
8067.5888671875 2616
8071.5009765625 2649
8107.84375 2819
8254.48828125 2862
8342.23828125 1164
8447.07421875 2213
8489.033203125 1446
8508.8974609375 87
8511.9853515625 251
8556.2421875 527
8572.970703125 529
8621.603515625 625
8625.009765625 641
8664.201171875 693
8724.3642578125 873
8731.76953125 881
8872.6318359375 928
8922.5302734375 1133
8982.1396484375 1283
9027.955078125 1318
9028.9365234375 1346
9094.939453125 1417
9107.294921875 1720
9141.177734375 1987
9224.9091796875 2226
9233.7998046875 2296
9233.7998046875 2515
9253.888671875 2572
9370.833984375 2669
9393.1669921875 2728
9425.07421875 2734
9554.458984375 2746
9724.70703125 2852
9800.8876953125 2866
9944.28515625 2915
10075.4482421875 2949
10233.1591796875 377
10298.3330078125 2281
10436.1806640625 160
10458.5234375 1
10463.5888671875 425
10707.478515625 446
10834.03515625 800
10863.51171875 918
10892.2314453125 953
10926.556640625 985
10987.923828125 986
11021.21484375 1008
11061.509765625 1043
11127.6455078125 1270
11166.521484375 1317
11184.23828125 1435
11246.82421875 1548
11300.70703125 1606
11358.931640625 1661
11364.326171875 1712
11408.330078125 2010
11441.0380859375 2088
11442.71875 2365
11521.8857421875 2410
11552.01171875 2414
11563.2783203125 2482
11581.150390625 2560
11603.736328125 2781
11613.8583984375 2820
11716.9052734375 997
11799.7890625 1781
11839.6796875 81
11851.2333984375 229
11900.078125 440
11930.7470703125 548
12053.169921875 611
12157.66796875 826
12188.2060546875 834
12191.947265625 848
12208.08203125 871
12224.4814453125 893
12227.6376953125 1231
12261.2041015625 1256
12342.6845703125 1315
12390.822265625 1458
12399.396484375 1550
12426.111328125 1671
12432.21875 1711
12550.8779296875 1815
12551.0859375 1893
12600.6484375 2312
12605.087890625 2324
12688.236328125 2385
12755.0009765625 2447
12797.228515625 2562
12822.6474609375 2610
12897.21484375 2622
12910.1201171875 2853
12926.2685546875 2924
12935.9599609375 2927
12944.6513671875 2239
12963.3681640625 1362
12998.4052734375 1926
13096.638671875 2997
13191.7314453125 254
13228.3994140625 388
13239.51171875 465
13299.8408203125 498
13335.1591796875 520
13373.455078125 962
13394.251953125 981
13400.66796875 1156
13479.2548828125 1652
13532.330078125 2205
13591.734375 2339
13634.4375 2417
13643.4375 2494
13660.205078125 2687
13726.9736328125 1122
13823.375 1670
13873.626953125 264
13874.869140625 2173
13880.5029296875 1646
13937.490234375 2396
14075.9287109375 49
14104.7158203125 189
14150.9775390625 261
14179.52734375 263
14185.88671875 430
14194.39453125 831
14226.0673828125 899
14261.6513671875 1123
14277.3310546875 1169
14289.6123046875 1350
14303.8837890625 1405
14353.833984375 1512
14391.021484375 1750
14394.9619140625 1769
14436.2568359375 1908
14443.158203125 1966
14467.3115234375 1982
14473.966796875 1993
14568.296875 2094
14587.541015625 2126
14589.60546875 2141
14644.798828125 2171
14645.0498046875 2174
14645.8369140625 2177
14662.0849609375 2237
14663.71875 2367
14699.73046875 2536
14700.017578125 2542
14701.07421875 2582
14750.15625 2675
14759.5634765625 2703
14785.4921875 1873
14819.03125 2107
14838.80078125 1281
14883.515625 455
14919.98046875 470
14929.6328125 902
14953.234375 926
14959.0986328125 967
14963.400390625 1104
14969.4287109375 1225
14979.99609375 1286
14985.9853515625 1506
14992.2158203125 1516
15034.7822265625 1599
15060.0087890625 1779
15062.845703125 1848
15077.3388671875 1867
15077.4765625 1883
15129.1025390625 2063
15179.806640625 2210
15197.1796875 2246
15203.5966796875 2285
15205.96875 2361
15221.6845703125 2686
15233.4072265625 2700
15250.654296875 88
15253.6875 586
15256.5849609375 136
15272.2890625 1471
15306.375 226
15311.4892578125 296
15319.97265625 1197
15324.298828125 1666
15342.501953125 2511
15351.423828125 101
15374.8515625 215
15432.2021484375 549
15433.7529296875 550
15433.7529296875 573
15458.130859375 1136
15462.4326171875 1199
15466.380859375 1530
15477.759765625 1581
15484.578125 1640
15524.462890625 1688
15543.94140625 1968
15566.453125 2526
15603.26171875 2571
15616.8671875 2983
15705.0966796875 1787
15716.501953125 602
15744.4951171875 1146
15795.64453125 253
15803.701171875 342
15807.095703125 843
15807.2080078125 1233
15812.9970703125 1335
15814.2978515625 1394
15820.55859375 1737
15829.5517578125 1784
15844.130859375 1950
15853.427734375 2025
15867.88671875 2473
15883.0556640625 2518
15903.3095703125 999
15904.14453125 1056
15908.0048828125 1900
15913.1884765625 1304
15926.779296875 1326
15941.3154296875 2967
15948.6064453125 1329
15951.41796875 50
15987.580078125 318
16018.6064453125 389
16024.068359375 478
16032.75390625 491
16040.5927734375 580
16058.287109375 599
16089.83984375 890
16091.060546875 896
16093.94140625 909
16106.7939453125 919
16118.912109375 995
16156.0908203125 1273
16183.2998046875 1342
16187.296875 1430
16206.3095703125 1495
16209.5 1568
16213.19921875 1583
16220.998046875 1764
16228.2998046875 1774
16232.791015625 2065
16237.8623046875 2117
16241.5458984375 2181
16252.52734375 2268
16282.287109375 2465
16283.4619140625 2664
16293.541015625 2760
16298.5126953125 2764
16303.509765625 2938
16320.958984375 2943
16343.6162109375 1860
16371.876953125 2880
16406.49609375 1333
16416.771484375 2631
16419.8046875 146
16457.02734375 1538
16462.685546875 21
16470.9375 34
16489.185546875 200
16499.92578125 288
16523.12109375 336
16526.5625 385
16536.380859375 517
16560.32421875 546
16574.109375 609
16575.09765625 614
16600.396484375 683
16603.716796875 686
16675.0546875 769
16688.482421875 1097
16689.0859375 1221
16707.064453125 1322
16707.193359375 1359
16744.201171875 1376
16755.0625 1686
16797.068359375 1854
16800.34375 2513
16804.177734375 2553
16811.5 2650
16814.056640625 2672
16861.220703125 2911
16863.37890625 78
16868.544921875 2713
16873.81640625 2800
16874.45703125 2651
16893.5625 2970
16899.333984375 1045
16916.068359375 1068
16933.5625 2078
16942.30078125 884
16943.49609375 886
16947.7890625 1028
16964.55078125 1845
16979.158203125 1932
16979.59765625 2489
17066.5 90
17070.15234375 153
17084.576171875 240
17086.947265625 256
17121.0703125 531
17125.17578125 644
17128.39453125 706
17153.765625 775
17166.78515625 1163
17168.0390625 1483
17176.724609375 2114
17193.85546875 2379
17237.15625 2424
17238.16796875 2433
17249.6640625 2435
17256.44921875 2442
17257.841796875 2683
17259.7421875 2811
17275.919921875 2176
17288.908203125 169
17293.609375 2207
17305.3125 1144
17347.51953125 2180
17349.603515625 73
17354.77734375 663
17363.79296875 677
17386.4375 756
17386.4375 925
17402.83984375 927
17414.0390625 946
17447.744140625 996
17461.99609375 1141
17478.00390625 1202
17505.3125 1251
17517.052734375 1457
17535.578125 1502
17576.1640625 1591
17592.123046875 1733
17604.59375 1735
17662.4609375 1919
17696.236328125 1933
17700.462890625 1955
17715.212890625 2002
17746.5546875 2335
17749.44921875 2341
17770.9765625 2565
17776.072265625 2695
17784.2578125 2763
17805.720703125 2840
17806.275390625 2422
17846.142578125 1020
17848.51171875 640
17865.10546875 59
17874.830078125 177
17885.28125 191
17932.689453125 575
17940.94921875 687
17973.66015625 934
17979.943359375 1119
17984.021484375 1529
17994.619140625 1697
17999.80078125 1810
18012.794921875 1831
18026.158203125 2354
18041.615234375 2528
18053.365234375 2679
18082.861328125 2712
18093.12109375 2747
18106.25 2809
18140.248046875 2821
18146.265625 2842
18150.455078125 2860
18150.521484375 2906
18162.015625 2994
18171.564453125 186
18176.0546875 223
18216.1015625 1594
18217.279296875 410
18256.662109375 631
18260.26171875 132
18279.505859375 2576
18304.2265625 1282
18308.216796875 488
18311.017578125 869
18323.703125 2059
18329.93359375 787
18331.75390625 904
18333.078125 137
18335.546875 275
18376.798828125 328
18383.318359375 333
18393.693359375 392
18400.005859375 407
18423.8046875 489
18452.953125 680
18494.818359375 1022
18504.767578125 1290
18526.671875 1358
18535.1953125 1607
18542.28125 1653
18554.462890625 2024
18558.8359375 2184
18597.916015625 2221
18620.734375 2394
18649.4921875 2427
18660.845703125 2517
18673.423828125 2655
18677.294921875 2704
18712.25 2900
18766.80078125 2946
18806.9375 459
18815.0859375 1050
18827.1484375 979
18845.390625 1562
18854.423828125 1597
18855.029296875 2334
18861.88671875 587
18879.55078125 630
18881.078125 777
18902.3046875 1012
18907.11328125 1064
18909.2578125 1082
18917.45703125 1462
18927.171875 1501
18930.5390625 1654
18932.61328125 1800
18934.337890625 2656
18934.90625 2884
18935.857421875 1416
18942.05859375 1575
18974.8359375 2889
18977.546875 445
18978.4375 30
18986.732421875 2484
19023.19921875 38
19067.15625 40
19068.17578125 76
19071.962890625 77
19074.923828125 108
19082.513671875 164
19096.404296875 211
19119.224609375 225
19138.58984375 376
19145.671875 437
19154.328125 510
19231.76953125 646
19232.11328125 671
19243.98828125 738
19275.31640625 770
19277.7734375 1434
19283.26171875 1610
19296.1171875 1662
19321.03515625 1709
19345.125 1998
19354.623046875 2166
19365.009765625 2220
19366.78125 2238
19369.09765625 2255
19375.369140625 2345
19398.568359375 2510
19410.21875 2581
19414.58203125 2607
19452.25390625 2807
19460.28515625 1015
19501.5234375 1984
19509.17578125 1258
19528.880859375 2555
19531.318359375 1147
19543.509765625 865
19549.72265625 939
19561.90234375 1497
19574.48046875 2630
19579.841796875 2752
19581.208984375 457
19584.638671875 309
19628.94140625 316
19631.23828125 483
19648.8828125 484
19651.24609375 633
19654.388671875 1026
19654.478515625 1036
19655.9921875 1176
19694.375 1423
19707.314453125 1485
19719.27734375 1590
19720.078125 1702
19727.896484375 1759
19751.91015625 1818
19754.14453125 1958
19764.8203125 1963
19773.185546875 1977
19786.240234375 2053
19792.828125 2056
19795.0234375 2125
19809.30078125 2304
19850.13671875 2356
19853.25390625 2477
19859.533203125 2533
19865.583984375 2732
19877.955078125 2948
19883.35546875 1601
19899.640625 2256
19900.669921875 2104
19924.3984375 284
19964.3359375 182
19970.0625 916
19971.46484375 1667
19971.833984375 1852
19971.833984375 727
19974.6953125 2036
19978.755859375 2772
19989.546875 130
20002.23828125 219
20010.130859375 394
20010.130859375 405
20025.537109375 634
20027.59375 856
20042.314453125 983
20046.916015625 1117
20050.66015625 1386
20072.875 1791
20077.716796875 1991
20089.361328125 2060
20105.033203125 2215
20117.552734375 2314
20157.9609375 2440
20200.166015625 2467
20212.380859375 2618
20214.01171875 2648
20220.1796875 2694
20221.44140625 1772
20237.728515625 818
20266.6484375 2907
20272.98046875 660
20279.4765625 1168
20281.0625 1145
20305.8671875 1476
20319.267578125 1618
20352.173828125 655
20372.541015625 1592
20374.83984375 2120
20381.55859375 2557
20387.14453125 112
20391.2734375 350
20392.205078125 356
20400.3359375 448
20464.87890625 1500
20480.271484375 1526
20553.28125 1587
20587.607421875 1881
20588.939453125 1943
20639.595703125 1962
20654.072265625 1995
20658.693359375 2075
20663.91015625 2118
20677.8828125 2309
20699.56640625 2418
20703.25 2516
20708.7890625 2588
20714.3828125 2605
20715.318359375 2623
20719.337890625 2937
20724.373046875 1005
20728.689453125 110
20757.05859375 2360
20763.509765625 121
20763.71875 1046
20772.953125 298
20777.810546875 372
20804.3515625 492
20848.01171875 752
20867.3125 838
20882.517578125 903
20884.275390625 1034
20909.345703125 1128
20912.576171875 1187
20951.2109375 1437
20951.8828125 1488
20959.859375 1534
20969.626953125 1657
20990.662109375 1678
21009.10546875 1824
21011.029296875 1826
21013.662109375 1941
21021.18359375 1997
21035.544921875 2318
21051.486328125 2327
21051.5703125 2362
21074.115234375 2404
21075.03515625 2453
21085.001953125 2458
21104.16015625 2496
21137.056640625 2696
21142.1171875 2722
21175.87109375 2796
21183.3046875 2584
21187.4296875 2872
21210.3359375 2589
21230.396484375 2135
21230.416015625 1802
21244.62109375 1853
21245.4375 1892
21259.943359375 1580
21290.06640625 25
21292.62109375 72
21298.341796875 343
21320.048828125 710
21328.123046875 755
21336.302734375 885
21345.447265625 1683
21354.044921875 1776
21369.56640625 1972
21384.171875 2047
21397.361328125 2138
21406.44140625 2185
21419.353515625 2344
21435.84375 2545
21466.5 2573
21513.490234375 2855
21527.6640625 2159
21532.435546875 1067
21550.73046875 371
21555.236328125 243
21557.416015625 1301
21564.044921875 311
21572.61328125 426
21595.509765625 648
21596.81640625 720
21602.595703125 792
21631.12890625 940
21649.373046875 1006
21673.1640625 1032
21757.568359375 1160
21765.369140625 1189
21852.505859375 2183
21853.12109375 2190
21855.63671875 2301
21863.6484375 1459
21886.857421875 1649
21914.490234375 353
21915.83203125 2706
21925.923828125 1511
21943.623046875 1778
22019.99609375 329
22068.650390625 731
22099.833984375 1400
22113.740234375 2070
22156.5859375 1480
22160.9765625 1714
22167.552734375 249
22169.015625 94
22172.6015625 2823
22186.3984375 471
22193.375 473
22201.994140625 747
22214.66015625 915
22231.6171875 921
22286.228515625 993
22297.037109375 1072
22321.0078125 1415
22350.3125 1541
22354.431640625 1746
22376.572265625 1949
22401.529296875 2079
22410.34375 2219
22410.37109375 2258
22458.001953125 2413
22498.138671875 2628
22516.806640625 2828
22535.236328125 2903
22539.97265625 2996
22560.181640625 204
22562.990234375 1247
22613.556640625 1410
22616.134765625 1888
22632.74609375 1214
22730.302734375 1658
22745.208984375 2587
22746.8984375 380
22753.09765625 688
22760.68359375 1761
22760.68359375 66
22765.7890625 127
22775.125 179
22805.296875 855
22811.51953125 1198
22816.810546875 1250
22877.580078125 1507
22914.923828125 1558
22916.26171875 2007
22916.615234375 2092
22916.615234375 2231
22924.71875 2384
22934.208984375 2457
22959.0546875 2544
22975.900390625 2717
22985.890625 2774
23030.43359375 2794
23056.57421875 2909
23058.603515625 972
23135.720703125 1138
23159.357421875 1442
23171.9140625 1137
23200.673828125 102
23237.458984375 667
23261.552734375 1935
23264.859375 2352
23276.046875 2887
23279.490234375 427
23281.43359375 1533
23298.828125 170
23356.650390625 262
23357.076171875 306
23374.88671875 596
23396.556640625 805
23406.78515625 849
23408.3203125 850
23413.470703125 965
23424.3671875 976
23425.947265625 1058
23431.783203125 1403
23474.65625 1645
23521.35546875 1999
23550.75390625 2292
23634.443359375 2392
23640.60546875 2403
23641.947265625 2497
23644.27734375 2524
23661.0625 2601
23684.513671875 2652
23692.990234375 2657
23702.552734375 2761
23719.408203125 2839
23818.345703125 2939
23840.96484375 2984
23843.181640625 1027
23865.080078125 622
23908.828125 417
23909.35546875 450
23918.90234375 690
23975.97265625 969
23985.123046875 982
23992.708984375 1040
24037.642578125 1078
24103.662109375 1083
24109.0390625 1382
24135.220703125 1391
24144.908203125 1486
24225.4921875 1503
24231.060546875 1547
24234.0625 1561
24275.32421875 1965
24284.220703125 2026
24300.888671875 2066
24319.58984375 2182
24337.0078125 2245
24362.423828125 2460
24371.388671875 2466
24372.28125 2540
24391.21484375 2593
24550.458984375 2632
24661.84375 2753
24791.6171875 2759
24815.904296875 2793
24822.541015625 2925
24831.564453125 2152
24867.7890625 762
24876.341796875 2757
24886.63671875 37
24889.685546875 1624
24918.330078125 1271
24987.529296875 2370
25000.7109375 2895
25005.76171875 2411
25066.142578125 67
25091.08203125 150
25123.671875 171
25143.689453125 195
25156.27734375 363
25175.306640625 522
25187.029296875 657
25226.013671875 701
25227.65625 760
25264.37109375 811
25312.94140625 874
25319.05078125 875
25336.703125 1002
25383.7578125 1007
25425.30078125 1023
25425.380859375 1356
25507.56640625 1378
25514.6796875 1489
25523.58203125 1629
25546.119140625 2721
25558.3828125 2032
25648.080078125 2259
25679.685546875 771
25683.7265625 1543
25743.138671875 2241
25771.193359375 1964
25850.66796875 1625
25860.193359375 2693
25883.1484375 222
25909.560546875 258
25977.591796875 281
25986.36328125 506
26015.15625 582
26023.826171875 724
26135.333984375 879
26191.671875 1003
26195.96875 1171
26199.19140625 1182
26236.4453125 1588
26321.494140625 1685
26465.724609375 1758
26495.0625 2300
26505.8359375 2310
26525.091796875 2705
26584.96484375 2845
26813.421875 2916
26888.625 1811
26926.560546875 2701
27103.15234375 421
27140.181640625 1440
27241.80078125 2337
27356.505859375 2531
27421.916015625 18
27553.283203125 29
27555.044921875 31
27645.63671875 104
27749.115234375 274
27755.8203125 321
27780.970703125 370
27824.380859375 375
27834.541015625 562
27980.98828125 914
27988.958984375 944
28098.5625 1672
28118.55078125 1684
28119.150390625 1825
28253.375 1846
28255.7890625 1960
28313.220703125 1976
28325.08984375 2006
28393.318359375 2319
28443.345703125 2405
28460.181640625 2550
28496.751953125 2606
28717.40625 2768
28760.2421875 1081
28846.54296875 1780
28883.6875 16
28944.6875 28
28952.71875 125
28996.119140625 212
29017.03515625 265
29070.75390625 295
29283.904296875 360
29489.203125 364
29634.49609375 937
29661.525390625 1077
29795.916015625 1101
30124.212890625 1241
30416.29296875 1243
30482.220703125 1307
30551.234375 1343
30585.7421875 1404
31046.603515625 1418
31254.150390625 1585
31714.939453125 1719
32493.515625 1822
32964.5390625 2009
33108.21484375 2164
33762.76953125 2214
33807.44921875 2250
34666.671875 2263
37508.73828125 2342
40183.44140625 2359
41710.6640625 2547
