5359.20263671875 1362
5621.74462890625 1926
5781.79296875 2997
5831.236328125 254
6003.03515625 388
6229.1953125 465
6231.02392578125 498
6487.529296875 520
6729.93017578125 962
6754.0361328125 981
6861.90771484375 1156
6878.7626953125 1652
6879.9296875 2205
7359.244140625 2339
7396.93505859375 2417
7435.150390625 2494
7515.3271484375 2687
7533.607421875 1122
7533.607421875 1670
7547.6259765625 264
7649.0712890625 2173
7676.328125 1446
7733.19970703125 87
7745.64208984375 251
8010.5107421875 527
8019.71630859375 529
8122.388671875 625
8213.6201171875 641
8289.1123046875 693
8342.12890625 873
8365.3837890625 881
8374.1240234375 928
8442.3515625 1133
8447.0634765625 1283
8566.84375 1318
8619.12890625 1346
8635.3330078125 1417
8735.3935546875 1720
8742.96875 1987
8789.8291015625 2226
8793.984375 2296
8844.841796875 2515
8847.6123046875 2572
8893.216796875 2669
8916.005859375 2728
8952.53515625 2734
9016.2373046875 2746
9064.322265625 2852
9073.4345703125 2866
9076.7900390625 2915
9152.1474609375 2949
9156.0546875 377
9158.044921875 2281
9339.0107421875 160
9373.4482421875 1
9401.033203125 425
9428.1884765625 446
9441.9150390625 800
9479.6591796875 918
9502.06640625 953
9536.595703125 985
9559.7734375 986
9600.509765625 1008
9618.0927734375 1043
9710.7578125 1270
9829.421875 1317
9839.7353515625 1435
9959.85546875 1548
9969.490234375 1606
9974.111328125 1661
10031.7421875 1712
10092.7158203125 2010
10139.1015625 2088
10174.609375 2365
10194.2236328125 2410
10196.0283203125 2414
10198.060546875 2482
10215.4658203125 2560
10323.037109375 2781
10332.984375 2820
10354.76171875 997
10398.2177734375 1781
10432.5029296875 81
10463.8427734375 229
10473.08984375 440
10563.0634765625 548
10572.169921875 611
10609.6328125 826
10610.078125 834
10625.275390625 848
10674.548828125 871
10686.802734375 893
10695.2353515625 1231
10720.2412109375 1256
10721.1103515625 1315
10730.888671875 1458
10748.216796875 1550
10759.0224609375 1671
10769.1181640625 1711
10829.0712890625 1815
10834.7451171875 1893
10849.2109375 2312
10856.681640625 2324
10903.861328125 2385
10910.533203125 2447
10918.138671875 2562
10927.6279296875 2610
10943.015625 2622
10957.384765625 2853
10994.974609375 2924
10999.4287109375 2927
11019.126953125 2239
11028.943359375 1646
11034.6953125 2396
11043.7060546875 49
11050.5888671875 189
11062.4296875 261
11069.2119140625 263
11088.6728515625 430
11118.083984375 831
11151.35546875 899
11166.255859375 1123
11182.767578125 1169
11235.45703125 1350
11252.521484375 1405
11273.6787109375 1512
11314.267578125 1750
11362.560546875 1769
11382.205078125 1908
11395.9208984375 1966
11396.8662109375 1982
11411.14453125 1993
11423.453125 2094
11451.486328125 2126
11464.5390625 2141
11465.2119140625 2171
11469.2236328125 2174
11479.556640625 2177
11495.396484375 2237
11523.568359375 2367
11527.259765625 2536
11527.259765625 2542
11541.3134765625 2582
11542.2587890625 2675
11542.2587890625 2703
11551.244140625 1873
11575.484375 2107
11582.4501953125 1281
11607.224609375 455
11610.1181640625 470
11635.6025390625 902
11663.7060546875 926
11670.5322265625 967
11686.849609375 1104
11712.525390625 1225
11714.1943359375 1286
11723.5146484375 1506
11763.611328125 1516
11771.8984375 1599
11796.626953125 1779
11796.6689453125 1848
11806.037109375 1867
11819.970703125 1883
11829.0380859375 2063
11844.173828125 2210
11859.0810546875 2246
11859.791015625 2285
11864.453125 2361
11875.3515625 2686
11876.0849609375 2700
11953.0048828125 88
11954.0263671875 586
11967.759765625 136
11971.8046875 1471
11972.6982421875 226
11981.5205078125 296
11991.6728515625 1197
11996.1591796875 1666
12015.6044921875 2511
12037.1513671875 101
12059.412109375 215
12060.62109375 549
12065.4404296875 550
12071.724609375 573
12073.5830078125 1136
12103.044921875 1199
12123.365234375 1530
12137.83203125 1581
12142.703125 1640
12163.333984375 1688
12184.23828125 1968
12189.513671875 2526
12196.158203125 2571
12210.9482421875 2983
12221.4267578125 1787
12266.0400390625 602
12278.548828125 1146
12281.2314453125 253
12294.3779296875 342
12298.50390625 843
12318.7109375 1233
12325.328125 1335
12344.380859375 1394
12402.9931640625 1737
12412.7412109375 1784
12419.9453125 1950
12433.5732421875 2025
12435.2958984375 2473
12446.8662109375 2518
12447.95703125 999
12464.384765625 1056
12470.263671875 1900
12475.6220703125 1304
12489.1787109375 1326
12489.552734375 2967
12495.775390625 1329
12501.15234375 50
12513.40234375 318
12533.6875 389
12541.50390625 478
12541.63671875 491
12550.5712890625 580
12553.486328125 599
12554.3896484375 890
12555.59765625 896
12588.435546875 909
12592.5283203125 919
12601.587890625 995
12611.5693359375 1273
12619.7939453125 1342
12626.91796875 1430
12689.287109375 1495
12699.740234375 1568
12718.97265625 1583
12720.7958984375 1764
12731.9228515625 1774
12737.2763671875 2065
12741.8828125 2117
12759.154296875 2181
12804.7099609375 2268
12825.021484375 2465
12840.5693359375 2664
12847.322265625 2760
12857.5654296875 2764
12874.4765625 2938
12874.681640625 2943
12878.939453125 1860
12893.1484375 2880
12904.328125 1333
12913.455078125 2631
12935.1328125 146
12952.521484375 1538
12963.2109375 21
12984.8671875 34
12997.5625 200
12998.462890625 288
13027.3330078125 336
13027.3330078125 385
13034.9375 517
13062.34765625 546
13077.9404296875 609
13082.7158203125 614
13088.87890625 683
13089.66796875 686
13100.32421875 769
13129.5390625 1097
13139.4326171875 1221
13139.958984375 1322
13158.177734375 1359
13172.9853515625 1376
13210.3203125 1686
13210.3203125 1854
13211.7509765625 2513
13229.416015625 2553
13235.396484375 2650
13255.3720703125 2672
13272.6884765625 2911
13279.884765625 78
13280.6591796875 2713
13284.1533203125 2800
13285.5234375 2651
13288.7431640625 2970
13289.4443359375 1045
13311.87109375 1068
13316.404296875 2078
13346.61328125 884
13359.1328125 886
13376.275390625 1028
13399.4892578125 1845
13400.32421875 1932
13408.5888671875 2489
13420.3662109375 90
13428.740234375 153
13430.744140625 240
13430.9521484375 256
13433.6435546875 531
13443.123046875 644
13467.59765625 706
13478.560546875 775
13487.3544921875 1163
13500.4921875 1483
13505.4111328125 2114
13512.62109375 2379
13525.6943359375 2424
13537.7490234375 2433
13558.5517578125 2435
13558.806640625 2442
13570.8134765625 2683
13603.681640625 2811
13610.9833984375 2176
13648.5166015625 169
13663.8828125 2207
13673.2177734375 1144
13690.33984375 2180
13703.5234375 73
13709.35546875 663
13719.9033203125 677
13732.4189453125 756
13785.3251953125 925
13807.4248046875 927
13835.8671875 946
13846.3203125 996
13849.4892578125 1141
13853.333984375 1202
13853.7578125 1251
13865.033203125 1457
13885.083984375 1502
13888.4248046875 1591
13892.1328125 1733
13903.78515625 1735
13910.7451171875 1919
13912.2529296875 1933
13929.982421875 1955
13940.8134765625 2002
13943.583984375 2335
13948.828125 2341
13949.6025390625 2565
13984.6884765625 2695
14014.7802734375 2763
14030.2919921875 2840
14040.49609375 2422
14040.8828125 1020
14050.978515625 640
14073.583984375 59
14079.4873046875 177
14080.46875 191
14118.2080078125 575
14125.0 687
14154.97265625 934
14191.4228515625 1119
14191.6083984375 1529
14194.673828125 1697
14232.1494140625 1810
14245.76171875 1831
14274.1220703125 2354
14285.361328125 2528
14295.3232421875 2679
14296.740234375 2712
14329.2216796875 2747
14332.2734375 2809
14341.7216796875 2821
14343.80078125 2842
14352.138671875 2860
14377.0625 2906
14377.5302734375 2994
14378.4052734375 186
14385.5234375 223
14398.318359375 1594
14398.76171875 410
14410.197265625 631
14415.8759765625 132
14417.666015625 2576
14419.306640625 1282
14422.0166015625 488
14432.7978515625 869
14437.2158203125 2059
14452.5146484375 787
14465.0224609375 904
14469.1396484375 137
14473.39453125 275
14477.541015625 328
14496.228515625 333
14544.6484375 392
14551.04296875 407
14563.2197265625 489
14565.3623046875 680
14569.2060546875 1022
14593.5263671875 1290
14629.6015625 1358
14648.3408203125 1607
14664.9384765625 1653
14667.6826171875 2024
14668.0517578125 2184
14676.2939453125 2221
14694.38671875 2394
14696.4072265625 2427
14722.6015625 2517
14725.5888671875 2655
14745.939453125 2704
14750.759765625 2900
14771.7021484375 2946
14789.0498046875 459
14799.341796875 1408
14803.34765625 1339
14815.8564453125 22
14829.4150390625 45
14831.6328125 300
14832.7919921875 812
14850.861328125 922
14860.4072265625 947
14868.296875 975
14880.400390625 1001
14888.31640625 1095
14912.3134765625 1275
14918.2060546875 1664
14925.7724609375 1708
14927.271484375 1763
14937.791015625 1766
14938.4287109375 1889
14941.310546875 2077
14944.412109375 2082
14987.4267578125 2131
14997.638671875 2315
15047.3701171875 2317
15055.64453125 2409
15098.275390625 2608
15105.9365234375 2616
15109.1943359375 2649
15143.6708984375 2819
15154.7021484375 2862
15167.140625 1164
15177.2890625 2213
15184.6533203125 1050
15197.78515625 979
15203.0478515625 1562
15203.3662109375 1597
15207.986328125 2334
15242.5654296875 587
15249.548828125 630
15268.60546875 777
15288.4619140625 1012
15291.625 1064
15306.2421875 1082
15338.162109375 1462
15347.439453125 1501
15347.74609375 1654
15373.6826171875 1800
15384.2978515625 2656
15393.6591796875 2884
15404.005859375 1416
15407.779296875 1575
15411.275390625 2889
15430.681640625 445
15441.88671875 30
15511.4951171875 2484
15535.658203125 38
15539.498046875 40
15541.6650390625 76
15570.6796875 77
15580.4033203125 108
15601.3427734375 164
15614.1953125 211
15634.30859375 225
15684.7294921875 376
15692.171875 437
15710.5595703125 510
15717.701171875 646
15724.873046875 671
15771.7587890625 738
15778.2998046875 770
15793.3076171875 1434
15815.845703125 1610
15824.25390625 1662
15827.447265625 1709
15834.806640625 1998
15844.7763671875 2166
15851.134765625 2220
15851.2119140625 2238
15860.5361328125 2255
15862.34375 2345
15883.5087890625 2510
15895.2431640625 2581
15897.775390625 2607
15904.85546875 2807
15924.6162109375 1015
15938.791015625 1984
15986.271484375 1258
15995.8544921875 2555
16054.6318359375 1147
16079.85546875 865
16081.2080078125 939
16097.2666015625 1497
16100.4072265625 2630
16111.9345703125 2752
16141.1318359375 457
16141.8798828125 309
16153.4775390625 316
16161.26953125 483
16178.84375 484
16195.712890625 633
16202.251953125 1026
16229.17578125 1036
16256.607421875 1176
16257.00390625 1423
16278.2529296875 1485
16296.9052734375 1590
16303.126953125 1702
16312.9736328125 1759
16313.7412109375 1818
16345.078125 1958
16352.8623046875 1963
16390.1015625 1977
16402.50390625 2053
16402.734375 2056
16429.748046875 2125
16438.5859375 2304
16478.984375 2356
16479.294921875 2477
16483.59375 2533
16497.826171875 2732
16499.62109375 2948
16506.923828125 1601
16579.017578125 2256
16625.11328125 2104
16631.158203125 284
16655.314453125 182
16692.47265625 916
16728.4296875 1667
16733.734375 1852
16748.22265625 727
16789.341796875 2036
16790.22265625 2772
16836.38671875 130
16880.90625 219
16887.216796875 394
16893.248046875 405
16979.08203125 634
16998.935546875 856
17004.96484375 983
17023.43359375 1117
17046.79296875 1386
17053.642578125 1791
17117.125 1991
17130.4375 2060
17140.3046875 2215
17162.890625 2314
17163.232421875 2440
17167.11328125 2467
17167.142578125 2618
17218.150390625 2648
17218.41796875 2694
17244.576171875 1772
17257.0625 818
17273.005859375 2907
17273.564453125 660
17289.2578125 1168
17289.337890625 1145
17314.66015625 1476
17317.3046875 1618
17347.04296875 655
17349.375 1592
17350.03515625 2120
17368.5078125 2557
17373.025390625 112
17408.681640625 350
17416.107421875 356
17417.115234375 448
17421.16796875 1500
17432.46875 1526
17446.30859375 1587
17463.216796875 1881
17506.330078125 1943
17510.35546875 1962
17586.85546875 1995
17588.935546875 2075
17589.05078125 2118
17593.76953125 2309
17603.6796875 2418
17621.521484375 2516
17625.390625 2588
17629.16796875 2605
17731.1328125 2623
17738.96875 2937
17752.208984375 1005
17756.515625 110
17769.39453125 2360
17782.0703125 121
17782.669921875 1046
17822.8671875 298
17823.4453125 372
17823.73046875 492
17829.25390625 752
17850.400390625 838
17855.482421875 903
17859.7734375 1034
17866.560546875 1128
17867.091796875 1187
17908.572265625 1437
17941.400390625 1488
17942.98828125 1534
17945.228515625 1657
17975.638671875 1678
18013.728515625 1824
18013.83984375 1826
18024.890625 1941
18029.087890625 1997
18133.1484375 2318
18149.00390625 2327
18182.296875 2362
18184.966796875 2404
18231.537109375 2453
18244.796875 2458
18282.287109375 2496
18283.486328125 2696
18315.66015625 2722
18323.67578125 2796
18337.13671875 2584
18358.021484375 2872
18366.044921875 2589
18368.693359375 2135
18369.25390625 1802
18377.578125 1853
18378.107421875 1892
18422.48046875 1580
18442.8984375 25
18445.2109375 72
18447.9375 343
18452.669921875 710
18467.171875 755
18470.37109375 885
18474.767578125 1683
18477.259765625 1776
18482.47265625 1972
18485.69921875 2047
18498.416015625 2138
18516.78515625 2185
18569.908203125 2344
18571.4296875 2545
18600.140625 2573
18659.455078125 2855
18674.4453125 2159
18689.943359375 1067
18703.375 371
18746.75 243
18770.88671875 1301
18794.244140625 311
18814.41796875 426
18837.21875 648
18842.6328125 720
18878.66015625 792
18922.87109375 940
18983.06640625 1006
19004.681640625 1032
19053.0859375 1160
19070.578125 1189
19101.5234375 2183
19103.357421875 2190
19107.189453125 2301
19136.158203125 1459
19147.166015625 1649
19154.6953125 353
19156.189453125 2706
19179.146484375 1511
19199.552734375 1778
19203.828125 329
19205.8515625 731
19306.900390625 1400
19326.9453125 2070
19374.44921875 1480
19381.998046875 1714
19394.916015625 249
19394.916015625 94
19424.283203125 2823
19434.60546875 471
19453.529296875 473
19459.931640625 747
19461.8203125 915
19462.970703125 921
19489.150390625 993
19511.599609375 1072
19512.845703125 1415
19517.568359375 1541
19555.259765625 1746
19608.298828125 1949
19662.763671875 2079
19683.640625 2219
19689.3359375 2258
19695.302734375 2413
19703.919921875 2628
19855.982421875 2828
19934.490234375 2903
19994.25 2996
20007.23828125 204
20008.806640625 1247
20014.234375 1410
20082.87109375 1888
20155.26171875 1214
20189.083984375 1658
20208.169921875 2587
20238.439453125 380
20266.255859375 688
20314.203125 1761
20320.05859375 66
20346.775390625 127
20354.75390625 179
20409.080078125 855
20447.712890625 1198
20448.541015625 1250
20665.236328125 1507
20667.9140625 1558
20718.326171875 2007
20729.6796875 2092
20814.267578125 2231
20893.005859375 2384
20913.12109375 2457
20926.1953125 2544
20933.1875 2717
20972.904296875 2774
20976.044921875 2794
20991.595703125 2909
21018.37109375 972
21037.146484375 1138
21064.263671875 1442
21070.330078125 1137
21076.177734375 102
21081.92578125 667
21110.1953125 1935
21164.953125 2352
21185.16015625 2887
21253.18359375 427
21321.728515625 1533
21347.7734375 170
21351.947265625 262
21377.58203125 306
21381.916015625 596
21396.181640625 805
21411.6953125 849
21411.84765625 850
21412.951171875 965
21432.498046875 976
21443.48046875 1058
21453.734375 1403
21461.912109375 1645
21510.46484375 1999
21517.240234375 2292
21560.583984375 2392
21605.0703125 2403
21619.22265625 2497
21634.34375 2524
21638.533203125 2601
21754.263671875 2652
21773.234375 2657
21808.134765625 2761
21829.109375 2839
21859.103515625 2939
21871.84765625 2984
21898.9375 1027
21914.4140625 622
21925.427734375 417
21962.544921875 450
21979.228515625 690
21983.099609375 969
22003.958984375 982
22027.30078125 1040
22061.404296875 1078
22093.373046875 1083
22104.14453125 1382
22191.9296875 1391
22205.021484375 1486
22225.962890625 1503
22226.916015625 1547
22356.81640625 1561
22391.92578125 1965
22451.025390625 2026
22451.93359375 2066
22519.173828125 2182
22534.40625 2245
22540.330078125 2460
22570.150390625 2466
22573.5 2540
22595.90625 2593
22639.966796875 2632
22674.529296875 2753
22678.619140625 2759
22682.416015625 2793
22717.0078125 2925
22793.05859375 2152
22851.921875 762
22914.85546875 2757
22950.3125 37
23016.4453125 1624
23055.52734375 1271
23096.423828125 2370
23097.02734375 2895
23120.705078125 2411
23142.654296875 67
23161.19140625 150
23204.68359375 171
23241.75390625 195
23242.345703125 363
23247.216796875 522
23258.8828125 657
23450.876953125 701
23484.18359375 760
23548.068359375 811
23642.6796875 874
23681.279296875 875
23735.654296875 1002
23809.216796875 1007
23827.92578125 1023
23898.583984375 1356
23915.55078125 1378
23952.50390625 1489
24031.6640625 1629
24064.255859375 2721
24066.974609375 2032
24071.62109375 2259
24076.66796875 771
24085.17578125 1543
24098.89453125 2241
24155.28515625 1964
24237.189453125 1625
24285.61328125 2693
24298.314453125 222
24299.310546875 258
24398.609375 281
24409.439453125 506
24423.6796875 582
24477.17578125 724
24496.5390625 879
24551.5546875 1003
24572.689453125 1171
24648.220703125 1182
24658.736328125 1588
24663.6953125 1685
24689.892578125 1758
24720.32421875 2300
24773.525390625 2310
24791.689453125 2705
24885.3984375 2845
24892.66015625 2916
24976.94140625 1811
24982.849609375 2701
25096.796875 421
25198.94140625 1440
25206.73046875 2337
25262.13671875 2531
25264.861328125 18
25420.751953125 29
25526.31640625 31
25603.484375 104
25723.384765625 274
25726.43359375 321
25744.287109375 370
25758.12890625 375
25837.36328125 562
25885.4765625 914
25945.98828125 944
26102.84765625 1672
26181.21875 1684
26196.404296875 1825
26292.109375 1846
26327.53125 1960
26389.408203125 1976
26389.767578125 2006
26451.93359375 2319
26489.662109375 2405
26489.662109375 2550
26533.818359375 2606
26581.248046875 2768
26616.9375 1081
26656.927734375 1780
26736.4921875 16
26828.505859375 28
26900.490234375 125
26952.296875 212
27088.345703125 265
27126.07421875 295
27177.26953125 360
27194.2578125 364
27215.328125 937
27224.65625 1077
27266.41015625 1101
27701.337890625 1241
27747.537109375 1243
27822.9921875 1307
28208.427734375 1343
28255.158203125 1404
28271.5234375 1418
28310.90625 1585
28467.201171875 1719
28672.80078125 1822
28867.10546875 2009
28987.798828125 2164
29254.94140625 2214
29546.853515625 2250
29740.384765625 2263
31060.8359375 2342
31349.56640625 2359
39080.828125 2547
