5608.73095703125 1575
5765.38037109375 2889
5949.71044921875 445
5986.623046875 30
6134.1064453125 2484
6163.970703125 38
6219.55419921875 40
6478.5380859375 76
6560.755859375 77
6609.2060546875 108
6722.1728515625 164
6887.9794921875 211
6921.6533203125 225
6931.9052734375 376
6956.89501953125 437
7135.630859375 510
7200.56396484375 646
7368.09326171875 671
7381.5419921875 738
7383.3134765625 770
7411.796875 1434
7414.51953125 1610
7461.36865234375 1662
7511.244140625 1709
7532.0029296875 1998
7563.86572265625 2166
7663.640625 2220
7673.7626953125 2238
7677.6826171875 2255
7690.2587890625 2345
7736.49267578125 2510
7788.748046875 2581
7801.837890625 2607
7826.822265625 2807
7844.7255859375 1015
7916.37255859375 1984
7943.28564453125 1258
7943.28564453125 2555
7981.17919921875 1446
8040.2509765625 87
8081.14892578125 251
8088.9384765625 527
8094.7744140625 529
8101.00732421875 625
8101.05078125 641
8114.22265625 693
8122.109375 873
8129.50341796875 881
8190.57763671875 928
8194.7548828125 1133
8275.6767578125 1283
8276.517578125 1318
8338.966796875 1346
8403.53125 1417
8447.98046875 1720
8493.578125 1987
8524.4951171875 2226
8555.9990234375 2296
8562.8408203125 2515
8593.2919921875 2572
8625.6171875 2669
8642.384765625 2728
8644.36328125 2734
8645.8720703125 2746
8665.1953125 2852
8674.8466796875 2866
8677.466796875 2915
8683.62890625 2949
8684.03125 377
8707.5458984375 2281
8771.0966796875 160
8820.8955078125 1
8843.7470703125 425
8862.861328125 446
8862.9091796875 800
8907.64453125 918
8952.1123046875 953
8989.306640625 985
8992.8603515625 986
8996.076171875 1008
9006.6337890625 1043
9016.88671875 1270
9016.88671875 1317
9017.35546875 1435
9019.021484375 1548
9036.6376953125 1606
9040.7275390625 1661
9076.1171875 1712
9094.3984375 2010
9150.3984375 2088
9160.1865234375 2365
9178.5732421875 2410
9181.580078125 2414
9186.26953125 2482
9227.0361328125 2560
9240.2197265625 2781
9251.5439453125 2820
9271.2236328125 997
9276.017578125 1781
9306.58203125 81
9317.7587890625 229
9363.6572265625 440
9396.5537109375 548
9411.7197265625 611
9436.939453125 826
9448.3408203125 834
9484.00390625 848
9502.8486328125 871
9531.091796875 893
9547.1201171875 1231
9557.7255859375 1256
9594.966796875 1315
9611.375 1458
9632.640625 1550
9642.8232421875 1671
9651.2646484375 1711
9651.666015625 1815
9666.0 1893
9671.611328125 2312
9679.96875 2324
9682.4951171875 2385
9684.6962890625 2447
9689.041015625 2562
9699.3466796875 2610
9719.56640625 2622
9763.1279296875 2853
9764.375 2924
9768.447265625 2927
9775.8251953125 2239
9783.1767578125 1362
9803.69140625 1926
9817.49609375 2997
9821.8544921875 254
9833.701171875 388
9873.451171875 465
9875.533203125 498
9896.607421875 520
9898.423828125 962
9961.0693359375 981
10018.97265625 1156
10038.814453125 1652
10052.81640625 2205
10065.9580078125 2339
10067.8349609375 2417
10078.568359375 2494
10081.1728515625 2687
10086.5361328125 1122
10155.55078125 1670
10170.736328125 264
10172.94140625 2173
10187.1943359375 1646
10213.0361328125 2396
10217.5791015625 49
10224.9931640625 189
10253.134765625 261
10258.6650390625 263
10265.0322265625 430
10283.01171875 831
10291.212890625 899
10303.125 1123
10311.4091796875 1169
10313.9375 1350
10319.8916015625 1405
10327.6513671875 1512
10348.1337890625 1750
10374.451171875 1769
10378.1181640625 1908
10403.970703125 1966
10419.6162109375 1982
10440.693359375 1993
10471.892578125 2094
10476.5009765625 2126
10482.376953125 2141
10484.1875 2171
10487.96484375 2174
10495.5830078125 2177
10506.9599609375 2237
10520.625 2367
10523.21875 2536
10531.388671875 2542
10536.4560546875 2582
10537.1240234375 2675
10563.232421875 2703
10581.298828125 1873
10615.94921875 2107
10617.9326171875 1281
10644.017578125 455
10661.3544921875 470
10681.8271484375 902
10720.6904296875 926
10726.42578125 967
10729.7373046875 1104
10745.9658203125 1225
10762.3037109375 1286
10801.4765625 1506
10809.5693359375 1516
10826.98828125 1599
10830.609375 1779
10841.203125 1848
10847.44140625 1867
10869.87109375 1883
10876.9990234375 2063
10881.8037109375 2210
10892.373046875 2246
10906.7333984375 2285
10926.015625 2361
10960.1083984375 2686
10960.6650390625 2700
11001.51171875 88
11041.4951171875 586
11046.1796875 136
11064.4169921875 1471
11064.6826171875 226
11091.2998046875 296
11158.255859375 1197
11162.119140625 1666
11195.513671875 2511
11208.9912109375 101
11237.126953125 215
11241.296875 549
11248.947265625 550
11301.5751953125 573
11323.701171875 1136
11340.630859375 1199
11357.4931640625 1530
11380.9501953125 1581
11387.279296875 1640
11397.1484375 1688
11402.92578125 1968
11419.947265625 2526
11444.5791015625 2571
11476.0458984375 2983
11482.61328125 1787
11486.1953125 602
11529.4755859375 1146
11576.736328125 253
11580.1357421875 342
11586.6787109375 843
11592.171875 1233
11597.1220703125 1335
11614.8115234375 1394
11617.5869140625 1737
11629.431640625 1784
11670.8623046875 1950
11672.2919921875 2025
11730.544921875 2473
11762.8681640625 2518
11785.0244140625 999
11785.994140625 1056
11799.1484375 1900
11816.798828125 1304
11817.6669921875 1326
11837.982421875 2967
11839.89453125 1329
11850.3818359375 50
11861.2412109375 318
11879.91015625 389
11898.21875 478
11908.474609375 491
11914.421875 580
11915.0263671875 599
11916.53125 890
11939.0146484375 896
11941.0556640625 909
11943.78515625 919
11947.724609375 995
11981.041015625 1273
12006.595703125 1342
12013.1982421875 1430
12021.6875 1495
12073.2685546875 1568
12077.701171875 1583
12100.845703125 1764
12129.16796875 1774
12131.8017578125 2065
12135.36328125 2117
12151.4755859375 2181
12161.94921875 2268
12166.66015625 2465
12169.75 2664
12182.2705078125 2760
12188.6162109375 2764
12264.6396484375 2938
12276.712890625 2943
12284.859375 1860
12296.29296875 2880
12297.826171875 1333
12298.572265625 2631
12318.3515625 146
12321.01171875 1538
12330.12890625 21
12337.310546875 34
12356.841796875 200
12383.396484375 288
12394.6640625 336
12421.763671875 385
12428.0712890625 517
12437.8115234375 546
12469.1435546875 609
12474.853515625 614
12479.13671875 683
12496.900390625 686
12506.4482421875 769
12527.162109375 1097
12538.716796875 1221
12539.775390625 1322
12551.59765625 1359
12581.916015625 1376
12583.27734375 1686
12586.623046875 1854
12590.265625 2513
12593.998046875 2553
12596.029296875 2650
12604.8017578125 2672
12609.0341796875 2911
12610.88671875 78
12610.994140625 2713
12624.51953125 2800
12626.0966796875 2651
12629.14453125 2970
12638.0966796875 1045
12664.9072265625 1068
12667.07421875 2078
12674.8076171875 884
12679.3896484375 886
12683.15234375 1028
12713.1865234375 1845
12741.5 1932
12752.7216796875 2489
12755.7607421875 90
12757.453125 153
12766.1142578125 240
12772.916015625 256
12801.1689453125 531
12834.3525390625 644
12844.12109375 706
12861.357421875 775
12881.8564453125 1163
12916.2666015625 1483
12921.2431640625 2114
12921.689453125 2379
12934.2744140625 2424
12938.23828125 2433
12942.34375 2435
12968.82421875 2442
12971.8486328125 2683
12976.4296875 2811
13020.9892578125 2176
13040.513671875 169
13184.0517578125 2207
13187.44140625 1144
13202.2919921875 2180
13205.2548828125 73
13244.23828125 663
13247.5029296875 677
13264.2841796875 756
13267.3671875 925
13289.9873046875 927
13291.15234375 946
13292.775390625 996
13314.787109375 1141
13317.3876953125 1202
13360.66015625 1251
13374.0205078125 1457
13388.63671875 1502
13390.423828125 1591
13433.5927734375 1733
13447.45703125 1735
13471.3974609375 1919
13474.220703125 1933
13510.025390625 1955
13514.4560546875 2002
13553.8056640625 2335
13601.775390625 2341
13613.365234375 2565
13628.2763671875 2695
13629.068359375 2763
13641.875 2840
13653.18359375 2422
13669.826171875 1020
13676.2890625 640
13691.482421875 59
13725.8681640625 177
13729.6220703125 191
13734.6435546875 575
13735.671875 687
13742.40625 934
13764.4619140625 1119
13766.109375 1529
13815.98046875 1697
13832.46875 1810
13835.8271484375 1831
13836.748046875 2354
13840.533203125 2528
13888.357421875 2679
13902.1513671875 2712
13904.7197265625 2747
13907.0673828125 2809
13918.81640625 2821
13923.2470703125 2842
13927.19140625 2860
13928.0205078125 2906
13934.84375 2994
13945.27734375 186
13967.7041015625 223
13968.029296875 1594
13972.693359375 410
13981.1259765625 631
14005.6064453125 132
14014.94140625 2576
14024.6865234375 1282
14056.8134765625 488
14073.3017578125 869
14073.4755859375 2059
14080.2470703125 787
14081.4970703125 904
14129.6669921875 137
14148.52734375 275
14204.7353515625 328
14233.669921875 333
14234.4775390625 392
14244.572265625 407
14255.0947265625 489
14293.6162109375 680
14305.4736328125 1022
14325.6484375 1290
14336.2001953125 1358
14351.599609375 1607
14351.7236328125 1653
14353.2021484375 2024
14358.9248046875 2184
14365.0302734375 2221
14369.1748046875 2394
14370.7373046875 2427
14370.783203125 2517
14381.236328125 2655
14390.560546875 2704
14418.4169921875 2900
14448.4814453125 2946
14453.279296875 459
14487.255859375 1408
14489.56640625 1339
14489.6181640625 22
14495.7666015625 45
14500.7470703125 300
14555.658203125 812
14556.9091796875 922
14591.7255859375 947
14591.875 975
14594.5068359375 1001
14607.0234375 1095
14610.595703125 1275
14611.78515625 1664
14644.939453125 1708
14654.4384765625 1763
14657.0830078125 1766
14674.0419921875 1889
14675.02734375 2077
14681.13671875 2082
14722.3349609375 2131
14780.298828125 2315
14791.26953125 2317
14864.412109375 2409
14878.0302734375 2608
14906.896484375 2616
14914.1220703125 2649
14927.5771484375 2819
14987.3408203125 2862
15001.919921875 1164
15036.505859375 2213
15086.7470703125 1050
15100.4052734375 979
15112.1083984375 1562
15114.203125 1597
15117.0380859375 2334
15140.029296875 587
15140.1640625 630
15150.3984375 777
15152.3623046875 1012
15164.953125 1064
15191.802734375 1082
15219.83984375 1462
15279.484375 1501
15331.18359375 1654
15402.638671875 1800
15433.7734375 2656
15474.5029296875 2884
15482.392578125 1416
15486.6396484375 1147
15525.61328125 865
15558.4365234375 939
15601.5830078125 1497
15623.2880859375 2630
15642.333984375 2752
15650.078125 457
15659.994140625 309
15730.9462890625 316
15753.4912109375 483
15760.365234375 484
15795.609375 633
15845.361328125 1026
15897.4931640625 1036
15971.9833984375 1176
15972.1865234375 1423
15994.9599609375 1485
16019.87890625 1590
16042.841796875 1702
16083.74609375 1759
16086.0732421875 1818
16086.0732421875 1958
16097.4169921875 1963
16124.0068359375 1977
16131.255859375 2053
16158.037109375 2056
16169.31640625 2125
16174.7978515625 2304
16217.8828125 2356
16233.291015625 2477
16246.29296875 2533
16259.1357421875 2732
16270.5712890625 2948
16277.84765625 1601
16286.4794921875 2256
16294.40625 2104
16309.9521484375 284
16316.244140625 182
16353.1748046875 916
16397.29296875 1667
16409.2265625 1852
16445.0 727
16478.06640625 2036
16508.0234375 2772
16550.44921875 130
16550.556640625 219
16556.22265625 394
16581.248046875 405
16610.51171875 634
16617.060546875 856
16658.005859375 983
16661.30859375 1117
16668.431640625 1386
16675.255859375 1791
16702.47265625 1991
16711.21875 2060
16735.521484375 2215
16762.30859375 2314
16770.869140625 2440
16774.9296875 2467
16776.49609375 2618
16799.662109375 2648
16837.927734375 2694
16857.173828125 1772
16925.95703125 818
16939.662109375 2907
16966.486328125 660
16989.783203125 1168
17004.287109375 1145
17013.41015625 1476
17018.025390625 1618
17026.876953125 655
17034.8828125 1592
17034.943359375 2120
17040.970703125 2557
17048.87109375 112
17066.34765625 350
17067.51953125 356
17110.869140625 448
17112.828125 1500
17139.515625 1526
17172.201171875 1587
17182.640625 1881
17204.91015625 1943
17216.08203125 1962
17223.541015625 1995
17227.373046875 2075
17328.310546875 2118
17359.400390625 2309
17391.265625 2418
17413.0078125 2516
17415.9140625 2588
17427.056640625 2605
17487.640625 2623
17494.546875 2937
17501.3515625 1005
17549.00390625 110
17618.87109375 2360
17666.642578125 121
17722.65625 1046
17728.3046875 298
17771.10546875 372
17800.703125 492
17805.412109375 752
17824.490234375 838
17848.869140625 903
17872.76953125 1034
17931.873046875 1128
17933.62109375 1187
17960.3125 1437
17977.5078125 1488
18081.064453125 1534
18091.1171875 1657
18129.099609375 1678
18200.490234375 1824
18263.533203125 1826
18352.353515625 1941
18384.166015625 1997
18384.166015625 2318
18456.0703125 2327
18461.341796875 2362
18544.65625 2404
18544.853515625 2453
18627.36328125 2458
18630.26953125 2496
18632.005859375 2696
18647.013671875 2722
18649.248046875 2796
18677.494140625 2584
18719.8671875 2872
18722.1015625 2589
18745.69140625 2135
18747.603515625 1802
18749.4140625 1853
18771.88671875 1892
18800.21875 1580
18848.837890625 25
18921.14453125 72
18937.19140625 343
18960.966796875 710
18985.671875 755
19040.44140625 885
19050.595703125 1683
19093.623046875 1776
19098.0859375 1972
19109.337890625 2047
19127.720703125 2138
19130.322265625 2185
19212.005859375 2344
19232.775390625 2545
19246.46484375 2573
19267.439453125 2855
19293.03515625 2159
19299.9453125 1067
19342.869140625 371
19342.869140625 243
19351.197265625 1301
19390.12890625 311
19412.115234375 426
19430.125 648
19475.96875 720
19477.8671875 792
19486.201171875 940
19572.08203125 1006
19615.470703125 1032
19625.076171875 1160
19634.89453125 1189
19645.93359375 2183
19658.03515625 2190
19659.259765625 2301
19693.671875 1459
19732.9921875 1649
19743.828125 353
19790.0859375 2706
19817.58984375 1511
19826.384765625 1778
19856.208984375 329
19873.91796875 731
19879.890625 1400
19902.767578125 2070
19913.849609375 1480
19952.263671875 1714
19971.431640625 249
19979.54296875 94
20010.423828125 2823
20016.533203125 471
20020.544921875 473
20058.494140625 747
20065.73828125 915
20070.56640625 921
20081.771484375 993
20120.056640625 1072
20172.87890625 1415
20240.23046875 1541
20246.099609375 1746
20282.5703125 1949
20434.419921875 2079
20487.33203125 2219
20495.97265625 2258
20515.486328125 2413
20549.185546875 2628
20568.92578125 2828
20573.60546875 2903
20605.90234375 2996
20627.859375 204
20633.775390625 1247
20730.67578125 1410
20731.5703125 1888
20739.158203125 1214
20740.583984375 1658
20780.4296875 2587
20818.525390625 380
20819.90234375 688
20855.626953125 1761
20885.369140625 66
21014.75 127
21050.84375 179
21069.1328125 855
21070.517578125 1198
21071.421875 1250
21091.50390625 1507
21131.111328125 1558
21151.916015625 2007
21155.025390625 2092
21216.611328125 2231
21270.123046875 2384
21277.76953125 2457
21347.2734375 2544
21352.837890625 2717
21379.75390625 2774
21412.41796875 2794
21453.62890625 2909
21492.35546875 972
21506.96484375 1138
21513.4765625 1442
21518.75390625 1137
21597.64453125 102
21651.677734375 667
21681.556640625 1935
21698.166015625 2352
21705.703125 2887
21730.435546875 427
21742.662109375 1533
21781.65234375 170
21871.892578125 262
21941.482421875 306
21972.6328125 596
22048.208984375 805
22083.31640625 849
22142.349609375 850
22194.16796875 965
22222.9453125 976
22245.552734375 1058
22292.884765625 1403
22350.99609375 1645
22355.8203125 1999
22355.8203125 2292
22386.572265625 2392
22395.640625 2403
22399.375 2497
22427.029296875 2524
22553.736328125 2601
22626.357421875 2652
22637.23046875 2657
22683.96484375 2761
22766.599609375 2839
22807.953125 2939
22928.55078125 2984
22991.18359375 1027
23059.71484375 622
23099.927734375 417
23104.046875 450
23129.9921875 690
23166.599609375 969
23290.115234375 982
23290.3828125 1040
23303.853515625 1078
23355.521484375 1083
23373.59375 1382
23492.638671875 1391
23504.76953125 1486
23512.041015625 1503
23565.92578125 1547
23671.7421875 1561
23780.69921875 1965
23805.85546875 2026
23873.513671875 2066
23883.7890625 2182
23895.587890625 2245
23925.171875 2460
23945.12109375 2466
23954.06640625 2540
23958.8125 2593
24113.8359375 2632
24176.7265625 2753
24184.53125 2759
24187.103515625 2793
24212.359375 2925
24221.9375 2152
24225.998046875 762
24324.353515625 2757
24488.146484375 37
24490.3984375 1624
24569.732421875 1271
24607.0078125 2370
24628.931640625 2895
24661.595703125 2411
24709.654296875 67
24731.6640625 150
24755.16015625 171
24768.884765625 195
24846.859375 363
24949.623046875 522
24995.060546875 657
25030.67578125 701
25044.1796875 760
25045.0390625 811
25140.150390625 874
25155.96484375 875
25212.431640625 1002
25459.580078125 1007
25493.373046875 1023
25499.55859375 1356
25501.10546875 1378
25531.79296875 1489
25581.62109375 1629
25596.525390625 2721
25638.96875 2032
25729.517578125 2259
25744.404296875 771
25760.26953125 1543
25765.5703125 2241
25768.787109375 1964
25847.935546875 1625
26015.6171875 2693
26032.583984375 222
26054.7421875 258
26070.267578125 281
26121.1953125 506
26133.92578125 582
26244.876953125 724
26247.20703125 879
26282.859375 1003
26313.556640625 1171
26474.634765625 1182
26583.60546875 1588
26751.2265625 1685
26754.806640625 1758
26784.861328125 2300
26840.626953125 2310
26863.462890625 2705
26908.96875 2845
27008.3828125 2916
27013.13671875 1811
27013.53515625 2701
27142.681640625 421
27209.455078125 1440
27427.16796875 2337
27539.87109375 2531
27754.501953125 18
27798.982421875 29
27891.76953125 31
28006.96875 104
28070.208984375 274
28106.56640625 321
28246.173828125 370
28313.921875 375
28325.140625 562
28466.88671875 914
28630.74609375 944
28630.74609375 1672
28768.349609375 1684
28773.919921875 1825
28820.62890625 1846
28839.626953125 1960
28928.32421875 1976
28938.38671875 2006
28954.115234375 2319
29019.6328125 2405
29029.203125 2550
29048.7578125 2606
29069.685546875 2768
29157.837890625 1081
29265.302734375 1780
29274.369140625 16
29303.95703125 28
29307.662109375 125
29801.81640625 212
30025.76171875 265
30029.736328125 295
30177.5703125 360
30199.099609375 364
30263.548828125 937
30476.619140625 1077
30477.310546875 1101
31101.59375 1241
31245.54296875 1243
31316.9453125 1307
31546.732421875 1343
31641.884765625 1404
31789.650390625 1418
32556.564453125 1585
32655.33984375 1719
32656.689453125 1822
33256.453125 2009
33929.44140625 2164
33985.31640625 2214
34299.83203125 2250
34310.4609375 2263
34396.69921875 2342
34522.484375 2359
37596.8515625 2547
