1341.989501953125 1020
1711.7161865234375 640
2046.979736328125 59
2164.88427734375 177
2538.185302734375 191
2624.89990234375 575
2706.62353515625 687
2795.1279296875 934
2852.354736328125 1119
3004.912109375 1529
3059.03173828125 1697
3069.9404296875 1810
3234.4912109375 1831
3322.842529296875 2354
3325.13134765625 2528
3386.58349609375 2679
3835.447998046875 2712
4098.234375 2747
4157.8232421875 2809
4360.6083984375 2821
4465.857421875 2842
4619.9599609375 2860
4795.08984375 2906
4904.50244140625 2994
5354.5341796875 186
5382.85791015625 223
5435.5166015625 1594
5598.7451171875 410
5756.3994140625 631
6467.8154296875 132
6966.212890625 2576
7125.16455078125 1446
7227.1484375 87
7625.1630859375 251
7662.298828125 527
7716.716796875 529
7792.8251953125 625
7796.64599609375 641
7891.5146484375 693
7964.38720703125 873
8154.5361328125 881
8237.185546875 928
8534.56640625 1133
8587.650390625 1283
8631.86328125 1318
8632.5537109375 1346
8726.041015625 1417
8740.4296875 1720
8740.4296875 1987
8808.6171875 2226
8893.05859375 2296
8907.5947265625 2515
8938.25390625 2572
9222.1416015625 2669
9463.125 2728
9479.8671875 2734
9512.826171875 2746
9515.0087890625 2852
9783.5615234375 2866
9897.369140625 2915
9940.9296875 2949
9961.060546875 377
10012.5859375 2281
10066.6328125 160
10346.0595703125 1
10545.060546875 425
10607.765625 446
10644.66796875 800
10662.74609375 918
10702.2958984375 953
10741.6845703125 985
10829.8642578125 986
10855.205078125 1008
11320.6474609375 1043
11330.7685546875 1270
11481.486328125 1317
11631.0166015625 1435
11668.7783203125 1548
11711.6435546875 1606
11733.515625 1661
11928.9619140625 1712
11950.9658203125 2010
12025.80859375 2088
12099.6142578125 2365
12141.67578125 2410
12184.7080078125 2414
12303.998046875 2482
12350.4951171875 2560
12377.4853515625 2781
12443.470703125 2820
12539.513671875 997
12540.986328125 1781
12629.8798828125 81
12639.8564453125 229
12669.408203125 440
12698.912109375 548
12744.3935546875 611
12746.30859375 826
12746.90625 834
12792.314453125 848
12838.400390625 871
12905.060546875 893
12912.5439453125 1231
13155.201171875 1256
13193.341796875 1315
13209.6435546875 1458
13213.2744140625 1550
13264.283203125 1671
13275.86328125 1711
13344.7392578125 1815
13409.9560546875 1893
13521.58984375 2312
13604.181640625 2324
13675.982421875 2385
13702.05859375 2447
13717.89453125 2562
13761.9306640625 2610
13809.435546875 2622
13980.8896484375 2853
14013.5888671875 2924
14096.9052734375 2927
14164.923828125 2239
14201.7587890625 1362
14297.9736328125 1926
14374.240234375 2997
14431.509765625 254
14456.15625 388
14498.8212890625 465
14502.2802734375 498
14546.2705078125 520
14616.5498046875 962
14626.0849609375 981
14666.6142578125 1156
14698.837890625 1652
14705.841796875 2205
14718.05859375 2339
14727.9521484375 2417
14741.0234375 2494
14755.2197265625 2687
14759.20703125 1122
14821.498046875 1670
14839.7392578125 264
14868.5732421875 2173
14915.8759765625 1646
14979.263671875 2396
15010.16015625 49
15037.802734375 189
15047.080078125 261
15057.7353515625 263
15128.224609375 430
15138.1181640625 831
15141.85546875 899
15150.173828125 1123
15150.775390625 1169
15151.7587890625 1350
15214.046875 1405
15279.2080078125 1512
15430.4345703125 1750
15439.43359375 1769
15470.759765625 1908
15482.150390625 1966
15488.15234375 1982
15491.3447265625 1993
15491.3447265625 2094
15496.4423828125 2126
15568.4365234375 2141
15584.1220703125 2171
15589.3876953125 2174
15591.9521484375 2177
15600.166015625 2237
15601.162109375 2367
15608.9716796875 2536
15627.396484375 2542
15651.7353515625 2582
15656.166015625 2675
15725.1240234375 2703
15731.5166015625 1873
15749.013671875 2107
15759.3681640625 1281
15764.9873046875 455
15784.087890625 470
15794.623046875 902
15806.4990234375 926
15847.869140625 967
15911.2548828125 1104
15913.412109375 1225
15965.978515625 1286
15975.7763671875 1506
16029.5693359375 1516
16128.0615234375 1599
16128.54296875 1779
16132.2236328125 1848
16223.255859375 1867
16254.123046875 1883
16266.8681640625 2063
16274.0283203125 2210
16283.24609375 2246
16296.923828125 2285
16312.0771484375 2361
16314.4228515625 2686
16344.56640625 2700
16376.263671875 88
16396.560546875 586
16424.8984375 136
16429.177734375 1471
16435.3359375 226
16437.140625 296
16462.34375 1197
16509.16015625 1666
16519.123046875 2511
16543.634765625 101
16543.75390625 215
16547.09375 549
16581.7421875 550
16583.513671875 573
16633.02734375 1136
16664.02734375 1199
16698.626953125 1530
16703.912109375 1581
16741.8046875 1640
16765.380859375 1688
16806.123046875 1968
16812.05859375 2526
16833.138671875 2571
16837.40625 2983
16884.66015625 1787
16912.375 602
16973.138671875 1146
16979.45703125 253
16994.26171875 342
17008.21484375 843
17031.349609375 1233
17045.775390625 1335
17067.966796875 1394
17078.048828125 1737
17088.076171875 1784
17157.966796875 1950
17185.57421875 2025
17190.9140625 2473
17216.4375 2518
17248.998046875 999
17273.4453125 1056
17279.34765625 1900
17285.046875 1304
17290.744140625 1326
17326.14453125 2967
17336.931640625 1329
17348.203125 50
17355.318359375 318
17376.455078125 389
17382.015625 478
17390.42578125 491
17411.8046875 580
17412.70703125 599
17414.6640625 890
17442.79296875 896
17467.263671875 909
17478.822265625 919
17487.888671875 995
17493.904296875 1273
17496.35546875 1342
17527.05859375 1430
17550.537109375 1495
17609.138671875 1568
17625.716796875 1583
17654.38671875 1764
17668.203125 1774
17685.625 2065
17686.892578125 2117
17692.373046875 2181
17725.662109375 2268
17736.236328125 2465
17820.537109375 2664
17845.42578125 2760
17866.82421875 2764
17877.30078125 2938
17882.208984375 2943
17882.796875 1860
17887.845703125 2880
17909.140625 1333
17957.947265625 2631
17967.94921875 146
18001.41015625 1538
18010.9375 21
18019.75 34
18034.3828125 200
18036.86328125 288
18040.95703125 336
18058.373046875 385
18068.515625 517
18122.12890625 546
18134.21875 609
18164.3984375 614
18196.5546875 683
18196.587890625 686
18248.80078125 769
18277.921875 1097
18294.6953125 1221
18299.078125 1322
18312.759765625 1359
18326.595703125 1376
18338.703125 1686
18349.30078125 1854
18358.45703125 2513
18368.08984375 2553
18384.3984375 2650
18391.49609375 2672
18411.833984375 2911
18459.708984375 78
18463.85546875 2713
18481.646484375 2800
18540.416015625 2651
18543.7890625 2970
18543.806640625 1045
18572.287109375 1068
18572.9453125 2078
18626.822265625 884
18657.89453125 886
18671.24609375 1028
18683.578125 1845
18700.4765625 1932
18708.58984375 2489
18730.373046875 90
18731.0234375 153
18771.24609375 240
18783.912109375 256
18793.33203125 531
18795.29296875 644
18799.380859375 706
18803.328125 775
18815.2421875 1163
18819.65234375 1483
18845.2578125 2114
18872.78125 2379
18876.873046875 2424
18905.015625 2433
18914.42578125 2435
18920.400390625 2442
18934.3359375 2683
18938.0859375 2811
18966.162109375 2176
18980.34765625 169
19003.30078125 2207
19008.69921875 1144
19025.375 2180
19043.908203125 73
19050.244140625 663
19086.556640625 677
19093.390625 756
19106.34375 925
19120.83203125 927
19125.7421875 946
19152.689453125 996
19168.91796875 1141
19169.642578125 1202
19179.15625 1251
19193.9609375 1457
19212.67578125 1502
19255.14453125 1591
19260.966796875 1733
19263.263671875 1735
19292.53125 1919
19307.625 1933
19323.09765625 1955
19324.6953125 2002
19335.751953125 2335
19363.521484375 2341
19378.689453125 2565
19426.845703125 2695
19435.22265625 2763
19466.375 2840
19466.83203125 2422
19471.453125 1282
19483.5390625 488
19488.953125 869
19490.52734375 2059
19582.763671875 787
19585.6796875 904
19596.515625 137
19634.091796875 275
19638.427734375 328
19645.4453125 333
19648.529296875 392
19669.15625 407
19672.13671875 489
19692.2890625 680
19706.953125 1022
19722.25390625 1290
19736.16015625 1358
19756.7109375 1607
19773.103515625 1653
19776.171875 2024
19786.60546875 2184
19795.1484375 2221
19807.51953125 2394
19808.505859375 2427
19841.8203125 2517
19857.46484375 2655
19863.01953125 2704
19869.587890625 2900
19897.970703125 2946
19916.701171875 459
19953.890625 1408
19968.19921875 1339
19983.751953125 22
20007.142578125 45
20020.46484375 300
20056.982421875 812
20078.6796875 922
20094.619140625 947
20103.255859375 975
20104.828125 1001
20117.3046875 1095
20149.91796875 1275
20150.52734375 1664
20210.4921875 1708
20228.853515625 1763
20240.162109375 1766
20240.7421875 1889
20243.162109375 2077
20278.271484375 2082
20309.970703125 2131
20346.1796875 2315
20361.240234375 2317
20365.828125 2409
20370.26171875 2608
20371.939453125 2616
20375.306640625 2649
20380.07421875 2819
20385.15234375 2862
20385.8359375 1164
20403.916015625 2213
20404.890625 1050
20410.439453125 979
20418.19921875 1562
20463.92578125 1597
20476.466796875 2334
20502.06640625 587
20524.71875 630
20534.521484375 777
20545.0703125 1012
20551.6484375 1064
20555.20703125 1082
20579.42578125 1462
20581.283203125 1501
20635.49609375 1654
20636.76171875 1800
20669.373046875 2656
20677.42578125 2884
20678.9453125 1416
20681.876953125 1575
20691.87109375 2889
20695.078125 445
20717.412109375 30
20719.53515625 2484
20746.24609375 38
20751.021484375 40
20753.47265625 76
20758.732421875 77
20766.22265625 108
20796.0390625 164
20799.9765625 211
20810.31640625 225
20831.689453125 376
20837.21875 437
20841.45703125 510
20850.111328125 646
20851.220703125 671
20851.400390625 738
20856.525390625 770
20875.232421875 1434
20878.8828125 1610
20906.595703125 1662
20911.142578125 1709
20932.16015625 1998
20949.357421875 2166
20966.5 2220
20972.498046875 2238
20999.95703125 2255
21009.646484375 2345
21036.931640625 2510
21041.701171875 2581
21042.984375 2607
21067.1015625 2807
21083.939453125 1015
21086.66796875 1984
21099.6875 1258
21106.763671875 2555
21110.16796875 1147
21114.48828125 865
21178.619140625 939
21195.42578125 1497
21204.822265625 2630
21220.791015625 2752
21222.791015625 457
21255.15234375 309
21271.98046875 316
21278.98046875 483
21281.771484375 484
21290.3046875 633
21307.513671875 1026
21318.396484375 1036
21337.431640625 1176
21360.306640625 1423
21362.326171875 1485
21368.63671875 1590
21411.8125 1702
21422.66796875 1759
21423.6484375 1818
21432.21875 1958
21456.892578125 1963
21461.51953125 1977
21471.26171875 2053
21523.01171875 2056
21523.22265625 2125
21526.115234375 2304
21529.48828125 2356
21537.5234375 2477
21550.978515625 2533
21554.9453125 2732
21596.4921875 2948
21614.5234375 1601
21652.17578125 2256
21653.283203125 2104
21694.47265625 284
21706.853515625 182
21715.490234375 916
21715.919921875 1667
21720.96875 1852
21734.4609375 727
21745.1328125 2036
21746.7734375 2772
21759.169921875 130
21759.380859375 219
21773.751953125 394
21785.275390625 405
21787.060546875 634
21806.068359375 856
21821.765625 983
21850.4765625 1117
21886.904296875 1386
21912.369140625 1791
21919.5 1991
21966.12890625 2060
21981.375 2215
22053.4296875 2314
22063.900390625 2440
22066.203125 2467
22069.41796875 2618
22083.806640625 2648
22085.677734375 2694
22101.1640625 1772
22102.08203125 818
22102.853515625 2907
22117.4453125 660
22117.998046875 1168
22122.0390625 1145
22178.22265625 1476
22198.583984375 1618
22212.751953125 655
22229.39453125 1592
22230.619140625 2120
22233.748046875 2557
22265.958984375 112
22267.53515625 350
22267.53515625 356
22291.396484375 448
22312.666015625 1500
22361.859375 1526
22375.857421875 1587
22386.607421875 1881
22387.228515625 1943
22436.1953125 1962
22440.7890625 1995
22440.7890625 2075
22481.083984375 2118
22481.705078125 2309
22515.12109375 2418
22538.60546875 2516
22565.357421875 2588
22565.818359375 2605
22569.75 2623
22579.20703125 2937
22582.283203125 1005
22587.158203125 110
22595.478515625 2360
22628.02734375 121
22653.904296875 1046
22669.74609375 298
22671.232421875 372
22673.50390625 492
22693.275390625 752
22699.39453125 838
22701.91796875 903
22704.318359375 1034
22711.38671875 1128
22717.232421875 1187
22746.5 1437
22850.55078125 1488
22858.564453125 1534
22898.94140625 1657
22954.66015625 1678
22981.376953125 1824
23020.171875 1826
23036.927734375 1941
23047.412109375 1997
23048.55859375 2318
23051.646484375 2327
23052.1953125 2362
23063.181640625 2404
23084.490234375 2453
23125.755859375 2458
23134.0078125 2496
23169.71875 2696
23176.064453125 2722
23181.95703125 2796
23182.05078125 2584
23204.75390625 2872
23222.63671875 2589
23271.869140625 2135
23281.67578125 1802
23302.921875 1853
23331.84375 1892
23341.453125 1580
23344.7734375 25
23386.46484375 72
23387.5625 343
23391.416015625 710
23397.5546875 755
23431.322265625 885
23440.029296875 1683
23461.36328125 1776
23461.90234375 1972
23469.75390625 2047
23471.328125 2138
23474.14453125 2185
23510.771484375 2344
23521.29296875 2545
23530.6796875 2573
23532.71484375 2855
23551.333984375 2159
23572.34375 1067
23575.01171875 371
23591.74609375 243
23609.3984375 1301
23620.5 311
23620.533203125 426
23628.974609375 648
23631.3984375 720
23647.58203125 792
23670.595703125 940
23672.068359375 1006
23739.28125 1032
23760.0234375 1160
23805.759765625 1189
23816.52734375 2183
23829.19140625 2190
23829.515625 2301
23845.240234375 1459
23857.345703125 1649
23881.50390625 353
23887.375 2706
23900.3828125 1511
23921.482421875 1778
24024.001953125 329
24056.609375 731
24070.716796875 1400
24087.5703125 2070
24090.53125 1480
24092.6953125 1714
24131.271484375 249
24136.431640625 94
24139.240234375 2823
24155.33984375 471
24174.380859375 473
24179.42578125 747
24183.998046875 915
24203.728515625 921
24228.1640625 993
24244.787109375 1072
24246.66015625 1415
24249.96484375 1541
24271.986328125 1746
24306.16015625 1949
24313.095703125 2079
24330.033203125 2219
24378.94921875 2258
24387.462890625 2413
24402.162109375 2628
24411.66796875 2828
24415.904296875 2903
24423.83203125 2996
24433.19921875 204
24437.904296875 1247
24485.83203125 1410
24509.423828125 1888
24511.85546875 1214
24527.55859375 1658
24571.380859375 2587
24579.064453125 380
24594.748046875 688
24596.2265625 1761
24602.060546875 66
24607.484375 127
24617.076171875 179
24622.92578125 855
24681.2109375 1198
24682.828125 1250
24682.9765625 1507
24691.880859375 1558
24709.580078125 2007
24725.279296875 2092
24742.248046875 2231
24800.873046875 2384
24803.39453125 2457
24817.564453125 2544
24839.232421875 2717
24844.232421875 2774
24852.533203125 2794
24862.251953125 2909
24870.083984375 972
24882.4140625 1138
24882.71875 1442
24908.40234375 1137
24915.70703125 102
24936.177734375 667
24965.85546875 1935
24974.53125 2352
25043.46875 2887
25061.521484375 427
25065.5234375 1533
25079.927734375 170
25115.19921875 262
25132.609375 306
25159.978515625 596
25171.185546875 805
25174.501953125 849
25188.66796875 850
25208.33984375 965
25233.58984375 976
25257.5703125 1058
25265.34375 1403
25329.59765625 1645
25391.4453125 1999
25404.740234375 2292
25410.720703125 2392
25412.99609375 2403
25504.0078125 2497
25507.140625 2524
25507.66015625 2601
25547.912109375 2652
25561.564453125 2657
25591.162109375 2761
25656.361328125 2839
25681.994140625 2939
25694.22265625 2984
25707.115234375 1027
25709.29296875 622
25725.97265625 417
25746.70703125 450
25754.369140625 690
25775.91796875 969
25789.19140625 982
25811.544921875 1040
25825.40625 1078
25831.119140625 1083
25842.2109375 1382
25843.29296875 1391
25861.958984375 1486
25954.90234375 1503
25977.328125 1547
25987.47265625 1561
26013.328125 1965
26029.34375 2026
26035.509765625 2066
26059.12109375 2182
26108.087890625 2245
26210.15625 2460
26220.505859375 2466
26224.97265625 2540
26238.146484375 2593
26245.28515625 2632
26261.724609375 2753
26351.328125 2759
26352.625 2793
26361.3359375 2925
26367.853515625 2152
26389.64453125 762
26392.150390625 2757
26439.009765625 37
26467.673828125 1624
26467.673828125 1271
26503.30078125 2370
26533.71484375 2895
26600.041015625 2411
26710.03515625 67
26713.32421875 150
26827.767578125 171
26839.703125 195
26847.576171875 363
26869.41796875 522
26897.7578125 657
26924.45703125 701
26976.734375 760
27029.466796875 811
27044.359375 874
27089.23828125 875
27132.830078125 1002
27158.162109375 1007
27164.2890625 1023
27173.64453125 1356
27200.466796875 1378
27218.404296875 1489
27251.45703125 1629
27260.623046875 2721
27320.8125 2032
27339.08984375 2259
27342.80859375 771
27345.0703125 1543
27446.810546875 2241
27450.28125 1964
27615.0 1625
27615.484375 2693
27670.197265625 222
27678.6796875 258
27687.48828125 281
27715.890625 506
27808.73828125 582
27818.97265625 724
27936.44921875 879
27979.9609375 1003
28069.80078125 1171
28151.787109375 1182
28194.76953125 1588
28199.794921875 1685
28297.654296875 1758
28472.33203125 2300
28562.986328125 2310
28772.92578125 2705
28840.09765625 2845
28878.29296875 2916
28908.69921875 1811
29029.853515625 2701
29032.2578125 421
29059.017578125 1440
29126.4375 2337
29197.857421875 2531
29292.4921875 18
29323.908203125 29
29438.544921875 31
29569.36328125 104
29661.80078125 274
29765.787109375 321
29769.876953125 370
29815.70703125 375
29880.63671875 562
30012.150390625 914
30038.19140625 944
30058.3046875 1672
30361.21875 1684
30492.8046875 1825
30547.65234375 1846
30639.83984375 1960
30672.74609375 1976
30731.6796875 2006
30820.986328125 2319
30846.44140625 2405
30846.44140625 2550
31047.359375 2606
31118.0859375 2768
31359.1953125 1081
31486.994140625 1780
31641.87890625 16
31654.66796875 28
31681.77734375 125
31784.83203125 212
31974.181640625 265
32004.06640625 295
32174.73046875 360
32284.2734375 364
32364.46875 937
32500.390625 1077
32598.4921875 1101
32893.125 1241
33414.4765625 1243
33536.68359375 1307
33661.328125 1343
34235.29296875 1404
34515.2265625 1418
34773.54296875 1585
34788.97265625 1719
34909.859375 1822
35217.03515625 2009
35504.33984375 2164
35590.7109375 2214
35879.46484375 2250
36442.765625 2263
36920.8203125 2342
41025.06640625 2359
41952.21484375 2547
