3363.955078125 2152
3365.654296875 762
3405.6943359375 2757
3427.72412109375 37
3585.63818359375 1624
3644.57080078125 1271
3665.725830078125 2370
3688.84228515625 2895
3739.54833984375 2411
3792.0693359375 67
3978.018310546875 150
4005.259765625 171
4058.4375 195
4160.8623046875 363
4204.0068359375 522
4268.033203125 657
4270.97314453125 701
4280.6533203125 760
4308.2958984375 811
4346.615234375 874
4841.34326171875 875
4867.92041015625 1002
4951.8564453125 1007
4975.564453125 1023
5026.0361328125 1356
5107.375 1378
5255.42724609375 1489
5267.44384765625 1629
5319.1455078125 2721
5462.724609375 1446
5558.69775390625 87
5616.712890625 251
5647.98388671875 527
5674.09375 529
5688.6044921875 625
5701.857421875 641
5712.6845703125 693
5790.5302734375 873
5818.15576171875 881
5825.6796875 928
5880.59326171875 1133
5967.2685546875 1283
6089.28515625 1318
6093.03857421875 1346
6105.9306640625 1417
6107.13720703125 1720
6119.89990234375 1987
6193.80322265625 2226
6245.71337890625 2296
6245.71337890625 2515
6255.3896484375 2572
6293.79296875 2669
6295.486328125 2728
6405.45703125 2734
6412.9501953125 2746
6417.9853515625 2852
6428.400390625 2866
6445.861328125 2915
6464.27783203125 2949
6465.9482421875 377
6474.72265625 2281
6572.384765625 160
6625.6943359375 1
6639.873046875 425
6670.37109375 446
6678.638671875 800
6720.54248046875 918
6773.89990234375 953
6830.01513671875 985
6864.9697265625 986
6913.9443359375 1008
6944.97607421875 1043
6965.892578125 1270
6984.1435546875 1317
7009.751953125 1435
7029.25830078125 1548
7067.251953125 1606
7133.6689453125 1661
7143.7548828125 1712
7169.07763671875 2010
7179.1298828125 2088
7242.4482421875 2365
7345.0 2410
7396.658203125 2414
7429.37841796875 2482
7524.0869140625 2560
7574.44091796875 2781
7580.29443359375 2820
7581.58935546875 997
7590.96337890625 1781
7590.96337890625 81
7595.12451171875 229
7613.46435546875 440
7617.32373046875 548
7631.5546875 611
7658.306640625 826
7704.63427734375 834
7725.576171875 848
7763.1416015625 871
7809.40283203125 893
7856.47705078125 1231
7857.1806640625 1256
7900.8447265625 1315
7915.48828125 1458
7944.0751953125 1550
7946.3525390625 1671
7965.908203125 1711
8069.7724609375 1815
8082.98095703125 1893
8132.39892578125 2312
8189.96240234375 2324
8198.083984375 2385
8198.388671875 2447
8233.1748046875 2562
8260.33984375 2610
8288.798828125 2622
8306.8515625 2853
8345.173828125 2924
8372.591796875 2927
8401.8779296875 2239
8453.8798828125 1362
8512.357421875 1926
8530.7802734375 2997
8539.9326171875 254
8558.8173828125 388
8564.0322265625 465
8596.1513671875 498
8627.3349609375 520
8722.19140625 962
8728.4453125 981
8732.4638671875 1156
8743.3447265625 1652
8751.056640625 2205
8768.0009765625 2339
8771.490234375 2417
8850.671875 2494
8857.126953125 2687
8859.4267578125 1122
8859.896484375 1670
8866.0400390625 264
8886.64453125 2173
8942.076171875 1646
8952.841796875 2396
8953.1689453125 49
8953.279296875 189
8985.1455078125 261
9019.6748046875 263
9024.37109375 430
9033.3515625 831
9064.380859375 899
9082.2880859375 1123
9092.34375 1169
9100.1142578125 1350
9136.2607421875 1405
9150.7607421875 1512
9154.7470703125 1750
9170.9267578125 1769
9210.6201171875 1908
9426.857421875 1966
9430.337890625 1982
9443.498046875 1993
9448.6142578125 2094
9499.779296875 2126
9503.357421875 2141
9513.3505859375 2171
9537.775390625 2174
9541.05078125 2177
9542.296875 2237
9554.1123046875 2367
9582.447265625 2536
9636.025390625 2542
9665.423828125 2582
9678.005859375 2675
9695.7353515625 2703
9699.087890625 1873
9717.0361328125 2107
9730.5302734375 1281
9738.3525390625 455
9738.3525390625 470
9777.21484375 902
9844.576171875 926
9845.216796875 967
9874.68359375 1104
9875.3251953125 1225
9875.3251953125 1286
9880.6513671875 1506
9957.4599609375 1516
9972.0830078125 1599
9990.232421875 1779
10037.36328125 1848
10044.5439453125 1867
10200.396484375 1883
10227.03515625 2063
10270.4677734375 2210
10297.73828125 2246
10297.833984375 2285
10299.53515625 2361
10372.341796875 2686
10380.95703125 2700
10386.544921875 88
10389.708984375 586
10410.154296875 136
10438.0419921875 1471
10446.6826171875 226
10453.884765625 296
10466.748046875 1197
10470.1455078125 1666
10486.259765625 2511
10499.2265625 101
10509.111328125 215
10523.6123046875 549
10547.4794921875 550
10549.0595703125 573
10551.8427734375 1136
10560.05859375 1199
10566.3427734375 1530
10586.025390625 1581
10604.7236328125 1640
10612.8603515625 1688
10616.4296875 1968
10621.892578125 2526
10636.5673828125 2571
10667.802734375 2983
10717.310546875 1787
10808.7705078125 602
10842.734375 1146
10864.3466796875 253
10881.2822265625 342
10897.814453125 843
10910.63671875 1233
10922.2021484375 1335
10935.724609375 1394
10949.4619140625 1737
10959.8828125 1784
10964.568359375 1950
10965.095703125 2025
10984.080078125 2473
10987.0546875 2518
10991.8466796875 999
10996.1806640625 1056
11001.49609375 1900
11005.67578125 1304
11013.08203125 1326
11013.44140625 2967
11017.7705078125 1329
11018.4697265625 50
11030.5009765625 318
11046.490234375 389
11051.4033203125 478
11054.287109375 491
11056.7216796875 580
11062.71484375 599
11092.4873046875 890
11092.7734375 896
11123.8798828125 909
11167.146484375 919
11182.3369140625 995
11215.7734375 1273
11252.9521484375 1342
11261.7578125 1430
11272.1591796875 1495
11287.541015625 1568
11391.1767578125 1583
11415.46875 1764
11418.0859375 1774
11422.357421875 2065
11423.4375 2117
11425.1826171875 2181
11515.2333984375 2268
11535.6787109375 2465
11540.2197265625 2664
11555.591796875 2760
11580.9755859375 2764
11587.1865234375 2938
11587.3916015625 2943
11600.9384765625 1860
11655.3125 2880
11661.220703125 1333
11670.353515625 2631
11689.8408203125 146
11741.0498046875 1538
11752.7412109375 21
11768.4541015625 34
11777.265625 200
11814.078125 288
11815.8681640625 336
11835.384765625 385
11844.9248046875 517
11853.830078125 546
11857.1357421875 609
11876.6376953125 614
11884.9833984375 683
11896.111328125 686
11905.2275390625 769
11931.41796875 1097
11936.0234375 1221
11947.54296875 1322
11954.8935546875 1359
11969.064453125 1376
11995.21484375 1686
12027.8271484375 1854
12056.1005859375 2513
12068.4658203125 2553
12084.111328125 2650
12084.4208984375 2672
12094.86328125 2911
12100.8505859375 78
12107.453125 2713
12128.81640625 2800
12135.9267578125 2651
12138.1650390625 2970
12147.484375 1045
12147.9404296875 1068
12163.677734375 2078
12168.619140625 884
12184.560546875 886
12189.0302734375 1028
12202.4658203125 1845
12205.470703125 1932
12227.974609375 2489
12249.7314453125 90
12269.5703125 153
12270.04296875 240
12276.669921875 256
12280.0498046875 531
12284.818359375 644
12308.103515625 706
12315.8212890625 775
12329.3642578125 1163
12345.30078125 1483
12349.78125 2114
12352.580078125 2379
12376.2431640625 2424
12385.71484375 2433
12386.6689453125 2435
12391.740234375 2442
12400.49609375 2683
12430.234375 2811
12430.9453125 2176
12466.59765625 169
12512.5712890625 2207
12522.865234375 1144
12533.4931640625 2180
12536.240234375 73
12570.8935546875 663
12571.91796875 677
12596.306640625 756
12606.9765625 925
12649.7958984375 927
12650.1015625 946
12659.9130859375 996
12669.1630859375 1141
12671.359375 1202
12676.33984375 1251
12678.6767578125 1457
12716.130859375 1502
12719.3330078125 1591
12741.02734375 1733
12754.9296875 1735
12759.05859375 1919
12768.14453125 1933
12769.2626953125 1955
12775.095703125 2002
12800.513671875 2335
12818.595703125 2341
12820.150390625 2565
12820.515625 2695
12834.419921875 2763
12868.015625 2840
12871.87109375 2422
12888.3935546875 1020
12894.8837890625 640
12904.068359375 59
12913.9208984375 177
12930.587890625 191
12934.3984375 575
12940.0908203125 687
13005.6015625 934
13006.4697265625 1119
13033.587890625 1529
13038.982421875 1697
13077.2119140625 1810
13080.1591796875 1831
13084.0546875 2354
13085.2626953125 2528
13136.9169921875 2679
13171.888671875 2712
13194.7568359375 2747
13206.6484375 2809
13207.1591796875 2821
13208.30078125 2842
13215.400390625 2860
13255.1748046875 2906
13256.380859375 2994
13263.01953125 186
13288.2197265625 223
13299.68359375 1594
13301.6943359375 410
13311.087890625 631
13317.1337890625 132
13333.6484375 2576
13364.0478515625 1282
13367.0361328125 488
13369.7890625 869
13384.7744140625 2059
13385.380859375 787
13414.056640625 904
13461.3759765625 137
13488.013671875 275
13501.5791015625 328
13502.9658203125 333
13516.55859375 392
13529.8671875 407
13547.30859375 489
13550.8310546875 680
13562.5380859375 1022
13565.875 1290
13579.306640625 1358
13589.98828125 1607
13591.39453125 1653
13593.279296875 2024
13603.970703125 2184
13623.44140625 2221
13665.18359375 2394
13681.623046875 2427
13682.189453125 2517
13685.05859375 2655
13688.21484375 2704
13693.7060546875 2900
13700.3212890625 2946
13705.447265625 459
13725.94921875 1408
13750.642578125 1339
13780.4052734375 22
13784.150390625 45
13801.716796875 300
13826.1611328125 812
13881.025390625 922
13882.3798828125 947
13906.8349609375 975
13921.173828125 1001
13958.1220703125 1095
13984.23046875 1275
14012.1748046875 1664
14024.90234375 1708
14025.318359375 1763
14036.513671875 1766
14061.5576171875 1889
14066.92578125 2077
14067.681640625 2082
14070.548828125 2131
14077.75 2315
14113.5029296875 2317
14130.1337890625 2409
14131.58203125 2608
14144.37890625 2616
14166.3662109375 2649
14167.6650390625 2819
14178.6669921875 2862
14206.478515625 1164
14219.9931640625 2213
14242.7265625 1050
14251.357421875 979
14256.83984375 1562
14266.4228515625 1597
14267.607421875 2334
14271.41015625 587
14305.150390625 630
14313.759765625 777
14316.623046875 1012
14319.7373046875 1064
14346.2705078125 1082
14354.9677734375 1462
14360.1904296875 1501
14388.8916015625 1654
14397.990234375 1800
14440.4560546875 2656
14445.98828125 2884
14452.8544921875 1416
14454.3046875 1575
14488.162109375 2889
14493.951171875 445
14497.607421875 30
14512.9248046875 2484
14530.349609375 38
14534.728515625 40
14540.091796875 76
14568.263671875 77
14575.6826171875 108
14580.3896484375 164
14586.544921875 211
14620.87890625 225
14633.7763671875 376
14646.515625 437
14649.7568359375 510
14674.240234375 646
14676.7744140625 671
14684.0712890625 738
14716.875 770
14719.861328125 1434
14729.203125 1610
14765.5859375 1662
14769.8095703125 1709
14787.833984375 1998
14800.0625 2166
14836.208984375 2220
14837.6552734375 2238
14846.6220703125 2255
14856.1015625 2345
14871.712890625 2510
14915.451171875 2581
14932.3974609375 2607
14948.537109375 2807
14954.6220703125 1015
14967.16796875 1984
14975.5703125 1258
14979.98828125 2555
14990.314453125 1147
14998.4423828125 865
15001.419921875 939
15007.68359375 1497
15009.392578125 2630
15015.1875 2752
15041.5380859375 457
15042.185546875 309
15055.96875 316
15068.8603515625 483
15085.9794921875 484
15087.986328125 633
15103.705078125 1026
15113.0029296875 1036
15116.7060546875 1176
15162.3779296875 1423
15166.826171875 1485
15173.3779296875 1590
15173.712890625 1702
15187.1494140625 1759
15195.390625 1818
15197.513671875 1958
15204.322265625 1963
15207.3759765625 1977
15220.6875 2053
15224.58984375 2056
15225.990234375 2125
15236.6982421875 2304
15266.0126953125 2356
15269.7861328125 2477
15275.08984375 2533
15281.435546875 2732
15307.5078125 2948
15318.7587890625 1601
15321.419921875 2256
15323.0390625 2104
15324.69140625 284
15334.3212890625 182
15351.52734375 916
15351.63671875 1667
15355.189453125 1852
15376.0234375 727
15376.62890625 2036
15387.41796875 2772
15406.1240234375 130
15449.287109375 219
15468.4619140625 394
15468.861328125 405
15485.083984375 634
15519.67578125 856
15560.91015625 983
15565.05859375 1117
15579.7607421875 1386
15597.2041015625 1791
15619.2099609375 1991
15640.970703125 2060
15642.259765625 2215
15668.716796875 2314
15687.33984375 2440
15715.685546875 2467
15721.658203125 2618
15731.552734375 2648
15736.00390625 2694
15759.15625 1772
15793.244140625 818
15843.4892578125 2907
15856.8193359375 660
15921.755859375 1168
15939.064453125 1145
15947.169921875 1476
15967.79296875 1618
15973.5244140625 655
15975.1611328125 1592
15987.05078125 2120
16008.5595703125 2557
16016.662109375 112
16026.353515625 350
16056.73828125 356
16057.759765625 448
16065.876953125 1500
16072.4560546875 1526
16073.75 1587
16080.95703125 1881
16082.7421875 1943
16090.455078125 1962
16093.20703125 1995
16124.890625 2075
16140.939453125 2118
16147.419921875 2309
16156.0654296875 2418
16161.41796875 2516
16176.865234375 2588
16191.9697265625 2605
16203.908203125 2623
16216.8037109375 2937
16234.0009765625 1005
16247.9326171875 110
16311.275390625 2360
16353.4140625 121
16355.677734375 1046
16361.0380859375 298
16380.296875 372
16394.125 492
16408.83203125 752
16413.66796875 838
16417.494140625 903
16432.1640625 1034
16434.9296875 1128
16439.97265625 1187
16477.60546875 1437
16510.375 1488
16525.771484375 1534
16538.75390625 1657
16571.943359375 1678
16588.03515625 1824
16593.599609375 1826
16658.43359375 1941
16664.26953125 1997
16664.6484375 2318
16678.708984375 2327
16717.17578125 2362
16748.8203125 2404
16818.41796875 2453
16819.0625 2458
16823.58984375 2496
16833.3515625 2696
16839.87890625 2722
16847.021484375 2796
16853.2109375 2584
16857.8984375 2872
16858.623046875 2589
16866.8046875 2135
16873.091796875 1802
16887.328125 1853
16896.0625 1892
16951.8515625 1580
16952.37890625 25
16965.046875 72
16993.95703125 343
16995.7734375 710
17000.345703125 755
17038.9921875 885
17054.5546875 1683
17070.82421875 1776
17072.275390625 1972
17107.068359375 2047
17119.916015625 2138
17168.046875 2185
17177.5625 2344
17252.396484375 2545
17264.029296875 2573
17273.888671875 2855
17292.544921875 2159
17303.228515625 1067
17307.359375 371
17319.658203125 243
17332.818359375 1301
17335.423828125 311
17353.265625 426
17400.8046875 648
17407.02734375 720
17433.6953125 792
17463.5625 940
17464.904296875 1006
17481.8671875 1032
17527.146484375 1160
17528.978515625 1189
17591.306640625 2183
17635.5078125 2190
17643.80078125 2301
17649.125 1459
17666.5078125 1649
17673.265625 353
17679.759765625 2706
17709.650390625 1511
17730.615234375 1778
17735.091796875 329
17753.4296875 731
17794.8203125 1400
17810.01953125 2070
17810.595703125 1480
17835.951171875 1714
17861.125 249
17866.26171875 94
17892.482421875 2823
17898.296875 471
17912.107421875 473
17983.404296875 747
17992.4453125 915
18037.525390625 921
18068.6328125 993
18077.09765625 1072
18082.388671875 1415
18171.498046875 1541
18208.015625 1746
18298.916015625 1949
18346.978515625 2079
18358.51953125 2219
18376.00390625 2258
18406.515625 2413
18408.3203125 2628
18412.775390625 2828
18429.013671875 2903
18497.8828125 2996
18560.62109375 204
18589.134765625 1247
18598.92578125 1410
18614.216796875 1888
18630.74609375 1214
18638.681640625 1658
18640.392578125 2587
18659.21484375 380
18714.4453125 688
18736.259765625 1761
18767.10546875 66
18848.396484375 127
18875.115234375 179
18910.40234375 855
18924.41796875 1198
18937.904296875 1250
18990.546875 1507
19016.703125 1558
19058.77734375 2007
19076.96484375 2092
19158.810546875 2231
19171.787109375 2384
19190.076171875 2457
19192.951171875 2544
19207.44140625 2717
19260.57421875 2774
19266.890625 2794
19341.515625 2909
19427.732421875 972
19432.07421875 1138
19434.853515625 1442
19459.9140625 1137
19481.654296875 102
19490.068359375 667
19599.923828125 1935
19751.77734375 2352
19781.720703125 2887
19784.896484375 427
19813.6796875 1533
19821.0078125 170
19909.04296875 262
19929.9296875 306
19934.859375 596
19944.265625 805
19962.638671875 849
19968.001953125 850
19968.615234375 965
20028.73828125 976
20034.912109375 1058
20077.12109375 1403
20130.193359375 1645
20161.248046875 1999
20196.15234375 2292
20286.9453125 2392
20296.916015625 2403
20324.296875 2497
20327.974609375 2524
20348.16015625 2601
20368.40234375 2652
20446.203125 2657
20450.814453125 2761
20466.228515625 2839
20473.880859375 2939
20502.33203125 2984
20510.833984375 1027
20516.619140625 622
20583.625 417
20617.48828125 450
20742.427734375 690
20751.451171875 969
20779.583984375 982
20779.583984375 1040
20795.056640625 1078
20807.341796875 1083
20824.49609375 1382
20830.125 1391
20854.9140625 1486
20856.294921875 1503
20883.814453125 1547
20982.2421875 1561
20984.998046875 1965
21009.673828125 2026
21029.76953125 2066
21085.216796875 2182
21098.884765625 2245
21100.703125 2460
21110.3203125 2466
21126.560546875 2540
21135.998046875 2593
21146.12109375 2632
21192.951171875 2753
21196.310546875 2759
21263.099609375 2793
21320.865234375 2925
21329.162109375 2032
21338.119140625 2259
21340.203125 771
21340.46484375 1543
21363.955078125 2241
21371.09765625 1964
21401.970703125 1625
21414.671875 2693
21468.833984375 222
21528.646484375 258
21677.046875 281
21677.046875 506
21722.404296875 582
21763.125 724
21770.154296875 879
21984.142578125 1003
22084.94921875 1171
22190.17578125 1182
22343.240234375 1588
22348.79296875 1685
22508.26171875 1758
22559.123046875 2300
22562.779296875 2310
22567.2265625 2705
22714.8125 2845
22745.083984375 2916
22783.421875 1811
22832.5546875 2701
22877.99609375 421
22944.3046875 1440
22982.564453125 2337
23096.966796875 2531
23181.291015625 18
23192.302734375 29
23209.818359375 31
23260.18359375 104
23260.376953125 274
23265.16796875 321
23461.57421875 370
23519.3125 375
23530.09375 562
23623.875 914
23627.34375 944
23649.2109375 1672
23806.26953125 1684
23835.47265625 1825
23937.0859375 1846
23975.80078125 1960
24064.37109375 1976
24100.91796875 2006
24317.197265625 2319
24532.7109375 2405
24625.748046875 2550
24694.765625 2606
24747.525390625 2768
24826.783203125 1081
25014.125 1780
25299.556640625 16
25324.591796875 28
25416.20703125 125
25743.15234375 212
26098.41015625 265
26137.6796875 295
26411.19140625 360
26503.41796875 364
26639.259765625 937
26641.361328125 1077
26705.572265625 1101
27093.69140625 1241
27417.779296875 1243
27469.9140625 1307
27776.9375 1343
27793.330078125 1404
28136.99609375 1418
28252.26953125 1585
28375.1953125 1719
28692.32421875 1822
28846.51171875 2009
28850.3671875 2164
29139.509765625 2214
29377.90234375 2250
29610.337890625 2263
32620.806640625 2342
34152.828125 2359
37367.35546875 2547
