6960.78564453125 2152
6972.0537109375 762
6994.14599609375 2757
7117.046875 37
7141.56884765625 1624
7150.8583984375 1271
7312.44189453125 2370
7424.4443359375 2895
7425.88671875 2411
7618.31298828125 67
7671.60302734375 150
7673.17626953125 171
7754.2568359375 195
7803.0478515625 363
7887.95361328125 522
8014.0263671875 657
8030.42236328125 701
8064.6533203125 760
8071.66748046875 811
8152.900390625 874
8203.0634765625 875
8212.3837890625 1002
8236.8291015625 1007
8343.5625 1023
8363.560546875 1356
8385.20703125 1378
8419.611328125 1489
8458.728515625 1629
8490.5947265625 2721
8500.11328125 1446
8554.318359375 87
8562.6953125 251
8585.046875 527
8601.443359375 529
8617.6025390625 625
8628.2109375 641
8632.0771484375 693
8633.53515625 873
8683.7548828125 881
8725.259765625 928
8728.166015625 1133
8737.7080078125 1283
8746.6044921875 1318
8756.90234375 1346
8767.7158203125 1417
8808.5478515625 1720
8808.8955078125 1987
8812.45703125 2226
8819.2001953125 2296
8844.7548828125 2515
8861.673828125 2572
8876.7900390625 2669
8884.5654296875 2728
8891.458984375 2734
8894.29296875 2746
8913.28515625 2852
8926.61328125 2866
8958.69921875 2915
8961.0625 2949
8966.7431640625 377
9000.0966796875 2281
9007.189453125 160
9008.76171875 1
9029.1943359375 425
9053.59375 446
9055.330078125 800
9070.2109375 918
9080.00390625 953
9084.3916015625 985
9126.1064453125 986
9132.193359375 1008
9134.8369140625 1043
9140.1640625 1270
9140.1845703125 1317
9157.7724609375 1435
9186.4130859375 1548
9205.2275390625 1606
9213.478515625 1661
9218.76171875 1712
9227.1865234375 2010
9227.1865234375 2088
9230.22265625 2365
9236.8515625 2410
9265.3251953125 2414
9268.04296875 2482
9274.7255859375 2560
9286.154296875 2781
9298.40234375 2820
9341.2783203125 997
9343.365234375 1781
9348.4169921875 81
9350.66015625 229
9363.0927734375 440
9368.201171875 548
9372.7119140625 611
9403.703125 826
9424.9892578125 834
9438.84765625 848
9445.29296875 871
9457.630859375 893
9462.181640625 1231
9465.212890625 1256
9469.6416015625 1315
9482.443359375 1458
9513.107421875 1550
9545.46875 1671
9547.931640625 1711
9574.3857421875 1815
9582.7197265625 1893
9589.58984375 2312
9601.08984375 2324
9611.5546875 2385
9623.2060546875 2447
9663.134765625 2562
9692.5947265625 2610
9716.443359375 2622
9718.890625 2853
9719.005859375 2924
9719.6318359375 2927
9751.044921875 2239
9754.4345703125 1362
9770.412109375 1926
9779.3876953125 2997
9779.568359375 254
9782.3544921875 388
9787.724609375 465
9798.8828125 498
9799.3603515625 520
9804.9833984375 962
9809.4404296875 981
9814.59765625 1156
9815.994140625 1652
9823.3115234375 2205
9824.77734375 2339
9830.2607421875 2417
9836.533203125 2494
9851.11328125 2687
9859.904296875 1122
9875.068359375 1670
9876.64453125 264
9876.7080078125 2173
9880.7978515625 1646
9885.7265625 2396
9891.693359375 49
9895.58984375 189
9925.3857421875 261
9927.74609375 263
9940.7724609375 430
9941.6220703125 831
9947.6455078125 899
9956.623046875 1123
9959.7958984375 1169
10007.30078125 1350
10021.2509765625 1405
10022.095703125 1512
10050.6669921875 1750
10056.181640625 1769
10063.1923828125 1908
10064.6884765625 1966
10069.8779296875 1982
10077.734375 1993
10080.826171875 2094
10083.748046875 2126
10092.490234375 2141
10098.94921875 2171
10107.248046875 2174
10123.7265625 2177
10136.0078125 2237
10136.0078125 2367
10136.2373046875 2536
10157.3349609375 2542
10168.419921875 2582
10173.615234375 2675
10174.6298828125 2703
10192.935546875 1873
10192.935546875 2107
10215.9140625 1281
10235.736328125 455
10259.8212890625 470
10260.4931640625 902
10263.0595703125 926
10263.16015625 967
10289.806640625 1104
10300.498046875 1225
10309.7275390625 1286
10310.59375 1506
10310.9775390625 1516
10339.6611328125 1599
10340.6552734375 1779
10347.9677734375 1848
10348.716796875 1867
10353.908203125 1883
10358.484375 2063
10373.53515625 2210
10377.12109375 2246
10382.5634765625 2285
10385.0859375 2361
10386.8369140625 2686
10400.865234375 2700
10401.7392578125 88
10405.3017578125 586
10406.0185546875 136
10425.3759765625 1471
10431.5224609375 226
10433.55078125 296
10436.30078125 1197
10445.3203125 1666
10460.7275390625 2511
10460.828125 101
10461.751953125 215
10494.607421875 549
10496.51953125 550
10498.5546875 573
10500.7626953125 1136
10503.0146484375 1199
10526.072265625 1530
10529.7412109375 1581
10530.04296875 1640
10552.0830078125 1688
10562.4306640625 1968
10578.2001953125 2526
10581.4091796875 2571
10581.4443359375 2983
10589.564453125 1787
10602.056640625 602
10615.5322265625 1146
10634.3271484375 253
10674.8671875 342
10678.03515625 843
10691.8095703125 1233
10696.994140625 1335
10702.640625 1394
10703.3740234375 1737
10718.580078125 1784
10727.146484375 1950
10737.4931640625 2025
10782.0556640625 2473
10784.564453125 2518
10788.0712890625 999
10790.298828125 1056
10796.5361328125 1900
10798.95703125 1304
10800.513671875 1326
10817.341796875 2967
10838.10546875 1329
10849.66015625 50
10852.462890625 318
10868.14453125 389
10882.279296875 478
10900.01171875 491
10907.76171875 580
10908.9755859375 599
10913.0087890625 890
10931.44140625 896
10936.55859375 909
10945.2890625 919
10947.4404296875 995
10960.052734375 1273
10965.703125 1342
10973.9296875 1430
10979.66015625 1495
10981.4794921875 1568
10986.5302734375 1583
11005.6328125 1764
11009.6328125 1774
11014.0087890625 2065
11016.8701171875 2117
11017.5439453125 2181
11020.4638671875 2268
11021.4443359375 2465
11053.0546875 2664
11061.529296875 2760
11064.1904296875 2764
11073.5908203125 2938
11075.8486328125 2943
11096.736328125 1860
11098.4970703125 2880
11105.6953125 1333
11105.6953125 2631
11112.20703125 146
11117.947265625 1538
11123.5732421875 21
11124.052734375 34
11153.9677734375 200
11161.7216796875 288
11165.21875 336
11170.03515625 385
11181.4931640625 517
11215.6025390625 546
11220.2646484375 609
11223.9609375 614
11227.193359375 683
11236.537109375 686
11239.205078125 769
11241.236328125 1097
11246.6865234375 1221
11266.439453125 1322
11283.142578125 1359
11320.94140625 1376
11328.580078125 1686
11350.82421875 1854
11354.4287109375 2513
11363.2529296875 2553
11366.50390625 2650
11366.865234375 2672
11387.650390625 2911
11392.134765625 78
11410.943359375 2713
11416.3662109375 2800
11420.6025390625 2651
11422.68359375 2970
11439.349609375 1045
11448.2998046875 1068
11450.498046875 2078
11465.3115234375 884
11465.78515625 886
11466.2373046875 1028
11469.9833984375 1845
11471.40234375 1932
11484.1875 2489
11486.37109375 90
11489.85546875 153
11494.646484375 240
11501.5888671875 256
11506.4462890625 531
11516.2041015625 644
11525.9482421875 706
11526.759765625 775
11528.4873046875 1163
11533.44921875 1483
11546.830078125 2114
11566.0458984375 2379
11570.544921875 2424
11571.234375 2433
11611.177734375 2435
11612.8857421875 2442
11629.3544921875 2683
11650.763671875 2811
11655.2294921875 2176
11673.5166015625 169
11685.25 2207
11685.9033203125 1144
11699.494140625 2180
11701.8583984375 73
11710.0703125 663
11713.2265625 677
11725.58984375 756
11728.9169921875 925
11736.51171875 927
11745.3916015625 946
11762.013671875 996
11790.783203125 1141
11794.462890625 1202
11796.3251953125 1251
11806.7890625 1457
11809.138671875 1502
11852.5185546875 1591
11853.29296875 1733
11856.3681640625 1735
11857.5771484375 1919
11859.3349609375 1933
11887.900390625 1955
11891.8134765625 2002
11903.2783203125 2335
11909.427734375 2341
11937.25 2565
11946.1904296875 2695
11957.794921875 2763
11974.0263671875 2840
11980.3369140625 2422
11990.9716796875 1020
12003.2587890625 640
12029.873046875 59
12058.69140625 177
12083.8076171875 191
12085.673828125 575
12086.7421875 687
12087.3505859375 934
12091.34765625 1119
12102.7451171875 1529
12104.3349609375 1697
12104.7724609375 1810
12112.2373046875 1831
12121.35546875 2354
12125.3642578125 2528
12126.8271484375 2679
12131.8701171875 2712
12138.3681640625 2747
12142.013671875 2809
12165.1982421875 2821
12167.6376953125 2842
12179.9912109375 2860
12189.45703125 2906
12205.1826171875 2994
12217.98046875 186
12219.4560546875 223
12229.0693359375 1594
12239.455078125 410
12267.2255859375 631
12271.998046875 132
12286.8525390625 2576
12301.2783203125 1282
12324.8466796875 488
12328.826171875 869
12332.3447265625 2059
12332.3525390625 787
12338.2265625 904
12338.4287109375 137
12346.3779296875 275
12360.76953125 328
12367.2431640625 333
12369.244140625 392
12369.7919921875 407
12385.99609375 489
12405.138671875 680
12406.6845703125 1022
12415.490234375 1290
12425.0087890625 1358
12428.9111328125 1607
12443.970703125 1653
12454.2958984375 2024
12467.3173828125 2184
12475.580078125 2221
12477.837890625 2394
12480.69140625 2427
12516.3271484375 2517
12530.4130859375 2655
12545.6240234375 2704
12559.5126953125 2900
12565.7744140625 2946
12566.76171875 459
12578.6474609375 1408
12594.85546875 1339
12597.14453125 22
12603.1962890625 45
12604.6171875 300
12604.87109375 812
12618.6064453125 922
12625.841796875 947
12626.439453125 975
12629.4013671875 1001
12630.7568359375 1095
12670.513671875 1275
12686.78515625 1664
12686.890625 1708
12695.6396484375 1763
12731.0439453125 1766
12738.95703125 1889
12739.83203125 2077
12751.537109375 2082
12753.3369140625 2131
12761.732421875 2315
12763.5869140625 2317
12763.666015625 2409
12796.443359375 2608
12811.15625 2616
12812.9228515625 2649
12822.8369140625 2819
12855.1845703125 2862
12864.990234375 1164
12866.9716796875 2213
12884.734375 1050
12886.7265625 979
12894.560546875 1562
12902.4716796875 1597
12903.3662109375 2334
12907.6162109375 587
12917.994140625 630
12931.3837890625 777
12957.333984375 1012
13004.6845703125 1064
13006.9384765625 1082
13008.7509765625 1462
13009.8515625 1501
13013.7841796875 1654
13021.2294921875 1800
13028.6171875 2656
13030.0224609375 2884
13033.9140625 1416
13034.4267578125 1575
13042.986328125 2889
13047.3232421875 445
13051.4873046875 30
13062.2705078125 2484
13062.4833984375 38
13071.58984375 40
13088.6953125 76
13095.6455078125 77
13110.9599609375 108
13130.119140625 164
13131.08984375 211
13132.384765625 225
13133.7509765625 376
13196.2607421875 437
13223.2294921875 510
13230.4814453125 646
13242.40625 671
13257.236328125 738
13279.66796875 770
13285.53515625 1434
13293.64453125 1610
13299.44140625 1662
13315.40625 1709
13317.119140625 1998
13335.3125 2166
13344.37109375 2220
13348.802734375 2238
13349.83203125 2255
13356.0478515625 2345
13370.1142578125 2510
13372.2216796875 2581
13377.0380859375 2607
13415.04296875 2807
13443.724609375 1015
13449.9501953125 1984
13456.8671875 1258
13481.375 2555
13487.583984375 1147
13510.091796875 865
13525.2998046875 939
13543.6650390625 1497
13566.771484375 2630
13574.5595703125 2752
13579.7841796875 457
13604.1083984375 309
13619.50390625 316
13626.337890625 483
13633.84765625 484
13638.12109375 633
13677.4482421875 1026
13697.396484375 1036
13699.578125 1176
13706.54296875 1423
13708.3046875 1485
13726.8154296875 1590
13744.564453125 1702
13746.0654296875 1759
13844.3017578125 1818
13859.9921875 1958
13865.2607421875 1963
13874.234375 1977
13876.962890625 2053
13921.119140625 2056
13924.8173828125 2125
13934.2265625 2304
13944.6337890625 2356
13946.9609375 2477
13992.337890625 2533
14008.56640625 2732
14009.32421875 2948
14017.734375 1601
14041.6162109375 2256
14065.107421875 2104
14074.3095703125 284
14098.92578125 182
14100.421875 916
14104.5888671875 1667
14105.6572265625 1852
14121.2177734375 727
14144.244140625 2036
14148.25390625 2772
14160.7314453125 130
14179.2861328125 219
14195.59765625 394
14200.01953125 405
14203.2080078125 634
14205.9619140625 856
14207.0126953125 983
14210.26953125 1117
14221.609375 1386
14253.5703125 1791
14262.376953125 1991
14287.599609375 2060
14309.1826171875 2215
14313.3623046875 2314
14314.2470703125 2440
14323.017578125 2467
14324.5224609375 2618
14337.572265625 2648
14345.509765625 2694
14346.3046875 1772
14353.3662109375 818
14371.37890625 2907
14385.04296875 660
14399.2490234375 1168
14405.2275390625 1145
14420.2001953125 1476
14428.9736328125 1618
14430.6533203125 655
14440.685546875 1592
14441.619140625 2120
14449.7783203125 2557
14482.64453125 112
14505.833984375 350
14530.5732421875 356
14550.4287109375 448
14572.705078125 1500
14609.125 1526
14609.927734375 1587
14618.5595703125 1881
14623.5322265625 1943
14632.767578125 1962
14646.1396484375 1995
14650.6865234375 2075
14653.6064453125 2118
14693.080078125 2309
14694.2177734375 2418
14734.5908203125 2516
14774.298828125 2588
14786.703125 2605
14817.3251953125 2623
14820.267578125 2937
14822.775390625 1005
14825.5693359375 110
14826.111328125 2360
14826.234375 121
14833.5498046875 1046
14833.8564453125 298
14845.693359375 372
14846.8212890625 492
14862.107421875 752
14869.916015625 838
14915.078125 903
14925.3671875 1034
14934.490234375 1128
14971.4189453125 1187
14979.84765625 1437
14980.146484375 1488
14984.5810546875 1534
14986.7744140625 1657
14990.32421875 1678
15002.525390625 1824
15032.892578125 1826
15105.5615234375 1941
15115.373046875 1997
15118.5927734375 2318
15128.53125 2327
15130.71484375 2362
15144.677734375 2404
15150.8388671875 2453
15199.7265625 2458
15205.1259765625 2496
15232.29296875 2696
15266.62109375 2722
15274.892578125 2796
15302.9580078125 2584
15303.1416015625 2872
15306.2353515625 2589
15316.830078125 2135
15334.3798828125 1802
15362.0126953125 1853
15412.0390625 1892
15429.8359375 1580
15436.1748046875 25
15436.74609375 72
15441.6728515625 343
15480.8212890625 710
15511.41015625 755
15529.8515625 885
15532.09765625 1683
15532.5185546875 1776
15536.7421875 1972
15581.783203125 2047
15629.06640625 2138
15636.7646484375 2185
15653.8017578125 2344
15666.0498046875 2545
15669.1826171875 2573
15740.779296875 2855
15774.591796875 2159
15784.4873046875 1067
15803.6982421875 371
15804.990234375 243
15814.736328125 1301
15838.0283203125 311
15917.7958984375 426
15918.787109375 648
15921.259765625 720
16012.3271484375 792
16013.1015625 940
16021.1728515625 1006
16034.298828125 1032
16035.826171875 1160
16109.193359375 1189
16119.8291015625 2183
16171.7978515625 2190
16191.509765625 2301
16205.673828125 1459
16268.578125 1649
16300.892578125 353
16307.9384765625 2706
16308.1064453125 1511
16327.16015625 1778
16350.84375 329
16351.8876953125 731
16366.890625 1400
16389.75 2070
16425.708984375 1480
16442.86328125 1714
16447.419921875 249
16459.439453125 94
16460.939453125 2823
16505.35546875 471
16519.076171875 473
16571.896484375 747
16584.859375 915
16592.494140625 921
16594.912109375 993
16596.064453125 1072
16684.783203125 1415
16701.78125 1541
16705.08203125 1746
16720.171875 1949
16779.197265625 2079
16840.84375 2219
16888.251953125 2258
16896.28515625 2413
16959.462890625 2628
16989.884765625 2828
16998.90625 2903
17026.57421875 2996
17034.31640625 204
17038.1796875 1247
17041.373046875 1410
17130.63671875 1888
17200.791015625 1214
17201.115234375 1658
17230.37109375 2587
17346.12109375 380
17352.431640625 688
17363.904296875 1761
17383.1875 66
17397.15234375 127
17398.046875 179
17532.677734375 855
17534.05859375 1198
17537.228515625 1250
17539.326171875 1507
17550.658203125 1558
17552.08203125 2007
17577.203125 2092
17617.013671875 2231
17648.1484375 2384
17654.548828125 2457
17685.962890625 2544
17691.13671875 2717
17774.78125 2774
17780.640625 2794
17787.912109375 2909
17795.779296875 972
17840.1875 1138
17874.158203125 1442
17893.24609375 1137
17928.01171875 102
17966.16796875 667
17979.72265625 1935
17989.65234375 2352
18011.83203125 2887
18014.51953125 427
18024.806640625 1533
18066.99609375 170
18100.8203125 262
18100.9765625 306
18204.916015625 596
18229.28515625 805
18397.115234375 849
18408.33203125 850
18457.755859375 965
18485.962890625 976
18519.634765625 1058
18528.619140625 1403
18560.650390625 1645
18564.193359375 1999
18622.09765625 2292
18728.7890625 2392
18736.15234375 2403
18762.11328125 2497
18771.37890625 2524
18774.48046875 2601
18786.61328125 2652
18808.150390625 2657
18840.3125 2761
18884.42578125 2839
18941.50390625 2939
18963.314453125 2984
18969.69140625 1027
19109.423828125 622
19237.1484375 417
19258.408203125 450
19272.025390625 690
19288.361328125 969
19323.310546875 982
19342.6640625 1040
19382.658203125 1078
19391.017578125 1083
19408.552734375 1382
19499.19921875 1391
19543.98046875 1486
19555.51953125 1503
19565.083984375 1547
19583.14453125 1561
19597.259765625 1965
19646.609375 2026
19646.609375 2066
19667.69140625 2182
19718.859375 2245
19728.89453125 2460
19741.6171875 2466
19747.74609375 2540
19755.345703125 2593
19789.654296875 2632
19794.337890625 2753
19840.685546875 2759
19886.29296875 2793
19908.49609375 2925
19928.494140625 2032
19932.978515625 2259
19984.416015625 771
20140.66796875 1543
20175.244140625 2241
20185.095703125 1964
20198.82421875 1625
20212.013671875 2693
20219.130859375 222
20223.095703125 258
20270.287109375 281
20320.93359375 506
20389.185546875 582
20547.8046875 724
20593.701171875 879
20774.9140625 1003
20775.66015625 1171
20776.001953125 1182
20878.220703125 1588
20939.375 1685
20939.375 1758
20940.126953125 2300
20957.52734375 2310
20964.857421875 2705
20981.19140625 2845
21013.265625 2916
21027.96484375 1811
21186.603515625 2701
21214.65234375 421
21232.12890625 1440
21246.712890625 2337
21385.783203125 2531
21430.3046875 18
21448.64453125 29
21451.638671875 31
21649.0 104
21755.833984375 274
21845.8125 321
21891.11328125 370
21926.916015625 375
21964.099609375 562
22063.15234375 914
22071.09375 944
22145.037109375 1672
22149.978515625 1684
22267.279296875 1825
22271.455078125 1846
22272.818359375 1960
22350.2890625 1976
22406.119140625 2006
22410.40234375 2319
22486.11328125 2405
22525.046875 2550
22584.28125 2606
22633.3828125 2768
22728.70703125 1081
22740.302734375 1780
22883.92578125 16
22915.8125 28
22974.271484375 125
23311.845703125 212
23339.833984375 265
23488.513671875 295
23736.8671875 360
23784.349609375 364
24010.5625 937
24039.830078125 1077
24126.431640625 1101
24180.88671875 1241
24207.173828125 1243
24302.48046875 1307
24363.818359375 1343
24510.763671875 1404
25334.8125 1418
25994.896484375 1585
26415.498046875 1719
26715.515625 1822
27158.2421875 2009
27379.947265625 2164
27924.900390625 2214
29532.568359375 2250
30482.908203125 2263
30513.89453125 2342
32421.8515625 2359
32904.8359375 2547
