1352.9215087890625 160
2092.468994140625 1
2145.14208984375 425
2174.50732421875 446
2257.210693359375 800
2334.773193359375 918
2362.66796875 953
2413.7958984375 985
2441.728759765625 986
2563.22412109375 1008
3031.59130859375 1043
3118.33544921875 1270
3157.38330078125 1317
3224.65869140625 1435
3276.539794921875 1548
3415.447265625 1606
3464.64208984375 1661
3532.2275390625 1712
3672.18798828125 2010
3731.455322265625 2088
3778.89306640625 2365
3988.752197265625 2410
4158.5 2414
4220.03369140625 2482
4331.6455078125 2560
4366.8310546875 2781
4453.47412109375 2820
4482.3466796875 997
4538.7119140625 1446
4820.05859375 87
5077.2197265625 251
5086.09765625 527
5109.8603515625 529
5109.8603515625 625
5114.798828125 641
5133.6513671875 693
5147.98828125 873
5233.8359375 881
5283.6201171875 928
5340.84521484375 1133
5364.2177734375 1283
5377.1318359375 1318
5377.43212890625 1346
5390.025390625 1417
5407.67431640625 1720
5543.10693359375 1987
5543.47607421875 2226
5563.125 2296
5572.36376953125 2515
5600.88427734375 2572
5704.6513671875 2669
5719.16943359375 2728
5727.42138671875 2734
5732.20068359375 2746
5827.77880859375 2852
5869.3544921875 2866
5920.25 2915
5960.1162109375 2949
5998.9306640625 377
6045.18212890625 2281
6102.4365234375 1781
6133.5224609375 81
6246.52734375 229
6250.1845703125 440
6282.1552734375 548
6548.36767578125 611
6627.4033203125 826
6638.66943359375 834
6696.5107421875 848
6704.05224609375 871
6740.5859375 893
6741.0185546875 1231
6757.4384765625 1256
6768.42236328125 1315
6795.96826171875 1458
6795.96826171875 1550
6841.7666015625 1671
6953.580078125 1711
6968.89794921875 1815
7014.1259765625 1893
7143.9951171875 2312
7283.35791015625 2324
7386.3818359375 2385
7607.5537109375 2447
7662.0859375 2562
7743.2421875 2610
7760.146484375 2622
7794.6328125 2853
7796.14208984375 2924
7806.203125 2927
7841.10498046875 2239
7906.9326171875 1362
7956.2392578125 1926
8068.82421875 2997
8144.9150390625 254
8222.0966796875 388
8234.443359375 465
8283.20703125 498
8398.185546875 520
8409.486328125 962
8466.8671875 981
8510.51171875 1156
8520.603515625 1652
8532.01171875 2205
8553.73046875 2339
8647.3271484375 2417
8790.6474609375 2494
8891.978515625 2687
8921.2861328125 1122
8957.9580078125 1670
8960.595703125 264
9011.98046875 2173
9018.3583984375 1646
9047.955078125 2396
9123.125 49
9160.5439453125 189
9186.9453125 261
9200.65625 263
9211.8232421875 430
9296.126953125 831
9312.5 899
9349.736328125 1123
9512.0771484375 1169
9593.865234375 1350
9612.177734375 1405
9687.9853515625 1512
9690.82421875 1750
9730.212890625 1769
9734.2490234375 1908
9785.0771484375 1966
9792.314453125 1982
9806.931640625 1993
9821.3291015625 2094
9865.8564453125 2126
9882.546875 2141
9903.87109375 2171
10023.7294921875 2174
10050.369140625 2177
10097.30859375 2237
10160.8759765625 2367
10239.8486328125 2536
10323.55859375 2542
10349.1787109375 2582
10381.404296875 2675
10414.6484375 2703
10435.0703125 1873
10447.1259765625 2107
10492.3916015625 1281
10497.84375 455
10525.2392578125 470
10529.1357421875 902
10545.1162109375 926
10585.013671875 967
10610.2333984375 1104
10617.865234375 1225
10702.841796875 1286
10707.013671875 1506
10707.6943359375 1516
10712.0078125 1599
10775.2177734375 1779
10775.451171875 1848
10797.681640625 1867
10864.35546875 1883
10901.03125 2063
10914.431640625 2210
10943.4091796875 2246
10998.609375 2285
11040.0107421875 2361
11045.5732421875 2686
11053.2841796875 2700
11058.607421875 88
11086.927734375 586
11138.0966796875 136
11153.95703125 1471
11192.0107421875 226
11255.228515625 296
11264.9208984375 1197
11284.6865234375 1666
11332.1806640625 2511
11333.5888671875 101
11355.349609375 215
11355.9482421875 549
11361.76171875 550
11364.7900390625 573
11374.68359375 1136
11389.8779296875 1199
11431.1201171875 1530
11445.7578125 1581
11475.38671875 1640
11475.8447265625 1688
11606.8349609375 1968
11629.06640625 2526
11684.8583984375 2571
11717.5009765625 2983
11943.8359375 1787
11964.2265625 602
11984.54296875 1146
11987.5986328125 253
11996.1484375 342
12044.4228515625 843
12149.8037109375 1233
12154.8701171875 1335
12164.1611328125 1394
12210.7236328125 1737
12224.26953125 1784
12229.001953125 1950
12292.095703125 2025
12301.01953125 2473
12309.8232421875 2518
12313.3671875 999
12326.30078125 1056
12355.5400390625 1900
12462.1240234375 1304
12489.982421875 1326
12543.041015625 2967
12545.7060546875 1329
12555.158203125 50
12581.68359375 318
12605.578125 389
12651.466796875 478
12685.900390625 491
12697.455078125 580
12708.8857421875 599
12712.9140625 890
12736.236328125 896
12748.3759765625 909
12751.69140625 919
12771.294921875 995
12774.29296875 1273
12782.8701171875 1342
12782.8701171875 1430
12898.201171875 1495
12907.66796875 1568
12908.2705078125 1583
12952.9736328125 1764
12953.291015625 1774
12965.435546875 2065
12965.720703125 2117
12966.3515625 2181
13015.72265625 2268
13031.9453125 2465
13119.423828125 2664
13119.8271484375 2760
13180.375 2764
13247.986328125 2938
13269.84765625 2943
13379.494140625 1860
13391.3427734375 2880
13399.0380859375 1333
13400.626953125 2631
13424.908203125 146
13469.1279296875 1538
13479.7421875 21
13492.322265625 34
13508.994140625 200
13535.150390625 288
13539.5205078125 336
13573.46484375 385
13599.8447265625 517
13620.76171875 546
13779.3115234375 609
13821.181640625 614
13827.2080078125 683
13828.146484375 686
13866.5146484375 769
13868.7529296875 1097
13913.609375 1221
13942.0615234375 1322
13945.666015625 1359
13958.720703125 1376
13965.990234375 1686
13987.7451171875 1854
13988.482421875 2513
13992.4755859375 2553
14015.53125 2650
14110.4296875 2672
14113.919921875 2911
14120.955078125 78
14171.95703125 2713
14180.31640625 2800
14211.5888671875 2651
14322.701171875 2970
14355.642578125 1045
14368.580078125 1068
14368.580078125 2078
14373.2314453125 884
14390.9990234375 886
14397.7734375 1028
14413.611328125 1845
14429.337890625 1932
14437.484375 2489
14451.1982421875 90
14454.576171875 153
14511.22265625 240
14563.4267578125 256
14575.4599609375 531
14667.330078125 644
14687.916015625 706
14738.47265625 775
14760.49609375 1163
14777.58203125 1483
14805.5556640625 2114
14824.5615234375 2379
14836.5166015625 2424
14874.9560546875 2433
14877.30859375 2435
14888.8759765625 2442
14892.1728515625 2683
14906.728515625 2811
14912.291015625 2176
14923.2109375 169
14923.3515625 2207
14939.7412109375 1144
14958.9990234375 2180
15008.3115234375 73
15009.5419921875 663
15037.486328125 677
15062.630859375 756
15078.728515625 925
15078.8525390625 927
15117.06640625 946
15131.1630859375 996
15144.6474609375 1141
15167.333984375 1202
15171.447265625 1251
15188.9609375 1457
15192.953125 1502
15220.08984375 1591
15226.24609375 1733
15247.2861328125 1735
15258.1708984375 1919
15325.275390625 1933
15373.2197265625 1955
15416.912109375 2002
15473.8232421875 2335
15530.150390625 2341
15535.462890625 2565
15538.451171875 2695
15540.05078125 2763
15553.25 2840
15568.4013671875 2422
15634.076171875 1020
15661.7685546875 640
15662.248046875 59
15688.68359375 177
15712.98046875 191
15735.578125 575
15740.15234375 687
15741.3828125 934
15743.7783203125 1119
15758.0859375 1529
15779.810546875 1697
15796.029296875 1810
15818.5703125 1831
15856.6123046875 2354
15894.7548828125 2528
15896.6435546875 2679
15899.6787109375 2712
15933.9033203125 2747
15945.623046875 2809
15984.1416015625 2821
15993.416015625 2842
15997.134765625 2860
16002.3564453125 2906
16014.380859375 2994
16058.5595703125 186
16076.546875 223
16089.2802734375 1594
16091.11328125 410
16105.109375 631
16131.2890625 132
16136.64453125 2576
16138.697265625 1282
16154.3125 488
16176.0732421875 869
16189.7646484375 2059
16260.0595703125 787
16268.6279296875 904
16284.0556640625 137
16286.86328125 275
16305.8818359375 328
16327.5791015625 333
16340.14453125 392
16352.208984375 407
16389.2890625 489
16390.76171875 680
16390.76171875 1022
16403.658203125 1290
16410.0 1358
16413.732421875 1607
16444.345703125 1653
16448.83203125 2024
16455.73046875 2184
16461.841796875 2221
16471.81640625 2394
16472.62109375 2427
16477.29296875 2517
16488.720703125 2655
16501.740234375 2704
16502.9453125 2900
16505.197265625 2946
16505.994140625 459
16512.771484375 1408
16515.16796875 1339
16521.2421875 22
16551.740234375 45
16553.01171875 300
16556.03515625 812
16556.896484375 922
16571.701171875 947
16572.49609375 975
16589.57421875 1001
16590.21875 1095
16594.689453125 1275
16599.564453125 1664
16607.740234375 1708
16626.01953125 1763
16631.728515625 1766
16692.662109375 1889
16694.5546875 2077
16729.921875 2082
16744.83984375 2131
16746.76953125 2315
16748.328125 2317
16815.931640625 2409
16818.1875 2608
16821.84375 2616
16824.13671875 2649
16836.578125 2819
16860.41796875 2862
16861.19140625 1164
16880.87890625 2213
16883.291015625 1050
16912.57421875 979
16947.2421875 1562
16968.71875 1597
16969.09375 2334
16971.13671875 587
17009.61328125 630
17049.416015625 777
17051.791015625 1012
17062.677734375 1064
17070.216796875 1082
17093.064453125 1462
17096.986328125 1501
17108.666015625 1654
17125.60546875 1800
17141.205078125 2656
17146.546875 2884
17170.966796875 1416
17179.89453125 1575
17214.873046875 2889
17214.873046875 445
17240.853515625 30
17283.0 2484
17305.62890625 38
17307.533203125 40
17350.56640625 76
17371.470703125 77
17383.421875 108
17395.77734375 164
17430.51171875 211
17450.7578125 225
17456.650390625 376
17457.830078125 437
17459.48828125 510
17463.810546875 646
17537.84375 671
17544.615234375 738
17549.765625 770
17550.81640625 1434
17551.134765625 1610
17560.486328125 1662
17585.77734375 1709
17605.80859375 1998
17618.935546875 2166
17681.623046875 2220
17705.39453125 2238
17714.63671875 2255
17753.9921875 2345
17760.060546875 2510
17765.75390625 2581
17792.833984375 2607
17822.00390625 2807
17823.22265625 1015
17826.630859375 1984
17833.7734375 1258
17857.2578125 2555
17867.29296875 1147
17877.818359375 865
17893.662109375 939
17897.20703125 1497
17938.69921875 2630
17960.587890625 2752
18056.037109375 457
18075.029296875 309
18094.337890625 316
18115.3125 483
18173.033203125 484
18177.16015625 633
18201.5703125 1026
18208.67578125 1036
18218.29296875 1176
18219.474609375 1423
18249.94921875 1485
18253.861328125 1590
18294.30078125 1702
18342.009765625 1759
18345.9140625 1818
18373.421875 1958
18381.48828125 1963
18384.24609375 1977
18391.279296875 2053
18395.7578125 2056
18397.3671875 2125
18410.5625 2304
18410.83984375 2356
18423.576171875 2477
18432.408203125 2533
18440.681640625 2732
18484.419921875 2948
18487.18359375 1601
18496.119140625 2256
18505.595703125 2104
18507.05859375 284
18512.8671875 182
18539.126953125 916
18568.240234375 1667
18569.68359375 1852
18572.53125 727
18574.029296875 2036
18610.228515625 2772
18614.001953125 130
18652.79296875 219
18684.447265625 394
18693.0 405
18697.50390625 634
18728.205078125 856
18775.015625 983
18803.310546875 1117
18805.044921875 1386
18822.001953125 1791
18842.30859375 1991
18863.8203125 2060
18882.751953125 2215
18903.62109375 2314
18960.9609375 2440
18976.2265625 2467
18984.234375 2618
19005.720703125 2648
19015.29296875 2694
19032.576171875 1772
19035.6484375 818
19061.400390625 2907
19075.205078125 660
19080.54296875 1168
19101.36328125 1145
19101.83984375 1476
19108.837890625 1618
19109.728515625 655
19115.9453125 1592
19126.076171875 2120
19139.9375 2557
19157.017578125 112
19157.529296875 350
19159.7265625 356
19162.37109375 448
19170.830078125 1500
19175.634765625 1526
19181.142578125 1587
19200.896484375 1881
19218.462890625 1943
19227.861328125 1962
19236.82421875 1995
19243.728515625 2075
19266.552734375 2118
19285.267578125 2309
19290.2578125 2418
19347.462890625 2516
19385.552734375 2588
19386.154296875 2605
19396.609375 2623
19404.00390625 2937
19405.123046875 1005
19411.447265625 110
19441.05859375 2360
19446.546875 121
19456.26171875 1046
19480.287109375 298
19560.75 372
19583.4921875 492
19590.333984375 752
19593.65234375 838
19594.58984375 903
19611.400390625 1034
19616.84765625 1128
19643.96484375 1187
19672.892578125 1437
19705.2265625 1488
19721.77734375 1534
19725.802734375 1657
19728.21875 1678
19767.69921875 1824
19779.4375 1826
19799.1953125 1941
19802.548828125 1997
19834.6796875 2318
19844.99609375 2327
19848.814453125 2362
19849.537109375 2404
19904.552734375 2453
19913.48828125 2458
19932.029296875 2496
19949.16015625 2696
19958.419921875 2722
19959.99609375 2796
19996.921875 2584
20044.595703125 2872
20045.265625 2589
20054.0703125 2135
20060.693359375 1802
20070.96875 1853
20103.400390625 1892
20124.3671875 1580
20153.21875 25
20179.576171875 72
20218.513671875 343
20224.720703125 710
20244.65625 755
20247.01953125 885
20254.2890625 1683
20258.916015625 1776
20261.0078125 1972
20261.041015625 2047
20278.482421875 2138
20286.23828125 2185
20305.892578125 2344
20324.091796875 2545
20351.521484375 2573
20376.443359375 2855
20398.677734375 2159
20409.630859375 1067
20418.82421875 371
20434.640625 243
20441.392578125 1301
20451.013671875 311
20477.87109375 426
20570.658203125 648
20578.658203125 720
20579.892578125 792
20598.85546875 940
20602.294921875 1006
20618.416015625 1032
20624.66796875 1160
20636.66796875 1189
20643.1640625 2183
20655.501953125 2190
20670.234375 2301
20684.111328125 1459
20699.50390625 1649
20738.4296875 353
20771.880859375 2706
20786.390625 1511
20797.27734375 1778
20855.841796875 329
20879.01171875 731
20930.44140625 1400
20934.8984375 2070
20963.51953125 1480
20976.134765625 1714
21013.150390625 249
21055.73828125 94
21080.984375 2823
21083.85546875 471
21087.255859375 473
21088.048828125 747
21110.8046875 915
21113.779296875 921
21144.216796875 993
21156.640625 1072
21167.46484375 1415
21210.265625 1541
21222.943359375 1746
21279.806640625 1949
21290.482421875 2079
21341.62890625 2219
21345.607421875 2258
21355.181640625 2413
21381.095703125 2628
21448.076171875 2828
21460.302734375 2903
21505.880859375 2996
21509.3046875 204
21512.6171875 1247
21552.583984375 1410
21554.234375 1888
21580.765625 1214
21584.107421875 1658
21584.75 2587
21595.421875 380
21595.421875 688
21637.20703125 1761
21664.40234375 66
21669.01953125 127
21685.125 179
21698.06640625 855
21718.466796875 1198
21768.83203125 1250
21773.712890625 1507
21776.14453125 1558
21845.349609375 2007
21863.392578125 2092
21938.125 2231
21964.072265625 2384
21999.525390625 2457
22002.025390625 2544
22007.291015625 2717
22029.0859375 2774
22046.349609375 2794
22049.28125 2909
22068.130859375 972
22076.123046875 1138
22084.517578125 1442
22087.470703125 1137
22109.01953125 102
22142.791015625 667
22161.677734375 1935
22164.35546875 2352
22165.3203125 2887
22166.9453125 427
22187.474609375 1533
22212.75 170
22218.7734375 262
22226.4609375 306
22264.2734375 596
22267.28515625 805
22269.021484375 849
22277.765625 850
22291.5703125 965
22292.810546875 976
22296.462890625 1058
22329.787109375 1403
22344.9453125 1645
22360.501953125 1999
22426.671875 2292
22434.47265625 2392
22463.29296875 2403
22481.26953125 2497
22491.943359375 2524
22492.94921875 2601
22545.2265625 2652
22563.58203125 2657
22565.662109375 2761
22595.1171875 2839
22676.78125 2939
22686.75 2984
22716.671875 1027
22738.310546875 622
22752.892578125 417
22753.7109375 450
22780.150390625 690
22789.501953125 969
22819.390625 982
22846.708984375 1040
22854.4609375 1078
22856.74609375 1083
22873.1640625 1382
22931.01953125 1391
22956.90234375 1486
23022.40625 1503
23037.30078125 1547
23063.6015625 1561
23106.2265625 1965
23112.01171875 2026
23118.16015625 2066
23143.6953125 2182
23201.1796875 2245
23296.53125 2460
23338.1328125 2466
23426.02734375 2540
23432.306640625 2593
23438.8515625 2632
23454.86328125 2753
23501.125 2759
23547.828125 2793
23557.638671875 2925
23613.455078125 2152
23672.037109375 762
23719.759765625 2757
23806.5703125 37
23863.10546875 1624
23893.052734375 1271
23915.21484375 2370
23922.544921875 2895
23935.796875 2411
23945.265625 67
24008.681640625 150
24083.35546875 171
24095.58984375 195
24107.845703125 363
24137.79296875 522
24250.4375 657
24255.763671875 701
24345.595703125 760
24360.5078125 811
24365.84375 874
24378.07421875 875
24424.3671875 1002
24557.009765625 1007
24597.125 1023
24656.15625 1356
24719.044921875 1378
24892.181640625 1489
25058.21875 1629
25077.49609375 2721
25139.2578125 2032
25186.205078125 2259
25194.1328125 771
25248.486328125 1543
25257.412109375 2241
25286.9453125 1964
25308.55078125 1625
25410.6171875 2693
25458.9453125 222
25567.15625 258
25670.07421875 281
25676.498046875 506
25761.927734375 582
25867.923828125 724
25882.36328125 879
25890.400390625 1003
26002.15625 1171
26052.25 1182
26090.734375 1588
26110.048828125 1685
26182.8828125 1758
26203.375 2300
26211.51953125 2310
26245.802734375 2705
26341.09375 2845
26363.375 2916
26417.140625 1811
26463.396484375 2701
26464.626953125 421
26510.798828125 1440
26512.7109375 2337
26568.1171875 2531
26587.0703125 18
26707.826171875 29
26715.884765625 31
26725.251953125 104
26758.927734375 274
26822.326171875 321
26890.06640625 370
27017.275390625 375
27256.63671875 562
27278.05859375 914
27291.189453125 944
27413.79296875 1672
27706.25 1684
27787.154296875 1825
27875.8671875 1846
27993.19921875 1960
28017.68359375 1976
28086.59765625 2006
28095.6640625 2319
28135.953125 2405
28153.484375 2550
28191.703125 2606
28211.458984375 2768
28292.9453125 1081
28451.369140625 1780
28718.291015625 16
28724.81640625 28
28752.443359375 125
28814.001953125 212
28829.55859375 265
28996.943359375 295
29063.375 360
29330.935546875 364
29414.802734375 937
29534.705078125 1077
29711.58984375 1101
29758.8515625 1241
30032.751953125 1243
30091.17578125 1307
30184.302734375 1343
30398.12890625 1404
31262.150390625 1418
31375.017578125 1585
31429.06640625 1719
31753.447265625 1822
32086.09375 2009
32885.44140625 2164
33834.609375 2214
33938.65625 2250
34935.01171875 2263
35192.890625 2342
35332.29296875 2359
38374.7265625 2547
