1396.260009765625 182
1702.18359375 916
1739.2215576171875 1667
1847.886474609375 1852
1860.79296875 727
2154.308349609375 2036
2193.97265625 2772
2293.139404296875 130
2620.95654296875 219
2808.865234375 394
2845.2451171875 405
3039.6962890625 634
3145.05126953125 856
3214.7548828125 983
3233.01318359375 1117
3270.9658203125 1386
3372.47216796875 1791
3399.53515625 1991
3399.53515625 2060
3454.9560546875 2215
3480.871337890625 2314
3487.3056640625 2440
3502.171142578125 2467
3527.76123046875 2618
3531.853271484375 2648
3531.853271484375 2694
3563.0791015625 1772
3582.565185546875 818
3647.695068359375 2907
3686.1611328125 660
3748.099365234375 1446
3766.63818359375 87
3790.58349609375 251
3945.622802734375 527
4588.779296875 529
4727.2802734375 625
4755.591796875 641
4762.03515625 693
4778.69384765625 873
4782.794921875 881
5187.0224609375 928
5301.89599609375 1133
5330.48046875 1283
5575.947265625 1318
5634.93798828125 1346
5849.9541015625 1417
5956.044921875 1720
6404.0048828125 1987
6465.2314453125 2226
6514.8857421875 2296
6641.63818359375 2515
6673.0458984375 2572
6846.37890625 2669
6978.2099609375 2728
7128.12646484375 2734
7176.85595703125 2746
7235.4541015625 2852
7297.44189453125 2866
7527.7734375 2915
7543.18359375 2949
7570.8056640625 377
7576.8837890625 2281
7672.10302734375 160
7719.1884765625 1
7753.595703125 425
7767.4794921875 446
7787.53564453125 800
8284.990234375 918
8358.419921875 953
8471.3798828125 985
8485.5830078125 986
8513.2109375 1008
8563.4833984375 1043
8592.9423828125 1270
8626.474609375 1317
8643.357421875 1435
8651.091796875 1548
8685.970703125 1606
8708.3671875 1661
8717.0908203125 1712
8866.0556640625 2010
8938.037109375 2088
8964.22265625 2365
8991.77734375 2410
9246.9228515625 2414
9256.5703125 2482
9256.685546875 2560
9322.4423828125 2781
9542.8515625 2820
9586.6318359375 997
9591.681640625 1781
9608.5322265625 81
9617.08984375 229
9685.3427734375 440
9690.08984375 548
9720.62890625 611
9794.072265625 826
9818.6962890625 834
9863.783203125 848
9888.2958984375 871
9900.279296875 893
10182.072265625 1231
10198.71484375 1256
10231.8505859375 1315
10238.5205078125 1458
10367.6357421875 1550
10372.5712890625 1671
10412.107421875 1711
10468.69921875 1815
10476.8388671875 1893
10493.0244140625 2312
10563.7451171875 2324
10594.873046875 2385
10680.0087890625 2447
10694.822265625 2562
10840.0615234375 2610
10884.0 2622
10884.75390625 2853
10945.4609375 2924
11003.40234375 2927
11016.3310546875 2239
11027.6103515625 1362
11057.041015625 1926
11062.974609375 2997
11125.69921875 254
11204.537109375 388
11263.74609375 465
11266.9912109375 498
11344.7822265625 520
11360.6533203125 962
11401.9814453125 981
11434.28125 1156
11436.0126953125 1652
11466.58203125 2205
11480.576171875 2339
11515.55859375 2417
11542.98828125 2494
11547.4609375 2687
11567.0810546875 1122
11577.5673828125 1670
11620.451171875 264
11693.4248046875 2173
11750.3349609375 1646
11779.0439453125 2396
11781.7890625 49
11845.669921875 189
11861.9560546875 261
11885.439453125 263
11956.2744140625 430
11960.9453125 831
12099.5361328125 899
12105.630859375 1123
12125.09375 1169
12158.390625 1350
12180.302734375 1405
12187.2099609375 1512
12195.94921875 1750
12202.9765625 1769
12205.095703125 1908
12233.97265625 1966
12247.5126953125 1982
12270.765625 1993
12272.822265625 2094
12284.59375 2126
12290.369140625 2141
12292.0341796875 2171
12298.9423828125 2174
12299.23046875 2177
12326.287109375 2237
12365.48046875 2367
12373.99609375 2536
12403.755859375 2542
12404.2099609375 2582
12404.71484375 2675
12407.2958984375 2703
12450.595703125 1873
12471.791015625 2107
12499.650390625 1281
12518.896484375 455
12526.44921875 470
12536.6728515625 902
12588.3271484375 926
12604.5673828125 967
12616.095703125 1104
12647.1669921875 1225
12660.84375 1286
12721.5087890625 1506
12723.568359375 1516
12742.376953125 1599
12744.4970703125 1779
12786.693359375 1848
12798.203125 1867
12880.796875 1883
12885.4267578125 2063
12933.6787109375 2210
12934.9453125 2246
12990.3564453125 2285
13026.5615234375 2361
13029.4921875 2686
13044.78515625 2700
13047.08203125 88
13089.7607421875 586
13090.2705078125 136
13252.765625 1471
13267.1220703125 226
13270.12890625 296
13280.7255859375 1197
13288.4716796875 1666
13294.6005859375 2511
13307.96484375 101
13309.8212890625 215
13316.4296875 549
13317.0068359375 550
13317.265625 573
13320.40234375 1136
13328.841796875 1199
13350.447265625 1530
13388.3134765625 1581
13397.0576171875 1640
13404.52734375 1688
13416.9306640625 1968
13427.9169921875 2526
13458.7392578125 2571
13475.1982421875 2983
13512.978515625 1787
13515.1015625 602
13517.517578125 1146
13527.4697265625 253
13532.6318359375 342
13535.1064453125 843
13538.04296875 1233
13542.1162109375 1335
13555.33984375 1394
13569.689453125 1737
13583.45703125 1784
13651.740234375 1950
13658.724609375 2025
13665.6611328125 2473
13741.5595703125 2518
13741.5595703125 999
13755.8984375 1056
13803.658203125 1900
13812.498046875 1304
13836.4912109375 1326
13844.076171875 2967
13845.34375 1329
13851.857421875 50
13859.345703125 318
13909.015625 389
13930.068359375 478
13947.3251953125 491
14021.7158203125 580
14029.6484375 599
14031.572265625 890
14031.966796875 896
14077.0224609375 909
14093.0615234375 919
14110.1552734375 995
14110.185546875 1273
14145.255859375 1342
14159.9013671875 1430
14165.595703125 1495
14171.6064453125 1568
14178.7314453125 1583
14191.0888671875 1764
14195.4111328125 1774
14214.755859375 2065
14227.1533203125 2117
14241.48046875 2181
14263.62890625 2268
14279.162109375 2465
14283.7158203125 2664
14330.56640625 2760
14349.443359375 2764
14433.443359375 2938
14434.40625 2943
14457.359375 1860
14479.1962890625 2880
14482.005859375 1333
14486.4296875 2631
14493.27734375 146
14510.8115234375 1538
14552.66796875 21
14555.0029296875 34
14584.5576171875 200
14594.9619140625 288
14600.580078125 336
14643.94921875 385
14646.708984375 517
14650.7353515625 546
14678.5078125 609
14679.193359375 614
14694.9384765625 683
14699.0869140625 686
14703.548828125 769
14705.0 1097
14731.3125 1221
14736.7099609375 1322
14743.7451171875 1359
14798.59765625 1376
14819.40625 1686
14831.23828125 1854
14859.724609375 2513
14867.9462890625 2553
14888.7529296875 2650
14922.9404296875 2672
14925.126953125 2911
14927.9248046875 78
14928.251953125 2713
14992.310546875 2800
14998.6796875 2651
15045.22265625 2970
15046.51953125 1045
15047.9404296875 1068
15063.48828125 2078
15067.029296875 884
15070.275390625 886
15074.4619140625 1028
15101.572265625 1845
15102.5244140625 1932
15105.021484375 2489
15105.8857421875 90
15118.9697265625 153
15152.8505859375 240
15159.765625 256
15197.8310546875 531
15205.9033203125 644
15230.568359375 706
15232.841796875 775
15234.5712890625 1163
15261.6845703125 1483
15279.2548828125 2114
15280.9619140625 2379
15327.9228515625 2424
15375.12109375 2433
15375.5751953125 2435
15400.6904296875 2442
15414.126953125 2683
15417.3271484375 2811
15422.9990234375 2176
15434.1181640625 169
15437.201171875 2207
15449.83203125 1144
15467.626953125 2180
15473.8828125 73
15480.875 663
15484.021484375 677
15494.056640625 756
15504.4931640625 925
15507.1826171875 927
15517.80078125 946
15526.142578125 996
15534.8046875 1141
15646.158203125 1202
15696.7490234375 1251
15700.2666015625 1457
15705.00390625 1502
15719.478515625 1591
15719.60546875 1733
15727.8984375 1735
15729.111328125 1919
15733.40234375 1933
15734.203125 1955
15751.9228515625 2002
15793.232421875 2335
15822.5791015625 2341
15823.322265625 2565
15823.322265625 2695
15836.3076171875 2763
15857.2646484375 2840
15862.59375 2422
15870.2666015625 1020
15890.80859375 640
15910.0205078125 59
15917.6875 177
15928.52734375 191
15955.345703125 575
16015.3701171875 687
16020.22265625 934
16025.2314453125 1119
16042.1640625 1529
16048.3466796875 1697
16078.1396484375 1810
16084.69140625 1831
16122.5048828125 2354
16136.978515625 2528
16180.6484375 2679
16183.69140625 2712
16199.259765625 2747
16204.234375 2809
16249.3388671875 2821
16250.4912109375 2842
16263.6904296875 2860
16266.0869140625 2906
16288.029296875 2994
16341.943359375 186
16346.466796875 223
16363.83984375 1594
16374.7607421875 410
16407.85546875 631
16413.435546875 132
16441.271484375 2576
16473.82421875 1282
16480.23828125 488
16489.19921875 869
16510.021484375 2059
16515.673828125 787
16528.962890625 904
16560.318359375 137
16561.603515625 275
16564.806640625 328
16566.470703125 333
16583.30078125 392
16592.96484375 407
16599.84375 489
16611.61328125 680
16641.142578125 1022
16653.47265625 1290
16683.17578125 1358
16732.603515625 1607
16755.087890625 1653
16766.025390625 2024
16818.69921875 2184
16827.583984375 2221
16839.44140625 2394
16843.115234375 2427
16850.919921875 2517
16861.544921875 2655
16873.849609375 2704
16881.486328125 2900
16945.697265625 2946
16966.865234375 459
16975.2421875 1408
17002.255859375 1339
17037.04296875 22
17047.650390625 45
17053.107421875 300
17064.3125 812
17109.404296875 922
17112.181640625 947
17122.2890625 975
17124.671875 1001
17127.603515625 1095
17131.73046875 1275
17155.451171875 1664
17161.146484375 1708
17174.404296875 1763
17177.8984375 1766
17178.3203125 1889
17180.8828125 2077
17199.31640625 2082
17200.236328125 2131
17217.34375 2315
17264.162109375 2317
17287.4375 2409
17293.904296875 2608
17301.408203125 2616
17319.333984375 2649
17326.16015625 2819
17367.45703125 2862
17388.81640625 1164
17398.0390625 2213
17490.259765625 1050
17514.41796875 979
17517.326171875 1562
17545.392578125 1597
17572.849609375 2334
17598.31640625 587
17622.734375 630
17634.8828125 777
17643.263671875 1012
17655.5078125 1064
17663.498046875 1082
17667.736328125 1462
17675.26171875 1501
17722.90625 1654
17753.0859375 1800
17763.3671875 2656
17801.681640625 2884
17813.361328125 1416
17814.42578125 1575
17820.40234375 2889
17831.59765625 445
17831.767578125 30
17844.951171875 2484
17847.2265625 38
17895.08984375 40
17949.72265625 76
17959.06640625 77
17963.34375 108
17990.05078125 164
17996.392578125 211
18003.578125 225
18026.150390625 376
18059.45703125 437
18101.49609375 510
18106.7734375 646
18111.810546875 671
18127.677734375 738
18151.49609375 770
18165.6171875 1434
18177.00390625 1610
18182.740234375 1662
18185.251953125 1709
18194.1875 1998
18223.744140625 2166
18230.798828125 2220
18231.3984375 2238
18237.99609375 2255
18263.521484375 2345
18264.990234375 2510
18267.93359375 2581
18279.52734375 2607
18319.203125 2807
18395.109375 1015
18421.11328125 1984
18516.64453125 1258
18539.818359375 2555
18548.013671875 1147
18607.59375 865
18611.083984375 939
18621.28125 1497
18670.7421875 2630
18679.2734375 2752
18683.763671875 457
18696.095703125 309
18726.650390625 316
18751.3359375 483
18753.46875 484
18757.740234375 633
18760.25 1026
18810.8359375 1036
18857.7890625 1176
18869.234375 1423
18938.876953125 1485
18942.005859375 1590
18944.86328125 1702
18962.271484375 1759
18979.763671875 1818
18991.8359375 1958
18991.8359375 1963
18995.8203125 1977
19024.466796875 2053
19072.77734375 2056
19075.43359375 2125
19102.814453125 2304
19110.271484375 2356
19112.224609375 2477
19116.779296875 2533
19123.8984375 2732
19131.7265625 2948
19137.509765625 1601
19140.3359375 2256
19150.591796875 2104
19150.90625 284
19157.705078125 1168
19163.796875 1145
19188.462890625 1476
19216.935546875 1618
19251.884765625 655
19282.185546875 1592
19290.9609375 2120
19379.37109375 2557
19410.8046875 112
19420.47265625 350
19456.046875 356
19466.625 448
19474.06640625 1500
19492.4140625 1526
19499.669921875 1587
19585.9921875 1881
19636.908203125 1943
19656.07421875 1962
19685.521484375 1995
19696.671875 2075
19716.427734375 2118
19749.43359375 2309
19760.986328125 2418
19786.65234375 2516
19803.830078125 2588
19830.48828125 2605
19843.072265625 2623
19863.6484375 2937
19863.6875 1005
19930.921875 110
19951.53125 2360
19976.22265625 121
19997.322265625 1046
20008.404296875 298
20098.6328125 372
20141.04296875 492
20154.314453125 752
20170.193359375 838
20173.9765625 903
20177.673828125 1034
20222.087890625 1128
20229.794921875 1187
20238.798828125 1437
20296.6875 1488
20307.748046875 1534
20406.87109375 1657
20439.890625 1678
20466.763671875 1824
20486.8515625 1826
20496.947265625 1941
20506.6328125 1997
20511.01953125 2318
20524.119140625 2327
20543.44921875 2362
20596.48828125 2404
20603.30078125 2453
20620.373046875 2458
20693.435546875 2496
20714.353515625 2696
20723.16796875 2722
20770.466796875 2796
20781.6640625 2584
20792.7734375 2872
20802.736328125 2589
20849.185546875 2135
20849.865234375 1802
20860.6875 1853
20912.01171875 1892
20953.685546875 1580
20955.4140625 25
20964.34375 72
20977.32421875 343
20989.19921875 710
20989.841796875 755
21021.583984375 885
21050.361328125 1683
21075.158203125 1776
21095.181640625 1972
21116.33984375 2047
21150.333984375 2138
21213.826171875 2185
21217.1953125 2344
21282.130859375 2545
21358.54296875 2573
21373.08984375 2855
21375.845703125 2159
21394.375 1067
21401.513671875 371
21402.673828125 243
21427.671875 1301
21445.73046875 311
21459.390625 426
21572.916015625 648
21597.357421875 720
21650.994140625 792
21655.71875 940
21658.193359375 1006
21669.28515625 1032
21710.6875 1160
21738.134765625 1189
21746.982421875 2183
21770.0234375 2190
21785.689453125 2301
21803.96875 1459
21808.83203125 1649
21839.083984375 353
21876.419921875 2706
21919.728515625 1511
21934.0546875 1778
21955.58203125 329
21962.068359375 731
21964.541015625 1400
22004.001953125 2070
22014.431640625 1480
22019.54296875 1714
22032.9375 249
22050.08984375 94
22050.26953125 2823
22111.3515625 471
22126.640625 473
22159.45703125 747
22181.625 915
22188.18359375 921
22260.599609375 993
22262.875 1072
22293.84765625 1415
22310.205078125 1541
22383.03125 1746
22452.474609375 1949
22470.525390625 2079
22486.1171875 2219
22518.935546875 2258
22554.91796875 2413
22572.41796875 2628
22577.63671875 2828
22586.77734375 2903
22601.27734375 2996
22651.111328125 204
22663.140625 1247
22666.447265625 1410
22688.05859375 1888
22701.7265625 1214
22723.1953125 1658
22731.193359375 2587
22793.892578125 380
22812.16015625 688
22853.234375 1761
22882.642578125 66
22964.998046875 127
22983.845703125 179
22986.181640625 855
23024.421875 1198
23052.12890625 1250
23121.271484375 1507
23127.4609375 1558
23168.419921875 2007
23171.09765625 2092
23175.853515625 2231
23222.80859375 2384
23241.78515625 2457
23378.26953125 2544
23429.61328125 2717
23436.47265625 2774
23478.98828125 2794
23490.6640625 2909
23531.869140625 972
23543.50390625 1138
23593.2265625 1442
23612.845703125 1137
23622.890625 102
23693.623046875 667
23706.912109375 1935
23721.5234375 2352
23730.486328125 2887
23817.41796875 427
23855.111328125 1533
23881.73046875 170
23883.126953125 262
23911.12109375 306
23943.416015625 596
23991.921875 805
24008.025390625 849
24014.759765625 850
24036.193359375 965
24041.28515625 976
24121.60546875 1058
24147.861328125 1403
24150.998046875 1645
24171.134765625 1999
24175.599609375 2292
24196.7265625 2392
24199.158203125 2403
24249.732421875 2497
24257.642578125 2524
24317.70703125 2601
24319.9140625 2652
24339.44921875 2657
24345.20703125 2761
24347.591796875 2839
24357.796875 2939
24393.208984375 2984
24417.26171875 1027
24477.60546875 622
24580.509765625 417
24597.529296875 450
24632.09765625 690
24656.69140625 969
24664.27734375 982
24693.58984375 1040
24716.07421875 1078
24748.986328125 1083
24790.953125 1382
24811.60546875 1391
24896.69140625 1486
24920.25 1503
24934.591796875 1547
24952.892578125 1561
24972.55859375 1965
24973.490234375 2026
25042.462890625 2066
25098.396484375 2182
25104.7109375 2245
25109.53125 2460
25152.91796875 2466
25212.458984375 2540
25328.826171875 2593
25330.80078125 2632
25379.818359375 2753
25387.107421875 2759
25448.08984375 2793
25482.00390625 2925
25501.994140625 2152
25512.234375 762
25554.30078125 2757
25575.16796875 37
25651.52734375 1624
25693.14453125 1271
25799.8359375 2370
25801.31640625 2895
25837.08984375 2411
25872.6875 67
25956.123046875 150
25987.47265625 171
26015.17578125 195
26146.001953125 363
26208.365234375 522
26232.34765625 657
26322.97265625 701
26352.63671875 760
26353.5078125 811
26354.373046875 874
26357.443359375 875
26477.72265625 1002
26492.576171875 1007
26530.08984375 1023
26539.97265625 1356
26556.126953125 1378
26582.97265625 1489
26631.990234375 1629
26648.751953125 2721
26669.822265625 2032
26674.435546875 2259
26698.857421875 771
26708.7890625 1543
26734.994140625 2241
26746.810546875 1964
26749.0234375 1625
26910.44921875 2693
27137.791015625 222
27147.041015625 258
27166.140625 281
27170.140625 506
27184.193359375 582
27370.39453125 724
27427.82421875 879
27465.8203125 1003
27673.208984375 1171
27838.42578125 1182
27901.833984375 1588
28043.052734375 1685
28395.134765625 1758
28509.4453125 2300
28538.994140625 2310
28677.25 2705
28781.974609375 2845
28827.236328125 2916
29004.7265625 1811
29095.849609375 2701
29098.60546875 421
29193.37890625 1440
29275.68359375 2337
29277.716796875 2531
29340.849609375 18
29391.44921875 29
29391.44921875 31
29504.6171875 104
29662.935546875 274
29737.8046875 321
29784.56640625 370
29866.291015625 375
29924.921875 562
29962.37890625 914
29983.666015625 944
30056.845703125 1672
30124.322265625 1684
30132.99609375 1825
30359.984375 1846
30409.056640625 1960
30518.01171875 1976
30534.9609375 2006
30599.666015625 2319
30675.94140625 2405
30732.359375 2550
30899.45703125 2606
31048.87890625 2768
31222.2109375 1081
31227.02734375 1780
31386.14453125 16
31406.751953125 28
31469.904296875 125
31485.953125 212
31548.77734375 265
31679.0703125 295
31730.15234375 360
31817.8828125 364
31943.537109375 937
31945.08984375 1077
32037.248046875 1101
32171.099609375 1241
32352.482421875 1243
32498.970703125 1307
32760.05078125 1343
32783.44140625 1404
33092.5703125 1418
33540.57421875 1585
33650.20703125 1719
34262.171875 1822
34464.71484375 2009
34543.9765625 2164
34598.77734375 2214
34650.35546875 2250
35066.57421875 2263
37392.26171875 2342
37562.15234375 2359
38992.73046875 2547
