5193.7763671875 2032
5403.87158203125 2259
5434.6533203125 771
5521.01123046875 1543
5548.6240234375 2241
5561.90478515625 1964
5598.47998046875 1625
5692.2470703125 2693
5720.9208984375 222
5860.38134765625 258
5996.8525390625 281
6016.830078125 506
6037.46875 582
6090.3134765625 724
6094.0869140625 879
6173.1875 1003
6214.3310546875 1171
6217.939453125 1182
6351.41845703125 1588
6375.5009765625 1685
6417.37109375 1758
6461.98095703125 2300
6504.31201171875 2310
6504.45556640625 2705
6515.619140625 2845
6535.548828125 2916
6536.662109375 1446
6541.01806640625 87
6554.810546875 251
6557.21875 527
6567.515625 529
6585.02587890625 625
6669.12451171875 641
6684.2177734375 693
6704.96435546875 873
6722.6845703125 881
6732.6875 928
6780.5693359375 1133
6798.962890625 1283
6809.37646484375 1318
6815.59619140625 1346
6830.240234375 1417
6841.880859375 1720
6877.740234375 1987
6884.826171875 2226
6912.1279296875 2296
6954.884765625 2515
6987.701171875 2572
6989.2041015625 2669
6993.2939453125 2728
6993.56591796875 2734
7052.6201171875 2746
7078.03125 2852
7092.28515625 2866
7095.75830078125 2915
7105.27001953125 2949
7107.33251953125 377
7170.400390625 2281
7172.931640625 160
7178.853515625 1
7186.43994140625 425
7192.72998046875 446
7197.24462890625 800
7235.13671875 918
7242.04638671875 953
7245.17041015625 985
7256.39892578125 986
7258.96142578125 1008
7270.693359375 1043
7291.69970703125 1270
7325.4580078125 1317
7336.64501953125 1435
7343.44921875 1548
7350.91064453125 1606
7452.61328125 1661
7476.744140625 1712
7478.310546875 2010
7478.37451171875 2088
7533.9208984375 2365
7571.521484375 2410
7581.74267578125 2414
7583.37939453125 2482
7586.7880859375 2560
7613.34814453125 2781
7649.58349609375 2820
7666.85595703125 997
7669.4931640625 1781
7703.68212890625 81
7704.1123046875 229
7727.1591796875 440
7737.11328125 548
7742.6201171875 611
7747.29345703125 826
7749.4365234375 834
7754.53271484375 848
7756.8486328125 871
7758.830078125 893
7785.53515625 1231
7824.12158203125 1256
7838.361328125 1315
7840.85888671875 1458
7871.37255859375 1550
7956.8408203125 1671
7972.8212890625 1711
7980.255859375 1815
7998.5029296875 1893
8015.94287109375 2312
8015.94287109375 2324
8022.6611328125 2385
8024.341796875 2447
8033.04931640625 2562
8034.9453125 2610
8039.7255859375 2622
8040.37255859375 2853
8049.47119140625 2924
8053.46484375 2927
8062.216796875 2239
8076.0439453125 1362
8089.22509765625 1926
8119.73291015625 2997
8171.43212890625 254
8173.255859375 388
8176.76953125 465
8181.892578125 498
8200.9677734375 520
8204.7783203125 962
8204.9990234375 981
8210.181640625 1156
8225.32421875 1652
8229.537109375 2205
8232.3994140625 2339
8236.0869140625 2417
8238.3408203125 2494
8263.89453125 2687
8312.544921875 1122
8322.6142578125 1670
8332.982421875 264
8342.03125 2173
8385.5634765625 1646
8440.2060546875 2396
8475.876953125 49
8475.8974609375 189
8483.8388671875 261
8493.921875 263
8509.650390625 430
8520.7958984375 831
8543.677734375 899
8585.3984375 1123
8599.6943359375 1169
8630.97265625 1350
8641.470703125 1405
8642.33203125 1512
8644.5693359375 1750
8646.7216796875 1769
8661.2548828125 1908
8671.783203125 1966
8675.8740234375 1982
8675.994140625 1993
8680.6435546875 2094
8681.46875 2126
8692.5712890625 2141
8711.3974609375 2171
8713.490234375 2174
8728.8349609375 2177
8731.9443359375 2237
8733.2470703125 2367
8750.6953125 2536
8752.916015625 2542
8762.7421875 2582
8772.5283203125 2675
8784.521484375 2703
8788.0595703125 1873
8822.3564453125 2107
8822.6416015625 1281
8840.9990234375 455
8849.0185546875 470
8870.390625 902
8887.0419921875 926
8915.94921875 967
8925.0 1104
8938.4921875 1225
8938.560546875 1286
8959.45703125 1506
8966.43359375 1516
8987.203125 1599
8989.87109375 1779
8996.05078125 1848
9003.1630859375 1867
9011.0615234375 1883
9072.357421875 2063
9088.8642578125 2210
9092.6708984375 2246
9151.3115234375 2285
9195.3203125 2361
9199.6796875 2686
9255.18359375 2700
9282.849609375 88
9300.673828125 586
9330.396484375 136
9338.2294921875 1471
9351.21875 226
9353.85546875 296
9356.78515625 1197
9366.568359375 1666
9368.142578125 2511
9369.15625 101
9399.029296875 215
9407.7861328125 549
9436.5546875 550
9449.5419921875 573
9483.6611328125 1136
9499.689453125 1199
9516.6982421875 1530
9530.9814453125 1581
9532.6337890625 1640
9538.10546875 1688
9555.5390625 1968
9601.8837890625 2526
9604.2333984375 2571
9610.7861328125 2983
9632.33203125 1787
9644.8671875 602
9647.7626953125 1146
9666.43359375 253
9674.1650390625 342
9701.8095703125 843
9704.0693359375 1233
9752.18359375 1335
9766.1826171875 1394
9767.3662109375 1737
9774.294921875 1784
9815.544921875 1950
9826.5078125 2025
9831.47265625 2473
9855.34765625 2518
9856.9326171875 999
9861.982421875 1056
9862.7099609375 1900
9869.5625 1304
9871.564453125 1326
9919.732421875 2967
9958.4423828125 1329
9980.4736328125 50
9981.12109375 318
9981.1240234375 389
10030.2119140625 478
10044.958984375 491
10065.4892578125 580
10074.306640625 599
10075.400390625 890
10101.416015625 896
10117.6083984375 909
10122.623046875 919
10131.642578125 995
10136.837890625 1273
10137.205078125 1342
10182.6337890625 1430
10204.23046875 1495
10209.11328125 1568
10221.53515625 1583
10260.95703125 1764
10269.966796875 1774
10272.5146484375 2065
10283.224609375 2117
10286.2822265625 2181
10288.3603515625 2268
10295.943359375 2465
10307.3828125 2664
10319.595703125 2760
10326.509765625 2764
10340.392578125 2938
10349.0458984375 2943
10356.330078125 1860
10368.892578125 2880
10369.970703125 1333
10391.2666015625 2631
10422.48828125 146
10438.6494140625 1538
10495.98828125 21
10501.2783203125 34
10554.1796875 200
10558.5810546875 288
10564.396484375 336
10576.154296875 385
10582.671875 517
10596.228515625 546
10604.83984375 609
10637.787109375 614
10662.048828125 683
10663.58984375 686
10709.46484375 769
10721.265625 1097
10727.361328125 1221
10738.6318359375 1322
10743.318359375 1359
10771.89453125 1376
10788.2041015625 1686
10792.9716796875 1854
10800.029296875 2513
10824.44140625 2553
10828.529296875 2650
10853.8974609375 2672
10870.39453125 2911
10883.1064453125 78
10891.306640625 2713
10910.865234375 2800
10917.203125 2651
10922.65234375 2970
10922.9072265625 1045
10967.7646484375 1068
10968.701171875 2078
10975.5927734375 884
10975.5927734375 886
10997.18359375 1028
11012.8037109375 1845
11016.5107421875 1932
11035.984375 2489
11038.17578125 90
11043.1826171875 153
11046.9052734375 240
11047.296875 256
11056.142578125 531
11114.7490234375 644
11155.490234375 706
11157.033203125 775
11204.259765625 1163
11206.1884765625 1483
11255.3671875 2114
11303.8515625 2379
11308.50390625 2424
11318.8779296875 2433
11381.904296875 2435
11387.462890625 2442
11389.544921875 2683
11409.6201171875 2811
11440.494140625 2176
11443.7509765625 169
11447.9580078125 2207
11456.314453125 1144
11459.486328125 2180
11460.765625 73
11470.0107421875 663
11488.580078125 677
11526.119140625 756
11536.96875 925
11557.0869140625 927
11575.5771484375 946
11582.1533203125 996
11588.11328125 1141
11591.8486328125 1202
11595.693359375 1251
11610.775390625 1457
11626.2822265625 1502
11632.5576171875 1591
11662.6025390625 1733
11665.9462890625 1735
11684.69140625 1919
11687.50390625 1933
11688.775390625 1955
11692.265625 2002
11702.7939453125 2335
11726.236328125 2341
11726.396484375 2565
11745.615234375 2695
11784.53515625 2763
11785.92578125 2840
11791.015625 2422
11815.6064453125 1020
11826.1220703125 640
11885.90625 59
11886.3798828125 177
11902.3486328125 191
11904.353515625 575
11913.1923828125 687
11958.732421875 934
11963.498046875 1119
11964.091796875 1529
11970.9736328125 1697
12013.205078125 1810
12022.228515625 1831
12038.794921875 2354
12041.6572265625 2528
12064.67578125 2679
12070.91796875 2712
12085.658203125 2747
12097.90234375 2809
12102.73046875 2821
12121.953125 2842
12137.734375 2860
12141.8671875 2906
12165.5732421875 2994
12206.9990234375 186
12211.79296875 223
12226.4345703125 1594
12227.0693359375 410
12233.1484375 631
12234.509765625 132
12253.9072265625 2576
12257.146484375 1282
12263.509765625 488
12279.1796875 869
12284.1142578125 2059
12305.59375 787
12338.6630859375 904
12341.7685546875 137
12357.8359375 275
12370.9248046875 328
12374.3935546875 333
12386.796875 392
12421.1494140625 407
12428.0966796875 489
12433.7021484375 680
12436.6494140625 1022
12446.068359375 1290
12454.810546875 1358
12462.427734375 1607
12469.720703125 1653
12487.7138671875 2024
12531.2763671875 2184
12533.9951171875 2221
12554.5517578125 2394
12555.3232421875 2427
12582.4189453125 2517
12589.6767578125 2655
12605.6708984375 2704
12608.5654296875 2900
12635.4970703125 2946
12637.26171875 459
12642.5849609375 1408
12669.771484375 1339
12669.828125 22
12670.87890625 45
12674.8935546875 300
12709.9755859375 812
12721.29296875 922
12733.5537109375 947
12739.3212890625 975
12739.3212890625 1001
12745.2822265625 1095
12746.9189453125 1275
12761.53125 1664
12830.603515625 1708
12870.8984375 1763
12893.794921875 1766
12895.0537109375 1889
12896.03125 2077
12915.353515625 2082
12929.2255859375 2131
12943.70703125 2315
12984.9228515625 2317
13001.212890625 2409
13002.46875 2608
13004.8564453125 2616
13033.7841796875 2649
13041.271484375 2819
13061.5849609375 2862
13063.8115234375 1164
13064.56640625 2213
13075.1220703125 1050
13098.4091796875 979
13102.166015625 1562
13106.2109375 1597
13170.55859375 2334
13180.705078125 587
13193.1533203125 630
13197.5849609375 777
13197.5849609375 1012
13198.259765625 1064
13203.2822265625 1082
13209.205078125 1462
13217.9130859375 1501
13217.9130859375 1654
13224.111328125 1800
13259.8017578125 2656
13273.412109375 2884
13295.9951171875 1416
13341.7421875 1575
13367.3857421875 2889
13422.873046875 445
13423.1171875 30
13438.796875 2484
13439.5087890625 38
13469.6689453125 40
13480.28125 76
13485.279296875 77
13529.65234375 108
13557.265625 164
13565.3671875 211
13566.0068359375 225
13588.2890625 376
13659.28125 437
13705.041015625 510
13757.2451171875 646
13764.990234375 671
13783.2099609375 738
13789.6767578125 770
13795.806640625 1434
13807.07421875 1610
13838.5498046875 1662
13839.9853515625 1709
13851.13671875 1998
13863.5546875 2166
13868.5703125 2220
13876.8984375 2238
13879.48828125 2255
13982.4482421875 2345
13994.53515625 2510
13995.62109375 2581
14000.76171875 2607
14045.6201171875 2807
14062.841796875 1015
14089.283203125 1984
14093.3701171875 1258
14106.65234375 2555
14112.5146484375 1147
14118.1796875 865
14120.57421875 939
14124.6435546875 1497
14130.44921875 2630
14146.578125 2752
14151.4013671875 457
14165.9892578125 309
14169.7626953125 316
14185.7685546875 483
14197.1728515625 484
14206.7587890625 633
14225.9169921875 1026
14226.4169921875 1036
14230.0771484375 1176
14234.1259765625 1423
14259.7890625 1485
14268.611328125 1590
14276.486328125 1702
14280.0390625 1759
14286.1474609375 1818
14286.6669921875 1958
14289.8671875 1963
14311.7587890625 1977
14370.1123046875 2053
14398.6708984375 2056
14416.912109375 2125
14436.2265625 2304
14447.41015625 2356
14460.849609375 2477
14474.43359375 2533
14507.6357421875 2732
14530.099609375 2948
14571.4775390625 1601
14575.876953125 2256
14595.654296875 2104
14650.6240234375 284
14712.3203125 182
14717.0908203125 916
14723.8203125 1667
14731.751953125 1852
14763.9775390625 727
14764.1669921875 2036
14781.3427734375 2772
14798.01171875 130
14803.1630859375 219
14806.921875 394
14809.421875 405
14862.240234375 634
14913.65625 856
14928.884765625 983
14933.20703125 1117
14952.0634765625 1386
15037.4453125 1791
15044.5478515625 1991
15068.0205078125 2060
15070.84375 2215
15093.0419921875 2314
15097.0625 2440
15110.5224609375 2467
15124.0615234375 2618
15129.3232421875 2648
15139.8798828125 2694
15160.05078125 1772
15168.2265625 818
15174.447265625 2907
15175.669921875 660
15200.060546875 1168
15238.626953125 1145
15301.1298828125 1476
15308.0322265625 1618
15317.55078125 655
15318.0009765625 1592
15319.38671875 2120
15321.7744140625 2557
15331.783203125 112
15339.458984375 350
15354.140625 356
15357.798828125 448
15369.9453125 1500
15377.9462890625 1526
15396.63671875 1587
15397.8828125 1881
15435.6396484375 1943
15438.9111328125 1962
15441.404296875 1995
15451.111328125 2075
15474.931640625 2118
15476.724609375 2309
15500.689453125 2418
15537.8525390625 2516
15555.37109375 2588
15578.3896484375 2605
15587.095703125 2623
15603.44921875 2937
15609.380859375 1005
15622.9130859375 110
15645.146484375 2360
15655.4296875 121
15662.0654296875 1046
15663.697265625 298
15682.140625 372
15694.021484375 492
15704.373046875 752
15707.8896484375 838
15717.9677734375 903
15746.2158203125 1034
15755.9091796875 1128
15756.1708984375 1187
15756.935546875 1437
15765.2421875 1488
15839.8076171875 1534
15850.712890625 1657
15855.322265625 1678
15863.0390625 1824
15871.337890625 1826
15906.51953125 1941
15927.361328125 1997
15929.533203125 2318
15929.533203125 2327
15930.787109375 2362
15959.5908203125 2404
15975.029296875 2453
15994.287109375 2458
15998.0810546875 2496
16008.43359375 2696
16029.1611328125 2722
16038.1435546875 2796
16064.69921875 2584
16065.9658203125 2872
16091.736328125 2589
16099.8232421875 2135
16111.7080078125 1802
16112.8291015625 1853
16114.7265625 1892
16114.7958984375 1580
16150.775390625 25
16152.921875 72
16160.025390625 343
16163.4619140625 710
16184.0625 755
16196.6171875 885
16207.5166015625 1683
16218.53125 1776
16225.57421875 1972
16229.7822265625 2047
16237.0634765625 2138
16249.5185546875 2185
16256.865234375 2344
16258.765625 2545
16261.37890625 2573
16273.84765625 2855
16364.13671875 2159
16382.1142578125 1067
16386.720703125 371
16396.994140625 243
16405.56640625 1301
16411.35546875 311
16412.080078125 426
16416.423828125 648
16422.302734375 720
16440.8984375 792
16464.830078125 940
16486.80859375 1006
16498.7890625 1032
16510.02734375 1160
16577.08984375 1189
16603.716796875 2183
16615.52734375 2190
16620.994140625 2301
16669.3203125 1459
16707.986328125 1649
16712.818359375 353
16723.8828125 2706
16740.818359375 1511
16747.654296875 1778
16826.44140625 329
16853.203125 731
16987.095703125 1400
16988.865234375 2070
16995.72265625 1480
17000.388671875 1714
17001.302734375 249
17018.84765625 94
17038.634765625 2823
17041.93359375 471
17042.826171875 473
17055.90625 747
17077.5078125 915
17086.701171875 921
17091.51171875 993
17105.59765625 1072
17159.830078125 1415
17166.98046875 1541
17176.9375 1746
17186.341796875 1949
17206.853515625 2079
17216.970703125 2219
17231.03125 2258
17238.111328125 2413
17249.83203125 2628
17311.12890625 2828
17346.615234375 2903
17356.318359375 2996
17384.306640625 204
17419.677734375 1247
17429.806640625 1410
17476.044921875 1888
17505.412109375 1214
17534.005859375 1658
17547.986328125 2587
17579.521484375 380
17604.935546875 688
17606.228515625 1761
17634.791015625 66
17639.18359375 127
17659.8828125 179
17667.65234375 855
17682.478515625 1198
17742.318359375 1250
17746.41015625 1507
17750.248046875 1558
17771.70703125 2007
17781.025390625 2092
17790.962890625 2231
17825.626953125 2384
17880.83984375 2457
17890.65234375 2544
17896.859375 2717
17907.611328125 2774
17967.396484375 2794
17985.57421875 2909
18011.822265625 972
18031.900390625 1138
18032.181640625 1442
18040.36328125 1137
18050.814453125 102
18063.43359375 667
18075.384765625 1935
18083.642578125 2352
18173.65625 2887
18174.25390625 427
18183.513671875 1533
18185.751953125 170
18261.64453125 262
18263.75 306
18319.330078125 596
18384.28515625 805
18437.126953125 849
18481.98046875 850
18484.4140625 965
18493.421875 976
18496.37109375 1058
18500.4296875 1403
18519.0 1645
18519.94140625 1999
18572.234375 2292
18608.62109375 2392
18647.9453125 2403
18648.224609375 2497
18660.71484375 2524
18666.4921875 2601
18678.53125 2652
18708.263671875 2657
18773.34375 2761
18780.6328125 2839
18792.126953125 2939
18873.248046875 2984
18880.66796875 1027
18925.703125 622
18946.861328125 417
19010.51171875 450
19029.46484375 690
19044.890625 969
19084.087890625 982
19088.126953125 1040
19100.998046875 1078
19109.759765625 1083
19126.0625 1382
19132.56640625 1391
19137.4296875 1486
19186.814453125 1503
19220.26953125 1547
19237.82421875 1561
19245.2421875 1965
19272.9296875 2026
19273.45703125 2066
19307.341796875 2182
19310.841796875 2245
19323.197265625 2460
19342.1328125 2466
19431.4453125 2540
19450.12890625 2593
19489.982421875 2632
19531.3359375 2753
19587.111328125 2759
19629.4609375 2793
19673.4140625 2925
19673.458984375 2152
19714.990234375 762
19789.3828125 2757
19891.1328125 37
20009.037109375 1624
20174.583984375 1271
20190.025390625 2370
20195.39453125 2895
20229.490234375 2411
20234.42578125 67
20311.685546875 150
20354.83203125 171
20367.28515625 195
20406.07421875 363
20414.814453125 522
20418.92578125 657
20434.87109375 701
20456.646484375 760
20585.091796875 811
20664.74609375 874
20665.228515625 875
20666.896484375 1002
20777.935546875 1007
20865.240234375 1023
20874.4375 1356
20888.564453125 1378
21158.4765625 1489
21234.8359375 1629
21313.30078125 2721
21319.001953125 1811
21362.302734375 2701
21393.38671875 421
21504.70703125 1440
21504.86328125 2337
21536.541015625 2531
21650.1484375 18
21658.8046875 29
21715.0078125 31
21766.302734375 104
21995.73828125 274
22069.42578125 321
22090.724609375 370
22163.51171875 375
22205.70703125 562
22230.83203125 914
22270.0859375 944
22331.65625 1672
22552.3046875 1684
22667.564453125 1825
22695.96875 1846
22796.576171875 1960
22851.896484375 1976
22917.55078125 2006
23113.1875 2319
23162.748046875 2405
23268.501953125 2550
23600.0625 2606
23600.0625 2768
23633.333984375 1081
23693.34375 1780
23695.00390625 16
23738.85546875 28
24015.134765625 125
24219.87109375 212
24397.572265625 265
24548.876953125 295
24581.41015625 360
24621.19140625 364
24967.5703125 937
25031.109375 1077
25146.033203125 1101
25479.259765625 1241
25887.51171875 1243
25944.439453125 1307
26070.181640625 1343
26140.630859375 1404
26323.927734375 1418
26378.4453125 1585
26498.607421875 1719
26955.01953125 1822
27600.03515625 2009
27984.439453125 2164
28082.888671875 2214
28849.578125 2250
29617.03515625 2263
29689.857421875 2342
30295.314453125 2359
31404.51953125 2547
