407.86865234375 1282
411.9643859863281 488
417.1259765625 869
478.98773193359375 2059
493.1651611328125 787
503.5618896484375 904
583.74609375 137
588.4576416015625 275
639.8927612304688 328
655.1550903320312 333
719.7861328125 392
765.0274658203125 407
900.149169921875 489
975.7966918945312 680
1006.5180053710938 1022
1071.5360107421875 1290
1081.320068359375 1358
1179.2510986328125 1607
1366.65283203125 1653
1405.610107421875 2024
1412.1708984375 2184
1705.521728515625 2221
1710.344970703125 2394
1918.6768798828125 2427
1961.5389404296875 2517
2090.05419921875 2655
2261.841796875 2704
2324.309814453125 2900
2375.56201171875 2946
2686.67333984375 459
3130.703125 1446
3286.689453125 87
3449.477783203125 251
3526.220458984375 527
3630.300537109375 529
3935.5361328125 625
3936.3525390625 641
3972.166259765625 693
4266.5322265625 873
4461.482421875 881
4920.84912109375 928
5034.95361328125 1133
5115.23828125 1283
5575.66845703125 1318
5679.146484375 1346
5944.41552734375 1417
6062.966796875 1720
6562.59228515625 1987
6660.53271484375 2226
6738.70947265625 2296
6944.412109375 2515
7274.63623046875 2572
7365.65478515625 2669
7448.70556640625 2728
7519.26904296875 2734
7521.4365234375 2746
7659.39111328125 2852
7663.44287109375 2866
7666.173828125 2915
7858.5517578125 2949
7892.47265625 377
7953.20556640625 2281
7994.82275390625 160
8233.421875 1
8472.001953125 425
8761.294921875 446
8761.294921875 800
8828.0556640625 918
9275.783203125 953
9460.8515625 985
9672.8798828125 986
9749.0048828125 1008
9947.4267578125 1043
10476.0849609375 1270
10515.52734375 1317
10542.521484375 1435
10567.8515625 1548
10599.7958984375 1606
11172.232421875 1661
11224.8984375 1712
11225.9833984375 2010
11521.7177734375 2088
11529.43359375 2365
12017.6484375 2410
12238.1552734375 2414
12247.5283203125 2482
12275.6513671875 2560
12280.943359375 2781
12283.3779296875 2820
12302.7275390625 997
12366.3095703125 1781
12408.888671875 81
12694.18359375 229
12850.97265625 440
13002.298828125 548
13094.798828125 611
13142.1318359375 826
13148.4501953125 834
13411.4443359375 848
13576.505859375 871
13588.2265625 893
13803.021484375 1231
13826.046875 1256
13961.044921875 1315
13965.7294921875 1458
14171.869140625 1550
14204.5126953125 1671
14249.6826171875 1711
14252.8330078125 1815
14324.2265625 1893
14542.9658203125 2312
14554.2919921875 2324
14554.431640625 2385
14713.7978515625 2447
14723.44140625 2562
15032.87109375 2610
15393.8037109375 2622
15431.2568359375 2853
15447.9111328125 2924
15610.9560546875 2927
15643.345703125 2239
15697.326171875 1362
15720.5986328125 1926
15981.6982421875 2997
15999.193359375 254
16036.6201171875 388
16190.0302734375 465
16237.458984375 498
16440.35546875 520
16533.728515625 962
16667.921875 981
16763.681640625 1156
16786.05078125 1652
17032.390625 2205
17048.189453125 2339
17160.98828125 2417
17161.2109375 2494
17168.302734375 2687
17324.271484375 1122
17419.89453125 1670
17612.9921875 264
17633.60546875 2173
17649.7421875 1646
17774.052734375 2396
17816.9609375 49
17816.97265625 189
17851.447265625 261
17954.4375 263
17965.59765625 430
18095.2265625 831
18115.904296875 899
18202.962890625 1123
18262.30078125 1169
18269.98828125 1350
18273.833984375 1405
18344.10546875 1512
18392.177734375 1750
18432.806640625 1769
18494.345703125 1908
18599.66015625 1966
18609.806640625 1982
18624.51171875 1993
18661.94921875 2094
18718.076171875 2126
18788.98046875 2141
18807.06640625 2171
18811.52734375 2174
18812.08203125 2177
18812.337890625 2237
18824.240234375 2367
18840.591796875 2536
18862.091796875 2542
18957.0234375 2582
19017.55078125 2675
19027.64453125 2703
19036.96484375 1873
19056.73046875 2107
19074.326171875 1281
19124.103515625 455
19141.984375 470
19199.119140625 902
19245.498046875 926
19276.3125 967
19287.279296875 1104
19320.38671875 1225
19436.416015625 1286
19438.869140625 1506
19453.220703125 1516
19466.345703125 1599
19551.69921875 1779
19589.16796875 1848
19598.119140625 1867
19599.875 1883
19697.65234375 2063
19834.96875 2210
19846.220703125 2246
19926.2109375 2285
19944.875 2361
19970.86328125 2686
20049.3203125 2700
20060.115234375 88
20061.693359375 586
20209.525390625 136
20266.53515625 1471
20279.994140625 226
20282.642578125 296
20301.53515625 1197
20320.62890625 1666
20320.853515625 2511
20384.322265625 101
20384.82421875 215
20476.1328125 549
20480.77734375 550
20532.0390625 573
20550.8046875 1136
20571.8828125 1199
20575.638671875 1530
20614.12890625 1581
20666.30859375 1640
20716.357421875 1688
20807.982421875 1968
20810.080078125 2526
20892.56640625 2571
20913.24609375 2983
20954.29296875 1787
20964.912109375 602
20987.134765625 1146
21003.318359375 253
21008.49609375 342
21026.22265625 843
21055.60546875 1233
21061.955078125 1335
21074.15625 1394
21111.63671875 1737
21112.806640625 1784
21115.365234375 1950
21166.919921875 2025
21167.208984375 2473
21173.888671875 2518
21178.09765625 999
21198.1640625 1056
21198.48046875 1900
21201.384765625 1304
21204.3671875 1326
21226.6015625 2967
21237.865234375 1329
21248.44921875 50
21298.861328125 318
21342.876953125 389
21346.91796875 478
21420.17578125 491
21441.76953125 580
21444.724609375 599
21456.84375 890
21459.0 896
21464.451171875 909
21479.921875 919
21490.17578125 995
21490.384765625 1273
21542.96484375 1342
21553.57421875 1430
21558.525390625 1495
21565.23828125 1568
21574.7890625 1583
21598.31640625 1764
21602.478515625 1774
21615.494140625 2065
21657.9921875 2117
21671.357421875 2181
21680.919921875 2268
21716.126953125 2465
21727.18359375 2664
21748.244140625 2760
21758.892578125 2764
21770.154296875 2938
21777.9140625 2943
21798.384765625 1860
21804.126953125 2880
21809.568359375 1333
21840.3828125 2631
21849.96875 146
21855.078125 1538
21862.21484375 21
21874.798828125 34
21926.9921875 200
21928.77734375 288
21948.48828125 336
21949.05078125 385
21951.3359375 517
21960.619140625 546
21966.20703125 609
21971.26171875 614
21993.052734375 683
22003.916015625 686
22008.669921875 769
22063.755859375 1097
22067.185546875 1221
22131.603515625 1322
22165.138671875 1359
22174.865234375 1376
22191.8515625 1686
22193.390625 1854
22194.083984375 2513
22212.205078125 2553
22220.857421875 2650
22247.435546875 2672
22290.1875 2911
22344.791015625 78
22346.341796875 2713
22349.5625 2800
22349.93359375 2651
22358.765625 2970
22372.482421875 1045
22443.328125 1068
22463.44140625 2078
22492.490234375 884
22498.904296875 886
22536.91796875 1028
22540.03515625 1845
22566.89453125 1932
22572.08984375 2489
22614.03125 90
22640.955078125 153
22764.796875 240
22786.890625 256
22811.021484375 531
22844.177734375 644
22862.572265625 706
22865.666015625 775
22871.04296875 1163
22924.802734375 1483
22963.65625 2114
22982.685546875 2379
23001.708984375 2424
23018.232421875 2433
23022.498046875 2435
23045.43359375 2442
23085.599609375 2683
23090.9140625 2811
23148.541015625 2176
23150.5078125 169
23188.58984375 2207
23192.73046875 1144
23209.830078125 2180
23229.814453125 73
23233.021484375 663
23237.4453125 677
23259.728515625 756
23272.0625 925
23280.71484375 927
23305.4375 946
23346.501953125 996
23397.890625 1141
23412.740234375 1202
23444.078125 1251
23451.40234375 1457
23456.662109375 1502
23475.783203125 1591
23510.45703125 1733
23525.15625 1735
23535.185546875 1919
23537.4375 1933
23587.134765625 1955
23591.25 2002
23597.37890625 2335
23610.119140625 2341
23611.951171875 2565
23626.544921875 2695
23647.021484375 2763
23688.201171875 2840
23703.994140625 2422
23714.685546875 1020
23737.703125 640
23758.4296875 59
23778.8203125 177
23779.60546875 191
23789.400390625 575
23790.818359375 687
23792.3984375 934
23799.7890625 1119
23812.7734375 1529
23842.98046875 1697
23844.314453125 1810
23863.853515625 1831
23879.025390625 2354
23882.888671875 2528
23916.9296875 2679
23926.13671875 2712
23929.689453125 2747
23932.478515625 2809
23947.837890625 2821
23952.17578125 2842
23974.197265625 2860
24010.83984375 2906
24034.5 2994
24037.787109375 186
24041.6328125 223
24045.607421875 1594
24054.734375 410
24075.21875 631
24077.41015625 132
24097.58984375 2576
24108.328125 1408
24118.693359375 1339
24176.5859375 22
24182.21875 45
24205.486328125 300
24218.869140625 812
24220.376953125 922
24237.853515625 947
24293.767578125 975
24310.470703125 1001
24330.455078125 1095
24348.89453125 1275
24390.54296875 1664
24420.87890625 1708
24433.619140625 1763
24460.431640625 1766
24461.673828125 1889
24483.345703125 2077
24483.345703125 2082
24484.7109375 2131
24485.869140625 2315
24486.197265625 2317
24486.466796875 2409
24545.041015625 2608
24545.24609375 2616
24553.443359375 2649
24574.671875 2819
24614.53515625 2862
24682.806640625 1164
24741.072265625 2213
24744.8515625 1050
24752.21875 979
24757.439453125 1562
24779.521484375 1597
24797.171875 2334
24809.66015625 587
24841.72265625 630
24841.84765625 777
24844.599609375 1012
24849.369140625 1064
24861.41015625 1082
24866.1953125 1462
24883.830078125 1501
24886.158203125 1654
24901.80859375 1800
24937.255859375 2656
24937.255859375 2884
24956.29296875 1416
24967.46875 1575
25015.697265625 2889
25023.91796875 445
25028.970703125 30
25058.0546875 2484
25064.6015625 38
25075.169921875 40
25078.4609375 76
25092.150390625 77
25110.02734375 108
25117.548828125 164
25163.697265625 211
25185.212890625 225
25196.734375 376
25233.85546875 437
25257.873046875 510
25273.1796875 646
25277.4296875 671
25283.34765625 738
25290.85546875 770
25324.431640625 1434
25330.833984375 1610
25363.69140625 1662
25369.423828125 1709
25386.630859375 1998
25415.49609375 2166
25435.591796875 2220
25459.13671875 2238
25466.904296875 2255
25523.265625 2345
25532.935546875 2510
25576.646484375 2581
25604.017578125 2607
25614.953125 2807
25645.31640625 1015
25655.01171875 1984
25655.703125 1258
25668.33984375 2555
25675.68359375 1147
25695.4765625 865
25723.263671875 939
25742.470703125 1497
25776.455078125 2630
25781.37890625 2752
25782.23046875 457
25801.42578125 309
25826.83203125 316
25856.326171875 483
25868.7890625 484
25873.068359375 633
25935.857421875 1026
25936.447265625 1036
25949.669921875 1176
25957.484375 1423
25961.12890625 1485
25966.556640625 1590
25983.228515625 1702
25989.10546875 1759
25996.794921875 1818
26007.65625 1958
26025.908203125 1963
26027.73828125 1977
26038.638671875 2053
26039.49609375 2056
26045.013671875 2125
26052.177734375 2304
26056.876953125 2356
26070.232421875 2477
26073.26953125 2533
26082.033203125 2732
26123.306640625 2948
26148.853515625 1601
26153.875 2256
26177.529296875 2104
26193.009765625 284
26193.27734375 182
26201.607421875 916
26202.96875 1667
26235.98046875 1852
26254.53515625 727
26268.7890625 2036
26270.728515625 2772
26280.7109375 130
26284.3046875 219
26318.27734375 394
26341.08984375 405
26352.87890625 634
26373.18359375 856
26385.302734375 983
26391.130859375 1117
26409.8125 1386
26426.404296875 1791
26430.623046875 1991
26432.560546875 2060
26434.361328125 2215
26441.05078125 2314
26452.126953125 2440
26459.107421875 2467
26497.77734375 2618
26501.1328125 2648
26508.89453125 2694
26534.623046875 1772
26553.947265625 818
26556.484375 2907
26575.48828125 660
26601.529296875 1168
26601.59765625 1145
26615.63671875 1476
26619.853515625 1618
26658.32421875 655
26661.046875 1592
26668.76953125 2120
26669.427734375 2557
26681.853515625 112
26683.78515625 350
26704.560546875 356
26711.6328125 448
26725.802734375 1500
26770.708984375 1526
26817.1015625 1587
26818.384765625 1881
26832.54296875 1943
26854.478515625 1962
26876.1796875 1995
26876.38671875 2075
26879.935546875 2118
26920.25390625 2309
26928.921875 2418
26935.0703125 2516
26955.4765625 2588
26995.791015625 2605
27035.99609375 2623
27039.248046875 2937
27045.1171875 1005
27076.958984375 110
27112.88671875 2360
27126.5 121
27142.876953125 1046
27144.59375 298
27155.232421875 372
27174.0703125 492
27175.423828125 752
27203.29296875 838
27217.234375 903
27243.5859375 1034
27255.95703125 1128
27260.091796875 1187
27260.66796875 1437
27272.53515625 1488
27284.890625 1534
27293.767578125 1657
27314.865234375 1678
27316.470703125 1824
27331.29296875 1826
27336.46484375 1941
27360.998046875 1997
27360.998046875 2318
27398.05078125 2327
27403.119140625 2362
27433.912109375 2404
27511.892578125 2453
27540.83984375 2458
27553.728515625 2496
27567.162109375 2696
27578.1796875 2722
27632.5234375 2796
27633.48046875 2584
27649.794921875 2872
27669.681640625 2589
27683.13671875 2135
27694.01953125 1802
27705.177734375 1853
27708.955078125 1892
27722.2265625 1580
27774.1796875 25
27775.306640625 72
27775.876953125 343
27791.41015625 710
27801.27734375 755
27812.484375 885
27845.375 1683
27846.8671875 1776
27854.40625 1972
27854.40625 2047
27918.9765625 2138
27970.703125 2185
27981.4296875 2344
28012.703125 2545
28012.8203125 2573
28023.369140625 2855
28065.705078125 2159
28151.982421875 1067
28178.177734375 371
28220.607421875 243
28225.5234375 1301
28237.076171875 311
28242.0078125 426
28245.02734375 648
28250.283203125 720
28258.005859375 792
28276.34765625 940
28279.78515625 1006
28301.47265625 1032
28337.77734375 1160
28351.9765625 1189
28369.033203125 2183
28369.375 2190
28419.546875 2301
28438.107421875 1459
28461.958984375 1649
28466.634765625 353
28559.287109375 2706
28572.466796875 1511
28572.896484375 1778
28582.078125 329
28623.662109375 731
28629.365234375 1400
28674.673828125 2070
28715.412109375 1480
28724.63671875 1714
28728.2734375 249
28761.1640625 94
28781.615234375 2823
28849.7265625 471
28855.88671875 473
28864.994140625 747
28870.33203125 915
28906.349609375 921
28913.33984375 993
28914.11328125 1072
28923.55078125 1415
28951.33203125 1541
28960.27734375 1746
28965.359375 1949
29002.42578125 2079
29036.4921875 2219
29041.466796875 2258
29100.3359375 2413
29113.373046875 2628
29122.61328125 2828
29136.30078125 2903
29153.890625 2996
29175.37109375 204
29179.59375 1247
29211.279296875 1410
29227.177734375 1888
29246.83203125 1214
29250.125 1658
29252.380859375 2587
29290.279296875 380
29321.419921875 688
29322.63671875 1761
29331.935546875 66
29361.21875 127
29371.365234375 179
29378.171875 855
29382.23828125 1198
29392.21875 1250
29473.90625 1507
29489.49609375 1558
29513.4453125 2007
29542.93359375 2092
29549.58203125 2231
29586.74609375 2384
29605.998046875 2457
29641.3671875 2544
29645.44140625 2717
29648.181640625 2774
29666.77734375 2794
29746.857421875 2909
29769.640625 972
29784.201171875 1138
29831.13671875 1442
29859.375 1137
29866.265625 102
29870.2890625 667
29884.91015625 1935
29914.916015625 2352
29920.498046875 2887
29963.185546875 427
29969.06640625 1533
29982.123046875 170
29995.4765625 262
30071.078125 306
30084.470703125 596
30128.44921875 805
30134.724609375 849
30146.462890625 850
30178.783203125 965
30199.990234375 976
30209.798828125 1058
30223.9375 1403
30258.0625 1645
30268.826171875 1999
30269.1796875 2292
30270.50390625 2392
30282.19140625 2403
30307.009765625 2497
30390.9296875 2524
30418.03515625 2601
30440.009765625 2652
30467.095703125 2657
30467.662109375 2761
30484.86328125 2839
30489.685546875 2939
30528.30078125 2984
30547.794921875 1027
30581.91796875 622
30588.75 417
30598.515625 450
30600.73828125 690
30635.41015625 969
30683.11328125 982
30705.87890625 1040
30720.236328125 1078
30735.671875 1083
30804.3828125 1382
30809.0703125 1391
30887.029296875 1486
30923.43359375 1503
30942.81640625 1547
30993.50390625 1561
31076.251953125 1965
31135.82421875 2026
31159.072265625 2066
31265.798828125 2182
31325.51953125 2245
31368.734375 2460
31400.7265625 2466
31406.501953125 2540
31516.755859375 2593
31531.51171875 2632
31551.87109375 2753
31610.388671875 2759
31633.009765625 2793
31648.240234375 2925
31684.6484375 2152
31741.53515625 762
31755.162109375 2757
31774.4375 37
31780.607421875 1624
31801.66796875 1271
31853.623046875 2370
31943.80859375 2895
31979.197265625 2411
31979.576171875 67
31993.982421875 150
32013.310546875 171
32169.583984375 195
32194.642578125 363
32207.0703125 522
32219.751953125 657
32220.36328125 701
32245.171875 760
32345.1796875 811
32451.216796875 874
32451.216796875 875
32467.033203125 1002
32495.3515625 1007
32567.857421875 1023
32662.478515625 1356
32667.80859375 1378
32716.037109375 1489
32726.634765625 1629
32757.533203125 2721
32775.0 2032
32846.03125 2259
32851.9609375 771
32870.890625 1543
32879.9140625 2241
32999.2890625 1964
33004.75390625 1625
33033.01171875 2693
33073.92578125 222
33088.93359375 258
33122.0546875 281
33146.27734375 506
33165.29296875 582
33284.390625 724
33306.4453125 879
33387.3984375 1003
33387.3984375 1171
33449.671875 1182
33459.140625 1588
33487.5234375 1685
33534.6328125 1758
33587.12109375 2300
33764.546875 2310
33800.421875 2705
33836.3671875 2845
33838.27734375 2916
33869.8203125 1811
33886.65234375 2701
33913.83203125 421
34000.05078125 1440
34045.59765625 2337
34082.69140625 2531
34191.7109375 18
34305.62109375 29
34308.4375 31
34386.38671875 104
34480.62890625 274
34518.140625 321
34561.23046875 370
34603.9765625 375
34619.5703125 562
34667.21484375 914
34793.03515625 944
34807.46484375 1672
34956.875 1684
34965.00390625 1825
35087.01171875 1846
35316.8671875 1960
35324.5078125 1976
35327.23828125 2006
35329.4375 2319
35346.8515625 2405
35535.9921875 2550
35590.4140625 2606
35812.9453125 2768
35963.61328125 1081
36079.07421875 1780
36236.0859375 16
36475.08203125 28
36545.84375 125
36664.31640625 212
36775.05078125 265
36925.3984375 295
36978.5 360
37412.9609375 364
37493.546875 937
37552.5859375 1077
37758.16796875 1101
37798.0546875 1241
37958.91796875 1243
38101.5546875 1307
38183.12109375 1343
38320.98046875 1404
38646.69140625 1418
38916.765625 1585
39549.33203125 1719
39827.61328125 1822
39940.05859375 2009
40200.33203125 2164
40240.0 2214
40428.83203125 2250
40439.48828125 2263
41065.375 2342
41306.41015625 2359
42061.4765625 2547
