2916.107177734375 1281
3531.12255859375 455
3605.708251953125 470
3639.84619140625 902
3912.060791015625 926
4032.138427734375 967
4101.7333984375 1104
4282.6298828125 1225
4325.78125 1286
4338.1044921875 1506
4395.71875 1516
4429.134765625 1599
4477.123046875 1779
4491.34765625 1848
4531.04736328125 1867
4555.4970703125 1883
4558.203125 2063
4562.30078125 2210
4572.498046875 2246
4590.9755859375 2285
4632.455078125 2361
4659.6435546875 2686
4756.17529296875 2700
4829.23681640625 88
4881.0654296875 586
4888.39794921875 136
4938.89306640625 1471
4943.16748046875 226
4954.00439453125 296
5007.89208984375 1197
5182.88818359375 1666
5234.05908203125 1446
5298.6044921875 87
5344.619140625 251
5353.57470703125 527
5358.80810546875 529
5406.5439453125 625
5425.587890625 641
5432.748046875 693
5449.37109375 873
5630.919921875 881
5638.650390625 928
5665.4150390625 1133
5725.17431640625 1283
5740.9775390625 1318
5800.927734375 1346
5900.412109375 1417
5904.056640625 1720
5953.6357421875 1987
5968.0341796875 2226
6122.2744140625 2296
6130.4404296875 2515
6175.0234375 2572
6199.58251953125 2669
6282.3203125 2728
6295.5146484375 2734
6393.2333984375 2746
6476.5849609375 2852
6519.9189453125 2866
6790.7861328125 2915
6867.7666015625 2949
6988.19921875 377
7068.533203125 2281
7186.15771484375 160
7245.41357421875 1
7323.68896484375 425
7359.509765625 446
7373.25390625 800
7410.5830078125 918
7461.91845703125 953
7511.849609375 985
7539.5615234375 986
7581.966796875 1008
7637.671875 1043
7694.55126953125 1270
7719.76025390625 1317
7724.083984375 1435
7860.8466796875 1548
8135.63427734375 1606
8228.7001953125 1661
8231.4345703125 1712
8233.173828125 2010
8249.0927734375 2088
8266.3798828125 2365
8304.8310546875 2410
8393.7890625 2414
8462.4560546875 2482
8475.474609375 2560
8480.771484375 2781
8595.4833984375 2820
8753.5810546875 997
8766.61328125 1781
8775.0263671875 81
8875.8193359375 229
8903.71484375 440
8914.431640625 548
8950.2744140625 611
8986.7060546875 826
9083.2734375 834
9110.52734375 848
9134.298828125 871
9342.767578125 893
9413.3955078125 1231
9429.70703125 1256
9465.2177734375 1315
9527.294921875 1458
9529.3955078125 1550
9590.41015625 1671
9602.494140625 1711
9679.9345703125 1815
9691.3095703125 1893
9713.4052734375 2312
9771.5849609375 2324
9795.390625 2385
9800.818359375 2447
9995.65234375 2562
10006.6123046875 2610
10011.2705078125 2622
10019.5234375 2853
10064.515625 2924
10088.107421875 2927
10089.5341796875 2239
10091.54296875 1362
10110.3818359375 1926
10153.505859375 2997
10156.09765625 254
10173.68359375 388
10203.9599609375 465
10313.65625 498
10345.6923828125 520
10378.296875 962
10417.3095703125 981
10436.13671875 1156
10584.2890625 1652
10586.322265625 2205
10606.9794921875 2339
10625.162109375 2417
10635.48046875 2494
10640.21484375 2687
10657.29296875 1122
10668.4462890625 1670
10674.755859375 264
10686.43359375 2173
10686.43359375 1646
10712.841796875 2396
10768.5263671875 49
10782.1328125 189
10808.728515625 261
10835.45703125 263
10840.40234375 430
10980.22265625 831
11060.8095703125 899
11064.3056640625 1123
11109.703125 1169
11111.107421875 1350
11126.822265625 1405
11141.12890625 1512
11177.626953125 1750
11190.142578125 1769
11196.8798828125 1908
11253.4326171875 1966
11314.24609375 1982
11317.12109375 1993
11322.4296875 2094
11366.2529296875 2126
11370.1318359375 2141
11372.31640625 2171
11417.5244140625 2174
11428.396484375 2177
11471.3330078125 2237
11473.25 2367
11477.8349609375 2536
11479.0224609375 2542
11491.513671875 2582
11522.90625 2675
11555.509765625 2703
11562.2578125 1873
11580.1484375 2107
11607.9462890625 2511
11626.076171875 101
11706.296875 215
11733.3623046875 549
11758.478515625 550
11774.80859375 573
11798.443359375 1136
11826.505859375 1199
11831.1123046875 1530
11842.43359375 1581
11857.03515625 1640
11909.60546875 1688
11920.4853515625 1968
11923.724609375 2526
11923.724609375 2571
11948.6201171875 2983
11959.615234375 1787
11989.240234375 602
12014.3515625 1146
12124.830078125 253
12177.8076171875 342
12209.619140625 843
12241.6669921875 1233
12272.8076171875 1335
12282.81640625 1394
12321.66015625 1737
12340.4765625 1784
12435.150390625 1950
12442.3515625 2025
12449.3271484375 2473
12456.423828125 2518
12473.37109375 999
12488.26171875 1056
12534.501953125 1900
12551.09375 1304
12557.125 1326
12584.69140625 2967
12619.9462890625 1329
12640.9833984375 50
12648.029296875 318
12648.7529296875 389
12671.4755859375 478
12678.0205078125 491
12683.4013671875 580
12690.8671875 599
12702.2568359375 890
12726.9189453125 896
12738.892578125 909
12776.7353515625 919
12815.044921875 995
12855.4130859375 1273
12856.0400390625 1342
12905.708984375 1430
12914.9619140625 1495
12926.1416015625 1568
13015.0048828125 1583
13052.150390625 1764
13054.0107421875 1774
13059.50390625 2065
13063.5888671875 2117
13089.04296875 2181
13089.8828125 2268
13137.6513671875 2465
13137.9541015625 2664
13139.42578125 2760
13145.1123046875 2764
13155.349609375 2938
13163.5126953125 2943
13193.6005859375 1860
13204.4775390625 2880
13214.7353515625 1333
13243.375 2631
13273.708984375 146
13301.1259765625 1538
13314.326171875 21
13342.544921875 34
13345.826171875 200
13369.146484375 288
13378.72265625 336
13389.73046875 385
13410.0302734375 517
13415.35546875 546
13439.82421875 609
13444.796875 614
13448.8017578125 683
13451.2578125 686
13477.8310546875 769
13494.05859375 1097
13496.470703125 1221
13498.9697265625 1322
13507.5283203125 1359
13520.974609375 1376
13521.6650390625 1686
13549.908203125 1854
13555.6748046875 2513
13579.8115234375 2553
13603.732421875 2650
13612.1083984375 2672
13612.904296875 2911
13623.48828125 78
13626.2177734375 2713
13641.8603515625 2800
13643.9130859375 2651
13644.08984375 2970
13649.345703125 1045
13651.0263671875 1068
13663.80859375 2078
13702.986328125 884
13717.23828125 886
13718.9794921875 1028
13720.896484375 1845
13727.5849609375 1932
13733.5966796875 2489
13752.0673828125 90
13771.82421875 153
13788.943359375 240
13789.748046875 256
13808.6162109375 531
13810.8662109375 644
13813.3896484375 706
13816.98828125 775
13826.359375 1163
13827.0712890625 1483
13834.291015625 2114
13839.62890625 2379
13841.2412109375 2424
13868.09765625 2433
13887.99609375 2435
13917.31640625 2442
13926.8076171875 2683
13940.599609375 2811
13956.857421875 2176
13993.802734375 169
14001.7724609375 2207
14009.7666015625 1144
14049.12890625 2180
14061.5390625 73
14082.208984375 663
14082.984375 677
14103.474609375 756
14120.2314453125 925
14131.5 927
14135.130859375 946
14142.8203125 996
14162.396484375 1141
14167.990234375 1202
14178.3427734375 1251
14202.609375 1457
14242.140625 1502
14257.04296875 1591
14274.1748046875 1733
14294.1728515625 1735
14295.9560546875 1919
14301.029296875 1933
14315.02734375 1955
14318.169921875 2002
14318.169921875 2335
14334.9580078125 2341
14339.1103515625 2565
14355.587890625 2695
14365.7001953125 2763
14407.759765625 2840
14409.7314453125 2422
14435.8515625 1020
14441.1259765625 640
14468.4619140625 59
14470.8837890625 177
14476.1328125 191
14492.794921875 575
14497.5830078125 687
14515.564453125 934
14526.904296875 1119
14535.1171875 1529
14540.640625 1697
14547.2265625 1810
14548.15625 1831
14559.283203125 2354
14572.302734375 2528
14589.6171875 2679
14591.06640625 2712
14593.5859375 2747
14602.48046875 2809
14617.541015625 2821
14627.146484375 2842
14628.2001953125 2860
14639.6279296875 2906
14642.720703125 2994
14652.380859375 186
14654.37890625 223
14656.123046875 1594
14696.3740234375 410
14697.0234375 631
14730.818359375 132
14731.416015625 2576
14746.78515625 1282
14764.2392578125 488
14767.3115234375 869
14783.556640625 2059
14792.052734375 787
14798.857421875 904
14808.0966796875 137
14825.34375 275
14828.419921875 328
14842.1220703125 333
14848.67578125 392
14850.578125 407
14856.349609375 489
14863.3466796875 680
14892.16796875 1022
14907.869140625 1290
14930.58984375 1358
14935.8701171875 1607
14945.611328125 1653
14982.4443359375 2024
15016.91796875 2184
15022.48046875 2221
15040.25390625 2394
15060.1337890625 2427
15081.1318359375 2517
15085.005859375 2655
15103.4111328125 2704
15105.72265625 2900
15107.4736328125 2946
15134.4521484375 459
15138.4296875 1408
15138.666015625 1339
15157.208984375 22
15164.19140625 45
15173.439453125 300
15176.4560546875 812
15190.935546875 922
15205.55078125 947
15217.0302734375 975
15243.5380859375 1001
15244.84375 1095
15253.66015625 1275
15256.0888671875 1664
15259.4111328125 1708
15260.1650390625 1763
15277.205078125 1766
15279.443359375 1889
15284.8408203125 2077
15289.10546875 2082
15290.78125 2131
15299.6640625 2315
15328.6123046875 2317
15341.30859375 2409
15343.982421875 2608
15344.3525390625 2616
15381.06640625 2649
15390.89453125 2819
15399.974609375 2862
15403.158203125 1164
15419.6455078125 2213
15420.8076171875 1050
15428.2958984375 979
15428.736328125 1562
15432.376953125 1597
15442.2314453125 2334
15450.0498046875 587
15455.2578125 630
15463.7763671875 777
15472.6865234375 1012
15478.939453125 1064
15478.939453125 1082
15505.603515625 1462
15521.640625 1501
15521.9033203125 1654
15531.72265625 1800
15531.82421875 2656
15534.21484375 2884
15545.6357421875 1416
15546.0751953125 1575
15564.75390625 2889
15574.0859375 445
15574.125 30
15574.3759765625 2484
15596.837890625 38
15603.740234375 40
15610.31640625 76
15618.482421875 77
15623.166015625 108
15624.111328125 164
15635.73828125 211
15641.201171875 225
15676.2685546875 376
15695.375 437
15700.1689453125 510
15709.7734375 646
15730.7978515625 671
15751.638671875 738
15754.9423828125 770
15766.82421875 1434
15772.62890625 1610
15775.35546875 1662
15776.9921875 1709
15783.6650390625 1998
15788.0009765625 2166
15794.283203125 2220
15794.935546875 2238
15799.837890625 2255
15806.55859375 2345
15807.572265625 2510
15820.466796875 2581
15842.2939453125 2607
15844.0556640625 2807
15844.201171875 1015
15874.2236328125 1984
15881.3857421875 1258
15881.94140625 2555
15901.4423828125 1147
15940.2158203125 865
16010.3310546875 939
16025.798828125 1497
16038.0048828125 2630
16053.9052734375 2752
16065.2333984375 457
16070.388671875 309
16081.9140625 316
16090.9921875 483
16094.802734375 484
16109.978515625 633
16113.1396484375 1026
16134.0693359375 1036
16148.76171875 1176
16159.650390625 1423
16164.185546875 1485
16167.787109375 1590
16169.8779296875 1702
16195.419921875 1759
16198.6337890625 1818
16200.5078125 1958
16201.615234375 1963
16219.919921875 1977
16228.41015625 2053
16230.9697265625 2056
16256.66796875 2125
16265.6650390625 2304
16269.4892578125 2356
16269.5654296875 2477
16282.8828125 2533
16295.087890625 2732
16299.970703125 2948
16309.400390625 1601
16328.2958984375 2256
16329.0810546875 2104
16343.4345703125 284
16348.560546875 182
16354.689453125 916
16361.9033203125 1667
16386.298828125 1852
16392.5 727
16395.037109375 2036
16398.59375 2772
16400.28125 130
16431.958984375 219
16441.685546875 394
16445.837890625 405
16453.40234375 634
16499.3828125 856
16509.142578125 983
16511.044921875 1117
16513.328125 1386
16525.884765625 1791
16536.46875 1991
16536.982421875 2060
16545.03515625 2215
16561.34375 2314
16565.58203125 2440
16598.2265625 2467
16607.876953125 2618
16633.43359375 2648
16639.93359375 2694
16657.744140625 1772
16664.544921875 818
16672.42578125 2907
16683.994140625 660
16684.044921875 1168
16716.3984375 1145
16738.037109375 1476
16752.958984375 1618
16753.91796875 655
16761.556640625 1592
16767.89453125 2120
16768.697265625 2557
16809.2109375 112
16820.5546875 350
16835.646484375 356
16837.34765625 448
16864.412109375 1500
16871.287109375 1526
16919.255859375 1587
16944.740234375 1881
16966.48046875 1943
16979.66015625 1962
16980.16796875 1995
16980.66796875 2075
16992.8515625 2118
17017.234375 2309
17031.63671875 2418
17032.466796875 2516
17040.939453125 2588
17092.234375 2605
17093.359375 2623
17105.943359375 2937
17122.73828125 1005
17124.94140625 110
17161.26953125 2360
17169.208984375 121
17169.9453125 1046
17183.880859375 298
17184.212890625 372
17203.01171875 492
17203.943359375 752
17206.048828125 838
17235.2578125 903
17241.384765625 1034
17263.255859375 1128
17273.31640625 1187
17286.029296875 1437
17291.533203125 1488
17293.28125 1534
17302.7734375 1657
17320.12890625 1678
17350.181640625 1824
17359.3828125 1826
17362.876953125 1941
17364.857421875 1997
17415.40234375 2318
17481.783203125 2327
17483.541015625 2362
17483.541015625 2404
17489.54296875 2453
17503.751953125 2458
17508.0703125 2496
17516.3125 2696
17540.900390625 2722
17554.65625 2796
17571.4140625 2584
17581.119140625 2872
17587.232421875 2589
17590.853515625 2135
17620.30859375 1802
17621.119140625 1853
17634.34765625 1892
17680.615234375 1580
17681.43359375 25
17683.40625 72
17686.625 343
17689.9609375 710
17691.669921875 755
17729.814453125 885
17768.9296875 1683
17774.044921875 1776
17784.810546875 1972
17804.958984375 2047
17809.84375 2138
17820.73828125 2185
17859.826171875 2344
17862.48828125 2545
17870.013671875 2573
17885.30859375 2855
17895.310546875 2159
17902.0390625 1067
17903.470703125 371
17919.599609375 243
17935.953125 1301
17939.880859375 311
17942.408203125 426
17964.40625 648
17969.6484375 720
17972.83984375 792
17975.97265625 940
18000.927734375 1006
18006.78515625 1032
18029.611328125 1160
18046.3046875 1189
18048.60546875 2183
18050.822265625 2190
18076.5546875 2301
18077.177734375 1459
18082.50390625 1649
18089.212890625 353
18109.07421875 2706
18119.423828125 1511
18147.9140625 1778
18151.77734375 329
18153.544921875 731
18176.13671875 1400
18182.736328125 2070
18203.193359375 1480
18203.193359375 1714
18222.52734375 249
18223.205078125 94
18224.9375 2823
18234.759765625 471
18250.57421875 473
18252.158203125 747
18256.60546875 915
18263.228515625 921
18283.923828125 993
18336.98046875 1072
18356.85546875 1415
18409.056640625 1541
18409.853515625 1746
18412.75390625 1949
18414.33984375 2079
18423.146484375 2219
18430.29296875 2258
18434.578125 2413
18438.087890625 2628
18440.720703125 2828
18453.0703125 2903
18456.50390625 2996
18462.302734375 204
18462.34765625 1247
18501.03515625 1410
18509.62109375 1888
18521.26171875 1214
18532.85546875 1658
18533.064453125 2587
18572.40625 380
18610.81640625 688
18623.26171875 1761
18663.880859375 66
18668.04296875 127
18690.423828125 179
18690.884765625 855
18693.607421875 1198
18701.392578125 1250
18731.326171875 1507
18747.330078125 1558
18757.228515625 2007
18775.96484375 2092
18777.232421875 2231
18789.654296875 2384
18792.140625 2457
18801.283203125 2544
18804.9296875 2717
18805.77734375 2774
18808.13671875 2794
18824.09765625 2909
18881.232421875 972
18902.5 1138
18906.26953125 1442
18910.77734375 1137
18917.291015625 102
18922.529296875 667
18962.216796875 1935
18979.4453125 2352
18991.337890625 2887
19059.6484375 427
19075.75390625 1533
19077.033203125 170
19092.275390625 262
19099.140625 306
19124.041015625 596
19129.421875 805
19135.99609375 849
19143.115234375 850
19146.021484375 965
19183.919921875 976
19195.10546875 1058
19209.388671875 1403
19237.87109375 1645
19245.501953125 1999
19293.01953125 2292
19299.330078125 2392
19301.103515625 2403
19319.478515625 2497
19332.216796875 2524
19370.17578125 2601
19373.4375 2652
19386.65625 2657
19392.5234375 2761
19393.99609375 2839
19396.677734375 2939
19437.443359375 2984
19442.38671875 1027
19459.654296875 622
19460.33984375 417
19462.029296875 450
19470.470703125 690
19493.056640625 969
19493.576171875 982
19522.7421875 1040
19551.96484375 1078
19556.837890625 1083
19576.08984375 1382
19596.458984375 1391
19618.11328125 1486
19725.84375 1503
19730.048828125 1547
19744.318359375 1561
19768.6328125 1965
19780.515625 2026
19799.01953125 2066
19821.53125 2182
19828.9609375 2245
19837.685546875 2460
19838.529296875 2466
19844.337890625 2540
19849.326171875 2593
19861.6171875 2632
19887.9765625 2753
19900.298828125 2759
19945.365234375 2793
19956.673828125 2925
19961.193359375 2152
19986.193359375 762
20083.876953125 2757
20087.998046875 37
20114.41015625 1624
20172.828125 1271
20203.00390625 2370
20262.240234375 2895
20278.724609375 2411
20344.6640625 67
20398.212890625 150
20412.2109375 171
20475.208984375 195
20510.7265625 363
20546.2109375 522
20572.31640625 657
20645.05859375 701
20662.53125 760
20720.6953125 811
20744.373046875 874
20793.041015625 875
20819.423828125 1002
20844.443359375 1007
20866.8125 1023
20893.318359375 1356
20946.25390625 1378
21045.904296875 1489
21051.26953125 1629
21061.287109375 2721
21062.26953125 2032
21066.12890625 2259
21111.181640625 771
21115.810546875 1543
21116.400390625 2241
21150.111328125 1964
21166.13671875 1625
21200.53515625 2693
21248.328125 222
21253.736328125 258
21264.35546875 281
21264.73828125 506
21348.033203125 582
21357.20703125 724
21358.609375 879
21372.544921875 1003
21405.92578125 1171
21474.46875 1182
21608.7421875 1588
21638.642578125 1685
21681.919921875 1758
21689.6875 2300
21846.310546875 2310
21865.369140625 2705
21928.56640625 2845
21953.5078125 2916
21968.58203125 1811
22006.15234375 2701
22031.0625 421
22092.751953125 1440
22094.033203125 2337
22106.89453125 2531
22229.63671875 18
22249.52734375 29
22277.080078125 31
22279.3203125 104
22313.259765625 274
22393.37109375 321
22398.96875 370
22444.81640625 375
22455.91796875 562
22506.408203125 914
22515.310546875 944
22588.947265625 1672
22615.044921875 1684
22617.107421875 1825
22646.73828125 1846
22952.828125 1960
23005.259765625 1976
23285.072265625 2006
23389.4375 2319
23397.654296875 2405
23409.771484375 2550
23613.23046875 2606
23667.64453125 2768
23710.216796875 1081
23948.60546875 1780
23960.646484375 16
23976.9609375 28
24063.693359375 125
24118.443359375 212
24118.65625 265
24268.03515625 295
24897.671875 360
24959.525390625 364
24999.45703125 937
25103.67578125 1077
25193.62890625 1101
25398.279296875 1241
25414.5078125 1243
26216.064453125 1307
26288.279296875 1343
26308.935546875 1404
26383.5078125 1418
26466.80859375 1585
26754.61328125 1719
27178.44140625 1822
27195.73828125 2009
27349.72265625 2164
27482.591796875 2214
27796.193359375 2250
28012.0625 2263
28097.57421875 2342
30089.3046875 2359
31101.130859375 2547
