6315.32861328125 1281
6596.0654296875 455
7273.7890625 470
7519.08544921875 902
7545.0458984375 926
7602.70263671875 967
7677.33837890625 1104
7689.01806640625 1225
7698.3876953125 1286
7706.33544921875 1506
7801.046875 1516
7821.2666015625 1599
7910.662109375 1779
7995.53515625 1848
8255.4267578125 1867
8352.12890625 1883
8356.9794921875 2063
8419.796875 2210
8490.658203125 2246
8512.1259765625 2285
8512.392578125 2361
8557.88671875 2686
8584.0771484375 2700
8592.578125 88
8604.86328125 586
8662.32421875 136
8726.947265625 1471
8880.65625 226
8911.931640625 296
8915.376953125 1197
8937.5 1666
9052.833984375 1446
9078.0244140625 87
9125.44140625 251
9137.5263671875 527
9140.328125 529
9173.7958984375 625
9189.67578125 641
9189.67578125 693
9255.80078125 873
9256.6396484375 881
9260.5712890625 928
9294.9482421875 1133
9309.4033203125 1283
9321.87109375 1318
9369.2158203125 1346
9404.3720703125 1417
9435.201171875 1720
9436.1259765625 1987
9456.748046875 2226
9462.205078125 2296
9512.294921875 2515
9521.5703125 2572
9564.892578125 2669
9584.322265625 2728
9632.587890625 2734
9641.4501953125 2746
9733.0517578125 2852
9740.5576171875 2866
9830.294921875 2915
9854.388671875 2949
9891.0732421875 377
9980.861328125 2281
10004.685546875 160
10005.0654296875 1
10035.2041015625 425
10069.666015625 446
10089.1064453125 800
10159.1083984375 918
10189.623046875 953
10193.22265625 985
10216.982421875 986
10287.46875 1008
10296.607421875 1043
10311.9755859375 1270
10328.337890625 1317
10333.080078125 1435
10342.5322265625 1548
10379.634765625 1606
10439.904296875 1661
10448.728515625 1712
10454.099609375 2010
10459.8671875 2088
10462.4775390625 2365
10467.1474609375 2410
10495.740234375 2414
10538.43359375 2482
10556.5810546875 2560
10596.658203125 2781
10599.3818359375 2820
10641.6923828125 997
10645.0078125 1781
10681.2470703125 81
10708.0908203125 229
10711.5390625 440
10727.4306640625 548
10735.5966796875 611
10758.1240234375 826
10784.474609375 834
10827.0966796875 848
10842.626953125 871
10843.513671875 893
10863.525390625 1231
10877.556640625 1256
10912.0078125 1315
10932.658203125 1458
10954.76953125 1550
10958.533203125 1671
10988.8388671875 1711
10989.4365234375 1815
11014.18359375 1893
11052.3076171875 2312
11067.779296875 2324
11080.876953125 2385
11104.9697265625 2447
11111.853515625 2562
11118.5546875 2610
11142.3955078125 2622
11142.8125 2853
11160.123046875 2924
11168.4326171875 2927
11194.34765625 2239
11206.349609375 1362
11247.9755859375 1926
11254.7197265625 2997
11274.9814453125 254
11285.9775390625 388
11290.52734375 465
11320.0576171875 498
11336.6982421875 520
11338.5419921875 962
11340.1953125 981
11353.0673828125 1156
11391.21484375 1652
11406.232421875 2205
11421.787109375 2339
11432.63671875 2417
11437.3955078125 2494
11450.09765625 2687
11450.771484375 1122
11453.828125 1670
11468.3388671875 264
11468.3388671875 2173
11472.9189453125 1646
11492.958984375 2396
11509.62109375 49
11549.13671875 189
11558.18359375 261
11576.5234375 263
11603.5634765625 430
11617.9033203125 831
11624.36328125 899
11641.037109375 1123
11654.5654296875 1169
11656.7421875 1350
11659.251953125 1405
11659.740234375 1512
11661.3583984375 1750
11679.5234375 1769
11710.2529296875 1908
11725.0888671875 1966
11746.5078125 1982
11755.2392578125 1993
11842.240234375 2094
11858.990234375 2126
11865.6083984375 2141
11921.521484375 2171
11931.5673828125 2174
11940.8671875 2177
11942.1357421875 2237
11949.4375 2367
11954.205078125 2536
11956.8349609375 2542
11999.158203125 2582
12032.86328125 2675
12070.705078125 2703
12078.494140625 1873
12133.15234375 2107
12133.8740234375 2511
12138.65625 101
12153.12890625 215
12153.8447265625 549
12165.330078125 550
12258.80078125 573
12261.484375 1136
12266.037109375 1199
12300.716796875 1530
12302.47265625 1581
12316.2373046875 1640
12332.8759765625 1688
12335.2041015625 1968
12339.83203125 2526
12357.478515625 2571
12377.0869140625 2983
12390.81640625 1787
12394.333984375 602
12408.314453125 1146
12449.599609375 253
12451.4970703125 342
12460.54296875 843
12475.990234375 1233
12480.1416015625 1335
12525.09375 1394
12537.3984375 1737
12548.3505859375 1784
12552.8310546875 1950
12564.5869140625 2025
12585.5703125 2473
12593.7646484375 2518
12604.732421875 999
12605.48828125 1056
12607.8701171875 1900
12618.2744140625 1304
12668.68359375 1326
12670.8857421875 2967
12675.8203125 1329
12685.4453125 50
12685.6591796875 318
12770.2421875 389
12774.94921875 478
12774.9638671875 491
12780.2021484375 580
12789.875 599
12798.51953125 890
12819.1494140625 896
12819.4501953125 909
12850.998046875 919
12859.951171875 995
12898.998046875 1273
12907.9072265625 1342
12914.05859375 1430
12919.349609375 1495
12930.734375 1568
12931.453125 1583
12963.529296875 1764
12966.61328125 1774
12968.33984375 2065
13025.9462890625 2117
13034.7890625 2181
13040.181640625 2268
13040.1923828125 2465
13047.1083984375 2664
13074.5126953125 2760
13080.5751953125 2764
13087.3564453125 2938
13103.388671875 2943
13104.69921875 1860
13130.6279296875 2880
13131.5927734375 1333
13147.3203125 2631
13172.76953125 146
13222.0087890625 1538
13232.5927734375 21
13241.451171875 34
13249.6484375 200
13259.052734375 288
13274.255859375 336
13282.1962890625 385
13286.7412109375 517
13288.431640625 546
13292.1787109375 609
13307.2490234375 614
13311.091796875 683
13324.986328125 686
13337.5 769
13339.0 1097
13348.5361328125 1221
13359.45703125 1322
13378.9296875 1359
13379.171875 1376
13383.0380859375 1686
13388.560546875 1854
13396.0068359375 2513
13410.1015625 2553
13431.056640625 2650
13434.01171875 2672
13471.3076171875 2911
13493.3466796875 78
13497.966796875 2713
13544.92578125 2800
13546.6337890625 2651
13550.849609375 2970
13572.921875 1045
13575.181640625 1068
13585.1708984375 2078
13597.537109375 884
13598.3369140625 886
13601.02734375 1028
13634.970703125 1845
13638.9794921875 1932
13639.6513671875 2489
13654.6240234375 90
13657.9921875 153
13660.44140625 240
13672.5068359375 256
13714.4775390625 531
13737.0751953125 644
13745.173828125 706
13765.05859375 775
13790.115234375 1163
13795.7265625 1483
13797.744140625 2114
13806.01171875 2379
13806.47265625 2424
13847.2265625 2433
13878.8515625 2435
13880.150390625 2442
13892.9013671875 2683
13893.9912109375 2811
13895.2001953125 2176
13897.259765625 169
13899.80859375 2207
13914.9619140625 1144
13918.51953125 2180
13942.3798828125 73
13952.4765625 663
13956.169921875 677
13956.4931640625 756
13982.3447265625 925
13982.478515625 927
14008.4228515625 946
14008.8896484375 996
14019.6484375 1141
14020.345703125 1202
14027.7138671875 1251
14050.779296875 1457
14061.4912109375 1502
14062.9775390625 1591
14063.7666015625 1733
14072.69921875 1735
14076.03125 1919
14082.177734375 1933
14118.9794921875 1955
14123.556640625 2002
14130.759765625 2335
14159.6220703125 2341
14174.1015625 2565
14210.625 2695
14212.9189453125 2763
14215.6337890625 2840
14232.3818359375 2422
14259.8310546875 1020
14260.0966796875 640
14262.4267578125 59
14274.2802734375 177
14313.3408203125 191
14315.3671875 575
14315.978515625 687
14338.6025390625 934
14341.0166015625 1119
14357.2138671875 1529
14358.5478515625 1697
14359.95703125 1810
14365.4013671875 1831
14373.5146484375 2354
14377.4365234375 2528
14378.814453125 2679
14382.5029296875 2712
14398.2412109375 2747
14406.4140625 2809
14409.74609375 2821
14429.625 2842
14430.8125 2860
14437.61328125 2906
14441.8994140625 2994
14449.169921875 186
14450.7470703125 223
14453.390625 1594
14467.84765625 410
14468.13671875 631
14485.859375 132
14490.595703125 2576
14530.0439453125 1282
14532.8212890625 488
14541.1865234375 869
14542.2724609375 2059
14543.3017578125 787
14558.537109375 904
14560.3583984375 137
14561.9931640625 275
14581.3515625 328
14587.7451171875 333
14590.470703125 392
14593.25 407
14599.064453125 489
14602.126953125 680
14606.0068359375 1022
14606.873046875 1290
14608.767578125 1358
14618.703125 1607
14619.5419921875 1653
14623.5419921875 2024
14639.880859375 2184
14655.048828125 2221
14656.6279296875 2394
14677.4013671875 2427
14679.49609375 2517
14693.2431640625 2655
14695.5478515625 2704
14695.5634765625 2900
14700.4404296875 2946
14711.4716796875 459
14732.890625 1408
14734.83203125 1339
14738.7255859375 22
14750.71875 45
14772.4873046875 300
14809.126953125 812
14809.7958984375 922
14816.4677734375 947
14817.9794921875 975
14838.9599609375 1001
14841.94921875 1095
14846.515625 1275
14859.431640625 1664
14859.45703125 1708
14859.837890625 1763
14860.6572265625 1766
14870.8232421875 1889
14891.408203125 2077
14914.5888671875 2082
14931.5107421875 2131
14950.716796875 2315
14954.4599609375 2317
14973.37890625 2409
14975.8037109375 2608
14985.4443359375 2616
14994.3486328125 2649
15006.9013671875 2819
15031.65625 2862
15048.380859375 1164
15054.203125 2213
15060.65234375 1050
15070.3193359375 979
15081.962890625 1562
15113.439453125 1597
15117.97265625 2334
15149.6923828125 587
15159.376953125 630
15179.0546875 777
15180.3916015625 1012
15184.361328125 1064
15190.2626953125 1082
15197.580078125 1462
15206.06640625 1501
15211.076171875 1654
15216.6787109375 1800
15260.0908203125 2656
15261.7978515625 2884
15274.7890625 1416
15276.30078125 1575
15293.6083984375 2889
15298.73828125 445
15304.65234375 30
15309.6748046875 2484
15313.6923828125 38
15313.8779296875 40
15333.2685546875 76
15335.9267578125 77
15359.34375 108
15363.380859375 164
15378.712890625 211
15383.0830078125 225
15386.3408203125 376
15435.42578125 437
15474.310546875 510
15479.3857421875 646
15496.9052734375 671
15499.3701171875 738
15502.560546875 770
15511.7685546875 1434
15512.3720703125 1610
15518.578125 1662
15523.5029296875 1709
15526.412109375 1998
15544.7158203125 2166
15546.03515625 2220
15550.04296875 2238
15574.8525390625 2255
15579.3359375 2345
15588.6572265625 2510
15596.970703125 2581
15632.640625 2607
15640.1767578125 2807
15680.0068359375 1015
15685.15234375 1984
15688.71875 1258
15700.3818359375 2555
15712.224609375 1147
15750.0107421875 865
15751.4072265625 939
15760.2138671875 1497
15770.3271484375 2630
15784.337890625 2752
15785.701171875 457
15792.884765625 309
15797.3251953125 316
15807.3916015625 483
15819.0068359375 484
15819.333984375 633
15831.3076171875 1026
15835.3173828125 1036
15859.3076171875 1176
15877.4365234375 1423
15913.41015625 1485
15920.81640625 1590
15921.4697265625 1702
15924.9072265625 1759
15926.77734375 1818
15933.3173828125 1958
15968.9716796875 1963
15984.0556640625 1977
15986.484375 2053
15987.212890625 2056
15993.052734375 2125
15994.99609375 2304
15995.064453125 2356
15998.037109375 2477
16002.345703125 2533
16004.193359375 2732
16004.6025390625 2948
16007.783203125 1601
16020.0859375 2256
16024.615234375 2104
16029.986328125 284
16036.1298828125 182
16036.3212890625 916
16073.0498046875 1667
16075.904296875 1852
16090.0517578125 727
16097.4208984375 2036
16103.203125 2772
16112.197265625 130
16119.498046875 219
16137.9541015625 394
16157.60546875 405
16183.9716796875 634
16210.9013671875 856
16220.86328125 983
16234.634765625 1117
16238.4599609375 1386
16244.279296875 1791
16271.7880859375 1991
16310.0380859375 2060
16311.7900390625 2215
16316.6416015625 2314
16321.5341796875 2440
16323.826171875 2467
16326.990234375 2618
16332.470703125 2648
16334.5966796875 2694
16361.693359375 1772
16382.1162109375 818
16385.57421875 2907
16412.08203125 660
16453.46875 1168
16455.97265625 1145
16467.486328125 1476
16475.880859375 1618
16480.642578125 655
16507.466796875 1592
16521.029296875 2120
16529.3359375 2557
16535.8046875 112
16539.90625 350
16544.345703125 356
16549.314453125 448
16572.025390625 1500
16589.546875 1526
16593.51953125 1587
16597.2109375 1881
16607.41015625 1943
16615.95703125 1962
16619.369140625 1995
16620.546875 2075
16632.458984375 2118
16654.96484375 2309
16655.2265625 2418
16664.203125 2516
16690.109375 2588
16720.68359375 2605
16720.88671875 2623
16745.82421875 2937
16756.1484375 1005
16760.1015625 110
16771.70703125 2360
16777.046875 121
16781.572265625 1046
16782.7421875 298
16786.94921875 372
16825.6640625 492
16827.005859375 752
16848.37890625 838
16866.671875 903
16890.75390625 1034
16910.703125 1128
16924.318359375 1187
16938.16015625 1437
16952.623046875 1488
16956.99609375 1534
16964.236328125 1657
16978.005859375 1678
16986.162109375 1824
16991.1875 1826
16993.58203125 1941
17026.56640625 1997
17027.369140625 2318
17054.81640625 2327
17056.841796875 2362
17059.470703125 2404
17060.60546875 2453
17075.71875 2458
17080.30859375 2496
17085.37109375 2696
17099.88671875 2722
17108.037109375 2796
17111.908203125 2584
17129.41796875 2872
17133.59375 2589
17160.228515625 2135
17166.275390625 1802
17176.689453125 1853
17179.841796875 1892
17206.2265625 1580
17206.2265625 25
17210.53515625 72
17214.79296875 343
17222.32421875 710
17278.841796875 755
17280.40625 885
17296.091796875 1683
17300.201171875 1776
17319.75390625 1972
17320.837890625 2047
17342.990234375 2138
17346.8046875 2185
17358.0546875 2344
17362.080078125 2545
17375.84375 2573
17391.998046875 2855
17402.509765625 2159
17403.609375 1067
17405.47265625 371
17452.173828125 243
17457.185546875 1301
17500.46875 311
17516.703125 426
17534.53515625 648
17534.830078125 720
17545.0234375 792
17546.845703125 940
17562.7578125 1006
17563.177734375 1032
17566.162109375 1160
17590.810546875 1189
17594.5390625 2183
17603.626953125 2190
17620.71484375 2301
17623.798828125 1459
17628.03515625 1649
17644.04296875 353
17657.73046875 2706
17685.78125 1511
17692.859375 1778
17694.224609375 329
17696.73828125 731
17702.720703125 1400
17708.533203125 2070
17726.423828125 1480
17740.333984375 1714
17748.251953125 249
17748.251953125 94
17779.58984375 2823
17787.75 471
17791.111328125 473
17797.8984375 747
17813.685546875 915
17814.490234375 921
17847.4765625 993
17851.130859375 1072
17855.71484375 1415
17856.052734375 1541
17859.990234375 1746
17863.51953125 1949
17877.111328125 2079
17886.341796875 2219
17887.65625 2258
17899.052734375 2413
17920.41015625 2628
17936.341796875 2828
17936.625 2903
17944.681640625 2996
17951.361328125 204
17959.63671875 1247
17984.94140625 1410
17987.8515625 1888
18019.3828125 1214
18027.71875 1658
18054.025390625 2587
18064.544921875 380
18078.294921875 688
18093.09765625 1761
18124.97265625 66
18138.212890625 127
18140.41015625 179
18141.966796875 855
18145.765625 1198
18161.73046875 1250
18163.0546875 1507
18167.634765625 1558
18170.208984375 2007
18173.501953125 2092
18175.3125 2231
18182.064453125 2384
18187.7109375 2457
18229.15625 2544
18247.9609375 2717
18250.646484375 2774
18251.1484375 2794
18281.458984375 2909
18290.259765625 972
18293.869140625 1138
18318.2265625 1442
18321.248046875 1137
18323.228515625 102
18353.470703125 667
18374.341796875 1935
18374.341796875 2352
18389.875 2887
18403.37109375 427
18408.5 1533
18411.619140625 170
18418.904296875 262
18427.3828125 306
18463.232421875 596
18464.01171875 805
18500.31640625 849
18523.150390625 850
18523.6875 965
18566.962890625 976
18574.8984375 1058
18586.240234375 1403
18588.29296875 1645
18650.62890625 1999
18656.84765625 2292
18677.29296875 2392
18700.0 2403
18705.37890625 2497
18728.998046875 2524
18732.65234375 2601
18748.65625 2652
18750.134765625 2657
18780.8671875 2761
18791.109375 2839
18800.744140625 2939
18801.033203125 2984
18887.255859375 1027
18897.666015625 622
18903.427734375 417
18909.8828125 450
18923.716796875 690
18945.0703125 969
18986.060546875 982
18995.560546875 1040
19055.48046875 1078
19058.69140625 1083
19088.185546875 1382
19088.185546875 1391
19106.3359375 1486
19114.234375 1503
19119.865234375 1547
19145.763671875 1561
19160.73828125 1965
19184.193359375 2026
19227.380859375 2066
19230.17578125 2182
19237.349609375 2245
19285.30859375 2460
19315.357421875 2466
19328.091796875 2540
19328.26171875 2593
19341.716796875 2632
19344.78125 2753
19346.267578125 2759
19421.3984375 2793
19462.171875 2925
19470.755859375 2152
19500.478515625 762
19562.22265625 2757
19567.58203125 37
19605.26953125 1624
19656.66796875 1271
19658.328125 2370
19671.263671875 2895
19678.361328125 2411
19682.060546875 67
19713.08984375 150
19749.8203125 171
19757.6875 195
19831.94140625 363
19840.384765625 522
19911.83203125 657
19920.927734375 701
19964.8828125 760
19988.560546875 811
20004.236328125 874
20009.849609375 875
20083.46484375 1002
20189.064453125 1007
20217.77734375 1023
20314.52734375 1356
20323.90234375 1378
20349.4609375 1489
20363.474609375 1629
20402.83203125 2721
20420.107421875 2032
20445.28125 2259
20459.947265625 771
20514.447265625 1543
20515.05078125 2241
20528.220703125 1964
20545.97265625 1625
20562.0625 2693
20602.884765625 222
20707.70703125 258
20718.69921875 281
20722.013671875 506
20821.52734375 582
20866.078125 724
20870.65234375 879
20905.267578125 1003
20961.947265625 1171
20994.423828125 1182
21010.3515625 1588
21013.705078125 1685
21036.015625 1758
21172.328125 2300
21243.9140625 2310
21366.162109375 2705
21409.896484375 2845
21417.501953125 2916
21436.07421875 1811
21475.888671875 2701
21497.078125 421
21509.068359375 1440
21589.78125 2337
21606.927734375 2531
21622.00390625 18
21832.00390625 29
21851.8046875 31
21852.970703125 104
21900.72265625 274
22146.47265625 321
22180.92578125 370
22238.51171875 375
22247.033203125 562
22314.2578125 914
22353.23046875 944
22374.58203125 1672
22385.451171875 1684
22511.63671875 1825
22542.86328125 1846
22607.509765625 1960
22960.880859375 1976
22967.966796875 2006
22977.58984375 2319
23112.298828125 2405
23241.3671875 2550
23598.353515625 2606
23752.796875 2768
24048.5625 1081
24051.2109375 1780
24194.294921875 16
24212.296875 28
24283.994140625 125
24331.32421875 212
24379.365234375 265
24383.30078125 295
24553.302734375 360
24929.046875 364
25000.451171875 937
25061.65234375 1077
25220.2421875 1101
25224.87890625 1241
25301.046875 1243
25303.296875 1307
25422.08984375 1343
25819.955078125 1404
26524.794921875 1418
26575.650390625 1585
26751.009765625 1719
26963.505859375 1822
27887.998046875 2009
28286.298828125 2164
28437.603515625 2214
28569.62890625 2250
29060.462890625 2263
29519.953125 2342
30022.115234375 2359
30357.296875 2547
