527.4657592773438 1046
556.6494750976562 298
558.9554443359375 372
581.5293579101562 492
608.5076293945312 752
638.7855224609375 838
691.2991943359375 903
692.0698852539062 1034
764.6390991210938 1128
833.3602905273438 1187
844.5206298828125 1437
917.2354125976562 1488
924.9916381835938 1534
928.6060791015625 1657
938.4417114257812 1678
946.240234375 1824
1044.4771728515625 1826
1063.485595703125 1941
1063.485595703125 1997
1422.3138427734375 2318
1473.6744384765625 2327
1480.4583740234375 2362
1525.9049072265625 2404
1693.443603515625 2453
1934.3331298828125 2458
2035.0604248046875 2496
2045.775146484375 2696
2065.210693359375 2722
2116.3544921875 2796
2316.789306640625 2584
2316.789306640625 2872
2333.344482421875 1446
2333.694091796875 87
2407.63232421875 251
2601.76953125 527
2631.4560546875 529
2720.978759765625 625
2800.60546875 641
2826.19775390625 693
2893.34521484375 873
2967.97509765625 881
3000.84912109375 928
3110.474609375 1133
3547.32373046875 1283
3629.54248046875 1318
3888.892578125 1346
4149.0576171875 1417
4196.13623046875 1720
4801.57373046875 1987
4817.2294921875 2226
4886.6171875 2296
5085.09326171875 2515
5175.81591796875 2572
5184.5146484375 2669
5261.06640625 2728
5309.3203125 2734
5512.68212890625 2746
6033.79541015625 2852
6137.13671875 2866
6200.525390625 2915
6329.90966796875 2949
6418.2216796875 377
6960.2705078125 2281
7009.20361328125 160
7052.5302734375 1
7217.564453125 425
7257.740234375 446
7271.47607421875 800
7318.822265625 918
7463.4033203125 953
7670.359375 985
7877.603515625 986
7891.24853515625 1008
8091.30029296875 1043
8220.3671875 1270
8493.6533203125 1317
8645.330078125 1435
8851.6455078125 1548
8905.4267578125 1606
9022.060546875 1661
9083.072265625 1712
9204.7626953125 2010
9224.1337890625 2088
9226.115234375 2365
9329.0693359375 2410
9537.802734375 2414
9625.3330078125 2482
9647.873046875 2560
9656.671875 2781
9859.6982421875 2820
9865.32421875 997
9886.529296875 1781
10069.90234375 81
10365.05078125 229
10426.1689453125 440
10620.794921875 548
10916.0341796875 611
10945.724609375 826
10946.0830078125 834
11096.3359375 848
11218.408203125 871
11334.611328125 893
11469.130859375 1231
11594.2705078125 1256
11667.08984375 1315
11754.8427734375 1458
11974.279296875 1550
12045.21484375 1671
12395.990234375 1711
12534.0302734375 1815
12539.134765625 1893
12539.6669921875 2312
12573.392578125 2324
12601.1220703125 2385
12794.71484375 2447
12850.974609375 2562
12858.455078125 2610
12923.361328125 2622
13245.451171875 2853
13351.5654296875 2924
13384.751953125 2927
13686.890625 2239
13780.0029296875 1362
13924.900390625 1926
13938.279296875 2997
14033.693359375 254
14188.357421875 388
14260.30859375 465
14344.2451171875 498
14388.6416015625 520
14397.736328125 962
14514.552734375 981
14632.0595703125 1156
14780.9755859375 1652
14897.1064453125 2205
14931.8984375 2339
14952.4814453125 2417
14979.5634765625 2494
15110.85546875 2687
15308.099609375 1122
15324.646484375 1670
15452.775390625 264
15562.5927734375 2173
15590.4326171875 1646
15647.5546875 2396
15669.5810546875 49
15673.880859375 189
15964.662109375 261
16051.3291015625 263
16062.712890625 430
16158.5634765625 831
16190.30859375 899
16284.587890625 1123
16461.13671875 1169
16523.07421875 1350
16648.33984375 1405
16688.234375 1512
16689.896484375 1750
16711.984375 1769
16718.7265625 1908
16752.333984375 1966
16868.501953125 1982
16893.9375 1993
16945.353515625 2094
17029.787109375 2126
17035.388671875 2141
17055.6484375 2171
17076.689453125 2174
17133.9765625 2177
17270.876953125 2237
17399.2578125 2367
17577.212890625 2536
17610.599609375 2542
17625.197265625 2582
17638.10546875 2675
17671.734375 2703
17692.52734375 1873
17702.99609375 2107
17799.62890625 1281
17821.6796875 455
17877.68359375 470
17918.7734375 902
18000.9453125 926
18103.625 967
18149.955078125 1104
18157.5234375 1225
18226.271484375 1286
18244.626953125 1506
18269.6171875 1516
18335.37109375 1599
18493.171875 1779
18493.955078125 1848
18669.88671875 1867
18681.8359375 1883
18771.275390625 2063
18792.4140625 2210
18800.189453125 2246
18813.134765625 2285
18861.65234375 2361
18882.46875 2686
18919.259765625 2700
18919.51171875 88
18971.02734375 586
18973.53125 136
18987.17578125 1471
18999.72265625 226
19023.00390625 296
19047.130859375 1197
19114.83984375 1666
19180.8203125 2511
19208.1796875 101
19224.53515625 215
19238.51953125 549
19252.54296875 550
19257.453125 573
19257.8203125 1136
19281.87890625 1199
19333.97265625 1530
19402.623046875 1581
19446.505859375 1640
19528.705078125 1688
19537.19140625 1968
19563.564453125 2526
19585.96484375 2571
19585.96484375 2983
19589.06640625 1787
19681.755859375 602
19694.388671875 1146
19732.85546875 253
19780.845703125 342
19784.51171875 843
19832.013671875 1233
19835.064453125 1335
19849.232421875 1394
19918.04296875 1737
19926.369140625 1784
19927.8359375 1950
19935.193359375 2025
19935.615234375 2473
19939.88671875 2518
19954.619140625 999
19965.03515625 1056
19989.080078125 1900
20005.822265625 1304
20040.47265625 1326
20042.75390625 2967
20125.955078125 1329
20131.4609375 50
20141.314453125 318
20147.130859375 389
20170.24609375 478
20193.51953125 491
20194.63671875 580
20248.427734375 599
20272.95703125 890
20288.49609375 896
20304.259765625 909
20321.19921875 919
20329.546875 995
20373.1640625 1273
20425.703125 1342
20514.876953125 1430
20520.3203125 1495
20528.650390625 1568
20583.0234375 1583
20585.48046875 1764
20597.671875 1774
20603.046875 2065
20677.962890625 2117
20688.5859375 2181
20989.740234375 2268
21017.25 2465
21115.01171875 2664
21120.849609375 2760
21146.908203125 2764
21228.966796875 2938
21232.275390625 2943
21253.783203125 1860
21253.783203125 2880
21271.6328125 1333
21283.171875 2631
21291.466796875 146
21296.328125 1538
21318.4453125 21
21319.7265625 34
21320.580078125 200
21357.595703125 288
21362.7265625 336
21362.80859375 385
21367.748046875 517
21370.55859375 546
21377.08203125 609
21420.462890625 614
21487.51171875 683
21487.51171875 686
21487.51171875 769
21495.876953125 1097
21519.40234375 1221
21533.119140625 1322
21542.60546875 1359
21550.95703125 1376
21577.201171875 1686
21580.517578125 1854
21620.2265625 2513
21624.125 2553
21629.08984375 2650
21648.705078125 2672
21650.0546875 2911
21663.576171875 78
21678.748046875 2713
21698.287109375 2800
21771.4375 2651
21806.478515625 2970
21895.45703125 1045
21915.267578125 1068
21922.51171875 2078
21928.80078125 884
21958.15625 886
21961.58203125 1028
21991.19140625 1845
21992.625 1932
22009.0703125 2489
22080.822265625 90
22083.935546875 153
22086.1171875 240
22117.587890625 256
22122.25 531
22122.357421875 644
22123.921875 706
22135.7890625 775
22157.26171875 1163
22187.41796875 1483
22191.79296875 2114
22216.52734375 2379
22220.79296875 2424
22280.0078125 2433
22291.845703125 2435
22315.986328125 2442
22340.611328125 2683
22380.794921875 2811
22380.8515625 2176
22382.908203125 169
22399.310546875 2207
22399.310546875 1144
22405.046875 2180
22407.1015625 73
22409.587890625 663
22421.09375 677
22423.18359375 756
22457.109375 925
22495.64453125 927
22507.150390625 946
22509.6875 996
22559.5859375 1141
22569.65234375 1202
22573.056640625 1251
22574.169921875 1457
22580.99609375 1502
22607.96484375 1591
22659.876953125 1733
22726.048828125 1735
22750.986328125 1919
22767.494140625 1933
22776.669921875 1955
22790.822265625 2002
22803.27734375 2335
22849.408203125 2341
22916.6484375 2565
22946.95703125 2695
22951.021484375 2763
22966.16015625 2840
22983.7890625 2422
23000.048828125 1020
23002.60546875 640
23014.669921875 59
23033.673828125 177
23039.05078125 191
23061.9765625 575
23062.5 687
23082.052734375 934
23111.4765625 1119
23134.14453125 1529
23154.822265625 1697
23163.763671875 1810
23184.2421875 1831
23210.900390625 2354
23238.7265625 2528
23243.705078125 2679
23249.6484375 2712
23253.771484375 2747
23259.791015625 2809
23291.1640625 2821
23295.34765625 2842
23300.87109375 2860
23318.853515625 2906
23351.873046875 2994
23358.029296875 186
23377.3359375 223
23381.5234375 1594
23400.953125 410
23413.74609375 631
23413.80078125 132
23416.46484375 2576
23421.76171875 1282
23432.958984375 488
23446.205078125 869
23450.36328125 2059
23465.07421875 787
23473.59765625 904
23504.365234375 137
23522.841796875 275
23538.00390625 328
23584.453125 333
23589.9453125 392
23609.439453125 407
23614.359375 489
23636.46875 680
23640.978515625 1022
23652.80859375 1290
23690.423828125 1358
23700.9921875 1607
23709.9921875 1653
23715.76171875 2024
23747.4609375 2184
23747.4609375 2221
23788.69140625 2394
23789.59375 2427
23799.603515625 2517
23804.615234375 2655
23819.76953125 2704
23876.005859375 2900
23880.34765625 2946
23905.859375 459
23935.08203125 1408
23962.169921875 1339
23973.890625 22
23987.865234375 45
23992.4765625 300
23994.322265625 812
24000.89453125 922
24001.66015625 947
24012.8046875 975
24030.787109375 1001
24041.744140625 1095
24045.33984375 1275
24060.51953125 1664
24064.595703125 1708
24075.30859375 1763
24170.744140625 1766
24192.392578125 1889
24213.134765625 2077
24228.392578125 2082
24229.23046875 2131
24239.93359375 2315
24242.17578125 2317
24256.02734375 2409
24256.31640625 2608
24262.16796875 2616
24270.259765625 2649
24279.4140625 2819
24311.796875 2862
24321.75 1164
24366.626953125 2213
24372.201171875 1050
24374.595703125 979
24382.982421875 1562
24393.857421875 1597
24408.859375 2334
24413.197265625 587
24421.224609375 630
24436.978515625 777
24451.25390625 1012
24454.2265625 1064
24470.373046875 1082
24491.876953125 1462
24496.990234375 1501
24498.56640625 1654
24509.51953125 1800
24510.830078125 2656
24519.23046875 2884
24529.40234375 1416
24558.77734375 1575
24566.333984375 2889
24575.810546875 445
24576.849609375 30
24587.923828125 2484
24602.291015625 38
24618.70703125 40
24632.45703125 76
24636.640625 77
24647.44921875 108
24674.76953125 164
24681.28125 211
24685.24609375 225
24708.19921875 376
24709.177734375 437
24714.560546875 510
24722.869140625 646
24729.978515625 671
24733.083984375 738
24760.140625 770
24770.2265625 1434
24780.408203125 1610
24800.1796875 1662
24800.73828125 1709
24831.69921875 1998
24837.572265625 2166
24844.091796875 2220
24856.263671875 2238
24861.220703125 2255
24866.005859375 2345
24873.744140625 2510
24881.69140625 2581
24916.20703125 2607
24936.466796875 2807
24949.55859375 1015
24981.248046875 1984
24993.21875 1258
25010.46484375 2555
25010.609375 1147
25022.345703125 865
25027.48046875 939
25038.353515625 1497
25046.30078125 2630
25050.173828125 2752
25097.576171875 457
25103.81640625 309
25110.28515625 316
25130.267578125 483
25132.361328125 484
25138.4921875 633
25143.197265625 1026
25162.900390625 1036
25210.2734375 1176
25213.990234375 1423
25221.130859375 1485
25244.740234375 1590
25249.326171875 1702
25261.505859375 1759
25287.70703125 1818
25288.416015625 1958
25292.01953125 1963
25292.51171875 1977
25292.763671875 2053
25299.048828125 2056
25304.197265625 2125
25375.94140625 2304
25418.427734375 2356
25418.919921875 2477
25422.33984375 2533
25461.416015625 2732
25499.43359375 2948
25511.048828125 1601
25540.62109375 2256
25556.5546875 2104
25557.70703125 284
25574.392578125 182
25583.55859375 916
25609.267578125 1667
25618.412109375 1852
25618.869140625 727
25644.03125 2036
25645.333984375 2772
25671.060546875 130
25683.53125 219
25688.984375 394
25689.001953125 405
25706.759765625 634
25711.3828125 856
25728.865234375 983
25743.576171875 1117
25750.234375 1386
25765.064453125 1791
25779.609375 1991
25792.4453125 2060
25799.591796875 2215
25848.2578125 2314
25858.5234375 2440
25893.29296875 2467
25899.8203125 2618
25901.984375 2648
25914.861328125 2694
25946.44140625 1772
25955.435546875 818
25956.9140625 2907
25963.22265625 660
25964.662109375 1168
25970.232421875 1145
25974.197265625 1476
26012.259765625 1618
26027.513671875 655
26027.931640625 1592
26034.884765625 2120
26039.37890625 2557
26048.1015625 112
26070.05078125 350
26076.134765625 356
26097.595703125 448
26112.8984375 1500
26126.896484375 1526
26131.076171875 1587
26135.919921875 1881
26166.462890625 1943
26185.361328125 1962
26220.1796875 1995
26238.802734375 2075
26250.125 2118
26277.8046875 2309
26290.46875 2418
26291.267578125 2516
26308.93359375 2588
26324.99609375 2605
26348.96484375 2623
26359.923828125 2937
26362.18359375 1005
26372.892578125 110
26373.8046875 2360
26378.5546875 121
26393.392578125 2589
26402.80859375 2135
26403.01953125 1802
26413.07421875 1853
26431.494140625 1892
26434.537109375 1580
26446.47265625 25
26456.544921875 72
26464.20703125 343
26469.212890625 710
26483.830078125 755
26528.75390625 885
26574.53125 1683
26612.048828125 1776
26639.07421875 1972
26645.48828125 2047
26650.65234375 2138
26666.626953125 2185
26678.634765625 2344
26679.125 2545
26681.095703125 2573
26682.095703125 2855
26692.60546875 2159
26693.328125 1067
26704.7421875 371
26724.494140625 243
26745.19921875 1301
26750.091796875 311
26761.810546875 426
26765.10546875 648
26767.474609375 720
26784.794921875 792
26798.77734375 940
26802.90234375 1006
26809.357421875 1032
26813.59375 1160
26823.68359375 1189
26824.359375 2183
26838.33984375 2190
26849.71484375 2301
26859.8359375 1459
26863.009765625 1649
26891.2734375 353
26915.970703125 2706
26930.376953125 1511
26948.005859375 1778
26960.953125 329
26967.205078125 731
27026.099609375 1400
27048.978515625 2070
27051.005859375 1480
27053.12890625 1714
27066.41015625 249
27091.01171875 94
27100.861328125 2823
27112.98046875 471
27127.12109375 473
27127.837890625 747
27136.359375 915
27138.771484375 921
27147.796875 993
27203.8515625 1072
27209.986328125 1415
27229.25390625 1541
27232.921875 1746
27248.765625 1949
27297.125 2079
27314.62890625 2219
27316.158203125 2258
27316.5234375 2413
27327.59765625 2628
27387.837890625 2828
27393.0234375 2903
27395.69140625 2996
27421.544921875 204
27433.68359375 1247
27437.267578125 1410
27444.11328125 1888
27462.7578125 1214
27463.302734375 1658
27474.62890625 2587
27474.736328125 380
27488.314453125 688
27496.6484375 1761
27497.35546875 66
27499.6015625 127
27519.263671875 179
27525.17578125 855
27525.78125 1198
27535.3828125 1250
27535.693359375 1507
27567.44921875 1558
27576.609375 2007
27576.623046875 2092
27607.115234375 2231
27614.263671875 2384
27616.37109375 2457
27641.65234375 2544
27643.72265625 2717
27669.1953125 2774
27712.91796875 2794
27725.85546875 2909
27737.572265625 972
27748.546875 1138
27751.9296875 1442
27806.6875 1137
27808.6015625 102
27880.2578125 667
27903.923828125 1935
27944.72265625 2352
27950.451171875 2887
27954.419921875 427
27957.2421875 1533
27958.330078125 170
27960.142578125 262
27961.775390625 306
27979.09375 596
27987.876953125 805
28022.62890625 849
28059.818359375 850
28060.06640625 965
28074.900390625 976
28133.94140625 1058
28146.83203125 1403
28161.97265625 1645
28183.73828125 1999
28185.70703125 2292
28197.990234375 2392
28215.048828125 2403
28218.31640625 2497
28245.7578125 2524
28250.623046875 2601
28257.890625 2652
28267.47265625 2657
28274.40234375 2761
28282.974609375 2839
28282.974609375 2939
28285.716796875 2984
28304.21484375 1027
28304.875 622
28327.978515625 417
28352.58984375 450
28355.26171875 690
28359.7109375 969
28373.87109375 982
28378.953125 1040
28380.2109375 1078
28380.2109375 1083
28416.763671875 1382
28427.564453125 1391
28460.462890625 1486
28465.28515625 1503
28467.484375 1547
28507.732421875 1561
28518.150390625 1965
28546.015625 2026
28551.2578125 2066
28563.892578125 2182
28582.283203125 2245
28609.658203125 2460
28639.015625 2466
28673.611328125 2540
28675.35546875 2593
28704.623046875 2632
28713.365234375 2753
28780.52734375 2759
28791.8359375 2793
28814.8046875 2925
28830.61328125 2152
28841.65625 762
28845.615234375 2757
28850.8984375 37
28869.09375 1624
28882.537109375 1271
28895.1328125 2370
28897.705078125 2895
28932.27734375 2411
28975.830078125 67
28984.046875 150
28997.8046875 171
29019.427734375 195
29068.23828125 363
29110.083984375 522
29113.62890625 657
29141.62890625 701
29150.625 760
29174.453125 811
29194.12890625 874
29217.67578125 875
29251.54296875 1002
29315.216796875 1007
29326.607421875 1023
29342.080078125 1356
29389.1875 1378
29411.1328125 1489
29426.6796875 1629
29440.921875 2721
29466.248046875 2032
29487.58203125 2259
29517.296875 771
29526.853515625 1543
29582.6796875 2241
29635.9140625 1964
29697.3203125 1625
29714.98046875 2693
29718.44921875 222
29724.466796875 258
29763.970703125 281
29776.4453125 506
29811.810546875 582
29847.96875 724
29882.765625 879
29890.1796875 1003
29912.224609375 1171
29938.484375 1182
29944.92578125 1588
29971.216796875 1685
30042.728515625 1758
30052.171875 2300
30071.880859375 2310
30083.779296875 2705
30147.91796875 2845
30196.673828125 2916
30234.232421875 1811
30250.734375 2701
30342.9375 421
30480.08984375 1440
30556.708984375 2337
30556.728515625 2531
30588.072265625 18
30600.80859375 29
30616.994140625 31
30651.005859375 104
30652.87109375 274
30716.67578125 321
30769.138671875 370
30784.6953125 375
30842.166015625 562
30871.77734375 914
30943.751953125 944
31065.849609375 1672
31069.275390625 1684
31117.79296875 1825
31147.591796875 1846
31335.806640625 1960
31377.046875 1976
31420.00390625 2006
31688.62109375 2319
31771.626953125 2405
31788.05078125 2550
31801.28125 2606
31862.1796875 2768
31871.40234375 1081
32032.857421875 1780
32274.71484375 16
32441.91796875 28
32458.349609375 125
32534.76171875 212
32599.658203125 265
32667.3984375 295
32707.15234375 360
32744.564453125 364
32890.05859375 937
33033.265625 1077
33076.04296875 1101
33102.55859375 1241
33171.3046875 1243
33215.1953125 1307
33280.19921875 1343
33523.63671875 1404
33749.53515625 1418
33942.4453125 1585
34283.703125 1719
34503.98046875 1822
34740.6171875 2009
34928.01171875 2164
35054.12109375 2214
35900.9375 2250
36727.23828125 2263
37597.953125 2342
37912.421875 2359
40935.3046875 2547
