4058.85205078125 1362
4135.60302734375 1926
4353.3125 2997
4645.36572265625 254
4793.23681640625 388
4826.244140625 465
4850.482421875 498
4911.8369140625 520
5134.97119140625 962
5244.65380859375 981
5246.04638671875 1156
5371.15966796875 1652
5512.5283203125 2205
5524.56201171875 2339
5669.1953125 2417
5734.47509765625 2494
5770.0947265625 2687
5784.333984375 1122
5966.70703125 1670
6155.11328125 264
6218.65087890625 2173
6252.048828125 1446
6331.93408203125 87
6371.5849609375 251
6413.0322265625 527
6567.369140625 529
6610.49267578125 625
6698.01171875 641
6709.015625 693
6745.09033203125 873
7086.6630859375 881
7099.146484375 928
7236.36474609375 1133
7243.6953125 1283
7255.9345703125 1318
7345.9189453125 1346
7439.05078125 1417
7500.1015625 1720
7504.31396484375 1987
7545.85595703125 2226
7555.77783203125 2296
7627.55810546875 2515
7668.22412109375 2572
7728.09814453125 2669
7941.171875 2728
7982.5927734375 2734
7986.35107421875 2746
7986.35107421875 2852
8037.2255859375 2866
8205.306640625 2915
8321.8740234375 2949
8394.521484375 377
8439.6064453125 2281
8482.5146484375 160
8536.2890625 1
8557.919921875 425
8604.2333984375 446
8658.16015625 800
8703.8037109375 918
8723.294921875 953
8741.931640625 985
8926.0859375 986
8941.8828125 1008
8993.5712890625 1043
9008.228515625 1270
9101.5087890625 1317
9122.0634765625 1435
9155.046875 1548
9171.4677734375 1606
9183.427734375 1661
9329.9892578125 1712
9338.3701171875 2010
9437.89453125 2088
9478.919921875 2365
9496.6962890625 2410
9659.951171875 2414
9683.375 2482
9718.0478515625 2560
9797.7158203125 2781
9893.14453125 2820
9907.435546875 997
10095.3037109375 1781
10125.2626953125 81
10134.90234375 229
10187.443359375 440
10274.6201171875 548
10326.296875 611
10354.01953125 826
10360.640625 834
10419.85546875 848
10446.6083984375 871
10458.193359375 893
10480.501953125 1231
10540.63671875 1256
10546.4384765625 1315
10546.443359375 1458
10553.658203125 1550
10580.2265625 1671
10594.283203125 1711
10607.7421875 1815
10607.7421875 1893
10612.220703125 2312
10613.990234375 2324
10687.5390625 2385
10692.5595703125 2447
10715.3173828125 2562
10760.982421875 2610
10785.9560546875 2622
10890.0537109375 2853
10915.3828125 2924
10943.8310546875 2927
11057.9873046875 2239
11063.201171875 1646
11075.1826171875 2396
11129.1630859375 49
11186.08984375 189
11213.896484375 261
11229.412109375 263
11240.373046875 430
11303.9755859375 831
11358.2802734375 899
11374.619140625 1123
11380.7548828125 1169
11395.91796875 1350
11424.6298828125 1405
11431.357421875 1512
11436.1962890625 1750
11446.59375 1769
11463.6025390625 1908
11480.1796875 1966
11496.107421875 1982
11535.224609375 1993
11561.650390625 2094
11627.955078125 2126
11634.119140625 2141
11634.58203125 2171
11688.7109375 2174
11769.892578125 2177
11787.5927734375 2237
11807.24609375 2367
11877.568359375 2536
11890.189453125 2542
11893.2373046875 2582
11900.4384765625 2675
11916.7666015625 2703
11920.9697265625 1873
12011.7939453125 2107
12060.1181640625 1281
12073.95703125 455
12092.71484375 470
12117.322265625 902
12130.25 926
12132.2255859375 967
12153.59765625 1104
12167.55078125 1225
12186.6337890625 1286
12189.025390625 1506
12204.1767578125 1516
12204.2890625 1599
12208.80078125 1779
12337.091796875 1848
12356.5654296875 1867
12358.041015625 1883
12420.841796875 2063
12445.6875 2210
12460.12109375 2246
12477.1611328125 2285
12544.1875 2361
12564.9853515625 2686
12566.8896484375 2700
12695.9814453125 88
12697.525390625 586
12733.4091796875 136
12734.65625 1471
12742.564453125 226
12778.4189453125 296
12796.4765625 1197
12796.59765625 1666
12805.0908203125 2511
12832.3173828125 101
12842.5615234375 215
12851.853515625 549
12855.376953125 550
12873.75390625 573
12898.5224609375 1136
12901.291015625 1199
12914.7919921875 1530
12926.8388671875 1581
12953.7578125 1640
12967.6611328125 1688
12986.35546875 1968
12989.3740234375 2526
12996.0400390625 2571
13008.9375 2983
13015.642578125 1787
13062.80078125 602
13065.080078125 1146
13074.64453125 253
13081.8271484375 342
13124.0390625 843
13149.6455078125 1233
13173.0732421875 1335
13199.5263671875 1394
13204.923828125 1737
13222.43359375 1784
13259.8876953125 1950
13270.869140625 2025
13273.0556640625 2473
13281.6669921875 2518
13317.04296875 999
13340.6669921875 1056
13340.6845703125 1900
13419.1357421875 1304
13462.7099609375 1326
13485.8662109375 2967
13536.6240234375 1329
13637.677734375 50
13679.18359375 318
13706.28125 389
13731.84765625 478
13742.6982421875 491
13783.3232421875 580
13827.7119140625 599
13829.1376953125 890
13839.115234375 896
13885.1650390625 909
13885.373046875 919
13902.0498046875 995
13931.30078125 1273
13953.953125 1342
13961.80859375 1430
13966.31640625 1495
13980.0537109375 1568
14001.109375 1583
14003.2314453125 1764
14049.564453125 1774
14051.3037109375 2065
14052.9443359375 2117
14071.958984375 2181
14074.0947265625 2268
14075.916015625 2465
14086.064453125 2664
14142.435546875 2760
14207.30078125 2764
14222.64453125 2938
14239.08203125 2943
14268.439453125 1860
14281.15234375 2880
14281.15234375 1333
14283.5146484375 2631
14287.3154296875 146
14287.3154296875 1538
14291.283203125 21
14291.7255859375 34
14330.603515625 200
14333.87109375 288
14344.1494140625 336
14349.3388671875 385
14349.4775390625 517
14354.9423828125 546
14376.302734375 609
14377.9921875 614
14380.3212890625 683
14395.8232421875 686
14450.2822265625 769
14505.03125 1097
14515.576171875 1221
14525.6796875 1322
14526.404296875 1359
14527.712890625 1376
14540.681640625 1686
14553.90625 1854
14558.171875 2513
14572.3056640625 2553
14578.703125 2650
14607.412109375 2672
14614.126953125 2911
14624.7998046875 78
14626.17578125 2713
14629.966796875 2800
14645.8798828125 2651
14649.720703125 2970
14650.068359375 1045
14650.767578125 1068
14662.8310546875 2078
14673.734375 884
14705.943359375 886
14718.82421875 1028
14726.416015625 1845
14732.20703125 1932
14821.93359375 2489
14850.451171875 90
14875.5751953125 153
14892.986328125 240
14894.59375 256
14906.8349609375 531
14916.4140625 644
14939.2412109375 706
14953.68359375 775
14990.453125 1163
15005.6728515625 1483
15017.09375 2114
15026.669921875 2379
15048.255859375 2424
15049.0859375 2433
15064.8134765625 2435
15071.6142578125 2442
15118.5615234375 2683
15140.7470703125 2811
15146.0146484375 2176
15148.876953125 169
15151.6591796875 2207
15175.46484375 1144
15179.2265625 2180
15181.5947265625 73
15189.521484375 663
15214.451171875 677
15272.115234375 756
15283.390625 925
15312.0263671875 927
15368.9912109375 946
15376.2333984375 996
15382.4765625 1141
15415.63671875 1202
15420.1279296875 1251
15425.373046875 1457
15425.75 1502
15435.505859375 1591
15442.27734375 1733
15465.078125 1735
15475.39453125 1919
15490.16015625 1933
15500.20703125 1955
15504.6298828125 2002
15515.1064453125 2335
15554.9150390625 2341
15575.8154296875 2565
15586.3642578125 2695
15588.275390625 2763
15590.732421875 2840
15671.4814453125 2422
15678.84765625 1020
15702.1787109375 640
15710.8046875 59
15711.025390625 177
15712.5078125 191
15713.85546875 575
15718.548828125 687
15719.83984375 934
15739.2138671875 1119
15740.60546875 1529
15748.9296875 1697
15763.158203125 1810
15769.62890625 1831
15778.7314453125 2354
15780.8115234375 2528
15787.6083984375 2679
15790.3681640625 2712
15796.7236328125 2747
15801.9658203125 2809
15823.189453125 2821
15847.6474609375 2842
15850.2724609375 2860
15852.6171875 2906
15894.767578125 2994
15909.3974609375 186
15938.607421875 223
15956.955078125 1594
15987.8828125 410
15997.2958984375 631
16025.953125 132
16033.17578125 2576
16047.474609375 1282
16067.70703125 488
16070.701171875 869
16074.16796875 2059
16094.5146484375 787
16094.818359375 904
16095.205078125 137
16107.037109375 275
16142.505859375 328
16164.0986328125 333
16176.322265625 392
16189.994140625 407
16212.4296875 489
16237.2841796875 680
16260.619140625 1022
16271.2724609375 1290
16286.40625 1358
16334.58203125 1607
16350.439453125 1653
16352.794921875 2024
16361.546875 2184
16374.1103515625 2221
16376.451171875 2394
16391.041015625 2427
16408.88671875 2517
16414.43359375 2655
16426.603515625 2704
16449.33984375 2900
16450.2734375 2946
16467.4375 459
16469.658203125 1408
16473.580078125 1339
16476.484375 22
16479.103515625 45
16485.67578125 300
16509.8984375 812
16512.00390625 922
16547.171875 947
16561.6640625 975
16561.701171875 1001
16613.47265625 1095
16616.62109375 1275
16622.080078125 1664
16626.1796875 1708
16630.1640625 1763
16634.759765625 1766
16635.517578125 1889
16639.5703125 2077
16650.73046875 2082
16679.32421875 2131
16694.818359375 2315
16710.9609375 2317
16717.23046875 2409
16725.9140625 2608
16738.2890625 2616
16753.16796875 2649
16805.75390625 2819
16828.662109375 2862
16836.216796875 1164
16841.955078125 2213
16854.5703125 1050
16900.462890625 979
16931.720703125 1562
16933.787109375 1597
16975.103515625 2334
16995.5703125 587
17021.142578125 630
17035.916015625 777
17062.7890625 1012
17072.044921875 1064
17082.296875 1082
17086.5703125 1462
17098.048828125 1501
17111.1171875 1654
17117.783203125 1800
17125.724609375 2656
17133.470703125 2884
17158.48046875 1416
17173.580078125 1575
17176.78125 2889
17195.068359375 445
17201.166015625 30
17224.60546875 2484
17235.236328125 38
17241.80078125 40
17259.609375 76
17303.37109375 77
17314.57421875 108
17339.70703125 164
17368.412109375 211
17383.037109375 225
17386.818359375 376
17387.650390625 437
17389.83984375 510
17408.19921875 646
17410.361328125 671
17415.078125 738
17426.703125 770
17427.32421875 1434
17437.30078125 1610
17438.38671875 1662
17441.96484375 1709
17443.181640625 1998
17477.21875 2166
17519.14453125 2220
17540.87890625 2238
17542.240234375 2255
17544.640625 2345
17574.505859375 2510
17594.68359375 2581
17624.15234375 2607
17655.009765625 2807
17662.63671875 1015
17696.904296875 1984
17706.537109375 1258
17759.060546875 2555
17766.916015625 1147
17780.94921875 865
17801.701171875 939
17825.6015625 1497
17837.11328125 2630
17839.361328125 2752
17848.017578125 457
17856.25390625 309
17918.271484375 316
17918.9296875 483
17919.3125 484
17932.84375 633
17938.212890625 1026
17963.17578125 1036
17965.048828125 1176
17994.82421875 1423
17995.333984375 1485
18028.97265625 1590
18066.759765625 1702
18111.947265625 1759
18118.3984375 1818
18137.330078125 1958
18148.126953125 1963
18162.607421875 1977
18173.958984375 2053
18174.962890625 2056
18189.958984375 2125
18200.373046875 2304
18206.857421875 2356
18225.259765625 2477
18227.6171875 2533
18244.69921875 2732
18256.876953125 2948
18263.671875 1601
18284.3984375 2256
18302.92578125 2104
18302.92578125 284
18317.640625 182
18327.9609375 916
18331.453125 1667
18334.939453125 1852
18355.28125 727
18361.154296875 2036
18361.177734375 2772
18367.5 130
18370.8671875 219
18385.818359375 394
18412.328125 405
18454.5078125 634
18521.55078125 856
18568.1796875 983
18571.28125 1117
18608.349609375 1386
18615.609375 1791
18669.353515625 1991
18688.005859375 2060
18721.375 2215
18746.896484375 2314
18831.724609375 2440
18865.85546875 2467
18869.677734375 2618
18873.953125 2648
18874.708984375 2694
18901.005859375 1772
18905.3515625 818
18921.171875 2907
18921.806640625 660
18934.60546875 1168
18959.45703125 1145
19050.388671875 1476
19053.357421875 1618
19056.8046875 655
19072.2578125 1592
19102.6015625 2120
19141.208984375 2557
19156.708984375 112
19161.287109375 350
19171.947265625 356
19191.798828125 448
19201.34375 1500
19247.791015625 1526
19257.94921875 1587
19258.685546875 1881
19263.203125 1943
19293.998046875 1962
19297.197265625 1995
19305.0859375 2075
19312.3671875 2118
19340.599609375 2309
19358.541015625 2418
19358.87109375 2516
19367.232421875 2588
19370.296875 2605
19378.8359375 2623
19384.18359375 2937
19436.53515625 1005
19438.921875 110
19451.21875 2360
19451.341796875 121
19476.873046875 1046
19482.53125 298
19538.8359375 372
19578.107421875 492
19611.134765625 752
19652.869140625 838
19675.58984375 903
19686.626953125 1034
19689.3984375 1128
19705.796875 1187
19717.677734375 1437
19724.333984375 1488
19744.943359375 1534
19751.263671875 1657
19752.392578125 1678
19761.76953125 1824
19770.455078125 1826
19774.328125 1941
19803.533203125 1997
19809.33203125 2318
19843.75 2327
19848.923828125 2362
19850.1953125 2404
19904.12890625 2453
19922.353515625 2458
19928.265625 2496
20058.38671875 2696
20063.490234375 2722
20064.712890625 2796
20089.28515625 2584
20110.876953125 2872
20115.541015625 2589
20123.798828125 2135
20149.228515625 1802
20169.12890625 1853
20188.19921875 1892
20189.537109375 1580
20202.533203125 25
20262.828125 72
20272.0234375 343
20276.107421875 710
20279.48828125 755
20285.076171875 885
20289.4453125 1683
20331.8359375 1776
20361.25390625 1972
20368.779296875 2047
20373.009765625 2138
20449.197265625 2185
20473.04296875 2344
20477.935546875 2545
20480.84765625 2573
20488.296875 2855
20522.306640625 2159
20539.89453125 1067
20559.86328125 371
20591.77734375 243
20605.390625 1301
20608.849609375 311
20628.703125 426
20665.341796875 648
20675.47265625 720
20715.3359375 792
20727.701171875 940
20748.330078125 1006
20838.833984375 1032
20859.447265625 1160
20861.96484375 1189
20882.404296875 2183
20904.513671875 2190
20945.361328125 2301
20947.96484375 1459
20977.50390625 1649
21004.875 353
21014.7578125 2706
21041.974609375 1511
21048.3359375 1778
21049.04296875 329
21059.740234375 731
21070.94921875 1400
21107.9296875 2070
21118.462890625 1480
21123.3671875 1714
21124.4453125 249
21126.46484375 94
21182.6015625 2823
21214.3984375 471
21251.046875 473
21261.14453125 747
21271.3203125 915
21274.904296875 921
21304.970703125 993
21321.38671875 1072
21342.583984375 1415
21348.51171875 1541
21368.48828125 1746
21372.564453125 1949
21379.77734375 2079
21383.9765625 2219
21392.365234375 2258
21412.1171875 2413
21447.859375 2628
21453.388671875 2828
21463.853515625 2903
21466.71875 2996
21474.240234375 204
21483.7109375 1247
21502.375 1410
21520.05859375 1888
21543.4140625 1214
21591.607421875 1658
21612.830078125 2587
21662.59765625 380
21669.20703125 688
21751.25390625 1761
21780.96484375 66
21804.271484375 127
21830.705078125 179
21950.888671875 855
21984.626953125 1198
21989.826171875 1250
22015.94921875 1507
22043.931640625 1558
22068.3984375 2007
22073.435546875 2092
22091.060546875 2231
22091.568359375 2384
22093.873046875 2457
22098.666015625 2544
22130.935546875 2717
22144.5546875 2774
22148.1015625 2794
22150.826171875 2909
22164.154296875 972
22256.59375 1138
22264.509765625 1442
22277.810546875 1137
22304.681640625 102
22329.9921875 667
22364.28125 1935
22422.30078125 2352
22476.345703125 2887
22541.142578125 427
22579.666015625 1533
22588.91796875 170
22628.1171875 262
22700.69140625 306
22716.73046875 596
22717.09375 805
22812.177734375 849
22825.875 850
22832.119140625 965
22835.25390625 976
22860.79296875 1058
22876.3125 1403
22897.6953125 1645
22938.001953125 1999
23100.458984375 2292
23109.98046875 2392
23134.48828125 2403
23159.662109375 2497
23230.087890625 2524
23236.95703125 2601
23239.345703125 2652
23260.34765625 2657
23288.482421875 2761
23347.857421875 2839
23352.35546875 2939
23383.44140625 2984
23448.46484375 1027
23483.38671875 622
23502.27734375 417
23538.853515625 450
23543.05078125 690
23642.03515625 969
23674.73046875 982
23733.51171875 1040
23778.4140625 1078
23779.216796875 1083
23881.40234375 1382
23910.365234375 1391
23922.044921875 1486
24048.654296875 1503
24052.462890625 1547
24095.255859375 1561
24110.43359375 1965
24111.623046875 2026
24139.69921875 2066
24188.015625 2182
24208.509765625 2245
24254.865234375 2460
24278.947265625 2466
24306.4921875 2540
24336.013671875 2593
24345.5703125 2632
24352.12890625 2753
24357.009765625 2759
24403.5546875 2793
24428.361328125 2925
24432.326171875 2152
24471.24609375 762
24500.04296875 2757
24504.236328125 37
24549.8828125 1624
24627.583984375 1271
24687.103515625 2370
24724.103515625 2895
24834.38671875 2411
24850.42578125 67
24865.833984375 150
24882.208984375 171
24942.248046875 195
25031.5 363
25055.421875 522
25116.755859375 657
25165.318359375 701
25189.72265625 760
25265.154296875 811
25330.166015625 874
25367.373046875 875
25424.966796875 1002
25484.98046875 1007
25680.236328125 1023
25685.20703125 1356
25733.73828125 1378
25764.43359375 1489
25779.21484375 1629
25827.20703125 2721
25858.611328125 2032
25890.400390625 2259
25911.611328125 771
25929.31640625 1543
26019.880859375 2241
26103.20703125 1964
26196.689453125 1625
26234.630859375 2693
26241.06640625 222
26252.892578125 258
26267.015625 281
26271.771484375 506
26286.5859375 582
26348.671875 724
26369.22265625 879
26463.353515625 1003
26542.072265625 1171
26545.099609375 1182
26591.435546875 1588
26708.130859375 1685
26789.998046875 1758
26823.421875 2300
26838.34765625 2310
26959.7265625 2705
26979.35546875 2845
27074.2578125 2916
27114.96875 1811
27164.478515625 2701
27177.25 421
27207.61328125 1440
27283.95703125 2337
27304.203125 2531
27322.845703125 18
27336.8828125 29
27403.431640625 31
27553.419921875 104
27803.857421875 274
27835.265625 321
27856.603515625 370
27857.37890625 375
27876.826171875 562
27945.57421875 914
27947.98046875 944
28012.3125 1672
28081.3046875 1684
28236.7421875 1825
28331.6171875 1846
28453.048828125 1960
28478.435546875 1976
28492.30078125 2006
28510.57421875 2319
28510.57421875 2405
28521.353515625 2550
28572.537109375 2606
28992.96875 2768
29025.740234375 1081
29108.236328125 1780
29179.70703125 16
29520.69921875 28
29580.19140625 125
29616.47265625 212
29750.91796875 265
29881.2109375 295
29908.552734375 360
29914.828125 364
30102.6796875 937
30104.99609375 1077
30150.17578125 1101
30217.78515625 1241
30246.4921875 1243
30254.296875 1307
30398.158203125 1343
30555.29296875 1404
30699.580078125 1418
30869.12890625 1585
30926.9609375 1719
31412.13671875 1822
32301.556640625 2009
32498.6015625 2164
32633.94140625 2214
32884.125 2250
33091.9765625 2263
33702.0 2342
37380.77734375 2359
37848.71484375 2547
