6466.30029296875 1781
7213.1904296875 81
7564.98193359375 229
8218.142578125 440
8371.517578125 548
8461.07421875 611
8539.5302734375 826
8549.9970703125 834
8586.126953125 848
8593.779296875 871
8700.13671875 893
8738.8330078125 1231
8783.349609375 1256
8784.4833984375 1315
8803.201171875 1458
8818.8740234375 1550
8928.2294921875 1671
8944.578125 1711
8975.6474609375 1815
8985.796875 1893
9001.4013671875 2312
9003.2890625 2324
9141.8095703125 2385
9166.4921875 2447
9236.232421875 2562
9247.7021484375 2610
9294.2509765625 2622
9358.978515625 2853
9389.302734375 2924
9392.60546875 2927
9435.654296875 2239
9459.478515625 1446
9463.0556640625 87
9472.3525390625 251
9476.828125 527
9526.2177734375 529
9536.2548828125 625
9564.1884765625 641
9570.0927734375 693
9590.3876953125 873
9604.3720703125 881
9643.0888671875 928
9656.8984375 1133
9662.689453125 1283
9664.630859375 1318
9696.84375 1346
9726.0087890625 1417
9739.19140625 1720
9754.5751953125 1987
9760.806640625 2226
9763.5634765625 2296
9770.064453125 2515
9777.7958984375 2572
9790.0341796875 2669
9790.060546875 2728
9798.224609375 2734
9798.736328125 2746
9824.0146484375 2852
9826.3876953125 2866
9850.7412109375 2915
9869.853515625 2949
9905.7861328125 377
9908.2431640625 2281
9935.5224609375 160
9950.5302734375 1
9965.1669921875 425
9980.857421875 446
9985.6953125 800
9993.2666015625 918
9993.580078125 953
9994.16796875 985
9995.818359375 986
10008.150390625 1008
10025.630859375 1043
10031.6357421875 1270
10034.5283203125 1317
10036.48046875 1435
10046.466796875 1548
10053.19140625 1606
10063.5166015625 1661
10103.708984375 1712
10109.1904296875 2010
10111.8857421875 2088
10133.6279296875 2365
10146.73046875 2410
10157.5654296875 2414
10161.33984375 2482
10170.642578125 2560
10200.068359375 2781
10228.30078125 2820
10231.2314453125 997
10238.828125 1362
10248.021484375 1926
10254.8056640625 2997
10269.6376953125 254
10281.4931640625 388
10283.6953125 465
10304.490234375 498
10307.2529296875 520
10320.48046875 962
10322.6513671875 981
10326.1630859375 1156
10328.7978515625 1652
10341.1533203125 2205
10344.962890625 2339
10352.5634765625 2417
10352.7509765625 2494
10366.6123046875 2687
10385.845703125 1122
10387.185546875 1670
10388.015625 264
10418.8662109375 2173
10437.75 1646
10439.2607421875 2396
10449.525390625 49
10470.7822265625 189
10476.7041015625 261
10477.6103515625 263
10479.6142578125 430
10491.841796875 831
10497.392578125 899
10498.9541015625 1123
10544.822265625 1169
10546.44921875 1350
10548.87890625 1405
10572.3779296875 1512
10574.09765625 1750
10585.40625 1769
10598.009765625 1908
10598.15234375 1966
10598.94140625 1982
10615.0546875 1993
10623.9541015625 2094
10634.548828125 2126
10643.9462890625 2141
10678.751953125 2171
10702.158203125 2174
10703.205078125 2177
10717.13671875 2237
10731.296875 2367
10733.560546875 2536
10738.099609375 2542
10789.705078125 2582
10793.8583984375 2675
10800.826171875 2703
10807.3974609375 1873
10815.5869140625 2107
10819.7978515625 1281
10825.1943359375 455
10826.919921875 470
10844.58203125 902
10846.845703125 926
10856.220703125 967
10857.4013671875 1104
10857.95703125 1225
10861.787109375 1286
10861.89453125 1506
10877.1181640625 1516
10881.0625 1599
10886.3740234375 1779
10908.4921875 1848
10919.234375 1867
10922.70703125 1883
10923.7734375 2063
10925.11328125 2210
10931.2578125 2246
10950.908203125 2285
10974.302734375 2361
11009.8798828125 2686
11030.0244140625 2700
11030.087890625 88
11031.2431640625 586
11043.71875 136
11057.5771484375 1471
11058.697265625 226
11060.37109375 296
11061.01953125 1197
11073.4912109375 1666
11081.201171875 2511
11091.74609375 101
11102.02734375 215
11115.212890625 549
11119.02734375 550
11120.703125 573
11129.5166015625 1136
11136.3232421875 1199
11136.390625 1530
11152.5712890625 1581
11155.771484375 1640
11198.4697265625 1688
11207.9462890625 1968
11210.0947265625 2526
11210.4462890625 2571
11217.5673828125 2983
11232.435546875 1787
11233.8359375 602
11238.6591796875 1146
11238.935546875 253
11258.697265625 342
11262.4794921875 843
11273.7666015625 1233
11275.0810546875 1335
11284.2119140625 1394
11299.48828125 1737
11301.7568359375 1784
11302.9814453125 1950
11306.8212890625 2025
11315.021484375 2473
11323.3095703125 2518
11352.4951171875 999
11354.009765625 1056
11401.6328125 1900
11406.7451171875 1304
11426.224609375 1326
11430.056640625 2967
11435.1533203125 1329
11462.421875 50
11469.509765625 318
11470.431640625 389
11475.6669921875 478
11481.052734375 491
11482.96875 580
11500.4384765625 599
11506.9765625 890
11507.8310546875 896
11508.7333984375 909
11510.2255859375 919
11510.865234375 995
11514.173828125 1273
11523.1298828125 1342
11527.2734375 1430
11538.947265625 1495
11545.306640625 1568
11554.48828125 1583
11567.119140625 1764
11569.484375 1774
11569.830078125 2065
11574.4091796875 2117
11574.4765625 2181
11586.8955078125 2268
11599.2705078125 2465
11610.3017578125 2664
11613.517578125 2760
11625.7392578125 2764
11627.2861328125 2938
11635.2822265625 2943
11635.40234375 1860
11644.7568359375 2880
11645.2080078125 1333
11663.169921875 2631
11670.4765625 146
11672.65234375 1538
11679.4033203125 21
11691.09765625 34
11695.9384765625 200
11701.552734375 288
11702.314453125 336
11711.51953125 385
11711.51953125 517
11715.6787109375 546
11717.921875 609
11718.8388671875 614
11731.310546875 683
11735.4140625 686
11739.1494140625 769
11745.3291015625 1097
11745.42578125 1221
11755.4404296875 1322
11762.740234375 1359
11764.1240234375 1376
11766.2763671875 1686
11769.8544921875 1854
11779.9775390625 2513
11787.97265625 2553
11800.904296875 2650
11802.09375 2672
11802.560546875 2911
11810.97265625 78
11831.09375 2713
11857.8017578125 2800
11857.82421875 2651
11874.591796875 2970
11875.51953125 1045
11879.1201171875 1068
11882.5146484375 2078
11891.828125 884
11893.404296875 886
11897.75 1028
11899.75390625 1845
11925.708984375 1932
11936.857421875 2489
11942.5126953125 90
11976.9375 153
11981.5283203125 240
11982.6083984375 256
11991.7509765625 531
12006.28125 644
12011.8291015625 706
12013.822265625 775
12015.9970703125 1163
12020.4052734375 1483
12025.2353515625 2114
12025.67578125 2379
12035.326171875 2424
12038.7919921875 2433
12043.220703125 2435
12046.2880859375 2442
12047.861328125 2683
12048.80859375 2811
12064.8251953125 2176
12074.9404296875 169
12080.1298828125 2207
12093.2421875 1144
12093.859375 2180
12105.0927734375 73
12105.0927734375 663
12107.5478515625 677
12110.759765625 756
12115.734375 925
12124.3837890625 927
12129.7890625 946
12130.7041015625 996
12131.609375 1141
12156.9970703125 1202
12161.4990234375 1251
12164.66015625 1457
12166.54296875 1502
12167.9765625 1591
12171.302734375 1733
12171.6318359375 1735
12173.060546875 1919
12179.1806640625 1933
12179.5859375 1955
12192.7763671875 2002
12215.8955078125 2335
12217.3115234375 2341
12218.3046875 2565
12252.4033203125 2695
12257.8984375 2763
12261.9130859375 2840
12264.064453125 2422
12264.6328125 1020
12264.76953125 640
12264.9609375 59
12265.2802734375 177
12266.322265625 191
12275.8515625 575
12278.6220703125 687
12281.97265625 934
12282.2255859375 1119
12287.716796875 1529
12330.6865234375 1697
12337.9892578125 1810
12343.017578125 1831
12348.6943359375 2354
12366.904296875 2528
12388.8876953125 2679
12390.212890625 2712
12393.36328125 2747
12393.376953125 2809
12407.0068359375 2821
12407.23046875 2842
12413.67578125 2860
12421.3857421875 2906
12422.1005859375 2994
12433.4853515625 186
12435.0126953125 223
12435.6943359375 1594
12440.2861328125 410
12442.333984375 631
12458.5390625 132
12462.45703125 2576
12468.25 1282
12470.5283203125 488
12482.6416015625 869
12489.0322265625 2059
12489.1943359375 787
12490.095703125 904
12493.73828125 137
12500.828125 275
12506.2568359375 328
12520.3720703125 333
12525.748046875 392
12542.025390625 407
12557.80078125 489
12560.9833984375 680
12563.671875 1022
12585.7255859375 1290
12607.2548828125 1358
12607.380859375 1607
12609.28125 1653
12615.662109375 2024
12617.146484375 2184
12628.5556640625 2221
12628.78125 2394
12633.810546875 2427
12646.962890625 2517
12647.1787109375 2655
12653.3681640625 2704
12653.9501953125 2900
12658.6259765625 2946
12670.02734375 459
12671.70703125 1408
12678.6552734375 1339
12680.7158203125 22
12684.9609375 45
12691.642578125 300
12695.568359375 812
12696.517578125 922
12700.5751953125 947
12702.3701171875 975
12703.8203125 1001
12703.978515625 1095
12717.828125 1275
12717.828125 1664
12720.1572265625 1708
12722.529296875 1763
12745.1826171875 1766
12766.595703125 1889
12775.3271484375 2077
12778.28515625 2082
12782.447265625 2131
12786.109375 2315
12804.4697265625 2317
12806.28515625 2409
12807.2158203125 2608
12811.904296875 2616
12824.4462890625 2649
12827.59375 2819
12829.505859375 2862
12835.97265625 1164
12836.9375 2213
12837.3671875 1050
12844.9365234375 979
12850.40625 1562
12851.51953125 1597
12854.18359375 2334
12856.6611328125 587
12856.6611328125 630
12870.9091796875 777
12885.296875 1012
12899.3779296875 1064
12904.171875 1082
12917.462890625 1462
12933.6318359375 1501
12949.4150390625 1654
12961.0693359375 1800
12972.3896484375 2656
12976.099609375 2884
12983.994140625 1416
13018.3779296875 1575
13047.990234375 2889
13065.8740234375 445
13066.9375 30
13067.3916015625 2484
13070.818359375 38
13072.2470703125 40
13081.201171875 76
13086.31640625 77
13102.767578125 108
13117.0283203125 164
13118.5751953125 211
13125.0712890625 225
13133.4716796875 376
13159.1103515625 437
13163.1611328125 510
13163.4716796875 646
13164.501953125 671
13165.5068359375 738
13165.625 770
13172.94140625 1434
13178.720703125 1610
13193.294921875 1662
13207.4453125 1709
13218.7158203125 1998
13220.8955078125 2166
13223.5 2220
13231.3466796875 2238
13237.5595703125 2255
13262.3642578125 2345
13271.9326171875 2510
13272.841796875 2581
13273.974609375 2607
13277.5400390625 2807
13285.0888671875 1015
13294.673828125 1984
13297.599609375 1258
13301.814453125 2555
13310.52734375 1147
13331.7265625 865
13344.974609375 939
13354.822265625 1497
13356.75390625 2630
13360.5517578125 2752
13365.6953125 457
13376.5986328125 309
13379.857421875 316
13386.3837890625 483
13415.9384765625 484
13424.9091796875 633
13426.224609375 1026
13427.2578125 1036
13447.1396484375 1176
13453.2373046875 1423
13453.31640625 1485
13454.509765625 1590
13459.46484375 1702
13468.7978515625 1759
13477.279296875 1818
13477.8828125 1958
13486.916015625 1963
13496.3857421875 1977
13517.982421875 2053
13531.279296875 2056
13532.0810546875 2125
13544.59765625 2304
13567.068359375 2356
13567.9638671875 2477
13575.8837890625 2533
13581.2783203125 2732
13595.240234375 2948
13597.9296875 1601
13613.1044921875 2256
13613.1640625 2104
13619.9599609375 284
13626.34375 182
13626.958984375 916
13630.5302734375 1667
13633.76171875 1852
13637.5380859375 727
13640.09765625 2036
13655.9287109375 2772
13661.0068359375 130
13665.62109375 219
13670.5087890625 394
13670.99609375 405
13681.8203125 634
13694.9951171875 856
13700.1953125 983
13702.25 1117
13705.099609375 1386
13706.177734375 1791
13713.0341796875 1991
13715.384765625 2060
13721.7001953125 2215
13742.4833984375 2314
13744.482421875 2440
13750.6328125 2467
13769.4609375 2618
13780.724609375 2648
13784.7958984375 2694
13793.412109375 1772
13797.365234375 818
13801.98828125 2907
13801.98828125 660
13816.375 1168
13816.8916015625 1145
13840.904296875 1476
13843.0517578125 1618
13855.943359375 655
13857.3359375 1592
13868.470703125 2120
13890.8916015625 2557
13912.9033203125 112
13960.0263671875 350
13976.94140625 356
13977.45703125 448
13990.96875 1500
13991.419921875 1526
13995.8388671875 1587
13997.580078125 1881
14000.8134765625 1943
14005.595703125 1962
14017.36328125 1995
14035.076171875 2075
14042.185546875 2118
14051.400390625 2309
14052.2412109375 2418
14054.5634765625 2516
14063.48828125 2588
14063.810546875 2605
14066.71484375 2623
14067.07421875 2937
14070.439453125 1005
14079.603515625 110
14079.603515625 2360
14094.837890625 121
14105.2177734375 1046
14109.806640625 298
14113.7041015625 372
14137.234375 492
14158.001953125 752
14158.029296875 838
14168.1728515625 903
14169.7509765625 1034
14172.9833984375 1128
14176.3623046875 1187
14182.9384765625 1437
14204.75 1488
14212.3798828125 1534
14215.8125 1657
14243.0810546875 1678
14259.044921875 1824
14265.5087890625 1826
14277.7763671875 1941
14279.2109375 1997
14282.6669921875 2318
14293.7958984375 2327
14305.4736328125 2362
14318.939453125 2404
14339.4560546875 2453
14342.3984375 2458
14352.3017578125 2496
14356.3544921875 2696
14360.4541015625 2722
14362.2841796875 2796
14363.349609375 2584
14381.474609375 2872
14383.896484375 2589
14388.9228515625 2135
14391.779296875 1802
14394.546875 1853
14395.9423828125 1892
14400.765625 1580
14403.76171875 25
14434.56640625 72
14448.4814453125 343
14456.2548828125 710
14463.4560546875 755
14471.1474609375 885
14529.1865234375 1683
14532.96875 1776
14545.205078125 1972
14546.3046875 2047
14550.4140625 2138
14553.8173828125 2185
14560.52734375 2344
14569.1923828125 2545
14569.318359375 2573
14570.203125 2855
14570.955078125 2159
14581.1298828125 1067
14590.1201171875 371
14590.6005859375 243
14596.2109375 1301
14609.7509765625 311
14619.265625 426
14628.1767578125 648
14632.693359375 720
14644.6103515625 792
14660.5771484375 940
14685.46875 1006
14697.3564453125 1032
14701.26171875 1160
14706.6455078125 1189
14707.580078125 2183
14713.787109375 2190
14752.5166015625 2301
14752.5166015625 1459
14759.595703125 1649
14761.2880859375 353
14763.416015625 2706
14768.0302734375 1511
14778.4306640625 1778
14806.8798828125 329
14809.4326171875 731
14826.9296875 1400
14828.80078125 2070
14847.298828125 1480
14883.8447265625 1714
14885.98046875 249
14898.0419921875 94
14904.4619140625 2823
14908.9873046875 471
14911.2138671875 473
14932.44921875 747
14933.1708984375 915
14936.0205078125 921
14939.18359375 993
14940.5078125 1072
14988.12109375 1415
15004.0419921875 1541
15036.65234375 1746
15038.0419921875 1949
15047.666015625 2079
15051.58203125 2219
15061.7802734375 2258
15070.880859375 2413
15072.22265625 2628
15091.8046875 2828
15153.05859375 2903
15164.8369140625 2996
15217.08984375 204
15219.759765625 1247
15226.9921875 1410
15240.9619140625 1888
15250.9677734375 1214
15254.41796875 1658
15256.7880859375 2587
15318.07421875 380
15323.3359375 688
15326.841796875 1761
15333.9716796875 66
15337.228515625 127
15398.6220703125 179
15401.888671875 855
15402.453125 1198
15427.0302734375 1250
15428.2607421875 1507
15462.0068359375 1558
15464.072265625 2007
15470.685546875 2092
15473.6083984375 2231
15515.4052734375 2384
15519.4716796875 2457
15527.685546875 2544
15552.5478515625 2717
15558.98828125 2774
15560.103515625 2794
15588.900390625 2909
15594.8642578125 972
15619.2177734375 1138
15624.3447265625 1442
15659.5205078125 1137
15695.8505859375 102
15700.544921875 667
15716.1240234375 1935
15744.2041015625 2352
15751.41796875 2887
15770.7392578125 427
15825.44921875 1533
15830.4501953125 170
15837.890625 262
15842.94140625 306
15858.2109375 596
15860.2109375 805
15875.1162109375 849
15884.634765625 850
15903.25390625 965
15911.736328125 976
15923.912109375 1058
15962.8076171875 1403
15968.4921875 1645
15972.8193359375 1999
15978.4736328125 2292
15987.052734375 2392
16023.841796875 2403
16033.822265625 2497
16043.09765625 2524
16050.166015625 2601
16057.26953125 2652
16065.00390625 2657
16077.681640625 2761
16098.6103515625 2839
16102.9921875 2939
16113.2666015625 2984
16128.1376953125 1027
16149.0126953125 622
16150.0380859375 417
16152.9775390625 450
16159.119140625 690
16163.060546875 969
16164.638671875 982
16165.125 1040
16166.8515625 1078
16181.2919921875 1083
16191.728515625 1382
16233.5595703125 1391
16261.21484375 1486
16263.7041015625 1503
16319.8017578125 1547
16375.5009765625 1561
16458.046875 1965
16462.541015625 2026
16464.486328125 2066
16497.21484375 2182
16517.63671875 2245
16518.626953125 2460
16526.7265625 2466
16527.775390625 2540
16570.359375 2593
16575.60546875 2632
16578.63671875 2753
16604.142578125 2759
16621.4609375 2793
16650.658203125 2925
16669.109375 2152
16673.943359375 762
16702.572265625 2757
16703.21875 37
16744.25 1624
16767.34375 1271
16800.58203125 2370
16816.69921875 2895
16817.298828125 2411
16818.71875 67
16848.35546875 150
16865.029296875 171
16882.044921875 195
16944.69921875 363
17005.873046875 522
17011.03125 657
17031.810546875 701
17069.03125 760
17145.8359375 811
17192.12109375 874
17215.201171875 875
17279.822265625 1002
17291.623046875 1007
17357.25390625 1023
17401.453125 1356
17589.236328125 1378
17638.943359375 1489
17639.34765625 1629
17652.03125 2721
17668.31640625 2032
17674.703125 2259
17688.533203125 771
17692.55859375 1543
17699.625 2241
17704.109375 1964
17706.01171875 1625
17747.0234375 2693
17768.736328125 222
17775.2578125 258
17793.529296875 281
17860.958984375 506
17867.41796875 582
17903.298828125 724
17905.642578125 879
17943.890625 1003
18047.919921875 1171
18106.80859375 1182
18111.8203125 1588
18132.03125 1685
18148.658203125 1758
18164.45703125 2300
18272.11328125 2310
18285.248046875 2705
18302.888671875 2845
18320.78125 2916
18324.32421875 1811
18384.86328125 2701
18455.8203125 421
18464.3515625 1440
18505.021484375 2337
18539.33203125 2531
18564.162109375 18
18586.375 29
18672.330078125 31
18791.619140625 104
18799.44921875 274
18828.3125 321
18888.595703125 370
19051.552734375 375
19126.0859375 562
19127.919921875 914
19201.04296875 944
19224.572265625 1672
19234.0 1684
19359.888671875 1825
19404.615234375 1846
19470.7265625 1960
19476.724609375 1976
19499.888671875 2006
19533.78125 2319
19534.455078125 2405
19587.923828125 2550
19776.287109375 2606
19967.5078125 2768
19969.48046875 1081
20225.873046875 1780
20236.642578125 16
20256.943359375 28
20281.232421875 125
20370.10546875 212
20395.953125 265
20509.7421875 295
20585.255859375 360
20586.943359375 364
20706.912109375 937
20873.255859375 1077
20918.80859375 1101
21385.7578125 1241
21482.322265625 1243
21528.9296875 1307
22202.3203125 1343
22302.685546875 1404
22621.328125 1418
22934.767578125 1585
23079.833984375 1719
23128.82421875 1822
23199.51953125 2009
23410.919921875 2164
24306.36328125 2214
24750.037109375 2250
24940.244140625 2263
25010.939453125 2342
26970.908203125 2359
29573.578125 2547
