3288.679931640625 1147
3414.15087890625 865
3452.215087890625 939
3476.97412109375 1497
3482.01220703125 2630
3737.09326171875 2752
3762.09716796875 457
3819.27783203125 309
3852.982421875 316
3874.858642578125 483
3884.95458984375 484
3969.51806640625 633
3982.09814453125 1026
4026.5859375 1036
4033.202880859375 1176
4052.686767578125 1423
4152.88232421875 1485
4233.7890625 1590
4360.4013671875 1702
4396.701171875 1759
4457.17333984375 1818
4608.9599609375 1958
4678.0546875 1963
4881.20849609375 1977
4887.49609375 2053
4893.03662109375 2056
4893.9462890625 2125
4935.8544921875 2304
5053.23828125 2356
5060.05224609375 2477
5193.41064453125 2533
5267.400390625 2732
5277.482421875 2948
5369.15478515625 1601
5401.12939453125 2256
5426.34423828125 2104
5426.85693359375 284
5451.208984375 1446
5495.64697265625 87
5565.48486328125 251
5649.0224609375 527
5704.763671875 529
5744.65087890625 625
5824.234375 641
5832.08544921875 693
5835.47119140625 873
5839.59375 881
5842.39306640625 928
5906.22900390625 1133
5938.90283203125 1283
5982.32861328125 1318
5999.236328125 1346
6027.0546875 1417
6065.43359375 1720
6125.4921875 1987
6136.80078125 2226
6195.451171875 2296
6223.6845703125 2515
6241.9052734375 2572
6354.77392578125 2669
6372.0869140625 2728
6383.01025390625 2734
6420.13232421875 2746
6457.1484375 2852
6534.23046875 2866
6542.51171875 2915
6638.98486328125 2949
6645.76318359375 377
6723.72509765625 2281
6756.67041015625 160
6760.80859375 1
6782.9931640625 425
6784.1591796875 446
6791.04736328125 800
6820.2109375 918
6978.52099609375 953
7028.9794921875 985
7129.091796875 986
7172.0341796875 1008
7180.4091796875 1043
7188.49462890625 1270
7194.5419921875 1317
7216.37060546875 1435
7281.8408203125 1548
7539.21826171875 1606
7631.78125 1661
7651.654296875 1712
7657.4033203125 2010
7677.3642578125 2088
7692.4990234375 2365
7736.69873046875 2410
7784.4423828125 2414
7787.001953125 2482
7809.0537109375 2560
7839.03759765625 2781
7946.4345703125 2820
7971.4541015625 997
8021.51318359375 1781
8024.98681640625 81
8041.1083984375 229
8105.7685546875 440
8153.5703125 548
8158.626953125 611
8205.947265625 826
8212.6318359375 834
8279.0888671875 848
8293.1572265625 871
8348.82421875 893
8357.4248046875 1231
8390.587890625 1256
8522.345703125 1315
8535.7353515625 1458
8569.08203125 1550
8717.5302734375 1671
8721.4921875 1711
8741.5009765625 1815
8819.826171875 1893
8867.91796875 2312
8879.1513671875 2324
8953.169921875 2385
8976.3076171875 2447
9005.4951171875 2562
9045.6728515625 2610
9114.6650390625 2622
9118.013671875 2853
9139.41015625 2924
9159.2568359375 2927
9207.3388671875 2239
9214.5595703125 1362
9291.529296875 1926
9301.2373046875 2997
9306.552734375 254
9317.8994140625 388
9347.9755859375 465
9357.3525390625 498
9378.3193359375 520
9389.5390625 962
9394.2275390625 981
9409.271484375 1156
9439.3896484375 1652
9449.6123046875 2205
9521.017578125 2339
9540.3291015625 2417
9604.9072265625 2494
9615.2080078125 2687
9662.556640625 1122
9664.5224609375 1670
9706.482421875 264
9707.5673828125 2173
9712.7509765625 1646
9748.1474609375 2396
9838.5830078125 49
9838.5830078125 189
9879.3251953125 261
9881.9287109375 263
9892.3076171875 430
9989.005859375 831
10041.154296875 899
10055.6650390625 1123
10092.8603515625 1169
10095.0615234375 1350
10222.14453125 1405
10226.146484375 1512
10241.5703125 1750
10288.0546875 1769
10331.28515625 1908
10342.25 1966
10364.826171875 1982
10419.5546875 1993
10422.26953125 2094
10439.33203125 2126
10458.0869140625 2141
10548.634765625 2171
10549.6328125 2174
10551.7421875 2177
10558.72265625 2237
10564.798828125 2367
10592.4189453125 2536
10619.4130859375 2542
10642.75 2582
10710.357421875 2675
10746.59375 2703
10755.4306640625 1873
10761.361328125 2107
10767.8603515625 1281
10776.8359375 455
10794.8828125 470
10797.376953125 902
10806.01171875 926
10806.248046875 967
10807.28125 1104
10807.978515625 1225
10814.7646484375 1286
10826.9130859375 1506
10829.650390625 1516
10837.5810546875 1599
10888.904296875 1779
10898.673828125 1848
10952.48046875 1867
10959.53125 1883
10961.6123046875 2063
10969.4423828125 2210
10992.4140625 2246
10997.876953125 2285
11004.99609375 2361
11012.255859375 2686
11032.7216796875 2700
11060.716796875 88
11086.0341796875 586
11100.75390625 136
11118.099609375 1471
11133.505859375 226
11139.1455078125 296
11176.6787109375 1197
11204.8955078125 1666
11248.6357421875 2511
11306.5244140625 101
11317.7685546875 215
11321.0869140625 549
11370.01953125 550
11375.1552734375 573
11399.2763671875 1136
11412.451171875 1199
11436.94140625 1530
11439.6015625 1581
11442.2841796875 1640
11466.12890625 1688
11474.345703125 1968
11485.8369140625 2526
11507.4755859375 2571
11510.3798828125 2983
11517.3359375 1787
11528.771484375 602
11542.9658203125 1146
11544.216796875 253
11572.6669921875 342
11573.4208984375 843
11578.349609375 1233
11623.869140625 1335
11654.7724609375 1394
11673.169921875 1737
11692.7958984375 1784
11696.8193359375 1950
11701.7265625 2025
11703.71484375 2473
11704.587890625 2518
11729.4765625 999
11734.869140625 1056
11750.498046875 1900
11752.2724609375 1304
11759.150390625 1326
11787.0302734375 2967
11797.1865234375 1329
11815.6943359375 50
11817.3017578125 318
11817.890625 389
11821.798828125 478
11823.5986328125 491
11824.00390625 580
11838.9990234375 599
11839.8095703125 890
11844.103515625 896
11860.796875 909
11879.6611328125 919
11893.1337890625 995
11899.03125 1273
11913.0166015625 1342
11949.0400390625 1430
11952.3779296875 1495
11958.9541015625 1568
11978.712890625 1583
11978.712890625 1764
11998.3291015625 1774
12002.2744140625 2065
12002.8251953125 2117
12010.990234375 2181
12011.078125 2268
12013.91796875 2465
12021.6015625 2664
12026.0322265625 2760
12035.8955078125 2764
12043.490234375 2938
12052.884765625 2943
12058.42578125 1860
12060.4765625 2880
12060.9326171875 1333
12068.9208984375 2631
12120.638671875 146
12124.369140625 1538
12127.1435546875 21
12132.525390625 34
12143.337890625 200
12145.5 288
12155.5888671875 336
12156.4833984375 385
12159.5595703125 517
12177.873046875 546
12197.9560546875 609
12210.16015625 614
12247.7998046875 683
12319.3271484375 686
12332.23046875 769
12363.6171875 1097
12365.328125 1221
12383.671875 1322
12384.505859375 1359
12404.5966796875 1376
12424.6689453125 1686
12429.779296875 1854
12448.7978515625 2513
12456.7548828125 2553
12517.1962890625 2650
12534.337890625 2672
12537.9853515625 2911
12541.8642578125 78
12547.71875 2713
12599.126953125 2800
12611.2958984375 2651
12613.072265625 2970
12613.4365234375 1045
12618.353515625 1068
12629.3916015625 2078
12629.548828125 884
12641.49609375 886
12642.0205078125 1028
12649.3779296875 1845
12657.1376953125 1932
12691.296875 2489
12698.326171875 90
12704.123046875 153
12706.6484375 240
12712.8212890625 256
12728.419921875 531
12742.7880859375 644
12779.3876953125 706
12781.1796875 775
12787.9326171875 1163
12788.638671875 1483
12788.7626953125 2114
12808.5546875 2379
12809.30859375 2424
12821.2373046875 2433
12841.1748046875 2435
12843.037109375 2442
12848.0224609375 2683
12851.0546875 2811
12852.859375 2176
12856.73046875 169
12857.1630859375 2207
12867.3095703125 1144
12877.828125 2180
12897.0703125 73
12916.849609375 663
12921.8515625 677
12930.41796875 756
12930.7373046875 925
12940.1708984375 927
12971.9716796875 946
12981.357421875 996
12990.4921875 1141
13009.0107421875 1202
13018.8271484375 1251
13034.9052734375 1457
13048.95703125 1502
13050.318359375 1591
13053.0771484375 1733
13053.1298828125 1735
13083.0322265625 1919
13083.5927734375 1933
13087.966796875 1955
13133.396484375 2002
13154.001953125 2335
13154.001953125 2341
13156.7919921875 2565
13168.662109375 2695
13186.677734375 2763
13202.4892578125 2840
13203.095703125 2422
13208.142578125 1020
13211.94140625 640
13213.591796875 59
13227.3349609375 177
13240.451171875 191
13258.546875 575
13260.546875 687
13278.80859375 934
13299.373046875 1119
13316.794921875 1529
13331.7353515625 1697
13333.318359375 1810
13335.8779296875 1831
13360.28125 2354
13370.443359375 2528
13379.8291015625 2679
13395.330078125 2712
13407.328125 2747
13413.646484375 2809
13432.1572265625 2821
13433.6455078125 2842
13435.388671875 2860
13453.51171875 2906
13455.783203125 2994
13510.6064453125 186
13512.6259765625 223
13513.375 1594
13519.4931640625 410
13523.00390625 631
13524.546875 132
13531.8818359375 2576
13534.16796875 1282
13548.7880859375 488
13558.9462890625 869
13566.7412109375 2059
13582.822265625 787
13596.9150390625 904
13597.359375 137
13608.8818359375 275
13619.67578125 328
13623.3642578125 333
13624.2119140625 392
13640.0 407
13648.283203125 489
13660.2724609375 680
13673.2080078125 1022
13679.453125 1290
13681.96875 1358
13698.7880859375 1607
13701.6767578125 1653
13703.1650390625 2024
13750.046875 2184
13761.5859375 2221
13797.69140625 2394
13802.00390625 2427
13810.2666015625 2517
13815.986328125 2655
13831.5615234375 2704
13837.6552734375 2900
13840.337890625 2946
13864.2626953125 459
13883.833984375 1408
13903.3984375 1339
13913.6826171875 22
13917.044921875 45
13948.37109375 300
13950.3173828125 812
13958.1484375 922
13975.794921875 947
13982.0400390625 975
13982.91796875 1001
14028.0205078125 1095
14034.435546875 1275
14035.7158203125 1664
14051.873046875 1708
14063.765625 1763
14066.6142578125 1766
14074.82421875 1889
14086.294921875 2077
14088.19921875 2082
14091.3046875 2131
14097.74609375 2315
14101.6376953125 2317
14105.669921875 2409
14106.5986328125 2608
14110.318359375 2616
14114.431640625 2649
14115.326171875 2819
14131.7041015625 2862
14138.3212890625 1164
14140.216796875 2213
14142.9501953125 1050
14157.380859375 979
14188.72265625 1562
14198.8662109375 1597
14202.2734375 2334
14207.5078125 587
14207.607421875 630
14238.048828125 777
14247.689453125 1012
14269.1806640625 1064
14270.021484375 1082
14278.162109375 1462
14281.0849609375 1501
14281.68359375 1654
14287.24609375 1800
14289.953125 2656
14316.109375 2884
14331.2119140625 1416
14335.4755859375 1575
14376.685546875 2889
14388.4541015625 445
14390.373046875 30
14391.966796875 2484
14394.81640625 38
14401.0537109375 40
14411.8232421875 76
14418.99609375 77
14418.99609375 108
14450.828125 164
14459.00390625 211
14469.962890625 225
14478.5703125 376
14483.09375 437
14494.044921875 510
14518.6240234375 646
14519.544921875 671
14528.05859375 738
14537.6982421875 770
14550.8046875 1434
14553.873046875 1610
14566.0126953125 1662
14572.69140625 1709
14598.234375 1998
14605.22265625 2166
14640.0 2220
14645.841796875 2238
14647.701171875 2255
14656.220703125 2345
14695.75390625 2510
14701.341796875 2581
14701.341796875 2607
14716.99609375 2807
14738.255859375 1015
14738.708984375 1984
14743.3359375 1258
14746.3857421875 2555
14751.4765625 182
14752.0439453125 916
14760.091796875 1667
14760.658203125 1852
14771.54296875 727
14774.2236328125 2036
14782.8203125 2772
14808.53515625 130
14822.3486328125 219
14825.1767578125 394
14852.0009765625 405
14868.064453125 634
14891.6123046875 856
14892.9560546875 983
14902.439453125 1117
14904.9248046875 1386
14918.970703125 1791
14922.6142578125 1991
14922.6142578125 2060
14938.849609375 2215
14961.26953125 2314
14963.5263671875 2440
14977.279296875 2467
14978.7470703125 2618
15028.8603515625 2648
15035.7109375 2694
15038.2060546875 1772
15069.654296875 818
15082.146484375 2907
15091.08203125 660
15098.318359375 1168
15115.4248046875 1145
15133.5859375 1476
15135.9169921875 1618
15150.912109375 655
15164.1240234375 1592
15169.654296875 2120
15185.88671875 2557
15203.111328125 112
15212.9296875 350
15222.7509765625 356
15264.6953125 448
15275.236328125 1500
15303.158203125 1526
15305.5615234375 1587
15315.7138671875 1881
15321.677734375 1943
15341.2744140625 1962
15341.75390625 1995
15350.8505859375 2075
15361.0556640625 2118
15382.0556640625 2309
15385.126953125 2418
15397.98046875 2516
15398.59375 2588
15405.328125 2605
15428.646484375 2623
15433.603515625 2937
15451.556640625 1005
15459.8154296875 110
15466.33203125 2360
15474.09765625 121
15517.7080078125 1046
15523.1943359375 298
15536.7197265625 372
15540.1015625 492
15549.1865234375 752
15555.3349609375 838
15563.185546875 903
15568.80078125 1034
15573.8134765625 1128
15631.8642578125 1187
15632.8525390625 1437
15645.2109375 1488
15650.1142578125 1534
15657.67578125 1657
15676.046875 1678
15676.728515625 1824
15696.0546875 1826
15715.83984375 1941
15723.73828125 1997
15731.90234375 2318
15749.251953125 2327
15753.1923828125 2362
15765.623046875 2404
15774.8359375 2453
15777.1796875 2458
15787.98046875 2496
15800.400390625 2696
15819.513671875 2722
15853.359375 2796
15867.7998046875 2584
15873.748046875 2872
15886.173828125 2589
15931.0966796875 2135
15939.576171875 1802
15947.5048828125 1853
16018.5791015625 1892
16019.9765625 1580
16039.625 25
16099.673828125 72
16107.6826171875 343
16109.6552734375 710
16116.97265625 755
16125.236328125 885
16133.4248046875 1683
16135.9775390625 1776
16148.4013671875 1972
16148.462890625 2047
16160.1962890625 2138
16166.7861328125 2185
16179.3232421875 2344
16221.3212890625 2545
16238.875 2573
16256.0703125 2855
16275.8076171875 2159
16293.2880859375 1067
16298.8583984375 371
16308.5341796875 243
16318.83203125 1301
16338.9599609375 311
16354.4501953125 426
16365.005859375 648
16374.13671875 720
16390.623046875 792
16419.47265625 940
16428.455078125 1006
16428.896484375 1032
16444.353515625 1160
16455.775390625 1189
16458.1640625 2183
16465.119140625 2190
16466.734375 2301
16475.326171875 1459
16487.5234375 1649
16518.146484375 353
16518.328125 2706
16539.720703125 1511
16540.6171875 1778
16559.48828125 329
16560.52734375 731
16581.513671875 1400
16581.705078125 2070
16637.916015625 1480
16644.791015625 1714
16669.44921875 249
16673.021484375 94
16680.703125 2823
16697.4375 471
16761.123046875 473
16763.109375 747
16818.17578125 915
16819.537109375 921
16823.66796875 993
16875.875 1072
16880.794921875 1415
16918.57421875 1541
16935.052734375 1746
16971.15234375 1949
16996.87109375 2079
17009.1640625 2219
17010.01953125 2258
17016.91796875 2413
17029.6015625 2628
17041.3046875 2828
17058.748046875 2903
17090.26953125 2996
17101.505859375 204
17137.45703125 1247
17143.1171875 1410
17151.05859375 1888
17151.234375 1214
17167.65234375 1658
17179.099609375 2587
17208.697265625 380
17218.658203125 688
17221.548828125 1761
17230.390625 66
17320.03515625 127
17325.6484375 179
17353.6015625 855
17370.2890625 1198
17398.11328125 1250
17431.076171875 1507
17435.267578125 1558
17468.162109375 2007
17487.73828125 2092
17501.80078125 2231
17511.72265625 2384
17514.919921875 2457
17517.30078125 2544
17545.740234375 2717
17550.916015625 2774
17560.20703125 2794
17564.421875 2909
17568.974609375 972
17588.6953125 1138
17609.23828125 1442
17616.806640625 1137
17632.357421875 102
17661.25 667
17670.541015625 1935
17671.17578125 2352
17686.572265625 2887
17691.521484375 427
17710.37890625 1533
17719.759765625 170
17741.962890625 262
17755.99609375 306
17763.95703125 596
17765.3671875 805
17775.64453125 849
17787.498046875 850
17804.533203125 965
17809.15234375 976
17812.005859375 1058
17859.587890625 1403
17865.865234375 1645
17884.72265625 1999
17917.974609375 2292
17927.681640625 2392
17953.380859375 2403
17955.61328125 2497
17970.40625 2524
17972.17578125 2601
17996.94140625 2652
18010.421875 2657
18022.63671875 2761
18040.123046875 2839
18074.19140625 2939
18099.369140625 2984
18138.099609375 1027
18172.296875 622
18190.203125 417
18209.6328125 450
18221.4453125 690
18221.953125 969
18252.091796875 982
18305.16015625 1040
18308.232421875 1078
18338.90625 1083
18341.796875 1382
18350.048828125 1391
18411.328125 1486
18547.505859375 1503
18641.076171875 1547
18744.62890625 1561
18745.181640625 1965
18749.625 2026
18764.900390625 2066
18893.84765625 2182
18915.14453125 2245
18935.654296875 2460
18950.34375 2466
18970.109375 2540
19009.1640625 2593
19015.599609375 2632
19027.240234375 2753
19071.9140625 2759
19173.7578125 2793
19203.7265625 2925
19215.763671875 2152
19239.6953125 762
19292.822265625 2757
19302.8203125 37
19330.091796875 1624
19366.798828125 1271
19369.453125 2370
19456.248046875 2895
19487.859375 2411
19506.138671875 67
19508.962890625 150
19536.599609375 171
19615.419921875 195
19617.08203125 363
19650.916015625 522
19750.736328125 657
19751.94140625 701
19774.248046875 760
19778.8984375 811
19787.916015625 874
19825.126953125 875
19825.81640625 1002
19832.544921875 1007
19844.24609375 1023
19848.42578125 1356
19855.0703125 1378
19873.185546875 1489
19983.6484375 1629
20025.20703125 2721
20157.109375 2032
20228.87109375 2259
20235.71875 771
20242.974609375 1543
20298.919921875 2241
20318.919921875 1964
20323.787109375 1625
20329.66015625 2693
20344.2890625 222
20434.021484375 258
20451.314453125 281
20537.29296875 506
20538.61328125 582
20577.619140625 724
20595.38671875 879
20697.7734375 1003
20785.40625 1171
20793.939453125 1182
20986.517578125 1588
21040.201171875 1685
21040.201171875 1758
21183.345703125 2300
21203.1640625 2310
21210.826171875 2705
21213.2578125 2845
21244.763671875 2916
21288.009765625 1811
21335.724609375 2701
21370.705078125 421
21378.884765625 1440
21421.9140625 2337
21423.748046875 2531
21430.125 18
21445.533203125 29
21566.1953125 31
21596.3359375 104
21596.890625 274
21612.7734375 321
21761.6953125 370
21887.8046875 375
22077.876953125 562
22141.45703125 914
22188.35546875 944
22245.5390625 1672
22257.873046875 1684
22332.11328125 1825
22359.431640625 1846
22363.845703125 1960
22384.140625 1976
22604.912109375 2006
22712.796875 2319
22809.623046875 2405
22823.390625 2550
22827.365234375 2606
23026.048828125 2768
23041.58203125 1081
23188.65234375 1780
23238.9453125 16
23246.728515625 28
23344.12890625 125
23390.517578125 212
23467.54296875 265
23505.412109375 295
23669.4609375 360
23680.001953125 364
23759.923828125 937
23811.990234375 1077
24160.82421875 1101
24187.30078125 1241
24237.529296875 1243
24253.9140625 1307
24794.625 1343
24828.078125 1404
24976.001953125 1418
25184.390625 1585
25250.328125 1719
25624.40625 1822
26494.912109375 2009
26731.6171875 2164
27359.16015625 2214
27665.03125 2250
28795.49609375 2263
30517.20703125 2342
30890.193359375 2359
33779.25 2547
