1243.927490234375 1027
2055.192138671875 622
2145.8466796875 417
2204.23388671875 450
2455.18994140625 690
2459.816650390625 969
2665.867431640625 982
2715.703125 1040
2903.541259765625 1078
2955.765625 1083
2976.071044921875 1382
2981.38671875 1391
3098.67724609375 1486
3149.1005859375 1503
3235.18359375 1547
3249.95849609375 1561
3299.5029296875 1965
3326.086669921875 2026
3331.57470703125 2066
3348.72412109375 2182
3383.490234375 2245
3392.506591796875 2460
3526.7099609375 2466
3809.974365234375 2540
3943.07958984375 2593
4125.57861328125 2632
4307.064453125 2753
4372.99072265625 2759
4381.01416015625 2793
4492.37841796875 2925
4694.32568359375 1446
4694.32568359375 87
4714.955078125 251
4745.82861328125 527
4788.92333984375 529
4815.2705078125 625
4829.89404296875 641
4925.4697265625 693
4954.2763671875 873
5349.1845703125 881
5484.37841796875 928
5485.1572265625 1133
5506.9921875 1283
5546.2861328125 1318
5629.0029296875 1346
5663.63720703125 1417
5817.45361328125 1720
5854.1640625 1987
5953.017578125 2226
5991.9873046875 2296
6271.80712890625 2515
6636.705078125 2572
6770.95947265625 2669
7151.4482421875 2728
7210.484375 2734
7269.2197265625 2746
7358.48046875 2852
7391.66259765625 2866
7438.0869140625 2915
7469.17578125 2949
7699.5126953125 377
8073.755859375 2281
8185.57275390625 160
8206.275390625 1
8331.0888671875 425
8452.2958984375 446
8483.5810546875 800
8580.3623046875 918
8815.64453125 953
8895.0986328125 985
8929.060546875 986
8945.119140625 1008
8949.6669921875 1043
9214.6357421875 1270
9398.998046875 1317
9475.6572265625 1435
9528.3876953125 1548
9654.1376953125 1606
9753.388671875 1661
9835.052734375 1712
9893.8740234375 2010
10024.4404296875 2088
10086.4404296875 2365
10126.876953125 2410
10133.5966796875 2414
10180.1640625 2482
10181.396484375 2560
10268.3330078125 2781
10321.6376953125 2820
10386.787109375 997
10533.3828125 1781
10600.845703125 81
10632.2490234375 229
10656.8349609375 440
10671.8515625 548
10708.31640625 611
10746.556640625 826
10899.3662109375 834
11080.2890625 848
11256.7158203125 871
11316.4296875 893
11436.6875 1231
11451.3515625 1256
11455.32421875 1315
11478.9208984375 1458
11504.703125 1550
11507.62890625 1671
11681.8759765625 1711
11702.578125 1815
11817.0322265625 1893
11925.1806640625 2312
12069.236328125 2324
12076.9609375 2385
12082.5927734375 2447
12220.9296875 2562
12258.8828125 2610
12265.3291015625 2622
12447.67578125 2853
12456.3798828125 2924
12570.7265625 2927
12613.0751953125 2239
12689.68359375 1362
12709.400390625 1926
12725.71484375 2997
12821.490234375 254
12867.068359375 388
12891.08984375 465
12909.2783203125 498
12999.8662109375 520
13000.6591796875 962
13071.826171875 981
13109.89453125 1156
13112.9267578125 1652
13210.701171875 2205
13292.416015625 2339
13488.248046875 2417
13567.8330078125 2494
13578.9033203125 2687
13651.421875 1122
13713.302734375 1670
13723.7919921875 264
13726.9287109375 2173
13746.5888671875 1646
13758.189453125 2396
13864.619140625 49
13924.7275390625 189
13962.8359375 261
13979.181640625 263
14018.578125 430
14116.904296875 831
14215.578125 899
14427.587890625 1123
14459.8603515625 1169
14641.8330078125 1350
14729.37109375 1405
14739.4375 1512
14749.4892578125 1750
14755.970703125 1769
14794.4775390625 1908
14803.5703125 1966
14935.6943359375 1982
14958.275390625 1993
14972.626953125 2094
14974.6640625 2126
14976.6962890625 2141
14999.8193359375 2171
15010.9033203125 2174
15192.525390625 2177
15213.80078125 2237
15235.7080078125 2367
15248.857421875 2536
15325.15234375 2542
15405.716796875 2582
15462.046875 2675
15509.708984375 2703
15535.52734375 1873
15543.595703125 2107
15580.8505859375 1281
15628.525390625 455
15661.291015625 470
15727.5615234375 902
15769.6796875 926
15777.71484375 967
15795.6162109375 1104
15807.35546875 1225
15816.2744140625 1286
15825.0791015625 1506
15847.60546875 1516
15881.986328125 1599
15910.3349609375 1779
15914.4453125 1848
15939.779296875 1867
15963.8935546875 1883
15983.138671875 2063
16026.072265625 2210
16103.728515625 2246
16112.810546875 2285
16151.0439453125 2361
16183.5302734375 2686
16238.62109375 2700
16363.8154296875 88
16541.666015625 586
16563.484375 136
16608.015625 1471
16637.830078125 226
16694.4921875 296
16713.6015625 1197
16749.484375 1666
16750.630859375 2511
16756.919921875 101
16784.98046875 215
16813.259765625 549
16821.23828125 550
16829.541015625 573
16834.271484375 1136
16874.8203125 1199
16881.65625 1530
16944.375 1581
16945.435546875 1640
16953.33984375 1688
17006.697265625 1968
17099.03515625 2526
17099.03515625 2571
17104.84765625 2983
17149.068359375 1787
17152.880859375 602
17158.001953125 1146
17168.34765625 253
17170.3671875 342
17213.796875 843
17245.06640625 1233
17266.08984375 1335
17269.16015625 1394
17309.541015625 1737
17318.328125 1784
17333.724609375 1950
17366.244140625 2025
17400.62890625 2473
17410.08203125 2518
17522.314453125 999
17525.228515625 1056
17561.013671875 1900
17600.51171875 1304
17608.15234375 1326
17649.826171875 2967
17655.2890625 1329
17670.802734375 50
17709.693359375 318
17711.255859375 389
17747.341796875 478
17780.69140625 491
17781.228515625 580
17785.283203125 599
17815.669921875 890
17819.12890625 896
17846.0 909
17850.373046875 919
17853.05859375 995
17879.369140625 1273
17897.53515625 1342
17919.8046875 1430
17939.07421875 1495
17942.150390625 1568
17946.806640625 1583
17974.12109375 1764
17994.2109375 1774
17997.501953125 2065
18015.693359375 2117
18027.060546875 2181
18044.908203125 2268
18046.16015625 2465
18052.61328125 2664
18056.97265625 2760
18114.361328125 2764
18114.361328125 2938
18125.111328125 2943
18129.720703125 1860
18140.91015625 2880
18153.884765625 1333
18216.43359375 2631
18243.498046875 146
18261.44921875 1538
18270.009765625 21
18298.373046875 34
18330.19140625 200
18366.53515625 288
18385.8125 336
18426.9296875 385
18427.20703125 517
18446.6875 546
18446.8125 609
18463.46484375 614
18493.52734375 683
18512.16015625 686
18513.4375 769
18535.833984375 1097
18584.337890625 1221
18584.931640625 1322
18612.115234375 1359
18641.6640625 1376
18657.33984375 1686
18735.853515625 1854
18776.361328125 2513
18796.611328125 2553
18886.861328125 2650
18911.37890625 2672
18917.580078125 2911
18918.12109375 78
18927.33984375 2713
18928.2890625 2800
18942.04296875 2651
18956.3125 2970
18986.740234375 1045
18988.2890625 1068
19012.3046875 2078
19023.45703125 884
19029.48046875 886
19030.005859375 1028
19032.638671875 1845
19043.6796875 1932
19104.25390625 2489
19149.396484375 90
19171.841796875 153
19172.900390625 240
19193.30859375 256
19213.2421875 531
19227.693359375 644
19231.0625 706
19269.373046875 775
19281.384765625 1163
19294.572265625 1483
19324.31640625 2114
19377.44921875 2379
19394.041015625 2424
19402.138671875 2433
19433.759765625 2435
19438.65625 2442
19445.376953125 2683
19469.654296875 2811
19473.388671875 2176
19474.673828125 169
19480.6640625 2207
19484.82421875 1144
19491.87890625 2180
19529.3515625 73
19539.638671875 663
19562.8359375 677
19577.71875 756
19606.23046875 925
19615.427734375 927
19618.546875 946
19626.869140625 996
19648.994140625 1141
19652.421875 1202
19654.33203125 1251
19672.9609375 1457
19697.548828125 1502
19699.73828125 1591
19708.875 1733
19719.265625 1735
19740.23046875 1919
19747.34375 1933
19750.5859375 1955
19794.94140625 2002
19798.51171875 2335
19821.19921875 2341
19832.875 2565
19854.966796875 2695
19870.009765625 2763
19885.970703125 2840
19895.470703125 2422
19919.8671875 1020
19951.337890625 640
19964.818359375 59
19967.427734375 177
19976.00390625 191
20023.880859375 575
20055.3984375 687
20094.40234375 934
20105.66796875 1119
20115.76171875 1529
20124.24609375 1697
20132.982421875 1810
20139.072265625 1831
20153.349609375 2354
20199.115234375 2528
20202.318359375 2679
20226.3046875 2712
20233.55859375 2747
20275.037109375 2809
20315.76171875 2821
20333.0234375 2842
20351.427734375 2860
20377.447265625 2906
20414.791015625 2994
20450.58203125 186
20483.775390625 223
20492.677734375 1594
20514.75390625 410
20536.634765625 631
20553.400390625 132
20573.830078125 2576
20591.0390625 1282
20623.080078125 488
20651.30078125 869
20655.75390625 2059
20682.2265625 787
20684.5546875 904
20686.572265625 137
20700.423828125 275
20718.884765625 328
20781.93359375 333
20786.08984375 392
20803.416015625 407
20821.419921875 489
20842.203125 680
20851.71484375 1022
20888.578125 1290
20925.63671875 1358
20930.046875 1607
20936.62109375 1653
20952.82421875 2024
20955.06640625 2184
20957.455078125 2221
20957.455078125 2394
20971.259765625 2427
21007.544921875 2517
21038.80859375 2655
21061.70703125 2704
21087.3125 2900
21153.126953125 2946
21161.306640625 459
21187.8359375 1408
21242.451171875 1339
21277.255859375 22
21278.265625 45
21278.390625 300
21287.435546875 812
21301.296875 922
21302.42578125 947
21306.6796875 975
21310.86328125 1001
21331.45703125 1095
21356.505859375 1275
21371.81640625 1664
21382.701171875 1708
21397.556640625 1763
21407.767578125 1766
21414.60546875 1889
21423.681640625 2077
21425.6171875 2082
21452.14453125 2131
21469.44140625 2315
21470.681640625 2317
21476.048828125 2409
21507.86328125 2608
21512.328125 2616
21521.2734375 2649
21532.462890625 2819
21612.59375 2862
21707.666015625 1164
21721.34375 2213
21745.693359375 1050
21748.37890625 979
21752.21484375 1562
21798.970703125 1597
21836.935546875 2334
21845.31640625 587
21858.615234375 630
21894.828125 777
21929.248046875 1012
21953.73046875 1064
22007.541015625 1082
22061.083984375 1462
22096.6640625 1501
22105.189453125 1654
22112.228515625 1800
22115.361328125 2656
22123.7734375 2884
22138.001953125 1416
22143.103515625 1575
22156.806640625 2889
22170.548828125 445
22190.212890625 30
22224.908203125 2484
22243.41015625 38
22346.34375 40
22349.232421875 76
22362.228515625 77
22452.17578125 108
22458.771484375 164
22482.3125 211
22495.1875 225
22495.375 376
22503.935546875 437
22518.1640625 510
22549.15234375 646
22575.912109375 671
22601.33984375 738
22615.365234375 770
22641.318359375 1434
22671.2734375 1610
22672.068359375 1662
22689.296875 1709
22696.37109375 1998
22698.046875 2166
22709.025390625 2220
22714.130859375 2238
22725.728515625 2255
22770.720703125 2345
22801.044921875 2510
22847.623046875 2581
22853.978515625 2607
22898.041015625 2807
22956.048828125 1015
22981.3828125 1984
22998.875 1258
23013.41796875 2555
23039.3125 1147
23053.177734375 865
23054.52734375 939
23056.267578125 1497
23069.986328125 2630
23083.443359375 2752
23098.265625 457
23113.36328125 309
23138.8671875 316
23147.3515625 483
23149.4375 484
23157.611328125 633
23185.833984375 1026
23279.98828125 1036
23292.00390625 1176
23300.65625 1423
23302.82421875 1485
23305.74609375 1590
23306.955078125 1702
23352.955078125 1759
23353.876953125 1818
23354.8984375 1958
23362.671875 1963
23364.875 1977
23393.052734375 2053
23406.82421875 2056
23418.810546875 2125
23485.197265625 2304
23516.888671875 2356
23519.736328125 2477
23531.791015625 2533
23551.255859375 2732
23554.34375 2948
23595.962890625 1601
23614.07421875 2256
23616.92578125 2104
23628.828125 284
23634.982421875 182
23645.81640625 916
23652.345703125 1667
23699.666015625 1852
23710.49609375 727
23749.044921875 2036
23811.474609375 2772
23833.298828125 130
23844.46875 219
23866.705078125 394
23873.4609375 405
23894.419921875 634
23944.4609375 856
23972.341796875 983
23974.94140625 1117
23986.830078125 1386
24026.326171875 1791
24026.55078125 1991
24044.435546875 2060
24108.865234375 2215
24126.46875 2314
24135.009765625 2440
24143.93359375 2467
24148.55859375 2618
24174.564453125 2648
24179.40625 2694
24189.66796875 1772
24282.0 818
24299.90234375 2907
24363.494140625 660
24365.146484375 1168
24444.373046875 1145
24449.67578125 1476
24451.916015625 1618
24453.529296875 655
24485.275390625 1592
24494.669921875 2120
24508.9609375 2557
24512.37890625 112
24557.25 350
24586.87890625 356
24606.1171875 448
24611.84375 1500
24618.58984375 1526
24629.41015625 1587
24648.0546875 1881
24665.552734375 1943
24714.166015625 1962
24732.203125 1995
24737.953125 2075
24744.66015625 2118
24763.458984375 2309
24764.076171875 2418
24828.12890625 2516
24828.43359375 2588
24843.6953125 2605
24875.158203125 2623
24878.66015625 2937
24919.140625 1005
24928.783203125 110
24986.197265625 2360
24999.791015625 121
25057.00390625 1046
25066.1640625 298
25068.31640625 372
25070.87109375 492
25071.3046875 752
25082.9375 838
25148.044921875 903
25149.482421875 1034
25149.59375 1128
25169.01171875 1187
25174.935546875 1437
25189.908203125 1488
25190.4765625 1534
25201.322265625 1657
25228.484375 1678
25242.87890625 1824
25252.810546875 1826
25331.01953125 1941
25338.80859375 1997
25348.044921875 2318
25352.32421875 2327
25352.48828125 2362
25385.771484375 2404
25424.564453125 2453
25503.36328125 2458
25504.544921875 2496
25508.849609375 2696
25513.974609375 2722
25529.130859375 2796
25543.060546875 2584
25544.99609375 2872
25571.86328125 2589
25576.73828125 2135
25604.013671875 1802
25621.1796875 1853
25651.259765625 1892
25651.259765625 1580
25654.03515625 25
25656.025390625 72
25668.0390625 343
25670.41015625 710
25693.677734375 755
25709.20703125 885
25728.78125 1683
25743.484375 1776
25745.640625 1972
25775.86328125 2047
25811.955078125 2138
25847.56640625 2185
25861.962890625 2344
25890.541015625 2545
25894.423828125 2573
25894.5390625 2855
25927.4375 2159
25932.802734375 1067
25951.728515625 371
25961.4609375 243
25961.763671875 1301
25961.873046875 311
25976.75 426
25980.8046875 648
26015.96875 720
26043.587890625 792
26049.15234375 940
26050.1328125 1006
26121.0703125 1032
26121.328125 1160
26130.560546875 1189
26155.21484375 2183
26233.80078125 2190
26243.994140625 2301
26285.369140625 1459
26318.94921875 1649
26328.837890625 353
26329.298828125 2706
26332.80859375 1511
26358.25390625 1778
26377.34765625 329
26395.111328125 731
26418.505859375 1400
26444.61328125 2070
26483.29296875 1480
26492.90234375 1714
26494.455078125 249
26496.4375 94
26506.57421875 2823
26514.556640625 471
26544.34375 473
26581.533203125 747
26587.1484375 915
26612.701171875 921
26629.0078125 993
26657.49609375 1072
26677.61328125 1415
26680.876953125 1541
26713.525390625 1746
26715.482421875 1949
26727.7890625 2079
26775.09375 2219
26918.94140625 2258
26937.470703125 2413
26937.708984375 2628
26970.1484375 2828
26972.12890625 2903
26980.21875 2996
26981.98828125 204
26985.19921875 1247
26999.09765625 1410
27057.1796875 1888
27069.693359375 1214
27162.1328125 1658
27191.40234375 2587
27247.916015625 380
27253.4921875 688
27254.314453125 1761
27267.998046875 66
27345.31640625 127
27404.078125 179
27407.03515625 855
27408.353515625 1198
27416.029296875 1250
27427.97265625 1507
27435.693359375 1558
27439.984375 2007
27468.943359375 2092
27521.921875 2231
27523.244140625 2384
27569.24609375 2457
27604.94140625 2544
27628.537109375 2717
27665.515625 2774
27696.916015625 2794
27742.22265625 2909
27776.408203125 972
27798.537109375 1138
27830.11328125 1442
27831.4453125 1137
27880.072265625 102
27910.216796875 667
27935.263671875 1935
27980.291015625 2352
28001.794921875 2887
28012.58984375 427
28024.7265625 1533
28238.29296875 170
28307.4765625 262
28321.548828125 306
28355.078125 596
28406.79296875 805
28425.423828125 849
28486.21484375 850
28495.419921875 965
28537.4765625 976
28548.97265625 1058
28566.810546875 1403
28586.927734375 1645
28611.9296875 1999
28643.6171875 2292
28668.095703125 2392
28670.404296875 2403
28683.92578125 2497
28701.10546875 2524
28702.01171875 2601
28712.060546875 2652
28744.431640625 2657
28746.76171875 2761
28795.275390625 2839
28810.6328125 2939
28816.5546875 2984
28822.134765625 2152
28847.4609375 762
28900.16796875 2757
28955.275390625 37
29003.404296875 1624
29013.68359375 1271
29021.40234375 2370
29029.09765625 2895
29063.83984375 2411
29105.673828125 67
29192.23046875 150
29204.81640625 171
29204.81640625 195
29247.203125 363
29251.0078125 522
29296.787109375 657
29296.787109375 701
29330.33203125 760
29338.150390625 811
29382.7421875 874
29397.357421875 875
29409.44921875 1002
29452.634765625 1007
29466.37890625 1023
29470.642578125 1356
29558.66015625 1378
29561.96484375 1489
29614.12890625 1629
29753.560546875 2721
29755.375 2032
29914.31640625 2259
29967.7890625 771
29973.396484375 1543
30061.302734375 2241
30076.625 1964
30082.806640625 1625
30093.578125 2693
30143.455078125 222
30163.220703125 258
30265.0546875 281
30308.109375 506
30323.0546875 582
30457.892578125 724
30488.767578125 879
30516.201171875 1003
30528.884765625 1171
30540.560546875 1182
30590.98046875 1588
30618.36328125 1685
30675.560546875 1758
30746.85546875 2300
30827.16796875 2310
30858.58984375 2705
30887.91796875 2845
30984.671875 2916
31025.75 1811
31037.154296875 2701
31052.6328125 421
31109.927734375 1440
31228.8515625 2337
31322.072265625 2531
31340.447265625 18
31419.12109375 29
31433.849609375 31
31510.677734375 104
31643.96484375 274
31810.59765625 321
31859.849609375 370
32004.8359375 375
32036.7265625 562
32352.90234375 914
32536.232421875 944
32586.61328125 1672
32594.05859375 1684
32720.05859375 1825
32753.34375 1846
32792.66015625 1960
32821.6328125 1976
32937.46484375 2006
32979.41015625 2319
33233.65625 2405
33376.5 2550
33572.22265625 2606
33732.5078125 2768
33746.0703125 1081
33855.578125 1780
33894.8984375 16
33940.84375 28
34080.74609375 125
34155.44140625 212
34465.91796875 265
34640.52734375 295
34644.34375 360
34656.421875 364
34710.8125 937
34742.921875 1077
34830.17578125 1101
34868.4296875 1241
35167.9765625 1243
35391.88671875 1307
35471.7109375 1343
35492.51171875 1404
35820.984375 1418
35876.2265625 1585
36127.578125 1719
36199.37890625 1822
36231.46875 2009
36657.62890625 2164
37226.22265625 2214
37759.14453125 2250
38572.09375 2263
38735.3046875 2342
39666.28515625 2359
41201.7578125 2547
