3829.623779296875 1646
4182.50927734375 2396
4288.02099609375 49
4307.51171875 189
4424.70849609375 261
4451.35205078125 263
4510.0927734375 430
4554.4873046875 831
4697.73681640625 899
4883.28125 1123
4900.15185546875 1169
4984.9443359375 1350
4997.0439453125 1405
5096.34912109375 1512
5234.60302734375 1750
5285.41748046875 1769
5345.64111328125 1908
5389.4365234375 1966
5490.033203125 1982
5502.79736328125 1993
5523.478515625 2094
5542.634765625 2126
5679.35693359375 2141
5732.513671875 2171
5748.9326171875 2174
5769.57666015625 2177
5866.25390625 2237
5876.58203125 2367
6029.44287109375 2536
6176.83935546875 2542
6180.771484375 2582
6245.341796875 2675
6247.23583984375 2703
6267.39990234375 1873
6268.40625 2107
6432.10302734375 1446
6456.275390625 87
6509.6201171875 251
6537.4853515625 527
6629.3095703125 529
6632.89599609375 625
6652.56591796875 641
6653.63330078125 693
6657.28955078125 873
6710.216796875 881
6794.615234375 928
6798.0537109375 1133
6806.208984375 1283
6849.72119140625 1318
6889.63330078125 1346
6919.51806640625 1417
6937.841796875 1720
6941.8271484375 1987
6948.251953125 2226
7019.49658203125 2296
7074.2744140625 2515
7097.0947265625 2572
7174.2607421875 2669
7176.3671875 2728
7199.76318359375 2734
7206.84326171875 2746
7356.78125 2852
7458.67822265625 2866
7460.9638671875 2915
7479.8115234375 2949
7513.7431640625 377
7517.6943359375 2281
7566.33154296875 160
7574.541015625 1
7608.5341796875 425
7692.89453125 446
7726.64453125 800
7732.96044921875 918
7735.91259765625 953
7742.650390625 985
7745.3935546875 986
7826.5234375 1008
7836.3173828125 1043
7874.39013671875 1270
7942.48876953125 1317
7946.451171875 1435
7957.12548828125 1548
7963.8486328125 1606
7965.703125 1661
8045.06005859375 1712
8046.42822265625 2010
8053.17333984375 2088
8055.44775390625 2365
8111.109375 2410
8117.70458984375 2414
8153.447265625 2482
8215.2470703125 2560
8291.966796875 2781
8309.4638671875 2820
8393.08203125 997
8411.0390625 1781
8421.1484375 81
8421.244140625 229
8424.2451171875 440
8433.6376953125 548
8449.904296875 611
8492.2587890625 826
8502.2783203125 834
8527.060546875 848
8551.7607421875 871
8644.7197265625 893
8685.8134765625 1231
8698.9599609375 1256
8713.4638671875 1315
8721.2958984375 1458
8749.240234375 1550
8773.814453125 1671
8794.1298828125 1711
8796.91015625 1815
8825.40234375 1893
8828.72265625 2312
8837.2529296875 2324
8858.322265625 2385
8859.7978515625 2447
8885.822265625 2562
8904.779296875 2610
8907.2919921875 2622
8932.3828125 2853
8935.95703125 2924
8963.1943359375 2927
8982.09765625 2239
8993.0234375 1362
9003.84375 1926
9011.3525390625 2997
9036.978515625 254
9051.689453125 388
9073.9970703125 465
9091.484375 498
9094.009765625 520
9110.5244140625 962
9122.951171875 981
9136.06640625 1156
9158.7216796875 1652
9182.416015625 2205
9192.65625 2339
9195.015625 2417
9210.7646484375 2494
9226.220703125 2687
9258.7529296875 1122
9316.708984375 1670
9372.76171875 264
9376.865234375 2173
9494.47265625 1281
9511.68359375 455
9530.8681640625 470
9554.0 902
9563.5380859375 926
9573.400390625 967
9629.3046875 1104
9631.0029296875 1225
9665.6484375 1286
9684.986328125 1506
9692.4697265625 1516
9724.119140625 1599
9745.103515625 1779
9762.3349609375 1848
9780.7568359375 1867
9796.4609375 1883
9802.484375 2063
9804.6142578125 2210
9815.716796875 2246
9817.6591796875 2285
9836.953125 2361
9857.9716796875 2686
9864.1201171875 2700
9868.0751953125 88
9878.2236328125 586
9887.671875 136
9971.8623046875 1471
9974.921875 226
9976.341796875 296
9982.5771484375 1197
9995.029296875 1666
10031.02734375 2511
10060.1123046875 101
10099.4453125 215
10103.56640625 549
10103.56640625 550
10104.99609375 573
10139.7412109375 1136
10161.72265625 1199
10168.1201171875 1530
10171.681640625 1581
10179.9521484375 1640
10200.080078125 1688
10202.228515625 1968
10207.7314453125 2526
10208.4775390625 2571
10239.37890625 2983
10240.078125 1787
10281.4140625 602
10282.724609375 1146
10287.875 253
10298.2177734375 342
10305.212890625 843
10314.4140625 1233
10333.8466796875 1335
10340.376953125 1394
10345.0361328125 1737
10367.103515625 1784
10395.634765625 1950
10422.2568359375 2025
10440.69921875 2473
10447.4013671875 2518
10450.04296875 999
10451.4765625 1056
10467.107421875 1900
10500.5380859375 1304
10530.5146484375 1326
10552.1494140625 2967
10580.953125 1329
10595.5859375 50
10615.6337890625 318
10625.435546875 389
10626.462890625 478
10637.2890625 491
10648.064453125 580
10653.212890625 599
10674.4462890625 890
10679.9033203125 896
10689.5986328125 909
10714.2919921875 919
10727.943359375 995
10728.6640625 1273
10736.7763671875 1342
10738.90625 1430
10742.23046875 1495
10745.099609375 1568
10770.7470703125 1583
10773.1806640625 1764
10849.19140625 1774
10849.599609375 2065
10875.65234375 2117
10907.7626953125 2181
10923.7001953125 2268
10938.673828125 2465
10940.7255859375 2664
10952.40234375 2760
10981.53125 2764
10996.48046875 2938
10998.6220703125 2943
10998.6220703125 1860
11000.130859375 2880
11000.9609375 1333
11001.8291015625 2631
11021.623046875 146
11050.58203125 1538
11065.12109375 21
11065.2373046875 34
11084.3388671875 200
11095.8134765625 288
11102.677734375 336
11116.189453125 385
11116.291015625 517
11120.25390625 546
11122.5234375 609
11124.7421875 614
11127.72265625 683
11134.7353515625 686
11137.828125 769
11151.3828125 1097
11170.810546875 1221
11179.0830078125 1322
11202.9521484375 1359
11207.099609375 1376
11212.3525390625 1686
11216.8076171875 1854
11219.2666015625 2513
11249.5673828125 2553
11260.36328125 2650
11261.1357421875 2672
11266.37109375 2911
11280.955078125 78
11286.279296875 2713
11288.416015625 2800
11293.23046875 2651
11300.42578125 2970
11315.529296875 1045
11320.1083984375 1068
11322.4560546875 2078
11331.4287109375 884
11336.0859375 886
11347.9609375 1028
11351.625 1845
11352.92578125 1932
11377.3603515625 2489
11380.4716796875 90
11384.5322265625 153
11384.5322265625 240
11391.2529296875 256
11413.4609375 531
11419.4423828125 644
11427.287109375 706
11436.333984375 775
11446.427734375 1163
11454.0234375 1483
11469.9501953125 2114
11478.4609375 2379
11488.44140625 2424
11496.1611328125 2433
11520.49609375 2435
11544.8935546875 2442
11559.84375 2683
11562.197265625 2811
11569.0361328125 2176
11581.35546875 169
11603.3779296875 2207
11637.7802734375 1144
11645.6005859375 2180
11649.951171875 73
11653.927734375 663
11659.3583984375 677
11679.91796875 756
11692.2900390625 925
11694.0439453125 927
11699.1865234375 946
11716.14453125 996
11745.5791015625 1141
11751.24609375 1202
11756.18359375 1251
11777.4716796875 1457
11788.64453125 1502
11801.57421875 1591
11804.5302734375 1733
11824.8935546875 1735
11826.3818359375 1919
11834.01171875 1933
11838.1923828125 1955
11856.3291015625 2002
11857.3798828125 2335
11861.6875 2341
11883.537109375 2565
11896.1435546875 2695
11897.396484375 2763
11915.9619140625 2840
11916.103515625 2422
11934.107421875 1020
11939.89453125 640
11942.5341796875 59
11960.7041015625 177
11987.416015625 191
11991.4482421875 575
12005.1826171875 687
12007.943359375 934
12016.75 1119
12028.1318359375 1529
12073.208984375 1697
12073.208984375 1810
12076.64453125 1831
12078.267578125 2354
12079.720703125 2528
12083.3837890625 2679
12095.2431640625 2712
12108.7412109375 2747
12115.7529296875 2809
12116.4638671875 2821
12143.2607421875 2842
12144.1376953125 2860
12165.75390625 2906
12169.32421875 2994
12179.79296875 186
12197.5830078125 223
12207.8681640625 1594
12229.9130859375 410
12238.0810546875 631
12307.7080078125 132
12334.0078125 2576
12394.197265625 1282
12399.59765625 488
12403.876953125 869
12404.732421875 2059
12429.9951171875 787
12451.55078125 904
12472.1328125 137
12477.6806640625 275
12493.0703125 328
12497.4814453125 333
12504.4189453125 392
12505.134765625 407
12522.537109375 489
12527.419921875 680
12529.21875 1022
12533.7685546875 1290
12571.3203125 1358
12608.4814453125 1607
12618.876953125 1653
12644.568359375 2024
12651.359375 2184
12682.6318359375 2221
12742.3798828125 2394
12754.958984375 2427
12754.9677734375 2517
12756.0390625 2655
12767.6298828125 2704
12788.8427734375 2900
12800.8505859375 2946
12802.48046875 459
12837.375 1408
12871.4580078125 1339
12918.1826171875 22
12932.6455078125 45
12937.8330078125 300
12951.306640625 812
12951.9755859375 922
12973.173828125 947
12974.1943359375 975
12975.8720703125 1001
13031.1435546875 1095
13051.189453125 1275
13117.7109375 1664
13158.1103515625 1708
13160.177734375 1763
13164.08203125 1766
13170.2607421875 1889
13193.7255859375 2077
13206.1796875 2082
13214.4775390625 2131
13216.9873046875 2315
13242.33984375 2317
13245.4453125 2409
13246.359375 2608
13261.9169921875 2616
13272.921875 2649
13278.1572265625 2819
13284.2978515625 2862
13323.6142578125 1164
13375.4892578125 2213
13380.416015625 1050
13386.224609375 979
13389.17578125 1562
13389.533203125 1597
13429.2021484375 2334
13434.33203125 587
13436.7763671875 630
13436.8271484375 777
13436.8271484375 1012
13472.4287109375 1064
13476.8779296875 1082
13477.9658203125 1462
13489.6015625 1501
13494.341796875 1654
13521.0986328125 1800
13521.7265625 2656
13541.51953125 2884
13562.234375 1416
13580.5546875 1575
13582.826171875 2889
13583.7685546875 445
13585.8037109375 30
13599.84765625 2484
13601.7451171875 38
13604.158203125 40
13605.912109375 76
13631.8818359375 77
13637.1103515625 108
13645.583984375 164
13660.998046875 211
13661.0302734375 225
13695.904296875 376
13702.46484375 437
13703.0556640625 510
13765.966796875 646
13774.138671875 671
13777.9462890625 738
13788.662109375 770
13791.642578125 1434
13796.984375 1610
13806.3681640625 1662
13812.8701171875 1709
13858.5302734375 1998
13865.9677734375 2166
13883.388671875 2220
13918.685546875 2238
13947.7099609375 2255
13954.7255859375 2345
13956.2548828125 2510
13978.240234375 2581
13999.01953125 2607
14039.16796875 2807
14051.8330078125 1015
14105.7744140625 1984
14116.8427734375 1258
14137.9208984375 2555
14144.4931640625 1147
14148.0693359375 865
14153.9794921875 939
14163.6337890625 1497
14174.685546875 2630
14191.56640625 2752
14192.3310546875 457
14195.6337890625 309
14213.1337890625 316
14220.4267578125 483
14240.732421875 484
14250.767578125 633
14254.2255859375 1026
14282.248046875 1036
14283.5185546875 1176
14286.69140625 1423
14288.390625 1485
14295.02734375 1590
14307.1474609375 1702
14308.345703125 1759
14313.62109375 1818
14330.22265625 1958
14336.830078125 1963
14338.650390625 1977
14408.8203125 2053
14410.35546875 2056
14436.455078125 2125
14436.5712890625 2304
14452.1669921875 2356
14452.7890625 2477
14487.234375 2533
14489.142578125 2732
14492.80078125 2948
14505.3515625 1601
14516.3916015625 2256
14523.642578125 2104
14526.38671875 284
14549.6201171875 182
14558.8212890625 916
14561.8642578125 1667
14583.0361328125 1852
14589.392578125 727
14589.4580078125 2036
14589.5693359375 2772
14593.5576171875 130
14610.068359375 219
14674.6142578125 394
14680.8740234375 405
14682.828125 634
14686.041015625 856
14691.2548828125 983
14711.451171875 1117
14737.4326171875 1386
14777.7158203125 1791
14806.8671875 1991
14827.25 2060
14835.7666015625 2215
14836.146484375 2314
14845.0439453125 2440
14851.7421875 2467
14871.2314453125 2618
14893.076171875 2648
14904.61328125 2694
14946.310546875 1772
14946.765625 818
14960.703125 2907
14963.9892578125 660
14974.841796875 1168
14982.2431640625 1145
14997.71484375 1476
14997.71484375 1618
14997.71484375 655
15014.2109375 1592
15015.1650390625 2120
15023.5498046875 2557
15038.4462890625 112
15038.6943359375 350
15049.40625 356
15074.0166015625 448
15095.0634765625 1500
15151.4150390625 1526
15158.14453125 1587
15159.96875 1881
15167.017578125 1943
15180.3720703125 1962
15186.50390625 1995
15189.18359375 2075
15209.921875 2118
15212.8759765625 2309
15232.3662109375 2418
15267.7177734375 2516
15282.078125 2588
15291.11328125 2605
15298.837890625 2623
15333.9716796875 2937
15338.529296875 1005
15339.833984375 110
15344.2763671875 2360
15391.4912109375 121
15398.603515625 1046
15411.26171875 298
15418.396484375 372
15420.2275390625 492
15425.84765625 752
15447.0322265625 838
15464.5185546875 903
15469.4716796875 1034
15489.673828125 1128
15502.494140625 1187
15518.189453125 1437
15533.6396484375 1488
15549.51953125 1534
15592.4990234375 1657
15608.56640625 1678
15608.59375 1824
15626.61328125 1826
15629.0673828125 1941
15650.171875 1997
15672.21875 2318
15693.2822265625 2327
15739.71875 2362
15754.0771484375 2404
15774.39453125 2453
15781.228515625 2458
15788.2470703125 2496
15840.9130859375 2696
15842.67578125 2722
15861.1640625 2796
15867.8798828125 2584
15871.791015625 2872
15882.1689453125 2589
15885.541015625 2135
15886.810546875 1802
15894.4208984375 1853
15905.041015625 1892
15942.7685546875 1580
16012.591796875 25
16020.681640625 72
16053.38671875 343
16071.974609375 710
16075.283203125 755
16089.818359375 885
16098.7119140625 1683
16105.7802734375 1776
16110.6181640625 1972
16111.6494140625 2047
16172.84765625 2138
16173.38671875 2185
16191.568359375 2344
16202.7880859375 2545
16208.2978515625 2573
16217.0615234375 2855
16218.4775390625 2159
16229.537109375 1067
16238.4404296875 371
16295.8203125 243
16299.837890625 1301
16322.3701171875 311
16328.337890625 426
16348.140625 648
16361.1455078125 720
16416.509765625 792
16427.671875 940
16432.291015625 1006
16445.884765625 1032
16505.55859375 1160
16528.205078125 1189
16533.81640625 2183
16538.6171875 2190
16553.025390625 2301
16561.2109375 1459
16611.07421875 1649
16611.48828125 353
16615.2578125 2706
16655.2421875 1511
16657.78125 1778
16665.60546875 329
16681.36328125 731
16683.923828125 1400
16702.328125 2070
16750.109375 1480
16770.748046875 1714
16785.669921875 249
16821.01171875 94
16835.0078125 2823
16854.50390625 471
16863.87890625 473
16895.939453125 747
16958.181640625 915
16959.544921875 921
17005.359375 993
17036.796875 1072
17055.994140625 1415
17066.724609375 1541
17082.294921875 1746
17129.35546875 1949
17179.3828125 2079
17194.5 2219
17201.640625 2258
17222.83203125 2413
17224.998046875 2628
17231.357421875 2828
17240.3203125 2903
17244.123046875 2996
17287.642578125 204
17292.255859375 1247
17315.830078125 1410
17318.283203125 1888
17331.796875 1214
17342.466796875 1658
17372.34375 2587
17383.8828125 380
17405.42578125 688
17423.759765625 1761
17444.6015625 66
17445.23828125 127
17461.205078125 179
17476.45703125 855
17530.01171875 1198
17530.78515625 1250
17574.314453125 1507
17620.82421875 1558
17628.7109375 2007
17651.49609375 2092
17658.740234375 2231
17680.099609375 2384
17697.236328125 2457
17731.787109375 2544
17739.771484375 2717
17775.142578125 2774
17775.39453125 2794
17785.064453125 2909
17805.359375 972
17822.78125 1138
17833.01953125 1442
17840.05078125 1137
17868.51953125 102
17882.96875 667
17888.064453125 1935
17903.697265625 2352
17935.580078125 2887
17984.1796875 427
17984.91796875 1533
17988.478515625 170
17992.177734375 262
18066.240234375 306
18078.10546875 596
18078.46875 805
18091.451171875 849
18097.009765625 850
18115.203125 965
18120.84375 976
18129.962890625 1058
18156.703125 1403
18179.4140625 1645
18199.015625 1999
18275.9140625 2292
18405.8984375 2392
18420.451171875 2403
18497.259765625 2497
18536.033203125 2524
18538.21484375 2601
18559.2421875 2652
18559.80078125 2657
18604.408203125 2761
18609.90234375 2839
18613.6015625 2939
18656.654296875 2984
18672.734375 1027
18734.3046875 622
18746.6875 417
18755.955078125 450
18763.82421875 690
18803.05078125 969
18805.08203125 982
18820.087890625 1040
18834.029296875 1078
18845.37109375 1083
18879.00390625 1382
18881.58203125 1391
18936.306640625 1486
18956.568359375 1503
18970.02734375 1547
18971.302734375 1561
19051.615234375 1965
19068.091796875 2026
19094.4609375 2066
19112.24609375 2182
19113.556640625 2245
19140.80859375 2460
19152.306640625 2466
19154.068359375 2540
19155.056640625 2593
19156.92578125 2632
19229.24609375 2753
19232.14453125 2759
19242.794921875 2793
19256.375 2925
19263.681640625 2152
19323.40234375 762
19331.0859375 2757
19344.087890625 37
19366.935546875 1624
19367.23828125 1271
19379.86328125 2370
19398.529296875 2895
19409.9375 2411
19530.966796875 67
19559.2265625 150
19564.158203125 171
19567.470703125 195
19572.48828125 363
19591.271484375 522
19592.42578125 657
19594.2734375 701
19607.060546875 760
19638.353515625 811
19647.490234375 874
19692.388671875 875
19740.990234375 1002
19747.123046875 1007
19783.626953125 1023
19810.36328125 1356
19833.99609375 1378
19916.1171875 1489
19959.349609375 1629
19965.435546875 2721
19984.01953125 2032
20023.6328125 2259
20045.828125 771
20085.58984375 1543
20131.017578125 2241
20179.59765625 1964
20206.734375 1625
20240.37890625 2693
20296.572265625 222
20319.841796875 258
20340.6171875 281
20346.12890625 506
20434.431640625 582
20444.140625 724
20456.5078125 879
20677.421875 1003
20728.267578125 1171
20772.005859375 1182
20833.34765625 1588
20847.701171875 1685
20850.0859375 1758
20850.939453125 2300
20878.908203125 2310
20910.6796875 2705
21016.740234375 2845
21017.083984375 2916
21046.6796875 1811
21056.580078125 2701
21113.4140625 421
21124.76171875 1440
21128.685546875 2337
21186.171875 2531
21192.654296875 18
21199.70703125 29
21209.748046875 31
21236.775390625 104
21240.888671875 274
21376.416015625 321
21554.05078125 370
21576.046875 375
21577.427734375 562
21723.373046875 914
21763.640625 944
21788.685546875 1672
21826.060546875 1684
21833.98828125 1825
21869.076171875 1846
21875.541015625 1960
21875.541015625 1976
21969.935546875 2006
22027.396484375 2319
22039.607421875 2405
22138.77734375 2550
22270.908203125 2606
22302.935546875 2768
22649.359375 1081
22698.4609375 1780
22727.517578125 16
22819.3671875 28
22826.646484375 125
22847.888671875 212
22975.916015625 265
23019.109375 295
23141.66015625 360
23249.365234375 364
23325.06640625 937
23737.353515625 1077
23746.076171875 1101
23760.4140625 1241
23920.529296875 1243
23933.455078125 1307
24042.078125 1343
24299.619140625 1404
24518.1640625 1418
24916.349609375 1585
25478.025390625 1719
25604.755859375 1822
26076.12890625 2009
26887.23046875 2164
27641.625 2214
27778.578125 2250
28255.841796875 2263
29175.810546875 2342
29233.796875 2359
29545.533203125 2547
