3390.589599609375 160
3529.163818359375 1
3570.79296875 425
3582.64794921875 446
3609.90576171875 800
3638.068359375 918
3755.85546875 953
3761.1513671875 985
3851.25244140625 986
3926.529296875 1008
4140.873046875 1043
4182.57373046875 1270
4197.0048828125 1317
4225.2763671875 1435
4235.8173828125 1548
4330.77099609375 1606
4332.2099609375 1661
4497.28515625 1712
4544.2958984375 2010
4653.01513671875 2088
4718.30517578125 2365
4726.1884765625 2410
4743.1767578125 2414
4757.4716796875 2482
4778.27880859375 2560
4863.41015625 2781
4872.32177734375 2820
4890.1279296875 997
4891.75537109375 1446
5017.8212890625 87
5163.6787109375 251
5208.6015625 527
5242.89013671875 529
5263.6640625 625
5269.39453125 641
5336.51513671875 693
5360.84814453125 873
5386.8818359375 881
5386.8818359375 928
5390.09375 1133
5404.68115234375 1283
5462.662109375 1318
5506.0166015625 1346
5593.046875 1417
5698.62939453125 1720
5750.6171875 1987
5771.51513671875 2226
5798.6279296875 2296
5827.42431640625 2515
5852.8427734375 2572
5868.1923828125 2669
5868.99462890625 2728
5892.87939453125 2734
5896.0390625 2746
5926.32275390625 2852
5949.22412109375 2866
5958.9443359375 2915
5990.9541015625 2949
6016.2138671875 377
6134.3232421875 2281
6206.607421875 1781
6228.38232421875 81
6234.9775390625 229
6249.4619140625 440
6261.453125 548
6284.0810546875 611
6303.115234375 826
6319.57275390625 834
6352.37744140625 848
6438.43359375 871
6514.51220703125 893
6522.8974609375 1231
6566.82177734375 1256
6586.6748046875 1315
6601.2470703125 1458
6623.68115234375 1550
6678.3125 1671
6683.6787109375 1711
6683.6787109375 1815
6724.2431640625 1893
6755.04931640625 2312
6874.0859375 2324
6980.6806640625 2385
7023.68994140625 2447
7042.181640625 2562
7079.3837890625 2610
7096.6123046875 2622
7146.17919921875 2853
7160.0390625 2924
7198.57373046875 2927
7204.15625 2239
7238.68505859375 1362
7291.31591796875 1926
7297.92431640625 2997
7338.7861328125 254
7343.71435546875 388
7351.68359375 465
7386.689453125 498
7407.75537109375 520
7552.26611328125 962
7569.8486328125 981
7667.73974609375 1156
7669.201171875 1652
7698.4033203125 2205
7715.625 2339
7742.7060546875 2417
7811.4091796875 2494
7831.96728515625 2687
7881.8818359375 1122
7884.22119140625 1670
7890.5771484375 264
7918.345703125 2173
7995.07421875 1646
8000.81298828125 2396
8024.03271484375 49
8052.1279296875 189
8055.84033203125 261
8056.4033203125 263
8064.642578125 430
8107.60888671875 831
8122.07470703125 899
8159.61572265625 1123
8184.33203125 1169
8202.69140625 1350
8209.8310546875 1405
8222.6328125 1512
8246.166015625 1750
8284.9697265625 1769
8297.31640625 1908
8302.361328125 1966
8303.8388671875 1982
8306.109375 1993
8316.2021484375 2094
8323.5869140625 2126
8323.818359375 2141
8333.1767578125 2171
8360.81640625 2174
8361.271484375 2177
8361.6689453125 2237
8377.7294921875 2367
8427.283203125 2536
8498.96484375 2542
8512.1337890625 2582
8547.5869140625 2675
8556.6845703125 2703
8565.29296875 1873
8580.15234375 2107
8617.431640625 1281
8625.2841796875 455
8632.1201171875 470
8658.275390625 902
8679.9189453125 926
8686.580078125 967
8703.87890625 1104
8716.453125 1225
8751.080078125 1286
8760.427734375 1506
8767.935546875 1516
8782.2744140625 1599
8784.7890625 1779
8813.931640625 1848
8829.5771484375 1867
8842.564453125 1883
8861.423828125 2063
8863.6640625 2210
8872.912109375 2246
8883.6484375 2285
8891.451171875 2361
8893.470703125 2686
8897.0361328125 2700
8900.6396484375 88
8935.2783203125 586
8936.81640625 136
8940.5625 1471
8945.224609375 226
8985.7646484375 296
8994.6669921875 1197
8998.279296875 1666
9011.2470703125 2511
9021.7158203125 101
9092.162109375 215
9102.60546875 549
9110.7265625 550
9128.0458984375 573
9138.078125 1136
9192.861328125 1199
9198.892578125 1530
9211.21484375 1581
9211.296875 1640
9215.71875 1688
9224.5029296875 1968
9249.6171875 2526
9252.34765625 2571
9296.6181640625 2983
9305.6357421875 1787
9334.1171875 602
9338.39453125 1146
9347.240234375 253
9348.5595703125 342
9348.828125 843
9395.2587890625 1233
9404.2265625 1335
9408.24609375 1394
9419.88671875 1737
9437.494140625 1784
9475.921875 1950
9490.5625 2025
9495.51171875 2473
9513.88671875 2518
9533.8271484375 999
9546.5986328125 1056
9560.71484375 1900
9578.4306640625 1304
9603.2890625 1326
9627.27734375 2967
9654.1474609375 1329
9655.4921875 50
9655.74609375 318
9662.1865234375 389
9662.53125 478
9696.845703125 491
9701.3857421875 580
9702.466796875 599
9703.5966796875 890
9716.76953125 896
9756.3916015625 909
9802.0400390625 919
9806.2392578125 995
9819.3583984375 1273
9821.5400390625 1342
9855.869140625 1430
9860.9208984375 1495
9871.6396484375 1568
9915.2412109375 1583
9918.208984375 1764
9936.416015625 1774
9941.6669921875 2065
9960.2421875 2117
9964.517578125 2181
9968.0615234375 2268
9971.515625 2465
9975.326171875 2664
9985.958984375 2760
9989.8955078125 2764
9990.1806640625 2938
10045.0283203125 2943
10054.615234375 1860
10073.78125 2880
10077.3251953125 1333
10082.416015625 2631
10087.482421875 146
10132.826171875 1538
10137.236328125 21
10138.5068359375 34
10176.1337890625 200
10186.34765625 288
10189.564453125 336
10216.171875 385
10250.642578125 517
10281.6865234375 546
10295.5947265625 609
10301.068359375 614
10314.431640625 683
10323.63671875 686
10331.177734375 769
10364.2900390625 1097
10406.078125 1221
10419.48828125 1322
10421.69140625 1359
10444.8173828125 1376
10450.4638671875 1686
10456.4912109375 1854
10470.2216796875 2513
10475.5107421875 2553
10477.1181640625 2650
10484.185546875 2672
10488.484375 2911
10507.8994140625 78
10514.125 2713
10561.87890625 2800
10578.337890625 2651
10587.87109375 2970
10590.5048828125 1045
10590.986328125 1068
10619.6904296875 2078
10661.33984375 884
10704.64453125 886
10710.625 1028
10714.103515625 1845
10715.7236328125 1932
10717.36328125 2489
10744.740234375 90
10755.736328125 153
10764.427734375 240
10809.7626953125 256
10812.4033203125 531
10812.544921875 644
10820.0654296875 706
10857.9619140625 775
10878.7861328125 1163
10880.095703125 1483
10900.767578125 2114
10911.3974609375 2379
10926.3984375 2424
10926.3984375 2433
10938.087890625 2435
10945.4306640625 2442
10946.4638671875 2683
10955.068359375 2811
10962.88671875 2176
10966.0458984375 169
10974.3837890625 2207
10978.396484375 1144
11013.83203125 2180
11028.833984375 73
11041.490234375 663
11043.5341796875 677
11065.3388671875 756
11068.396484375 925
11074.681640625 927
11080.048828125 946
11083.935546875 996
11087.302734375 1141
11109.990234375 1202
11113.70703125 1251
11119.771484375 1457
11130.9013671875 1502
11142.3046875 1591
11159.5078125 1733
11160.751953125 1735
11163.9541015625 1919
11164.4423828125 1933
11165.8193359375 1955
11178.22265625 2002
11180.96484375 2335
11208.5419921875 2341
11232.6845703125 2565
11236.6064453125 2695
11236.8466796875 2763
11242.2666015625 2840
11258.0693359375 2422
11265.1005859375 1020
11266.61328125 640
11277.6328125 59
11297.21875 177
11323.9267578125 191
11355.958984375 575
11375.7109375 687
11385.6396484375 934
11394.2470703125 1119
11399.9052734375 1529
11410.5654296875 1697
11411.9560546875 1810
11461.0537109375 1831
11466.1015625 2354
11479.4033203125 2528
11482.236328125 2679
11492.556640625 2712
11511.6279296875 2747
11534.54296875 2809
11544.1865234375 2821
11545.744140625 2842
11550.9306640625 2860
11571.5751953125 2906
11588.0048828125 2994
11608.09375 186
11620.18359375 223
11637.3974609375 1594
11723.0537109375 410
11727.3232421875 631
11742.0087890625 132
11742.3701171875 2576
11761.5078125 1282
11771.1005859375 488
11774.6845703125 869
11779.5146484375 2059
11779.814453125 787
11788.259765625 904
11795.935546875 137
11799.6943359375 275
11815.8427734375 328
11830.3515625 333
11839.8955078125 392
11862.7119140625 407
11884.6904296875 489
11916.32421875 680
11928.03515625 1022
11933.2314453125 1290
11946.6357421875 1358
11949.0068359375 1607
11951.5 1653
11976.6904296875 2024
11976.9130859375 2184
11989.359375 2221
11991.2919921875 2394
12001.3212890625 2427
12005.267578125 2517
12009.802734375 2655
12011.361328125 2704
12015.5712890625 2900
12030.533203125 2946
12044.974609375 459
12053.6640625 1408
12066.0615234375 1339
12067.5751953125 22
12072.3359375 45
12075.119140625 300
12076.123046875 812
12080.44921875 922
12089.01953125 947
12096.5263671875 975
12114.037109375 1001
12120.8974609375 1095
12122.462890625 1275
12125.25390625 1664
12137.65234375 1708
12138.001953125 1763
12162.8505859375 1766
12172.568359375 1889
12197.791015625 2077
12201.5791015625 2082
12213.6875 2131
12236.5380859375 2315
12250.1796875 2317
12253.01953125 2409
12253.37109375 2608
12260.49609375 2616
12270.197265625 2649
12281.4794921875 2819
12283.6025390625 2862
12289.80078125 1164
12306.76953125 2213
12307.6298828125 1050
12311.4296875 979
12314.5732421875 1562
12327.1884765625 1597
12329.8076171875 2334
12377.8515625 587
12392.05859375 630
12398.36328125 777
12403.166015625 1012
12410.7822265625 1064
12415.79296875 1082
12416.908203125 1462
12430.1376953125 1501
12433.8603515625 1654
12452.5380859375 1800
12456.478515625 2656
12488.7626953125 2884
12489.59375 1416
12489.716796875 1575
12495.2685546875 2889
12503.466796875 445
12537.765625 30
12550.2734375 2484
12565.33984375 38
12567.8701171875 40
12595.6748046875 76
12607.0341796875 77
12629.53515625 108
12635.0107421875 164
12636.3505859375 211
12645.2646484375 225
12650.0029296875 376
12726.5771484375 437
12731.1748046875 510
12746.599609375 646
12756.380859375 671
12758.80859375 738
12777.029296875 770
12779.5341796875 1434
12792.7451171875 1610
12845.919921875 1662
12852.0341796875 1709
12866.611328125 1998
12900.9462890625 2166
12905.759765625 2220
12952.984375 2238
12964.5458984375 2255
12977.16015625 2345
12990.0478515625 2510
13054.193359375 2581
13054.3818359375 2607
13067.4599609375 2807
13076.6591796875 1015
13078.5263671875 1984
13089.3359375 1258
13092.826171875 2555
13113.4560546875 1147
13117.3857421875 865
13120.5078125 939
13147.2470703125 1497
13159.755859375 2630
13215.5595703125 2752
13218.638671875 457
13219.888671875 309
13219.9833984375 316
13234.37890625 483
13238.3154296875 484
13242.841796875 633
13248.837890625 1026
13274.572265625 1036
13280.2841796875 1176
13287.478515625 1423
13290.3251953125 1485
13293.94140625 1590
13314.66015625 1702
13346.5693359375 1759
13356.390625 1818
13370.38671875 1958
13376.185546875 1963
13388.185546875 1977
13390.31640625 2053
13401.794921875 2056
13413.712890625 2125
13414.0615234375 2304
13424.8125 2356
13437.46484375 2477
13443.392578125 2533
13447.22265625 2732
13458.1416015625 2948
13486.861328125 1601
13531.3076171875 2256
13554.017578125 2104
13556.2890625 284
13563.5224609375 182
13571.0849609375 916
13584.185546875 1667
13618.283203125 1852
13630.744140625 727
13634.529296875 2036
13640.0390625 2772
13657.296875 130
13661.2744140625 219
13673.63671875 394
13683.513671875 405
13692.3896484375 634
13718.03125 856
13719.310546875 983
13744.064453125 1117
13774.26171875 1386
13791.6328125 1791
13849.583984375 1991
13850.240234375 2060
13859.1875 2215
13883.419921875 2314
13894.591796875 2440
13900.134765625 2467
13921.76953125 2618
13937.3994140625 2648
13947.4189453125 2694
13947.685546875 1772
13959.333984375 818
13962.0830078125 2907
13972.4140625 660
13995.4296875 1168
13997.6572265625 1145
14032.5380859375 1476
14047.923828125 1618
14051.533203125 655
14051.8857421875 1592
14068.810546875 2120
14073.80078125 2557
14079.2685546875 112
14100.548828125 350
14107.0966796875 356
14124.0498046875 448
14138.904296875 1500
14140.685546875 1526
14144.1728515625 1587
14176.494140625 1881
14180.92578125 1943
14209.6953125 1962
14210.6240234375 1995
14221.8154296875 2075
14231.46875 2118
14235.234375 2309
14249.26953125 2418
14253.9453125 2516
14258.6513671875 2588
14262.4296875 2605
14275.0546875 2623
14276.7060546875 2937
14280.6806640625 1005
14282.4560546875 110
14310.958984375 2360
14324.466796875 121
14324.8408203125 1046
14328.4267578125 298
14329.2900390625 372
14331.8154296875 492
14332.044921875 752
14340.2958984375 838
14343.9990234375 903
14355.4775390625 1034
14360.0400390625 1128
14365.453125 1187
14369.623046875 1437
14392.36328125 1488
14407.6796875 1534
14409.546875 1657
14418.7568359375 1678
14434.0927734375 1824
14434.494140625 1826
14444.3720703125 1941
14450.9580078125 1997
14451.4013671875 2318
14452.5771484375 2327
14474.12890625 2362
14495.041015625 2404
14522.578125 2453
14529.875 2458
14532.482421875 2496
14536.751953125 2696
14542.0078125 2722
14542.7177734375 2796
14551.6728515625 2584
14555.05078125 2872
14560.76953125 2589
14603.9892578125 2135
14615.4921875 1802
14624.7763671875 1853
14625.5302734375 1892
14627.71875 1580
14634.7958984375 25
14638.34375 72
14675.203125 343
14681.408203125 710
14713.22265625 755
14713.357421875 885
14720.2333984375 1683
14723.537109375 1776
14754.4306640625 1972
14782.7021484375 2047
14795.6103515625 2138
14795.6103515625 2185
14808.1298828125 2344
14812.0634765625 2545
14819.05078125 2573
14848.736328125 2855
14881.185546875 2159
14921.0888671875 1067
14940.4013671875 371
14956.900390625 243
14978.2119140625 1301
15014.130859375 311
15049.8857421875 426
15096.7353515625 648
15127.19140625 720
15165.361328125 792
15174.2353515625 940
15202.421875 1006
15269.5986328125 1032
15288.453125 1160
15300.7099609375 1189
15346.87109375 2183
15347.185546875 2190
15358.2578125 2301
15368.146484375 1459
15401.30859375 1649
15412.9208984375 353
15424.8759765625 2706
15449.365234375 1511
15453.1103515625 1778
15495.86328125 329
15508.8466796875 731
15512.23046875 1400
15516.865234375 2070
15570.513671875 1480
15572.5146484375 1714
15576.6337890625 249
15577.8134765625 94
15610.46484375 2823
15611.17578125 471
15617.322265625 473
15621.45703125 747
15634.310546875 915
15643.107421875 921
15643.1533203125 993
15643.73828125 1072
15658.1005859375 1415
15697.3759765625 1541
15698.953125 1746
15718.576171875 1949
15729.642578125 2079
15742.8056640625 2219
15799.943359375 2258
15803.3759765625 2413
15811.8173828125 2628
15813.8359375 2828
15835.1298828125 2903
15864.3447265625 2996
15868.5966796875 204
15918.380859375 1247
15928.263671875 1410
15966.8544921875 1888
15984.0986328125 1214
15998.1650390625 1658
16019.1455078125 2587
16021.166015625 380
16026.4296875 688
16040.30078125 1761
16059.9697265625 66
16061.7080078125 127
16062.8447265625 179
16083.9619140625 855
16113.869140625 1198
16115.7841796875 1250
16119.3095703125 1507
16120.88671875 1558
16122.0673828125 2007
16124.7939453125 2092
16145.1923828125 2231
16164.990234375 2384
16194.16796875 2457
16219.8310546875 2544
16219.8310546875 2717
16242.2744140625 2774
16258.2578125 2794
16308.7783203125 2909
16313.0146484375 972
16315.259765625 1138
16330.1416015625 1442
16344.19921875 1137
16370.2177734375 102
16381.365234375 667
16391.7734375 1935
16397.625 2352
16403.931640625 2887
16409.18359375 427
16457.939453125 1533
16481.6875 170
16496.890625 262
16526.857421875 306
16547.80078125 596
16606.76171875 805
16624.16796875 849
16638.765625 850
16660.64453125 965
16669.015625 976
16737.751953125 1058
16739.560546875 1403
16748.380859375 1645
16760.67578125 1999
16761.310546875 2292
16762.533203125 2392
16779.0 2403
16814.60546875 2497
16837.404296875 2524
16883.673828125 2601
16992.025390625 2652
16998.318359375 2657
16998.3984375 2761
17015.310546875 2839
17033.140625 2939
17085.931640625 2984
17133.076171875 1027
17136.361328125 622
17201.853515625 417
17249.23828125 450
17271.4921875 690
17276.39453125 969
17297.236328125 982
17387.89453125 1040
17402.85546875 1078
17413.748046875 1083
17448.44921875 1382
17452.365234375 1391
17481.498046875 1486
17482.46484375 1503
17488.828125 1547
17495.375 1561
17525.5 1965
17553.53125 2026
17591.2421875 2066
17632.271484375 2182
17643.021484375 2245
17693.560546875 2460
17766.322265625 2466
17777.056640625 2540
17839.40234375 2593
17863.421875 2632
17863.822265625 2753
17938.921875 2759
17947.259765625 2793
17958.302734375 2925
17979.408203125 2152
18015.265625 762
18067.525390625 2757
18113.52734375 37
18147.302734375 1624
18148.615234375 1271
18154.291015625 2370
18186.29296875 2895
18246.44921875 2411
18266.076171875 67
18327.623046875 150
18383.95703125 171
18395.525390625 195
18401.220703125 363
18476.865234375 522
18484.3203125 657
18552.318359375 701
18553.22265625 760
18663.52734375 811
18670.0859375 874
18702.990234375 875
18706.138671875 1002
18710.3671875 1007
18761.16796875 1023
18766.421875 1356
18855.931640625 1378
18862.916015625 1489
18943.7109375 1629
18958.75 2721
19076.98828125 2032
19117.646484375 2259
19122.3828125 771
19139.427734375 1543
19159.21875 2241
19166.40625 1964
19166.40625 1625
19227.48828125 2693
19309.28515625 222
19360.783203125 258
19437.455078125 281
19516.92578125 506
19537.27734375 582
19537.41015625 724
19551.7109375 879
19567.140625 1003
19569.4609375 1171
19645.97265625 1182
19703.697265625 1588
19771.400390625 1685
19926.701171875 1758
19928.720703125 2300
19955.439453125 2310
20034.798828125 2705
20176.65625 2845
20212.115234375 2916
20258.53125 1811
20262.185546875 2701
20268.916015625 421
20298.94140625 1440
20380.23046875 2337
20413.54296875 2531
20427.345703125 18
20447.62109375 29
20554.830078125 31
20670.974609375 104
20691.01171875 274
20904.134765625 321
20973.439453125 370
21146.34765625 375
21201.6328125 562
21225.6015625 914
21304.359375 944
21321.63671875 1672
21394.4921875 1684
21432.8125 1825
21440.46484375 1846
21458.880859375 1960
21495.826171875 1976
21589.56640625 2006
21682.36328125 2319
21724.2421875 2405
21782.423828125 2550
21893.810546875 2606
21926.107421875 2768
21966.017578125 1081
21976.75390625 1780
22267.5703125 16
22398.681640625 28
22487.587890625 125
22758.2578125 212
22801.263671875 265
23028.130859375 295
23109.232421875 360
23419.998046875 364
23487.28125 937
24106.4296875 1077
24154.443359375 1101
24363.71484375 1241
24560.6796875 1243
24590.3828125 1307
24659.158203125 1343
24750.4609375 1404
24818.90625 1418
25210.998046875 1585
25474.849609375 1719
25638.962890625 1822
26242.91796875 2009
26796.1796875 2164
27128.427734375 2214
27150.59375 2250
28314.642578125 2263
28773.93359375 2342
29822.1796875 2359
30869.87890625 2547
