2812.86328125 204
2846.014892578125 1247
3022.135009765625 1410
3551.144775390625 1888
3936.379150390625 1214
4607.50146484375 1658
4651.91357421875 2587
4723.13916015625 380
5001.84033203125 688
5008.1767578125 1761
5223.3037109375 66
5392.28662109375 127
5397.99755859375 179
5425.06689453125 855
5465.451171875 1198
5621.92822265625 1250
5751.1767578125 1507
5766.447265625 1558
5905.40625 2007
5914.298828125 2092
5927.33203125 2231
5982.048828125 2384
6038.54296875 2457
6112.7314453125 2544
6220.4443359375 2717
6334.7509765625 2774
6413.392578125 2794
6544.1259765625 2909
6546.978515625 972
6549.5234375 1138
6696.8857421875 1442
6799.4619140625 1446
6831.955078125 87
6913.5283203125 251
6916.1298828125 527
6923.6318359375 529
7031.806640625 625
7043.97607421875 641
7142.875 693
7222.07568359375 873
7256.7724609375 881
7281.21533203125 928
7295.3974609375 1133
7306.60546875 1283
7307.994140625 1318
7316.083984375 1346
7322.30810546875 1417
7358.5908203125 1720
7363.2314453125 1987
7382.125 2226
7449.09375 2296
7536.39453125 2515
7570.33447265625 2572
7665.251953125 2669
7722.87353515625 2728
7727.4326171875 2734
7773.38671875 2746
7792.1728515625 2852
7801.779296875 2866
7828.93359375 2915
7914.9150390625 2949
7992.73193359375 377
8034.92041015625 2281
8037.3125 160
8087.99560546875 1
8107.3310546875 425
8138.62353515625 446
8186.6083984375 800
8206.044921875 918
8238.833984375 953
8251.654296875 985
8265.6083984375 986
8287.720703125 1008
8310.6796875 1043
8311.5654296875 1270
8316.65234375 1317
8356.71484375 1435
8401.8310546875 1548
8407.443359375 1606
8416.958984375 1661
8426.392578125 1712
8432.970703125 2010
8452.888671875 2088
8454.8935546875 2365
8538.958984375 2410
8539.3134765625 2414
8587.923828125 2482
8610.0947265625 2560
8624.3837890625 2781
8634.8642578125 2820
8708.189453125 997
8742.55859375 1781
8751.47265625 81
8764.59375 229
8764.68359375 440
8787.3740234375 548
8789.373046875 611
8800.2724609375 826
8814.3115234375 834
8822.587890625 848
8844.7626953125 871
8845.130859375 893
8845.1484375 1231
8849.2021484375 1256
8872.4052734375 1315
8875.1689453125 1458
8906.841796875 1550
8930.166015625 1671
8935.78515625 1711
8953.490234375 1815
8958.787109375 1893
8962.84375 2312
8971.0478515625 2324
8992.3681640625 2385
9081.8984375 2447
9160.3125 2562
9178.001953125 2610
9203.59375 2622
9221.185546875 2853
9234.5234375 2924
9269.1015625 2927
9311.4306640625 2239
9397.1640625 1362
9410.875 1926
9447.01171875 2997
9460.9453125 254
9478.0986328125 388
9478.8505859375 465
9481.4560546875 498
9505.177734375 520
9511.18359375 962
9511.69921875 981
9528.267578125 1156
9606.546875 1652
9614.123046875 2205
9629.4677734375 2339
9680.791015625 2417
9690.455078125 2494
9694.81640625 2687
9705.869140625 1122
9713.7978515625 1670
9723.8828125 264
9738.54296875 2173
9751.5185546875 1646
9786.91796875 2396
9790.4228515625 49
9847.2958984375 189
9850.353515625 261
9867.990234375 263
9887.9814453125 430
9893.9443359375 831
9928.19140625 899
9951.7265625 1123
9976.75 1169
9981.80078125 1350
9997.115234375 1405
10023.0107421875 1512
10029.603515625 1750
10049.419921875 1769
10052.9345703125 1908
10082.0771484375 1966
10125.5869140625 1982
10128.2109375 1993
10138.6044921875 2094
10144.61328125 2126
10148.373046875 2141
10159.8896484375 2171
10161.5888671875 2174
10161.5888671875 2177
10168.091796875 2237
10168.763671875 2367
10170.2373046875 2536
10177.7939453125 2542
10224.6767578125 2582
10249.140625 2675
10253.267578125 2703
10302.4453125 1873
10313.1552734375 2107
10320.486328125 1281
10336.544921875 455
10342.376953125 470
10347.26171875 902
10376.0517578125 926
10400.912109375 967
10404.173828125 1104
10404.3271484375 1225
10459.5205078125 1286
10461.423828125 1506
10462.0380859375 1516
10480.1875 1599
10484.5458984375 1779
10493.1396484375 1848
10500.9775390625 1867
10503.2939453125 1883
10514.8857421875 2063
10516.470703125 2210
10516.5830078125 2246
10525.607421875 2285
10576.3330078125 2361
10582.9375 2686
10587.306640625 2700
10595.55078125 88
10596.1669921875 586
10617.619140625 136
10632.7880859375 1471
10640.3232421875 226
10641.6396484375 296
10641.6953125 1197
10646.8701171875 1666
10648.6142578125 2511
10680.08203125 101
10694.1953125 215
10700.8720703125 549
10731.216796875 550
10766.970703125 573
10787.1669921875 1136
10791.0654296875 1199
10805.8447265625 1530
10828.8369140625 1581
10833.326171875 1640
10847.232421875 1688
10859.755859375 1968
10861.19921875 2526
10871.001953125 2571
10873.5009765625 2983
10881.998046875 1787
10883.7158203125 602
10897.095703125 1146
10898.0771484375 253
10903.4033203125 342
10904.7431640625 843
10942.697265625 1233
10959.474609375 1335
10969.474609375 1394
11007.3359375 1737
11131.935546875 1784
11136.427734375 1950
11147.30078125 2025
11157.6474609375 2473
11180.810546875 2518
11213.9580078125 999
11213.9580078125 1056
11230.8818359375 1900
11238.041015625 1304
11244.5927734375 1326
11247.947265625 2967
11305.5849609375 1329
11315.5712890625 50
11335.75 318
11379.7568359375 389
11380.6435546875 478
11382.53125 491
11386.5380859375 580
11402.609375 599
11426.484375 890
11428.30078125 896
11454.18359375 909
11454.18359375 919
11489.0380859375 995
11497.3916015625 1273
11502.1064453125 1342
11510.041015625 1430
11527.38671875 1495
11541.4453125 1568
11543.6083984375 1583
11546.0146484375 1764
11564.3486328125 1774
11564.6455078125 2065
11573.5771484375 2117
11573.5771484375 2181
11586.79296875 2268
11597.1005859375 2465
11603.0966796875 2664
11610.3017578125 2760
11618.7666015625 2764
11623.005859375 2938
11636.009765625 2943
11647.3681640625 1860
11654.263671875 2880
11678.4384765625 1333
11681.880859375 2631
11704.7587890625 146
11705.76953125 1538
11731.884765625 21
11758.9765625 34
11760.0517578125 200
11780.8876953125 288
11790.0126953125 336
11795.63671875 385
11806.669921875 517
11826.2724609375 546
11839.63671875 609
11870.2158203125 614
11883.4736328125 683
11970.21875 686
11984.94921875 769
11986.8984375 1097
12022.52734375 1221
12040.31640625 1322
12042.45703125 1359
12068.67578125 1376
12094.228515625 1686
12100.615234375 1854
12102.24609375 2513
12108.98046875 2553
12113.39453125 2650
12122.978515625 2672
12127.60546875 2911
12146.8017578125 78
12171.564453125 2713
12173.2734375 2800
12184.6572265625 2651
12193.30859375 2970
12213.5810546875 1045
12232.3408203125 1068
12236.9072265625 2078
12241.763671875 884
12248.62109375 886
12270.982421875 1028
12282.896484375 1845
12289.65234375 1932
12301.3759765625 2489
12304.3447265625 90
12306.513671875 153
12311.0341796875 240
12317.052734375 256
12337.2998046875 531
12349.0625 644
12378.4345703125 706
12381.8828125 775
12396.404296875 1163
12406.2451171875 1483
12421.3046875 2114
12427.3828125 2379
12428.455078125 2424
12444.150390625 2433
12452.876953125 2435
12458.9599609375 2442
12477.09765625 2683
12477.58203125 2811
12487.189453125 2176
12490.716796875 169
12491.1796875 2207
12501.3515625 1144
12511.8095703125 2180
12515.2744140625 73
12539.974609375 663
12552.0546875 677
12580.4345703125 756
12580.580078125 925
12596.73828125 927
12611.31640625 946
12632.966796875 996
12676.453125 1141
12691.2783203125 1202
12701.5 1251
12726.51171875 1457
12728.0302734375 1502
12733.05078125 1591
12737.2998046875 1733
12739.638671875 1735
12742.1162109375 1919
12748.4794921875 1933
12749.712890625 1955
12754.837890625 2002
12758.373046875 2335
12758.7958984375 2341
12762.7529296875 2565
12782.314453125 2695
12792.3603515625 2763
12818.3251953125 2840
12853.1796875 2422
12857.50390625 1020
12876.107421875 640
12893.9296875 59
12905.755859375 177
12919.5556640625 191
12934.994140625 575
12952.9111328125 687
12960.591796875 934
12972.0927734375 1119
12972.400390625 1529
12974.25 1697
12989.3759765625 1810
12993.244140625 1831
13023.875 2354
13048.48046875 2528
13065.1181640625 2679
13065.1328125 2712
13115.595703125 2747
13157.8251953125 2809
13158.0380859375 2821
13178.2421875 2842
13191.2451171875 2860
13194.8154296875 2906
13214.3076171875 2994
13235.09375 186
13250.044921875 223
13268.7109375 1594
13272.9619140625 410
13279.7421875 631
13285.5751953125 132
13286.85546875 2576
13289.8984375 1282
13291.2333984375 488
13299.2646484375 869
13304.3603515625 2059
13310.15234375 787
13333.873046875 904
13347.3046875 137
13363.23046875 275
13366.685546875 328
13375.740234375 333
13376.794921875 392
13383.72265625 407
13400.404296875 489
13411.46875 680
13417.408203125 1022
13427.587890625 1290
13430.732421875 1358
13451.0087890625 1607
13475.3935546875 1653
13479.0595703125 2024
13481.728515625 2184
13485.71484375 2221
13488.53125 2394
13509.3173828125 2427
13510.94921875 2517
13516.9677734375 2655
13552.3603515625 2704
13557.59765625 2900
13572.4599609375 2946
13581.4052734375 459
13589.0 1408
13594.9912109375 1339
13598.482421875 22
13609.162109375 45
13616.9755859375 300
13626.794921875 812
13630.1640625 922
13656.447265625 947
13659.904296875 975
13681.9765625 1001
13689.30078125 1095
13716.9736328125 1275
13718.5087890625 1664
13719.662109375 1708
13749.7177734375 1763
13769.109375 1766
13772.9169921875 1889
13786.4921875 2077
13787.361328125 2082
13800.5849609375 2131
13801.4765625 2315
13809.46875 2317
13814.22265625 2409
13824.064453125 2608
13826.4130859375 2616
13831.2421875 2649
13839.412109375 2819
13853.3515625 2862
13870.876953125 1164
13877.71484375 2213
13884.9228515625 1050
13893.046875 979
13925.6123046875 1562
13926.4892578125 1597
13979.9072265625 2334
14012.251953125 587
14014.1044921875 630
14015.642578125 777
14034.927734375 1012
14052.49609375 1064
14085.0322265625 1082
14096.7978515625 1462
14113.5908203125 1501
14119.3642578125 1654
14119.3896484375 1800
14138.9931640625 2656
14152.16796875 2884
14175.638671875 1416
14183.15234375 1575
14205.6396484375 2889
14228.4384765625 445
14261.189453125 30
14272.265625 2484
14274.484375 38
14284.4267578125 40
14288.1728515625 76
14309.67578125 77
14317.388671875 108
14324.40625 164
14331.4521484375 211
14401.982421875 225
14425.693359375 376
14444.5390625 437
14486.892578125 510
14497.48828125 646
14506.576171875 671
14506.576171875 738
14511.4873046875 770
14528.3408203125 1434
14539.298828125 1610
14556.28125 1662
14568.498046875 1709
14572.4658203125 1998
14626.39453125 2166
14627.2490234375 2220
14646.9453125 2238
14650.03125 2255
14651.8681640625 2345
14676.9140625 2510
14689.8486328125 2581
14708.322265625 2607
14716.75390625 2807
14721.2861328125 1015
14731.556640625 1984
14749.5263671875 1258
14751.556640625 2555
14755.6650390625 1147
14773.892578125 865
14833.828125 939
14848.8720703125 1497
14854.685546875 2630
14865.271484375 2752
14869.41796875 457
14875.74609375 309
14894.5380859375 316
14899.265625 483
14960.52734375 484
14971.18359375 633
15007.28125 1026
15027.431640625 1036
15049.228515625 1176
15051.10546875 1423
15054.103515625 1485
15060.84375 1590
15065.630859375 1702
15078.9609375 1759
15117.9609375 1818
15117.9609375 1958
15137.66015625 1963
15146.7587890625 1977
15153.2451171875 2053
15162.17578125 2056
15167.2998046875 2125
15178.39453125 2304
15180.521484375 2356
15194.4169921875 2477
15229.1015625 2533
15253.7900390625 2732
15254.412109375 2948
15279.9150390625 1601
15326.0390625 2256
15332.0322265625 2104
15364.609375 284
15373.380859375 182
15379.482421875 916
15380.6875 1667
15388.8154296875 1852
15393.13671875 727
15409.33984375 2036
15410.7587890625 2772
15419.4453125 130
15422.8837890625 219
15442.203125 394
15450.162109375 405
15457.2265625 634
15462.3330078125 856
15477.12109375 983
15477.232421875 1117
15481.7109375 1386
15487.310546875 1791
15487.8623046875 1991
15514.4921875 2060
15525.869140625 2215
15545.5810546875 2314
15550.1611328125 2440
15550.896484375 2467
15564.20703125 2618
15564.3662109375 2648
15569.0703125 2694
15570.92578125 1772
15571.859375 818
15586.3564453125 2907
15589.779296875 660
15606.416015625 1168
15623.3232421875 1145
15658.23046875 1476
15666.4560546875 1618
15672.2900390625 655
15688.9248046875 1592
15696.8193359375 2120
15697.98046875 2557
15712.92578125 112
15713.3662109375 350
15772.806640625 356
15773.873046875 448
15776.59765625 1500
15805.3505859375 1526
15815.69140625 1587
15834.388671875 1881
15847.373046875 1943
15848.6513671875 1962
15922.853515625 1995
15967.412109375 2075
15989.16015625 2118
15996.7294921875 2309
16025.6943359375 2418
16025.919921875 2516
16047.955078125 2588
16054.888671875 2605
16071.140625 2623
16076.8427734375 2937
16077.4306640625 1005
16084.935546875 110
16096.951171875 2360
16115.150390625 121
16122.962890625 1046
16139.216796875 298
16147.048828125 372
16164.3779296875 492
16189.9345703125 752
16203.025390625 838
16203.0390625 903
16207.9609375 1034
16210.44921875 1128
16218.62109375 1187
16220.2861328125 1437
16266.5791015625 1488
16298.2724609375 1534
16304.3427734375 1657
16320.7509765625 1678
16321.927734375 1824
16323.349609375 1826
16342.365234375 1941
16363.5 1997
16364.5302734375 2318
16397.4375 2327
16400.234375 2362
16412.19921875 2404
16414.173828125 2453
16432.240234375 2458
16456.994140625 2496
16469.18359375 2696
16495.546875 2722
16528.396484375 2796
16561.923828125 2584
16578.4375 2872
16608.873046875 2589
16610.5 2135
16629.33203125 1802
16651.388671875 1853
16665.658203125 1892
16675.109375 1580
16733.302734375 25
16747.4765625 72
16765.3203125 343
16805.07421875 710
16806.97265625 755
16817.732421875 885
16823.044921875 1683
16834.587890625 1776
16838.87890625 1972
16850.474609375 2047
16852.2578125 2138
16915.49609375 2185
16922.205078125 2344
16923.23828125 2545
17004.806640625 2573
17053.119140625 2855
17096.486328125 2159
17119.603515625 1067
17120.31640625 371
17120.404296875 243
17175.546875 1301
17217.40625 311
17218.935546875 426
17223.541015625 648
17228.935546875 720
17241.3046875 792
17265.369140625 940
17302.13671875 1006
17309.064453125 1032
17336.455078125 1160
17356.1015625 1189
17372.64453125 2183
17374.134765625 2190
17378.298828125 2301
17399.330078125 1459
17425.154296875 1649
17425.62890625 353
17435.99609375 2706
17570.875 1511
17612.734375 1778
17612.81640625 329
17641.126953125 731
17657.78515625 1400
17664.41015625 2070
17681.5703125 1480
17700.94140625 1714
17710.546875 249
17721.28515625 94
17725.7890625 2823
17744.61328125 471
17762.125 473
17778.7265625 747
17824.3828125 915
17835.052734375 921
17841.544921875 993
17906.7890625 1072
17908.44921875 1415
17914.34375 1541
17976.560546875 1746
18030.212890625 1949
18070.193359375 2079
18095.40234375 2219
18123.73828125 2258
18158.451171875 2413
18187.435546875 2628
18200.634765625 2828
18228.248046875 2903
18233.87109375 2996
18245.056640625 1137
18273.69921875 102
18304.630859375 667
18306.490234375 1935
18338.599609375 2352
18356.583984375 2887
18361.087890625 427
18369.04296875 1533
18386.296875 170
18388.91015625 262
18399.86328125 306
18428.38671875 596
18428.38671875 805
18459.025390625 849
18467.056640625 850
18545.43359375 965
18566.345703125 976
18590.83203125 1058
18598.72265625 1403
18616.859375 1645
18655.818359375 1999
18659.54296875 2292
18681.20703125 2392
18690.38671875 2403
18696.015625 2497
18716.708984375 2524
18720.8984375 2601
18754.37109375 2652
18846.97265625 2657
18849.365234375 2761
18869.974609375 2839
18886.015625 2939
18922.015625 2984
18925.392578125 1027
18925.841796875 622
18931.84765625 417
18938.302734375 450
18941.482421875 690
18967.61328125 969
18989.263671875 982
18995.931640625 1040
19065.2265625 1078
19075.58203125 1083
19087.888671875 1382
19123.626953125 1391
19140.201171875 1486
19140.9140625 1503
19161.908203125 1547
19168.802734375 1561
19209.96484375 1965
19360.798828125 2026
19383.392578125 2066
19386.98828125 2182
19392.8359375 2245
19398.857421875 2460
19404.51953125 2466
19421.77734375 2540
19439.25390625 2593
19521.994140625 2632
19546.90625 2753
19606.015625 2759
19612.6640625 2793
19639.103515625 2925
19640.609375 2152
19705.3671875 762
19709.931640625 2757
19723.556640625 37
19764.978515625 1624
19777.22265625 1271
19792.92578125 2370
19797.63671875 2895
19801.171875 2411
19847.841796875 67
19874.775390625 150
19882.75390625 171
19944.783203125 195
19945.72265625 363
19986.109375 522
19987.5390625 657
20076.9765625 701
20087.1640625 760
20102.44140625 811
20149.66015625 874
20186.125 875
20208.16796875 1002
20231.23828125 1007
20252.298828125 1023
20269.2890625 1356
20270.34765625 1378
20315.490234375 1489
20393.724609375 1629
20397.6171875 2721
20495.7265625 2032
20512.822265625 2259
20513.140625 771
20557.671875 1543
20580.00390625 2241
20712.357421875 1964
20828.625 1625
20853.43359375 2693
20884.341796875 222
20904.615234375 258
20905.884765625 281
20908.1796875 506
20985.59375 582
21013.884765625 724
21014.162109375 879
21150.955078125 1003
21200.357421875 1171
21308.736328125 1182
21429.18359375 1588
21490.103515625 1685
21513.125 1758
21522.400390625 2300
21526.0390625 2310
21557.849609375 2705
21651.640625 2845
21705.61328125 2916
21712.412109375 1811
21767.94921875 2701
21783.103515625 421
21858.646484375 1440
21858.662109375 2337
22045.943359375 2531
22046.55859375 18
22176.77734375 29
22186.28125 31
22210.353515625 104
22248.3046875 274
22278.064453125 321
22291.0390625 370
22311.677734375 375
22317.291015625 562
22507.369140625 914
22548.390625 944
22650.8671875 1672
22703.04296875 1684
22862.326171875 1825
22920.2109375 1846
23417.689453125 1960
23431.560546875 1976
23679.361328125 2006
23725.462890625 2319
23996.896484375 2405
24011.359375 2550
24175.259765625 2606
24199.435546875 2768
24339.11328125 1081
24627.412109375 1780
24841.3359375 16
24909.615234375 28
25261.884765625 125
25366.15625 212
25584.6640625 265
25686.123046875 295
25826.185546875 360
25941.67578125 364
26109.654296875 937
26433.154296875 1077
26507.7109375 1101
26596.185546875 1241
26616.578125 1243
26712.640625 1307
27142.404296875 1343
27202.9765625 1404
27323.669921875 1418
27746.265625 1585
27836.052734375 1719
28049.6875 1822
28312.4375 2009
29788.69140625 2164
30151.626953125 2214
30255.1328125 2250
30393.96875 2263
30735.94140625 2342
30814.384765625 2359
31345.130859375 2547
