4536.11279296875 1575
4790.0966796875 2889
4910.0986328125 445
4974.41552734375 30
5042.1796875 2484
5226.8505859375 38
5343.4013671875 40
5404.1806640625 76
5506.390625 77
5514.486328125 108
5585.25634765625 164
5639.46728515625 211
5665.10693359375 225
5682.9111328125 376
5792.6513671875 437
5793.49951171875 510
5821.6845703125 646
5893.0751953125 671
5909.09228515625 738
5910.85107421875 770
5952.4765625 1434
5954.48779296875 1610
6006.7578125 1662
6010.07421875 1709
6051.08154296875 1998
6100.673828125 2166
6149.8486328125 2220
6210.48779296875 2238
6215.45654296875 2255
6223.0185546875 2345
6264.78857421875 2510
6290.3515625 2581
6305.3125 2607
6311.529296875 2807
6438.0390625 1015
6460.935546875 1984
6464.96240234375 1258
6484.9482421875 2555
6529.79541015625 1446
6682.908203125 87
6745.8681640625 251
6747.0888671875 527
6751.36962890625 529
6770.05126953125 625
6771.7197265625 641
6787.80810546875 693
6795.724609375 873
6811.44873046875 881
6816.60888671875 928
6820.5712890625 1133
6855.2373046875 1283
6857.08984375 1318
6877.05029296875 1346
6893.466796875 1417
6900.2373046875 1720
6915.7333984375 1987
6917.26171875 2226
6935.74365234375 2296
6971.26611328125 2515
6982.32275390625 2572
7020.6982421875 2669
7029.50244140625 2728
7037.904296875 2734
7053.6630859375 2746
7089.58984375 2852
7099.279296875 2866
7132.7158203125 2915
7142.68310546875 2949
7164.73876953125 377
7170.162109375 2281
7201.669921875 160
7210.20751953125 1
7214.6474609375 425
7230.904296875 446
7246.2177734375 800
7282.63330078125 918
7298.52978515625 953
7328.6103515625 985
7329.0087890625 986
7329.314453125 1008
7404.2724609375 1043
7454.580078125 1270
7455.86767578125 1317
7499.15576171875 1435
7507.482421875 1548
7508.8974609375 1606
7549.779296875 1661
7584.3251953125 1712
7606.82470703125 2010
7614.529296875 2088
7628.51171875 2365
7628.697265625 2410
7648.89208984375 2414
7691.3955078125 2482
7717.6640625 2560
7725.21923828125 2781
7784.76611328125 2820
7812.2373046875 997
7824.1845703125 1781
7862.501953125 81
7882.92724609375 229
7885.3427734375 440
7931.1611328125 548
7941.9560546875 611
7974.77490234375 826
7988.9951171875 834
8005.7880859375 848
8006.462890625 871
8047.88525390625 893
8051.521484375 1231
8081.79931640625 1256
8105.5341796875 1315
8111.69580078125 1458
8134.73095703125 1550
8138.87744140625 1671
8183.3173828125 1711
8201.09765625 1815
8222.240234375 1893
8229.390625 2312
8249.8818359375 2324
8279.7177734375 2385
8292.4658203125 2447
8314.6201171875 2562
8365.8671875 2610
8388.044921875 2622
8390.2109375 2853
8421.9072265625 2924
8440.3876953125 2927
8440.3876953125 2239
8456.0146484375 1362
8489.0009765625 1926
8516.37109375 2997
8518.375 254
8522.048828125 388
8528.36328125 465
8533.2373046875 498
8571.1875 520
8596.0029296875 962
8602.2265625 981
8603.341796875 1156
8613.30859375 1652
8617.0791015625 2205
8637.9326171875 2339
8640.5302734375 2417
8646.36328125 2494
8663.9208984375 2687
8665.5029296875 1122
8676.91796875 1670
8685.421875 264
8693.17578125 2173
8705.044921875 1646
8727.859375 2396
8762.7890625 49
8792.0322265625 189
8799.3349609375 261
8814.4384765625 263
8822.119140625 430
8828.7734375 831
8844.8408203125 899
8853.2900390625 1123
8865.908203125 1169
8886.16796875 1350
8887.8427734375 1405
8889.7626953125 1512
8890.8759765625 1750
8891.314453125 1769
8912.865234375 1908
8922.4189453125 1966
8938.3720703125 1982
8942.349609375 1993
8946.48046875 2094
8949.5390625 2126
8986.7041015625 2141
9009.3759765625 2171
9019.0263671875 2174
9031.1630859375 2177
9052.1123046875 2237
9090.34765625 2367
9104.908203125 2536
9119.5078125 2542
9121.3857421875 2582
9121.9892578125 2675
9129.4814453125 2703
9149.0048828125 1873
9154.59375 2107
9155.435546875 1281
9158.3662109375 455
9161.828125 470
9162.97265625 902
9165.6982421875 926
9178.3017578125 967
9212.14453125 1104
9212.673828125 1225
9296.6376953125 1286
9310.873046875 1506
9314.466796875 1516
9324.78125 1599
9346.87109375 1779
9352.322265625 1848
9368.595703125 1867
9369.7177734375 1883
9376.19921875 2063
9395.826171875 2210
9401.3994140625 2246
9412.0439453125 2285
9414.728515625 2361
9444.76171875 2686
9462.2373046875 2700
9485.22265625 88
9486.8076171875 586
9506.3828125 136
9514.9814453125 1471
9518.2421875 226
9521.732421875 296
9524.09765625 1197
9525.3486328125 1666
9549.0703125 2511
9553.0205078125 101
9554.9267578125 215
9557.833984375 549
9570.8486328125 550
9587.4853515625 573
9598.2841796875 1136
9633.6953125 1199
9636.498046875 1530
9642.9150390625 1581
9657.26171875 1640
9671.4296875 1688
9688.427734375 1968
9730.8759765625 2526
9737.98046875 2571
9758.212890625 2983
9805.8759765625 1787
9806.68359375 602
9808.8525390625 1146
9827.134765625 253
9842.267578125 342
9885.966796875 843
9892.21484375 1233
9897.140625 1335
9907.58984375 1394
9909.6162109375 1737
9928.640625 1784
9936.2900390625 1950
9951.3544921875 2025
9969.7568359375 2473
10000.880859375 2518
10049.8408203125 999
10052.59375 1056
10054.2998046875 1900
10084.6708984375 1304
10096.3896484375 1326
10115.572265625 2967
10139.65625 1329
10143.31640625 50
10183.01953125 318
10197.974609375 389
10198.0078125 478
10239.7451171875 491
10269.748046875 580
10281.017578125 599
10281.017578125 890
10283.8046875 896
10327.37109375 909
10331.4765625 919
10335.5517578125 995
10350.326171875 1273
10361.4873046875 1342
10365.59765625 1430
10371.5517578125 1495
10383.7080078125 1568
10409.5712890625 1583
10416.1279296875 1764
10418.966796875 1774
10429.095703125 2065
10429.931640625 2117
10433.6494140625 2181
10447.3515625 2268
10474.8740234375 2465
10484.25390625 2664
10490.9140625 2760
10492.6748046875 2764
10501.5888671875 2938
10512.923828125 2943
10538.13671875 1860
10549.994140625 2880
10566.685546875 1333
10578.724609375 2631
10599.9306640625 146
10610.7763671875 1538
10634.21875 21
10637.4521484375 34
10639.33984375 200
10654.998046875 288
10676.3125 336
10710.4677734375 385
10720.7265625 517
10743.97265625 546
10748.599609375 609
10750.90625 614
10761.0009765625 683
10761.009765625 686
10769.19140625 769
10806.16796875 1097
10810.4052734375 1221
10814.3017578125 1322
10818.904296875 1359
10824.59375 1376
10845.4111328125 1686
10847.8759765625 1854
10850.9453125 2513
10855.7412109375 2553
10887.4716796875 2650
10930.5205078125 2672
10930.8359375 2911
10931.2451171875 78
10934.8681640625 2713
10936.73046875 2800
10940.3154296875 2651
10940.9921875 2970
10952.5439453125 1045
10953.5673828125 1068
10984.9130859375 2078
10992.916015625 884
10994.767578125 886
10997.8974609375 1028
11002.37109375 1845
11003.7255859375 1932
11065.025390625 2489
11067.361328125 90
11082.6181640625 153
11093.271484375 240
11128.0888671875 256
11168.86328125 531
11176.251953125 644
11185.529296875 706
11195.7109375 775
11208.6015625 1163
11219.482421875 1483
11245.92578125 2114
11291.615234375 2379
11300.6083984375 2424
11301.8759765625 2433
11331.0732421875 2435
11331.91015625 2442
11337.4638671875 2683
11371.8310546875 2811
11389.4013671875 2176
11391.4970703125 169
11401.521484375 2207
11411.021484375 1144
11427.3720703125 2180
11462.7021484375 73
11463.44140625 663
11476.2451171875 677
11485.6787109375 756
11494.6064453125 925
11497.9150390625 927
11498.1884765625 946
11503.955078125 996
11539.513671875 1141
11543.158203125 1202
11560.369140625 1251
11585.169921875 1457
11624.4970703125 1502
11642.9375 1591
11652.44921875 1733
11674.9169921875 1735
11693.900390625 1919
11724.98828125 1933
11728.6953125 1955
11732.296875 2002
11769.4091796875 2335
11821.361328125 2341
11832.353515625 2565
11834.302734375 2695
11837.1435546875 2763
11860.24609375 2840
11862.390625 2422
11902.3447265625 1020
11902.3447265625 640
11952.4111328125 59
11954.078125 177
11960.85546875 191
11969.900390625 575
11979.8251953125 687
12006.5634765625 934
12020.3466796875 1119
12024.337890625 1529
12026.9482421875 1697
12030.4169921875 1810
12032.0712890625 1831
12033.439453125 2354
12042.662109375 2528
12047.6064453125 2679
12064.41015625 2712
12065.953125 2747
12070.490234375 2809
12074.5537109375 2821
12108.1708984375 2842
12152.42578125 2860
12152.587890625 2906
12161.4501953125 2994
12163.3662109375 186
12164.4814453125 223
12172.88671875 1594
12196.2822265625 410
12217.001953125 631
12230.0634765625 132
12273.189453125 2576
12278.7490234375 1282
12294.51953125 488
12329.537109375 869
12368.6064453125 2059
12370.0673828125 787
12372.576171875 904
12374.6396484375 137
12382.8515625 275
12404.2587890625 328
12407.0361328125 333
12415.46875 392
12426.9404296875 407
12449.1328125 489
12454.177734375 680
12465.9111328125 1022
12516.36328125 1290
12545.3681640625 1358
12547.42578125 1607
12564.94921875 1653
12585.39453125 2024
12591.1376953125 2184
12591.849609375 2221
12592.8896484375 2394
12655.7138671875 2427
12699.736328125 2517
12716.501953125 2655
12727.4853515625 2704
12742.037109375 2900
12776.7158203125 2946
12813.3310546875 459
12827.0849609375 1408
12837.576171875 1339
12852.3642578125 22
12860.728515625 45
12861.9560546875 300
12881.5458984375 812
12892.8359375 922
12893.2294921875 947
12911.2724609375 975
12922.177734375 1001
12938.833984375 1095
12945.404296875 1275
12962.884765625 1664
13004.77734375 1708
13040.2099609375 1763
13052.0615234375 1766
13053.6337890625 1889
13060.388671875 2077
13090.7880859375 2082
13094.126953125 2131
13134.623046875 2315
13138.50390625 2317
13140.59765625 2409
13164.044921875 2608
13166.1142578125 2616
13216.13671875 2649
13226.275390625 2819
13236.6044921875 2862
13249.2841796875 1164
13250.6240234375 2213
13254.52734375 1050
13262.373046875 979
13264.626953125 1562
13296.515625 1597
13311.115234375 2334
13337.369140625 587
13342.4833984375 630
13346.177734375 777
13374.8662109375 1012
13425.6904296875 1064
13449.9990234375 1082
13459.978515625 1462
13465.044921875 1501
13501.3447265625 1654
13509.6494140625 1800
13517.498046875 2656
13519.7734375 2884
13522.50390625 1416
13546.5341796875 1147
13557.9013671875 865
13565.603515625 939
13567.6123046875 1497
13603.7783203125 2630
13659.966796875 2752
13689.2255859375 457
13726.876953125 309
13734.2021484375 316
13734.3759765625 483
13737.7080078125 484
13767.1259765625 633
13832.556640625 1026
13913.0458984375 1036
13955.1298828125 1176
13972.064453125 1423
13977.9208984375 1485
14007.4072265625 1590
14026.263671875 1702
14026.263671875 1759
14049.59765625 1818
14060.955078125 1958
14084.4853515625 1963
14092.6650390625 1977
14096.9296875 2053
14097.4150390625 2056
14100.3359375 2125
14124.341796875 2304
14130.3193359375 2356
14139.4970703125 2477
14142.1328125 2533
14145.041015625 2732
14161.41015625 2948
14177.9296875 1601
14201.1689453125 2256
14202.8349609375 2104
14223.1962890625 284
14233.30859375 182
14245.615234375 916
14265.5546875 1667
14269.900390625 1852
14273.6728515625 727
14288.1337890625 2036
14316.779296875 2772
14335.849609375 130
14337.7900390625 219
14342.3154296875 394
14363.88671875 405
14365.7392578125 634
14376.80859375 856
14390.3212890625 983
14392.662109375 1117
14400.55078125 1386
14462.9189453125 1791
14474.0146484375 1991
14476.462890625 2060
14527.318359375 2215
14566.0849609375 2314
14576.59765625 2440
14594.294921875 2467
14651.75390625 2618
14688.0537109375 2648
14696.6484375 2694
14701.80859375 1772
14753.6201171875 818
14766.98828125 2907
14792.609375 660
14796.236328125 1168
14823.412109375 1145
14826.220703125 1476
14826.9443359375 1618
14849.97265625 655
14852.9365234375 1592
14853.140625 2120
14855.9814453125 2557
14878.4169921875 112
14881.55859375 350
14917.9033203125 356
14943.3232421875 448
14960.150390625 1500
15016.4951171875 1526
15021.8173828125 1587
15035.4931640625 1881
15042.5869140625 1943
15065.13671875 1962
15065.435546875 1995
15080.7275390625 2075
15093.2568359375 2118
15118.005859375 2309
15154.3984375 2418
15154.8291015625 2516
15207.6875 2588
15207.6875 2605
15228.95703125 2623
15275.7666015625 2937
15280.5595703125 1005
15295.646484375 110
15320.416015625 2360
15336.1396484375 121
15358.3837890625 1046
15395.0625 298
15405.9306640625 372
15409.349609375 492
15410.8251953125 752
15411.1064453125 838
15414.6884765625 903
15428.69140625 1034
15435.845703125 1128
15451.6494140625 1187
15451.7431640625 1437
15462.4541015625 1488
15463.2578125 1534
15473.51171875 1657
15492.0693359375 1678
15542.470703125 1824
15588.90234375 1826
15605.361328125 1941
15615.671875 1997
15656.421875 2318
15729.7109375 2327
15739.951171875 2362
15745.38671875 2404
15768.611328125 2453
15771.0517578125 2458
15798.1064453125 2496
15849.607421875 2696
15861.3095703125 2722
15867.900390625 2796
15868.419921875 2584
15909.0869140625 2872
15920.2880859375 2589
15983.357421875 2135
15987.720703125 1802
16059.8623046875 1853
16072.544921875 1892
16110.4931640625 1580
16144.486328125 25
16145.041015625 72
16150.232421875 343
16155.515625 710
16156.62109375 755
16172.1181640625 885
16173.923828125 1683
16213.7587890625 1776
16216.525390625 1972
16294.2958984375 2047
16394.294921875 2138
16397.923828125 2185
16400.189453125 2344
16402.59765625 2545
16405.91015625 2573
16411.81640625 2855
16427.392578125 2159
16439.03515625 1067
16482.828125 371
16531.54296875 243
16545.59375 1301
16548.0703125 311
16565.0234375 426
16585.978515625 648
16605.166015625 720
16621.21484375 792
16647.095703125 940
16662.568359375 1006
16671.076171875 1032
16683.916015625 1160
16701.697265625 1189
16708.06640625 2183
16725.4296875 2190
16725.791015625 2301
16730.720703125 1459
16742.859375 1649
16753.171875 353
16756.478515625 2706
16816.44921875 1511
16823.2734375 1778
16829.642578125 329
16838.99609375 731
16845.384765625 1400
16857.56640625 2070
16878.634765625 1480
16884.810546875 1714
16904.248046875 249
16941.04296875 94
16964.056640625 2823
16972.900390625 471
17027.376953125 473
17041.228515625 747
17091.00390625 915
17130.84375 921
17141.16796875 993
17141.16796875 1072
17153.73828125 1415
17159.21875 1541
17230.798828125 1746
17231.2421875 1949
17258.25390625 2079
17269.564453125 2219
17279.0546875 2258
17318.68359375 2413
17351.716796875 2628
17387.931640625 2828
17396.49609375 2903
17422.1484375 2996
17432.26171875 204
17458.220703125 1247
17471.341796875 1410
17483.90625 1888
17484.521484375 1214
17525.203125 1658
17569.923828125 2587
17574.7421875 380
17587.33984375 688
17588.982421875 1761
17665.21484375 66
17700.890625 127
17704.716796875 179
17721.01171875 855
17736.0625 1198
17790.818359375 1250
17800.310546875 1507
17835.1875 1558
17892.25390625 2007
17954.375 2092
17974.61328125 2231
18056.376953125 2384
18088.4140625 2457
18149.279296875 2544
18165.201171875 2717
18165.416015625 2774
18183.8671875 2794
18220.48828125 2909
18227.857421875 972
18262.9453125 1138
18305.328125 1442
18313.228515625 1137
18336.73828125 102
18378.044921875 667
18392.7421875 1935
18414.259765625 2352
18422.396484375 2887
18435.1953125 427
18502.5078125 1533
18507.72265625 170
18533.2421875 262
18626.064453125 306
18630.646484375 596
18633.421875 805
18657.48828125 849
18664.650390625 850
18687.451171875 965
18706.712890625 976
18734.763671875 1058
18844.61328125 1403
18891.6796875 1645
18897.150390625 1999
18910.115234375 2292
18919.896484375 2392
18940.4609375 2403
18963.83984375 2497
18972.44140625 2524
19012.0234375 2601
19018.06640625 2652
19061.158203125 2657
19098.115234375 2761
19117.171875 2839
19133.875 2939
19182.12109375 2984
19182.486328125 1027
19191.232421875 622
19198.671875 417
19201.806640625 450
19204.37890625 690
19217.78125 969
19251.1953125 982
19284.251953125 1040
19336.046875 1078
19344.412109375 1083
19357.607421875 1382
19367.57421875 1391
19382.376953125 1486
19421.466796875 1503
19442.4453125 1547
19457.70703125 1561
19460.470703125 1965
19582.55078125 2026
19634.51171875 2066
19648.65234375 2182
19654.87109375 2245
19665.21484375 2460
19686.419921875 2466
19708.65234375 2540
19711.47265625 2593
19745.05078125 2632
19749.1796875 2753
19771.6640625 2759
19805.89453125 2793
19839.033203125 2925
19851.828125 2152
19888.96875 762
20005.67578125 2757
20038.2734375 37
20050.677734375 1624
20051.65625 1271
20079.837890625 2370
20102.62890625 2895
20104.474609375 2411
20105.2421875 67
20118.115234375 150
20126.3046875 171
20176.33203125 195
20187.802734375 363
20228.099609375 522
20298.962890625 657
20317.17578125 701
20325.314453125 760
20371.55078125 811
20373.5234375 874
20379.7734375 875
20406.513671875 1002
20428.96875 1007
20433.05078125 1023
20590.921875 1356
20611.9921875 1378
20634.5546875 1489
20662.44921875 1629
20664.326171875 2721
20666.921875 2032
20679.416015625 2259
20702.48046875 771
20757.185546875 1543
20831.08203125 2241
20859.169921875 1964
20883.8125 1625
20918.228515625 2693
20969.240234375 222
21011.642578125 258
21050.11328125 281
21105.6328125 506
21125.994140625 582
21227.322265625 724
21229.560546875 879
21450.962890625 1003
21482.216796875 1171
21496.826171875 1182
21549.900390625 1588
21590.2734375 1685
21592.4609375 1758
21604.521484375 2300
21616.24609375 2310
21634.904296875 2705
21795.1484375 2845
21862.19921875 2916
21891.01953125 1811
21897.033203125 2701
21974.806640625 421
21974.880859375 1440
21989.158203125 2337
22037.548828125 2531
22165.744140625 18
22202.904296875 29
22433.25 31
22434.97265625 104
22517.78125 274
22523.005859375 321
22557.400390625 370
22625.57421875 375
22729.927734375 562
22800.62109375 914
22844.36328125 944
22878.203125 1672
22880.720703125 1684
23036.810546875 1825
23039.677734375 1846
23052.94140625 1960
23135.74609375 1976
23267.787109375 2006
23267.787109375 2319
23352.4921875 2405
23457.537109375 2550
23577.587890625 2606
23617.6640625 2768
23695.765625 1081
23714.833984375 1780
23934.068359375 16
24157.595703125 28
24170.0078125 125
24261.794921875 212
24333.171875 265
24416.640625 295
24678.59375 360
24747.328125 364
24933.419921875 937
24976.658203125 1077
25262.578125 1101
25280.76171875 1241
25315.951171875 1243
25747.298828125 1307
25890.806640625 1343
25975.53125 1404
26752.826171875 1418
26818.84765625 1585
26844.5078125 1719
26852.1953125 1822
26972.34375 2009
27666.3125 2164
28116.056640625 2214
28181.134765625 2250
28411.580078125 2263
28834.962890625 2342
30806.953125 2359
31694.861328125 2547
