1202.3785400390625 2152
1379.441162109375 762
1547.4237060546875 2757
1671.5252685546875 37
1758.3402099609375 1624
2003.63671875 1271
2325.2451171875 2370
2522.493896484375 2895
2564.99169921875 2411
3149.27734375 67
3182.08935546875 150
3243.499755859375 171
3314.362548828125 195
3421.176025390625 363
3470.4169921875 522
3530.904052734375 657
3678.45947265625 701
3692.01171875 760
3718.2958984375 811
3734.81787109375 874
3795.10595703125 875
3837.17724609375 1002
3919.6474609375 1007
4012.36376953125 1023
4401.76708984375 1356
4771.73876953125 1378
4837.56640625 1489
5151.2001953125 1629
5180.7841796875 2721
5327.95068359375 1446
5516.6845703125 87
5539.7314453125 251
5559.533203125 527
5560.08056640625 529
5565.3828125 625
5711.62109375 641
5755.126953125 693
5977.1552734375 873
6057.623046875 881
6070.26171875 928
6147.8955078125 1133
6209.82275390625 1283
6225.8046875 1318
6249.2646484375 1346
6274.20263671875 1417
6306.71875 1720
6334.2333984375 1987
6634.63671875 2226
6648.97265625 2296
6653.01025390625 2515
6656.744140625 2572
6696.08544921875 2669
6767.3857421875 2728
6991.4140625 2734
7003.984375 2746
7062.47216796875 2852
7112.2548828125 2866
7123.15185546875 2915
7174.634765625 2949
7206.5498046875 377
7213.07275390625 2281
7313.13916015625 160
7337.9521484375 1
7427.2158203125 425
7431.701171875 446
7447.8740234375 800
7489.9169921875 918
7517.5791015625 953
7658.884765625 985
7779.65966796875 986
7886.52783203125 1008
7925.68505859375 1043
7942.65576171875 1270
7942.65576171875 1317
8053.4384765625 1435
8134.072265625 1548
8140.935546875 1606
8153.685546875 1661
8232.4013671875 1712
8255.611328125 2010
8308.685546875 2088
8327.7216796875 2365
8343.537109375 2410
8396.6298828125 2414
8396.6298828125 2482
8429.6328125 2560
8540.4716796875 2781
8543.88671875 2820
8556.52734375 997
8590.3046875 1781
8630.7861328125 81
8660.740234375 229
8761.7587890625 440
8880.833984375 548
8919.845703125 611
8973.6904296875 826
9044.0673828125 834
9057.2890625 848
9210.7568359375 871
9287.5712890625 893
9289.876953125 1231
9355.638671875 1256
9401.705078125 1315
9440.556640625 1458
9512.80078125 1550
9561.9697265625 1671
9616.681640625 1711
9630.0927734375 1815
9758.4765625 1893
9772.275390625 2312
9928.126953125 2324
9966.0673828125 2385
9992.52734375 2447
10085.966796875 2562
10163.2216796875 2610
10262.109375 2622
10310.521484375 2853
10380.015625 2924
10407.9052734375 2927
10429.0703125 2239
10441.185546875 1362
10463.95703125 1926
10475.1328125 2997
10556.9287109375 254
10566.072265625 388
10606.072265625 465
10620.1298828125 498
10800.9462890625 520
10811.25390625 962
10814.314453125 981
10897.0400390625 1156
10901.025390625 1652
10913.767578125 2205
10926.1728515625 2339
11095.388671875 2417
11132.275390625 2494
11143.890625 2687
11200.5595703125 1122
11233.0908203125 1670
11247.501953125 264
11294.6787109375 2173
11412.65625 1646
11414.6982421875 2396
11539.474609375 49
11540.298828125 189
11544.982421875 261
11572.6513671875 263
11586.3427734375 430
11617.974609375 831
11618.71875 899
11620.1220703125 1123
11620.1220703125 1169
11654.5078125 1350
11655.025390625 1405
11669.8388671875 1512
11672.66015625 1750
11697.4404296875 1769
11697.9951171875 1908
11787.5576171875 1966
11831.9638671875 1982
11836.9501953125 1993
11850.6171875 2094
11878.53125 2126
11881.015625 2141
11909.607421875 2171
11944.3251953125 2174
11947.03125 2177
12007.923828125 2237
12021.4404296875 2367
12037.966796875 2536
12068.974609375 2542
12129.390625 2582
12242.2470703125 2675
12246.33984375 2703
12260.79296875 1873
12289.1630859375 2107
12289.1630859375 1281
12295.134765625 455
12329.0390625 470
12334.75 902
12412.498046875 926
12426.3388671875 967
12566.9736328125 1104
12600.759765625 1225
12647.6845703125 1286
12655.1650390625 1506
12658.0712890625 1516
12707.3984375 1599
12711.1103515625 1779
12724.19140625 1848
12761.484375 1867
12768.1943359375 1883
12787.4453125 2063
12793.228515625 2210
12802.3740234375 2246
12881.78125 2285
12930.1513671875 2361
12939.9140625 2686
13017.6875 2700
13080.93359375 88
13103.478515625 586
13117.59765625 136
13174.8896484375 1471
13181.7919921875 226
13191.3876953125 296
13212.3505859375 1197
13231.2490234375 1666
13250.087890625 2511
13276.3720703125 101
13281.3544921875 215
13322.087890625 549
13443.48828125 550
13478.3828125 573
13478.8125 1136
13488.8984375 1199
13509.9033203125 1530
13611.09375 1581
13642.3896484375 1640
13679.83203125 1688
13682.841796875 1968
13710.9619140625 2526
13724.3349609375 2571
13730.1845703125 2983
13791.546875 1787
13793.3076171875 602
13800.9775390625 1146
13826.083984375 253
13831.763671875 342
13838.1875 843
13840.2138671875 1233
13857.236328125 1335
13885.783203125 1394
13901.1640625 1737
13901.669921875 1784
13903.3369140625 1950
13918.98828125 2025
13932.6513671875 2473
13933.046875 2518
13966.01171875 999
13966.5732421875 1056
13985.5419921875 1900
14002.27734375 1304
14033.6767578125 1326
14069.4970703125 2967
14076.373046875 1329
14086.7451171875 50
14089.048828125 318
14093.8251953125 389
14094.185546875 478
14101.2568359375 491
14139.1142578125 580
14140.998046875 599
14145.2646484375 890
14145.8779296875 896
14147.5224609375 909
14212.330078125 919
14216.6572265625 995
14249.244140625 1273
14255.197265625 1342
14256.41796875 1430
14270.8193359375 1495
14283.2392578125 1568
14357.2890625 1583
14408.5986328125 1764
14428.5791015625 1774
14433.892578125 2065
14480.6435546875 2117
14505.6220703125 2181
14507.494140625 2268
14514.572265625 2465
14526.14453125 2664
14537.978515625 2760
14538.837890625 2764
14546.9052734375 2938
14596.095703125 2943
14634.7548828125 1860
14663.2607421875 2880
14664.4423828125 1333
14690.818359375 2631
14707.64453125 146
14749.4541015625 1538
14796.646484375 21
14812.4111328125 34
14885.4521484375 200
14888.453125 288
14894.3857421875 336
14897.046875 385
14897.0537109375 517
14915.189453125 546
14921.1435546875 609
14926.4658203125 614
14945.3876953125 683
14957.037109375 686
14970.1611328125 769
15029.984375 1097
15105.65234375 1221
15129.3193359375 1322
15145.6513671875 1359
15146.9560546875 1376
15152.4375 1686
15167.314453125 1854
15267.951171875 2513
15295.3037109375 2553
15300.2177734375 2650
15316.169921875 2672
15317.736328125 2911
15320.73828125 78
15331.4423828125 2713
15343.271484375 2800
15347.177734375 2651
15381.60546875 2970
15397.7568359375 1045
15473.984375 1068
15487.802734375 2078
15489.876953125 884
15493.509765625 886
15495.14453125 1028
15516.1884765625 1845
15516.263671875 1932
15533.7255859375 2489
15540.326171875 90
15580.9189453125 153
15639.412109375 240
15640.2763671875 256
15647.134765625 531
15658.826171875 644
15688.046875 706
15773.3154296875 775
15773.8818359375 1163
15802.8662109375 1483
15875.1875 2114
15880.005859375 2379
15893.3134765625 2424
15924.75390625 2433
15963.744140625 2435
15968.18359375 2442
15974.533203125 2683
15985.8896484375 2811
15997.8603515625 2176
16018.919921875 169
16078.046875 2207
16099.9296875 1144
16168.306640625 2180
16218.7978515625 73
16265.78515625 663
16267.85546875 677
16316.595703125 756
16325.408203125 925
16326.6015625 927
16376.68359375 946
16379.0078125 996
16380.142578125 1141
16400.1328125 1202
16419.9296875 1251
16426.431640625 1457
16447.796875 1502
16468.087890625 1591
16468.83203125 1733
16469.99609375 1735
16477.576171875 1919
16520.052734375 1933
16522.828125 1955
16578.84765625 2002
16590.302734375 2335
16606.078125 2341
16628.29296875 2565
16634.087890625 2695
16654.35546875 2763
16666.171875 2840
16672.853515625 2422
16745.017578125 1020
16757.779296875 640
16763.044921875 59
16792.8046875 177
16797.392578125 191
16819.87890625 575
16844.830078125 687
16896.466796875 934
16935.19140625 1119
16958.02734375 1529
16966.1640625 1697
16977.3203125 1810
16989.255859375 1831
16997.853515625 2354
17022.732421875 2528
17077.13671875 2679
17087.314453125 2712
17090.2421875 2747
17093.677734375 2809
17117.58984375 2821
17118.431640625 2842
17118.8671875 2860
17130.98828125 2906
17139.07421875 2994
17153.5078125 186
17216.83203125 223
17223.1171875 1594
17255.796875 410
17318.4921875 631
17325.390625 132
17349.306640625 2576
17352.208984375 1282
17418.46484375 488
17468.38671875 869
17484.609375 2059
17510.09375 787
17510.13671875 904
17536.62890625 137
17540.57421875 275
17586.587890625 328
17589.501953125 333
17594.333984375 392
17617.134765625 407
17619.376953125 489
17632.5703125 680
17666.435546875 1022
17667.80078125 1290
17702.376953125 1358
17708.2578125 1607
17719.611328125 1653
17747.193359375 2024
17754.91796875 2184
17780.63671875 2221
17781.396484375 2394
17800.30859375 2427
17825.50390625 2517
17850.88671875 2655
17852.1875 2704
17855.748046875 2900
17872.052734375 2946
17879.19140625 459
17904.859375 1408
17910.990234375 1339
17917.7890625 22
17936.8046875 45
17939.708984375 300
17952.072265625 812
17971.01953125 922
17974.017578125 947
17985.810546875 975
17985.9765625 1001
18005.974609375 1095
18007.8515625 1275
18015.087890625 1664
18015.396484375 1708
18021.93359375 1763
18022.51953125 1766
18039.830078125 1889
18054.91015625 2077
18064.208984375 2082
18066.109375 2131
18070.140625 2315
18080.328125 2317
18104.44140625 2409
18110.96484375 2608
18116.060546875 2616
18137.705078125 2649
18174.4375 2819
18175.623046875 2862
18176.189453125 1164
18184.4609375 2213
18195.796875 1050
18199.951171875 979
18218.4765625 1562
18237.419921875 1597
18251.33984375 2334
18251.890625 587
18282.6875 630
18290.185546875 777
18302.125 1012
18313.3359375 1064
18319.078125 1082
18363.607421875 1462
18452.134765625 1501
18489.24609375 1654
18494.142578125 1800
18497.326171875 2656
18507.046875 2884
18509.78125 1416
18531.125 1575
18538.8046875 2889
18552.90234375 445
18559.005859375 30
18560.810546875 2484
18574.59765625 38
18581.033203125 40
18625.994140625 76
18637.25 77
18644.046875 108
18699.375 164
18712.19921875 211
18739.47265625 225
18803.38671875 376
18814.890625 437
18819.544921875 510
18825.353515625 646
18843.16015625 671
18848.076171875 738
18852.123046875 770
18854.8046875 1434
18874.951171875 1610
18878.02734375 1662
18887.931640625 1709
18910.59375 1998
18915.43359375 2166
18940.71484375 2220
18943.515625 2238
18954.123046875 2255
18970.623046875 2345
19000.021484375 2510
19020.44921875 2581
19030.111328125 2607
19074.013671875 2807
19093.759765625 1015
19099.171875 1984
19122.330078125 1258
19165.705078125 2555
19166.4296875 1147
19168.552734375 865
19178.623046875 939
19188.28125 1497
19195.982421875 2630
19196.390625 2752
19223.77734375 457
19234.890625 309
19250.87109375 316
19254.9453125 483
19350.646484375 484
19356.390625 633
19363.4375 1026
19378.625 1036
19379.646484375 1176
19380.029296875 1423
19382.255859375 1485
19387.244140625 1590
19422.1328125 1702
19433.12109375 1759
19435.97265625 1818
19440.77734375 1958
19449.9921875 1963
19461.236328125 1977
19469.5 2053
19545.38671875 2056
19617.6640625 2125
19719.46875 2304
19725.796875 2356
19732.35546875 2477
19740.5390625 2533
19801.619140625 2732
19802.38671875 2948
19812.5234375 1601
19851.720703125 2256
19877.333984375 2104
19880.654296875 284
19907.26953125 182
19910.25 916
19916.19140625 1667
19937.453125 1852
19951.6328125 727
19954.533203125 2036
20001.3359375 2772
20001.3515625 130
20009.185546875 219
20041.86328125 394
20045.451171875 405
20045.619140625 634
20045.794921875 856
20047.35546875 983
20058.404296875 1117
20075.77734375 1386
20085.505859375 1791
20103.171875 1991
20134.119140625 2060
20136.986328125 2215
20156.076171875 2314
20174.431640625 2440
20180.00390625 2467
20203.251953125 2618
20203.470703125 2648
20232.291015625 2694
20259.447265625 1772
20283.650390625 818
20284.23828125 2907
20332.1640625 660
20419.681640625 1168
20456.935546875 1145
20488.646484375 1476
20500.75390625 1618
20503.921875 655
20524.638671875 1592
20535.138671875 2120
20540.04296875 2557
20558.75390625 112
20560.974609375 350
20563.138671875 356
20568.7578125 448
20575.537109375 1500
20612.6640625 1526
20719.142578125 1587
20721.126953125 1881
20746.548828125 1943
20776.013671875 1962
20783.35546875 1995
20821.36328125 2075
20837.833984375 2118
20847.6640625 2309
20886.859375 2418
20920.09375 2516
20921.05859375 2588
20927.77734375 2605
20940.576171875 2623
21003.76953125 2937
21023.2109375 1005
21024.12109375 110
21038.62890625 2360
21040.38671875 121
21069.845703125 1046
21077.6015625 298
21085.044921875 372
21125.923828125 492
21131.591796875 752
21133.66015625 838
21134.1796875 903
21159.7734375 1034
21201.22265625 1128
21203.728515625 1187
21208.990234375 1437
21216.060546875 1488
21236.052734375 1534
21238.091796875 1657
21254.68359375 1678
21263.46484375 1824
21288.953125 1826
21307.85546875 1941
21313.029296875 1997
21330.44140625 2318
21344.41015625 2327
21351.99609375 2362
21367.22265625 2404
21378.044921875 2453
21383.20703125 2458
21390.46484375 2496
21412.853515625 2696
21449.25 2722
21458.048828125 2796
21462.75390625 2584
21497.384765625 2872
21556.359375 2589
21605.7890625 2135
21649.369140625 1802
21660.9296875 1853
21688.033203125 1892
21742.623046875 1580
21749.767578125 25
21771.505859375 72
21788.861328125 343
21831.38671875 710
21843.630859375 755
21873.271484375 885
21884.26171875 1683
21889.732421875 1776
21900.85546875 1972
21902.70703125 2047
21903.544921875 2138
21929.759765625 2185
21939.607421875 2344
21948.291015625 2545
21950.916015625 2573
21978.265625 2855
21988.03125 2159
21990.81640625 1067
22041.890625 371
22061.642578125 243
22129.314453125 1301
22166.9609375 311
22172.505859375 426
22193.23828125 648
22195.484375 720
22208.447265625 792
22227.974609375 940
22263.00390625 1006
22279.2109375 1032
22320.654296875 1160
22338.990234375 1189
22384.49609375 2183
22420.833984375 2190
22431.197265625 2301
22450.974609375 1459
22484.978515625 1649
22506.234375 353
22525.375 2706
22546.498046875 1511
22570.365234375 1778
22571.20703125 329
22575.23046875 731
22595.716796875 1400
22612.134765625 2070
22644.2265625 1480
22689.02734375 1714
22710.6484375 249
22717.40625 94
22722.53125 2823
22804.798828125 471
22831.681640625 473
22840.412109375 747
22850.751953125 915
22874.80859375 921
22904.38671875 993
22919.1875 1072
22930.123046875 1415
22962.67578125 1541
22970.505859375 1746
23093.30078125 1949
23100.3671875 2079
23112.541015625 2219
23148.78125 2258
23158.244140625 2413
23202.369140625 2628
23219.21484375 2828
23225.689453125 2903
23233.833984375 2996
23252.623046875 204
23252.796875 1247
23295.46484375 1410
23309.630859375 1888
23344.29296875 1214
23374.150390625 1658
23374.7578125 2587
23380.982421875 380
23400.4140625 688
23431.931640625 1761
23445.546875 66
23483.39453125 127
23505.2421875 179
23507.43359375 855
23566.595703125 1198
23610.04296875 1250
23611.763671875 1507
23619.79296875 1558
23659.3203125 2007
23670.841796875 2092
23702.666015625 2231
23761.91796875 2384
23773.068359375 2457
23775.462890625 2544
23782.4609375 2717
23787.033203125 2774
23817.787109375 2794
23836.25390625 2909
23855.232421875 972
23869.970703125 1138
23895.58984375 1442
23976.703125 1137
23979.38671875 102
24005.296875 667
24015.6953125 1935
24073.63671875 2352
24095.427734375 2887
24095.662109375 427
24100.95703125 1533
24117.498046875 170
24145.2734375 262
24162.763671875 306
24189.65234375 596
24215.4921875 805
24266.359375 849
24341.9765625 850
24363.55859375 965
24368.78125 976
24385.0546875 1058
24433.46875 1403
24449.7265625 1645
24458.5546875 1999
24497.65625 2292
24501.21875 2392
24521.921875 2403
24563.841796875 2497
24581.8046875 2524
24629.55078125 2601
24681.31640625 2652
24684.015625 2657
24725.177734375 2761
24829.19921875 2839
24833.1015625 2939
24833.787109375 2984
24888.095703125 1027
24904.935546875 622
24913.888671875 417
24918.96875 450
24964.798828125 690
24975.638671875 969
24995.923828125 982
25034.66015625 1040
25116.7890625 1078
25118.162109375 1083
25127.705078125 1382
25130.51953125 1391
25133.34375 1486
25207.35546875 1503
25221.880859375 1547
25328.78125 1561
25494.333984375 1965
25512.662109375 2026
25515.509765625 2066
25515.509765625 2182
25522.3828125 2245
25639.42578125 2460
25798.775390625 2466
25819.234375 2540
25851.62109375 2593
25864.78515625 2632
25876.0 2753
25925.748046875 2759
25944.6171875 2793
26006.765625 2925
26024.86328125 2032
26045.482421875 2259
26051.298828125 771
26105.306640625 1543
26179.01171875 2241
26221.02734375 1964
26243.69921875 1625
26255.974609375 2693
26274.005859375 222
26278.61328125 258
26371.484375 281
26412.240234375 506
26439.462890625 582
26479.0078125 724
26497.677734375 879
26506.201171875 1003
26511.109375 1171
26544.751953125 1182
26556.01171875 1588
26558.34375 1685
26569.490234375 1758
26610.251953125 2300
26657.5703125 2310
26698.81640625 2705
26812.3125 2845
26875.662109375 2916
26891.8046875 1811
26933.431640625 2701
27022.041015625 421
27100.298828125 1440
27123.212890625 2337
27143.68359375 2531
27234.521484375 18
27258.36328125 29
27270.53125 31
27289.912109375 104
27335.888671875 274
27352.744140625 321
27387.115234375 370
27532.951171875 375
27550.80859375 562
27550.80859375 914
27559.73828125 944
27656.693359375 1672
27694.3203125 1684
27715.978515625 1825
27745.525390625 1846
27804.154296875 1960
27965.6484375 1976
28011.912109375 2006
28131.783203125 2319
28380.962890625 2405
28439.947265625 2550
28506.7578125 2606
28514.955078125 2768
28617.724609375 1081
28618.46875 1780
29068.9453125 16
29202.18359375 28
29281.240234375 125
29294.658203125 212
29429.005859375 265
29443.142578125 295
29448.03515625 360
29448.59375 364
29459.9765625 937
29486.392578125 1077
29820.310546875 1101
30041.955078125 1241
30156.015625 1243
30218.87109375 1307
30709.525390625 1343
31348.48046875 1404
31436.40234375 1418
31651.1171875 1585
31925.30859375 1719
31947.8046875 1822
32072.744140625 2009
32500.68359375 2164
32995.58984375 2214
33815.16015625 2250
34355.4609375 2263
34766.296875 2342
35219.1328125 2359
39966.87890625 2547
