5297.10107421875 1081
5775.3564453125 1780
5809.2333984375 16
5871.2421875 28
6041.12353515625 125
6049.2587890625 212
6284.0546875 265
6345.79296875 295
6347.265625 360
6434.9794921875 364
6450.65283203125 937
6459.23779296875 1077
6470.880859375 1101
6570.97705078125 1241
6615.13720703125 1243
6671.6220703125 1307
6801.4560546875 1343
6848.3759765625 1404
6873.44287109375 1418
6968.4736328125 1585
6993.31396484375 1719
7024.16796875 1822
7249.44482421875 2009
7326.1455078125 2164
7332.2353515625 2214
7381.7978515625 2250
7390.546875 2263
7451.6005859375 2342
7456.5224609375 2359
7477.03271484375 2547
7522.67578125 1446
7588.7919921875 87
7589.3828125 251
7623.08447265625 527
7625.92724609375 529
7671.9033203125 625
7695.896484375 641
7707.90234375 693
7711.16259765625 873
7729.0400390625 881
7736.8408203125 928
7747.33984375 1133
7769.865234375 1283
7788.361328125 1318
7793.072265625 1346
7848.7841796875 1417
7880.24609375 1720
7929.19921875 1987
8015.8369140625 2226
8040.69677734375 2296
8118.8466796875 2515
8122.732421875 2572
8159.56884765625 2669
8171.53466796875 2728
8184.4384765625 2734
8239.107421875 2746
8290.84375 2852
8294.1357421875 2866
8294.5556640625 2915
8318.443359375 2949
8466.267578125 377
8495.7978515625 2281
8525.81640625 160
8579.373046875 1
8645.1806640625 425
8650.6923828125 446
8683.20703125 800
8696.8154296875 918
8698.6005859375 953
8714.0810546875 985
8723.2392578125 986
8725.2880859375 1008
8742.994140625 1043
8751.49609375 1270
8784.8193359375 1317
8820.455078125 1435
8823.52734375 1548
8825.400390625 1606
8923.6181640625 1661
8966.6484375 1712
9017.66015625 2010
9023.904296875 2088
9053.6123046875 2365
9072.45703125 2410
9082.0732421875 2414
9090.6015625 2482
9124.90625 2560
9169.283203125 2781
9172.330078125 2820
9203.8056640625 997
9209.7578125 1781
9222.1806640625 81
9233.095703125 229
9252.6474609375 440
9364.513671875 548
9395.41015625 611
9419.373046875 826
9427.408203125 834
9467.5322265625 848
9523.927734375 871
9526.1630859375 893
9526.400390625 1231
9541.9267578125 1256
9558.2412109375 1315
9565.943359375 1458
9570.5830078125 1550
9570.7919921875 1671
9571.10546875 1711
9590.01953125 1815
9593.88671875 1893
9613.5205078125 2312
9788.0029296875 2324
9804.2119140625 2385
9863.5341796875 2447
9870.4833984375 2562
9890.1640625 2610
9915.1240234375 2622
9956.1806640625 2853
9991.0625 2924
10029.13671875 2927
10039.63671875 2239
10042.46875 1362
10048.0107421875 1926
10055.080078125 2997
10072.83203125 254
10116.4013671875 388
10120.6474609375 465
10180.029296875 498
10204.4287109375 520
10217.3984375 962
10234.8935546875 981
10247.4873046875 1156
10284.8515625 1652
10290.5390625 2205
10294.994140625 2339
10301.294921875 2417
10304.2021484375 2494
10331.619140625 2687
10340.9619140625 1122
10369.24609375 1670
10370.943359375 264
10376.5361328125 2173
10378.8330078125 1646
10417.9453125 2396
10452.5927734375 49
10499.4228515625 189
10499.9658203125 261
10504.685546875 263
10506.2451171875 430
10537.81640625 831
10564.63671875 899
10571.4296875 1123
10580.673828125 1169
10581.6513671875 1350
10637.984375 1405
10647.9833984375 1512
10648.0361328125 1750
10656.6591796875 1769
10717.6982421875 1908
10723.2109375 1966
10729.8779296875 1982
10771.4794921875 1993
10795.865234375 2094
10803.03125 2126
10814.0615234375 2141
10875.5498046875 2171
10908.3740234375 2174
10921.37109375 2177
10935.623046875 2237
10945.09765625 2367
10948.029296875 2536
10958.66015625 2542
11014.0126953125 2582
11020.16796875 2675
11041.8349609375 2703
11046.05078125 1873
11056.849609375 2107
11088.44140625 1281
11120.7802734375 455
11126.2216796875 470
11133.46875 902
11137.7568359375 926
11141.623046875 967
11173.28515625 1104
11252.744140625 1225
11261.7744140625 1286
11263.7314453125 1506
11264.3662109375 1516
11275.009765625 1599
11280.552734375 1779
11283.2861328125 1848
11290.2373046875 1867
11291.2197265625 1883
11306.232421875 2063
11308.6376953125 2210
11319.490234375 2246
11327.37109375 2285
11329.5625 2361
11330.267578125 2686
11337.357421875 2700
11364.8037109375 88
11371.33203125 586
11398.8037109375 136
11402.794921875 1471
11413.33984375 226
11441.578125 296
11445.2099609375 1197
11450.6767578125 1666
11455.9736328125 2511
11461.6552734375 101
11463.666015625 215
11468.634765625 549
11475.64453125 550
11477.447265625 573
11507.490234375 1136
11510.2587890625 1199
11512.294921875 1530
11513.751953125 1581
11517.0 1640
11532.1806640625 1688
11563.326171875 1968
11581.40234375 2526
11591.0546875 2571
11598.37109375 2983
11605.3916015625 1787
11616.5146484375 602
11626.2626953125 1146
11628.0361328125 253
11639.228515625 342
11640.65625 843
11663.2685546875 1233
11669.955078125 1335
11702.201171875 1394
11737.75 1737
11739.8583984375 1784
11754.6796875 1950
11764.1005859375 2025
11769.287109375 2473
11806.658203125 2518
11808.775390625 999
11818.56640625 1056
11833.2275390625 1900
11841.0927734375 1304
11855.2109375 1326
11866.53515625 2967
11868.517578125 1329
11884.671875 50
11925.3076171875 318
11965.845703125 389
11968.935546875 478
11975.8671875 491
11984.2353515625 580
12036.1201171875 599
12047.68359375 890
12056.0732421875 896
12087.126953125 909
12087.3828125 919
12112.1025390625 995
12116.86328125 1273
12122.455078125 1342
12124.25 1430
12128.2861328125 1495
12132.4033203125 1568
12133.1005859375 1583
12185.236328125 1764
12204.19140625 1774
12230.0 2065
12253.6904296875 2117
12274.9755859375 2181
12307.7685546875 2268
12318.994140625 2465
12341.9462890625 2664
12353.6328125 2760
12355.791015625 2764
12373.7490234375 2938
12385.275390625 2943
12390.681640625 1860
12398.408203125 2880
12418.7158203125 1333
12420.11328125 2631
12422.021484375 146
12440.5341796875 1538
12446.9521484375 21
12451.376953125 34
12465.8916015625 200
12468.99609375 288
12479.416015625 336
12490.4248046875 385
12492.6171875 517
12509.5 546
12514.671875 609
12531.5234375 614
12605.703125 683
12613.9794921875 686
12624.1953125 769
12651.28515625 1097
12654.89453125 1221
12667.9306640625 1322
12680.615234375 1359
12705.4375 1376
12727.115234375 1686
12737.369140625 1854
12744.431640625 2513
12761.4248046875 2553
12772.9248046875 2650
12794.9599609375 2672
12798.880859375 2911
12802.052734375 78
12835.2255859375 2713
12841.9033203125 2800
12853.9287109375 2651
12885.306640625 2970
12885.3544921875 1045
12920.146484375 1068
12923.5673828125 2078
12924.349609375 884
12932.0078125 886
12932.689453125 1028
12955.365234375 1845
12970.0791015625 1932
12980.5185546875 2489
12983.4111328125 90
13010.30859375 153
13043.67578125 240
13046.125 256
13051.2568359375 531
13051.32421875 644
13059.423828125 706
13073.2275390625 775
13090.4091796875 1163
13133.6142578125 1483
13139.2568359375 2114
13166.404296875 2379
13172.5029296875 2424
13176.607421875 2433
13180.7197265625 2435
13202.498046875 2442
13205.228515625 2683
13206.1982421875 2811
13206.955078125 2176
13223.0078125 169
13226.021484375 2207
13226.705078125 1144
13258.912109375 2180
13270.0048828125 73
13315.6669921875 663
13327.6025390625 677
13337.3505859375 756
13341.76953125 925
13361.2939453125 927
13366.173828125 946
13367.1220703125 996
13415.3857421875 1141
13415.3857421875 1202
13430.287109375 1251
13456.27734375 1457
13463.087890625 1502
13464.6962890625 1591
13468.279296875 1733
13469.880859375 1735
13497.7509765625 1919
13498.7333984375 1933
13499.2236328125 1955
13500.017578125 2002
13520.0576171875 2335
13535.20703125 2341
13546.05078125 2565
13555.7607421875 2695
13573.8232421875 2763
13578.9111328125 2840
13583.533203125 2422
13594.3662109375 1020
13597.583984375 640
13608.0556640625 59
13617.5478515625 177
13620.6552734375 191
13685.798828125 575
13688.291015625 687
13692.244140625 934
13702.19140625 1119
13708.5205078125 1529
13713.392578125 1697
13719.9033203125 1810
13726.794921875 1831
13742.33203125 2354
13770.3046875 2528
13781.6923828125 2679
13787.744140625 2712
13802.2578125 2747
13816.287109375 2809
13816.9755859375 2821
13820.87109375 2842
13822.501953125 2860
13833.5439453125 2906
13841.021484375 2994
13876.529296875 186
13910.662109375 223
13919.2861328125 1594
13919.82421875 410
13919.82421875 631
13941.8271484375 132
13984.6328125 2576
14012.1591796875 1282
14037.59765625 488
14066.3779296875 869
14081.5283203125 2059
14090.6015625 787
14102.3828125 904
14115.1083984375 137
14130.220703125 275
14133.2763671875 328
14154.8271484375 333
14169.0 392
14171.8115234375 407
14183.013671875 489
14189.169921875 680
14211.2763671875 1022
14220.91796875 1290
14234.658203125 1358
14241.0849609375 1607
14307.642578125 1653
14334.125 2024
14349.90625 2184
14360.5107421875 2221
14363.74609375 2394
14405.705078125 2427
14409.11328125 2517
14410.8486328125 2655
14411.904296875 2704
14416.2978515625 2900
14435.67578125 2946
14444.3203125 459
14495.787109375 1408
14536.1728515625 1339
14536.2666015625 22
14539.1279296875 45
14552.8720703125 300
14553.07421875 812
14558.1796875 922
14586.83984375 947
14588.015625 975
14593.8212890625 1001
14613.76171875 1095
14617.3740234375 1275
14619.2705078125 1664
14619.705078125 1708
14625.1630859375 1763
14634.7451171875 1766
14646.705078125 1889
14654.4990234375 2077
14656.0126953125 2082
14670.6767578125 2131
14696.890625 2315
14721.1533203125 2317
14738.693359375 2409
14741.513671875 2608
14765.5205078125 2616
14771.7255859375 2649
14773.9365234375 2819
14784.396484375 2862
14834.931640625 1164
14838.259765625 2213
14841.08203125 1050
14870.3076171875 979
14876.9326171875 1562
14889.0888671875 1597
14890.640625 2334
14902.3974609375 587
14903.921875 630
14913.34765625 777
14916.7685546875 1012
14921.0703125 1064
14930.8603515625 1082
14931.0791015625 1462
14975.076171875 1501
14986.86328125 1654
15007.5146484375 1800
15041.671875 2656
15064.208984375 2884
15067.951171875 1416
15073.119140625 1575
15083.068359375 2889
15106.943359375 445
15111.9814453125 30
15121.001953125 2484
15123.8369140625 38
15133.24609375 40
15133.24609375 76
15149.69140625 77
15154.26953125 108
15156.9375 164
15177.8583984375 211
15203.6259765625 225
15207.3369140625 376
15218.814453125 437
15218.8837890625 510
15232.8671875 646
15253.646484375 671
15260.1025390625 738
15288.078125 770
15289.140625 1434
15289.505859375 1610
15300.4326171875 1662
15322.951171875 1709
15331.9736328125 1998
15343.8056640625 2166
15344.958984375 2220
15360.794921875 2238
15368.125 2255
15372.181640625 2345
15396.57421875 2510
15399.3603515625 2581
15402.45703125 2607
15403.603515625 2807
15441.1015625 1015
15448.8056640625 1984
15451.3046875 1258
15487.5498046875 2555
15493.5986328125 1147
15507.86328125 865
15509.86328125 939
15542.689453125 1497
15547.8681640625 2630
15592.91796875 2752
15615.501953125 457
15620.1416015625 309
15620.5654296875 316
15621.5751953125 483
15622.337890625 484
15622.6884765625 633
15624.7236328125 1026
15628.78515625 1036
15637.4423828125 1176
15639.2685546875 1423
15639.6142578125 1485
15639.994140625 1590
15644.419921875 1702
15650.4677734375 1759
15652.529296875 1818
15656.55859375 1958
15666.251953125 1963
15670.68359375 1977
15673.265625 2053
15678.416015625 2056
15716.578125 2125
15729.302734375 2304
15754.1865234375 2356
15766.943359375 2477
15796.2119140625 2533
15820.666015625 2732
15823.6611328125 2948
15837.162109375 1601
15873.27734375 2256
15896.8896484375 2104
15897.1728515625 284
15915.4326171875 182
15915.9541015625 916
15926.017578125 1667
15928.5390625 1852
15934.072265625 727
15934.41015625 2036
15940.203125 2772
15942.96875 130
15946.2041015625 219
15983.9892578125 394
15987.9169921875 405
15999.1298828125 634
16007.0947265625 856
16010.29296875 983
16011.162109375 1117
16011.697265625 1386
16025.1044921875 1791
16034.8359375 1991
16053.60546875 2060
16062.3818359375 2215
16062.4208984375 2314
16079.7880859375 2440
16080.2626953125 2467
16088.564453125 2618
16092.0205078125 2648
16101.72265625 2694
16112.66796875 1772
16130.48828125 818
16136.802734375 2907
16145.7158203125 660
16147.255859375 1168
16148.056640625 1145
16155.5263671875 1476
16164.4326171875 1618
16189.9248046875 655
16224.349609375 1592
16224.349609375 2120
16230.11328125 2557
16230.767578125 112
16243.8818359375 350
16267.958984375 356
16269.2216796875 448
16280.443359375 1500
16293.8095703125 1526
16314.251953125 1587
16316.5263671875 1881
16321.0712890625 1943
16339.6171875 1962
16342.7587890625 1995
16346.4267578125 2075
16364.103515625 2118
16374.5361328125 2309
16380.3564453125 2418
16384.814453125 2516
16390.955078125 2588
16391.8671875 2605
16398.544921875 2623
16420.59765625 2937
16424.015625 1005
16427.203125 110
16433.751953125 2360
16437.4609375 121
16442.6796875 1046
16442.76171875 298
16446.701171875 372
16447.3125 492
16447.396484375 752
16449.013671875 838
16471.7578125 903
16473.630859375 1034
16484.08203125 1128
16495.25 1187
16535.84375 1437
16626.083984375 1488
16627.625 1534
16632.56640625 1657
16669.025390625 1678
16693.408203125 1824
16693.408203125 1826
16707.83203125 1941
16728.587890625 1997
16733.96484375 2318
16740.671875 2327
16754.330078125 2362
16771.44140625 2404
16774.4609375 2453
16788.939453125 2458
16791.3671875 2496
16793.10546875 2696
16798.482421875 2722
16815.046875 2796
16832.72265625 2584
16833.314453125 2872
16871.330078125 2589
16884.61328125 2135
16901.9453125 1802
16929.6796875 1853
16940.77734375 1892
16964.50390625 1580
16967.765625 25
16981.134765625 72
16991.607421875 343
16994.216796875 710
16999.34765625 755
17019.3828125 885
17072.1484375 1683
17087.72265625 1776
17090.791015625 1972
17096.89453125 2047
17099.619140625 2138
17100.310546875 2185
17114.12890625 2344
17116.595703125 2545
17145.162109375 2573
17153.5859375 2855
17169.5625 2159
17178.75 1067
17183.7421875 371
17186.00390625 243
17193.63671875 1301
17196.490234375 311
17199.896484375 426
17207.765625 648
17215.1875 720
17215.869140625 792
17254.796875 940
17262.35546875 1006
17267.19140625 1032
17283.109375 1160
17312.89453125 1189
17313.4296875 2183
17333.005859375 2190
17333.748046875 2301
17366.619140625 1459
17367.49609375 1649
17420.91796875 353
17422.521484375 2706
17464.537109375 1511
17466.84375 1778
17476.029296875 329
17486.130859375 731
17541.09765625 1400
17544.724609375 2070
17548.62890625 1480
17550.7890625 1714
17591.95703125 249
17592.14453125 94
17592.935546875 2823
17609.1328125 471
17624.068359375 473
17638.427734375 747
17644.578125 915
17652.330078125 921
17652.650390625 993
17679.021484375 1072
17684.212890625 1415
17692.4921875 1541
17695.6953125 1746
17713.7421875 1949
17726.03515625 2079
17747.73046875 2219
17749.1328125 2258
17798.697265625 2413
17825.361328125 2628
17861.90234375 2828
17863.072265625 2903
17901.9921875 2996
17914.0078125 204
17918.078125 1247
17930.125 1410
17953.05078125 1888
17989.30859375 1214
18000.06640625 1658
18012.70703125 2587
18039.02734375 380
18042.01171875 688
18046.72265625 1761
18080.74609375 66
18121.5625 127
18161.96875 179
18181.291015625 855
18202.83203125 1198
18226.998046875 1250
18227.060546875 1507
18307.576171875 1558
18325.42578125 2007
18343.4921875 2092
18353.158203125 2231
18355.47265625 2384
18356.412109375 2457
18357.9609375 2544
18363.01953125 2717
18403.583984375 2774
18404.390625 2794
18416.2890625 2909
18479.56640625 972
18481.875 1138
18511.810546875 1442
18523.162109375 1137
18532.224609375 102
18544.244140625 667
18585.419921875 1935
18585.482421875 2352
18591.33203125 2887
18606.443359375 427
18665.984375 1533
18725.669921875 170
18766.787109375 262
18771.255859375 306
18772.578125 596
18782.58984375 805
18880.326171875 849
18915.900390625 850
18959.7734375 965
18982.078125 976
18998.384765625 1058
19014.21875 1403
19014.21875 1645
19020.296875 1999
19060.388671875 2292
19071.482421875 2392
19159.06640625 2403
19160.78125 2497
19168.689453125 2524
19217.1796875 2601
19277.06640625 2652
19349.978515625 2657
19457.83984375 2761
19483.0234375 2839
19498.69140625 2939
19502.814453125 2984
19510.779296875 1027
19565.591796875 622
19639.658203125 417
19642.916015625 450
19706.22265625 690
19715.736328125 969
19789.8125 982
19801.490234375 1040
19883.904296875 1078
19887.12109375 1083
19983.0078125 1382
19986.8359375 1391
20059.685546875 1486
20107.458984375 1503
20136.2109375 1547
20143.01171875 1561
20267.56640625 1965
20291.689453125 2026
20378.59375 2066
20394.095703125 2182
20441.27734375 2245
20502.724609375 2460
20547.611328125 2466
20619.537109375 2540
20791.892578125 2593
20821.93359375 2632
20822.60546875 2753
20850.787109375 2759
20874.958984375 2793
20924.138671875 2925
20946.193359375 2152
21022.59765625 762
21133.494140625 2757
21201.927734375 37
21216.03515625 1624
21229.884765625 1271
21283.220703125 2370
21283.72265625 2895
21326.37890625 2411
21327.60546875 67
21372.939453125 150
21427.470703125 171
21451.05859375 195
21589.5078125 363
21620.669921875 522
21659.763671875 657
21669.169921875 701
21873.06640625 760
21881.484375 811
21892.486328125 874
21901.212890625 875
21948.962890625 1002
22014.279296875 1007
22059.6328125 1023
22074.712890625 1356
22114.140625 1378
22594.4609375 1489
22612.462890625 1629
22748.109375 2721
22832.91796875 2032
22909.85546875 2259
22944.72265625 771
22973.853515625 1543
23245.369140625 2241
23270.59765625 1964
23313.01171875 1625
23445.931640625 2693
23514.111328125 222
23573.302734375 258
23594.529296875 281
23673.470703125 506
23814.03515625 582
23825.345703125 724
23896.787109375 879
23929.787109375 1003
24068.408203125 1171
24086.92578125 1182
24170.642578125 1588
24341.0703125 1685
24482.638671875 1758
24539.853515625 2300
24556.07421875 2310
24622.3828125 2705
24683.197265625 2845
24700.96875 2916
24843.92578125 1811
24851.5 2701
25277.134765625 421
25326.84765625 1440
25676.7734375 2337
25790.685546875 2531
25802.4921875 18
25869.787109375 29
26311.8515625 31
26369.85546875 104
26693.20703125 274
26740.8125 321
26811.408203125 370
26882.63671875 375
26959.80859375 562
27248.537109375 914
27285.552734375 944
27867.24609375 1672
28321.330078125 1684
28357.03515625 1825
28689.296875 1846
28712.16015625 1960
30348.3984375 1976
30697.591796875 2006
31526.857421875 2319
31793.8984375 2405
33146.7890625 2550
33455.02734375 2606
34161.46484375 2768
