6546.49658203125 1081
6882.89697265625 1780
6978.7880859375 16
7443.9091796875 28
7528.57861328125 125
7698.951171875 212
7829.81787109375 265
7837.94482421875 295
7932.40283203125 360
7934.0947265625 364
7937.78125 937
8051.724609375 1077
8065.0947265625 1101
8072.11328125 1241
8083.40283203125 1243
8092.93017578125 1307
8104.966796875 1343
8124.95947265625 1404
8193.7119140625 1418
8291.3056640625 1585
8304.4677734375 1719
8309.6328125 1822
8428.34765625 2009
8433.212890625 2164
8441.9892578125 2214
8590.76953125 2250
8598.64453125 2263
8600.1171875 2342
8600.4013671875 2359
8610.2431640625 2547
8661.591796875 1446
8674.82421875 87
8708.1826171875 251
8720.6005859375 527
8722.69140625 529
8722.837890625 625
8782.85546875 641
8792.1943359375 693
8792.755859375 873
8795.349609375 881
8795.650390625 928
8815.873046875 1133
8859.763671875 1283
8870.9951171875 1318
8875.490234375 1346
8876.51171875 1417
8883.1982421875 1720
8901.044921875 1987
8956.0732421875 2226
8979.189453125 2296
8996.5625 2515
9007.1591796875 2572
9008.357421875 2669
9022.0341796875 2728
9030.96484375 2734
9043.6513671875 2746
9048.958984375 2852
9054.013671875 2866
9056.2314453125 2915
9077.046875 2949
9082.4560546875 377
9094.041015625 2281
9102.3076171875 160
9131.392578125 1
9177.6845703125 425
9184.3193359375 446
9211.2451171875 800
9211.6494140625 918
9244.0751953125 953
9262.251953125 985
9263.2705078125 986
9322.1953125 1008
9325.4482421875 1043
9325.505859375 1270
9331.53515625 1317
9345.2265625 1435
9346.6669921875 1548
9384.5361328125 1606
9396.74609375 1661
9407.384765625 1712
9407.673828125 2010
9435.2490234375 2088
9447.7548828125 2365
9462.4814453125 2410
9463.564453125 2414
9478.130859375 2482
9491.8984375 2560
9499.439453125 2781
9520.0263671875 2820
9526.546875 997
9537.3662109375 1781
9541.59375 81
9549.5390625 229
9551.9765625 440
9568.033203125 548
9597.587890625 611
9606.134765625 826
9606.9462890625 834
9622.0859375 848
9628.62109375 871
9670.5009765625 893
9681.23046875 1231
9710.1650390625 1256
9717.55859375 1315
9718.564453125 1458
9721.7021484375 1550
9731.7373046875 1671
9751.93359375 1711
9775.654296875 1815
9782.171875 1893
9782.8583984375 2312
9798.22265625 2324
9798.767578125 2385
9826.419921875 2447
9834.853515625 2562
9852.05078125 2610
9854.9189453125 2622
9894.67578125 2853
9907.19921875 2924
9907.87890625 2927
9910.0302734375 2239
9913.2646484375 1362
9916.7666015625 1926
9932.8408203125 2997
9943.859375 254
9970.9541015625 388
9983.9130859375 465
9985.68359375 498
10004.078125 520
10021.7822265625 962
10024.408203125 981
10031.4404296875 1156
10036.00390625 1652
10059.470703125 2205
10062.3740234375 2339
10070.5615234375 2417
10081.9765625 2494
10102.6591796875 2687
10107.01171875 1122
10123.0859375 1670
10131.3603515625 264
10136.4072265625 2173
10142.0986328125 1646
10150.3232421875 2396
10156.6494140625 49
10162.1494140625 189
10168.521484375 261
10178.9453125 263
10188.0556640625 430
10206.970703125 831
10207.884765625 899
10209.587890625 1123
10219.91015625 1169
10226.037109375 1350
10260.14453125 1405
10264.2412109375 1512
10286.466796875 1750
10300.7841796875 1769
10314.3037109375 1908
10319.0322265625 1966
10334.7275390625 1982
10336.9482421875 1993
10344.15234375 2094
10345.34375 2126
10359.7421875 2141
10360.09765625 2171
10362.271484375 2174
10372.2578125 2177
10381.0849609375 2237
10392.599609375 2367
10393.6376953125 2536
10394.4208984375 2542
10404.8828125 2582
10416.271484375 2675
10427.1201171875 2703
10430.90625 1873
10445.416015625 2107
10446.7080078125 1281
10487.734375 455
10490.111328125 470
10492.7998046875 902
10504.5263671875 926
10522.236328125 967
10525.9599609375 1104
10533.099609375 1225
10536.126953125 1286
10537.7353515625 1506
10547.5458984375 1516
10549.1240234375 1599
10550.890625 1779
10561.9140625 1848
10571.74609375 1867
10572.310546875 1883
10581.1767578125 2063
10585.4150390625 2210
10596.6708984375 2246
10599.369140625 2285
10600.38671875 2361
10629.01171875 2686
10633.345703125 2700
10646.880859375 88
10648.998046875 586
10659.74609375 136
10663.197265625 1471
10664.1708984375 226
10672.0888671875 296
10683.212890625 1197
10683.42578125 1666
10689.359375 2511
10692.328125 101
10698.6640625 215
10701.33984375 549
10717.60546875 550
10722.466796875 573
10749.62109375 1136
10766.201171875 1199
10768.53515625 1530
10788.78125 1581
10797.75390625 1640
10811.728515625 1688
10813.998046875 1968
10823.861328125 2526
10834.30078125 2571
10837.576171875 2983
10854.94921875 1787
10868.587890625 602
10882.0146484375 1146
10884.3837890625 253
10894.798828125 342
10916.138671875 843
10916.6181640625 1233
10918.263671875 1335
10928.912109375 1394
10937.0107421875 1737
10942.5078125 1784
10951.390625 1950
10965.2822265625 2025
10969.0498046875 2473
10981.921875 2518
10987.39453125 999
10989.2060546875 1056
10998.8427734375 1900
11005.005859375 1304
11008.537109375 1326
11010.0830078125 2967
11017.921875 1329
11022.560546875 50
11029.9755859375 318
11036.1494140625 389
11045.5283203125 478
11056.982421875 491
11064.2001953125 580
11075.5263671875 599
11075.61328125 890
11101.8681640625 896
11102.8779296875 909
11107.802734375 919
11107.802734375 995
11112.267578125 1273
11117.853515625 1342
11121.650390625 1430
11126.70703125 1495
11146.5830078125 1568
11148.9521484375 1583
11163.7412109375 1764
11166.2890625 1774
11170.0517578125 2065
11177.3359375 2117
11182.9443359375 2181
11188.669921875 2268
11209.892578125 2465
11223.2724609375 2664
11258.3046875 2760
11268.2412109375 2764
11290.7421875 2938
11293.625 2943
11295.91796875 1860
11296.4140625 2880
11307.4345703125 1333
11318.2529296875 2631
11341.0419921875 146
11350.3681640625 1538
11352.552734375 21
11360.54296875 34
11362.5341796875 200
11362.5341796875 288
11371.814453125 336
11372.896484375 385
11375.4697265625 517
11375.4951171875 546
11375.783203125 609
11379.2353515625 614
11400.138671875 683
11409.466796875 686
11411.2890625 769
11422.9638671875 1097
11433.369140625 1221
11440.8076171875 1322
11443.0859375 1359
11443.8408203125 1376
11444.1728515625 1686
11444.6611328125 1854
11452.056640625 2513
11462.259765625 2553
11467.783203125 2650
11499.53515625 2672
11507.685546875 2911
11511.7314453125 78
11527.59765625 2713
11533.6796875 2800
11557.29296875 2651
11562.046875 2970
11564.8837890625 1045
11570.470703125 1068
11574.9697265625 2078
11580.6796875 884
11605.1259765625 886
11614.1474609375 1028
11622.3515625 1845
11630.8115234375 1932
11633.970703125 2489
11649.9140625 90
11656.08984375 153
11658.875 240
11667.8662109375 256
11679.224609375 531
11679.763671875 644
11680.587890625 706
11694.134765625 775
11701.7646484375 1163
11709.1533203125 1483
11717.533203125 2114
11719.001953125 2379
11729.486328125 2424
11739.65234375 2433
11745.625 2435
11763.5927734375 2442
11780.638671875 2683
11797.634765625 2811
11798.408203125 2176
11801.3056640625 169
11803.37109375 2207
11807.080078125 1144
11811.25 2180
11816.5810546875 73
11819.77734375 663
11828.408203125 677
11839.609375 756
11863.2392578125 925
11871.111328125 927
11878.0498046875 946
11878.4423828125 996
11880.0517578125 1141
11882.306640625 1202
11904.501953125 1251
11919.7158203125 1457
11924.2001953125 1502
11928.77734375 1591
11949.244140625 1733
11951.53125 1735
11963.671875 1919
11963.994140625 1933
11991.255859375 1955
12007.5146484375 2002
12008.7578125 2335
12020.0947265625 2341
12027.107421875 2565
12032.017578125 2695
12046.8642578125 2763
12046.8642578125 2840
12053.2333984375 2422
12057.560546875 1020
12069.51953125 640
12069.9951171875 59
12071.6142578125 177
12084.2001953125 191
12100.353515625 575
12128.45703125 687
12128.814453125 934
12131.119140625 1119
12133.2587890625 1529
12153.6376953125 1697
12162.2431640625 1810
12164.220703125 1831
12169.8828125 2354
12173.7216796875 2528
12175.23046875 2679
12211.1552734375 2712
12231.3515625 2747
12241.3935546875 2809
12247.853515625 2821
12253.955078125 2842
12262.296875 2860
12272.2109375 2906
12283.7783203125 2994
12288.2431640625 186
12294.1943359375 223
12319.484375 1594
12324.9599609375 410
12329.853515625 631
12335.2294921875 132
12338.4638671875 2576
12368.2607421875 1282
12384.771484375 488
12385.779296875 869
12386.095703125 2059
12389.27734375 787
12390.234375 904
12397.3427734375 137
12406.021484375 275
12415.4921875 328
12418.3349609375 333
12466.7998046875 392
12472.296875 407
12472.4423828125 489
12474.07421875 680
12482.392578125 1022
12482.392578125 1290
12485.357421875 1358
12488.615234375 1607
12494.86328125 1653
12495.8984375 2024
12500.5166015625 2184
12504.4892578125 2221
12506.4404296875 2394
12553.2529296875 2427
12558.08984375 2517
12564.5478515625 2655
12572.919921875 2704
12577.185546875 2900
12595.3876953125 2946
12595.794921875 459
12600.1796875 1408
12603.3984375 1339
12604.765625 22
12615.4912109375 45
12616.224609375 300
12618.140625 812
12625.560546875 922
12635.701171875 947
12638.642578125 975
12640.552734375 1001
12650.7802734375 1095
12659.974609375 1275
12660.361328125 1664
12661.98828125 1708
12676.4921875 1763
12687.97265625 1766
12692.728515625 1889
12699.130859375 2077
12712.708984375 2082
12714.7470703125 2131
12717.478515625 2315
12719.1591796875 2317
12727.5009765625 2409
12728.55078125 2608
12730.5185546875 2616
12734.787109375 2649
12735.7353515625 2819
12758.8095703125 2862
12766.9609375 1164
12774.6943359375 2213
12787.6455078125 1050
12790.3525390625 979
12795.28125 1562
12812.90234375 1597
12826.205078125 2334
12834.552734375 587
12837.6630859375 630
12838.169921875 777
12838.228515625 1012
12855.0966796875 1064
12859.4111328125 1082
12860.451171875 1462
12863.869140625 1501
12884.6767578125 1654
12894.474609375 1800
12898.416015625 2656
12902.826171875 2884
12907.77734375 1416
12909.0361328125 1575
12925.0126953125 2889
12925.5546875 445
12954.5966796875 30
12973.8896484375 2484
12977.3310546875 38
12988.3115234375 40
13018.677734375 76
13043.673828125 77
13049.71875 108
13094.716796875 164
13100.5556640625 211
13112.7763671875 225
13115.1142578125 376
13121.1201171875 437
13129.9482421875 510
13149.736328125 646
13154.451171875 671
13164.6240234375 738
13171.951171875 770
13181.875 1434
13190.75390625 1610
13195.6650390625 1662
13205.390625 1709
13243.17578125 1998
13244.8544921875 2166
13258.521484375 2220
13265.8330078125 2238
13265.984375 2255
13266.982421875 2345
13274.5556640625 2510
13282.08984375 2581
13305.421875 2607
13315.12109375 2807
13323.3681640625 1015
13330.2119140625 1984
13333.884765625 1258
13340.607421875 2555
13344.9580078125 1147
13353.77734375 865
13364.947265625 939
13381.05078125 1497
13409.55078125 2630
13414.642578125 2752
13424.388671875 457
13444.0224609375 309
13445.84375 316
13452.640625 483
13452.91796875 484
13453.982421875 633
13458.9599609375 1026
13459.81640625 1036
13488.986328125 1176
13494.375 1423
13496.4892578125 1485
13499.4609375 1590
13504.552734375 1702
13527.6357421875 1759
13528.875 1818
13553.720703125 1958
13563.0771484375 1963
13592.755859375 1977
13618.9541015625 2053
13628.17578125 2056
13629.6611328125 2125
13634.8125 2304
13666.5390625 2356
13672.1025390625 2477
13675.1591796875 2533
13678.7822265625 2732
13739.4375 2948
13741.3564453125 1601
13756.990234375 2256
13765.55078125 2104
13773.955078125 284
13781.7490234375 182
13781.900390625 916
13783.3818359375 1667
13784.3671875 1852
13797.39453125 727
13811.8583984375 2036
13813.3359375 2772
13825.85546875 130
13838.82421875 219
13850.037109375 394
13869.134765625 405
13927.072265625 634
13934.009765625 856
13941.0458984375 983
13944.3759765625 1117
13952.5439453125 1386
13960.26953125 1791
13962.775390625 1991
13968.4609375 2060
13980.6064453125 2215
13992.3154296875 2314
13996.6083984375 2440
14000.916015625 2467
14001.1630859375 2618
14032.822265625 2648
14033.076171875 2694
14039.4169921875 1772
14041.984375 818
14049.2802734375 2907
14051.6865234375 660
14058.3818359375 1168
14065.4013671875 1145
14074.42578125 1476
14079.9677734375 1618
14080.400390625 655
14084.671875 1592
14095.359375 2120
14095.53125 2557
14127.7705078125 112
14133.2998046875 350
14133.318359375 356
14140.921875 448
14144.8515625 1500
14147.1484375 1526
14154.62890625 1587
14171.1796875 1881
14201.1103515625 1943
14250.916015625 1962
14265.5859375 1995
14290.5703125 2075
14293.7529296875 2118
14311.6611328125 2309
14313.1591796875 2418
14339.2216796875 2516
14347.892578125 2588
14357.390625 2605
14363.791015625 2623
14374.25390625 2937
14398.86328125 1005
14427.0654296875 110
14434.931640625 2360
14451.3994140625 121
14455.0498046875 1046
14457.7568359375 298
14463.2431640625 372
14485.87890625 492
14497.779296875 752
14509.2841796875 838
14511.3837890625 903
14511.947265625 1034
14521.29296875 1128
14529.330078125 1187
14536.7470703125 1437
14540.42578125 1488
14555.833984375 1534
14582.220703125 1657
14604.599609375 1678
14626.59375 1824
14633.0947265625 1826
14633.984375 1941
14686.30078125 1997
14687.51171875 2318
14701.841796875 2327
14710.2265625 2362
14710.2265625 2404
14720.478515625 2453
14728.26953125 2458
14762.0234375 2496
14786.2158203125 2696
14797.2392578125 2722
14827.3076171875 2796
14836.4560546875 2584
14848.361328125 2872
14855.78125 2589
14885.57421875 2135
14895.865234375 1802
14920.361328125 1853
14931.673828125 1892
14946.875 1580
14964.4921875 25
14970.2685546875 72
14977.765625 343
14980.666015625 710
15035.4013671875 755
15043.244140625 885
15044.224609375 1683
15049.79296875 1776
15054.5830078125 1972
15076.6357421875 2047
15093.435546875 2138
15093.435546875 2185
15121.4140625 2344
15122.69921875 2545
15122.69921875 2573
15130.08203125 2855
15138.447265625 2159
15185.7041015625 1067
15204.01171875 371
15206.1533203125 243
15225.39453125 1301
15229.880859375 311
15238.158203125 426
15260.1982421875 648
15270.701171875 720
15288.7666015625 792
15299.974609375 940
15313.8388671875 1006
15314.8017578125 1032
15333.4892578125 1160
15344.5693359375 1189
15354.5458984375 2183
15384.4833984375 2190
15416.27734375 2301
15418.1123046875 1459
15421.7978515625 1649
15424.1171875 353
15452.55078125 2706
15523.515625 1511
15533.421875 1778
15567.25390625 329
15571.0390625 731
15577.810546875 1400
15588.697265625 2070
15613.724609375 1480
15650.234375 1714
15660.259765625 249
15674.35546875 94
15676.9677734375 2823
15719.359375 471
15740.4130859375 473
15754.400390625 747
15772.046875 915
15800.7255859375 921
15806.107421875 993
15853.0048828125 1072
15865.1884765625 1415
15873.833984375 1541
15900.453125 1746
15905.2275390625 1949
15928.1298828125 2079
15989.5244140625 2219
16002.3779296875 2258
16015.509765625 2413
16028.14453125 2628
16048.2392578125 2828
16066.1962890625 2903
16074.208984375 2996
16079.078125 204
16105.31640625 1247
16121.54296875 1410
16126.7744140625 1888
16138.4287109375 1214
16140.162109375 1658
16141.7734375 2587
16153.595703125 380
16171.81640625 688
16180.4140625 1761
16201.5849609375 66
16222.33984375 127
16236.4765625 179
16238.916015625 855
16246.9296875 1198
16248.763671875 1250
16316.7265625 1507
16325.83984375 1558
16350.2451171875 2007
16445.078125 2092
16457.96875 2231
16482.921875 2384
16525.408203125 2457
16543.646484375 2544
16545.619140625 2717
16557.669921875 2774
16576.953125 2794
16588.494140625 2909
16615.712890625 972
16621.671875 1138
16627.044921875 1442
16628.771484375 1137
16654.458984375 102
16664.263671875 667
16681.412109375 1935
16780.380859375 2352
16805.923828125 2887
16824.935546875 427
16829.94921875 1533
16834.90234375 170
16871.24609375 262
16888.57421875 306
16902.92578125 596
16903.97265625 805
16922.349609375 849
16938.94140625 850
16987.46484375 965
17001.859375 976
17029.94921875 1058
17047.572265625 1403
17061.125 1645
17075.109375 1999
17094.953125 2292
17096.21484375 2392
17103.208984375 2403
17171.11328125 2497
17185.861328125 2524
17206.8046875 2601
17207.203125 2652
17216.615234375 2657
17253.5390625 2761
17285.08203125 2839
17296.306640625 2939
17311.52734375 2984
17330.8046875 1027
17339.1015625 622
17353.59765625 417
17356.748046875 450
17393.923828125 690
17485.423828125 969
17485.794921875 982
17503.978515625 1040
17510.8515625 1078
17606.77734375 1083
17641.470703125 1382
17672.302734375 1391
17699.423828125 1486
17701.109375 1503
17701.7578125 1547
17730.4453125 1561
17750.17578125 1965
17750.333984375 2026
17762.974609375 2066
17764.671875 2182
17766.3125 2245
17797.78125 2460
17805.529296875 2466
17808.9609375 2540
17876.919921875 2593
17906.755859375 2632
17913.56640625 2753
17966.36328125 2759
17969.8125 2793
17986.4140625 2925
18038.16796875 2152
18057.83984375 762
18076.75 2757
18100.8046875 37
18148.583984375 1624
18210.2109375 1271
18261.521484375 2370
18307.982421875 2895
18372.658203125 2411
18436.76953125 67
18612.4296875 150
18637.306640625 171
18655.58984375 195
18698.658203125 363
18701.177734375 522
18707.68359375 657
18761.63671875 701
18860.501953125 760
18881.25390625 811
18923.220703125 874
18956.7578125 875
18973.16796875 1002
18988.078125 1007
19040.333984375 1023
19093.244140625 1356
19106.7890625 1378
19157.337890625 1489
19234.25390625 1629
19252.953125 2721
19362.591796875 2032
19365.3828125 2259
19449.37109375 771
19472.833984375 1543
19519.150390625 2241
19529.513671875 1964
19614.318359375 1625
19622.724609375 2693
19846.98046875 222
19875.294921875 258
20059.3046875 281
20060.658203125 506
20121.36328125 582
20356.7890625 724
20392.517578125 879
20430.52734375 1003
20790.328125 1171
20838.49609375 1182
20863.62890625 1588
20913.935546875 1685
20953.23046875 1758
21011.15625 2300
21051.2890625 2310
21158.607421875 2705
21789.412109375 2845
21881.611328125 2916
21916.787109375 1811
22249.0234375 2701
22548.84765625 421
22738.802734375 1440
22761.728515625 2337
22869.984375 2531
22924.646484375 18
23196.9296875 29
23458.4609375 31
23582.8203125 104
23593.44921875 274
23772.12890625 321
23841.021484375 370
23909.794921875 375
24058.5078125 562
24126.306640625 914
24160.1328125 944
24571.662109375 1672
24706.6484375 1684
24927.76171875 1825
25550.1953125 1846
25819.314453125 1960
26304.779296875 1976
26541.06640625 2006
26875.251953125 2319
27508.40234375 2405
27581.734375 2550
27874.869140625 2606
30406.30859375 2768
