4483.6357421875 1333
4731.34326171875 2631
5045.92529296875 146
5157.14892578125 1538
5195.9619140625 21
5449.64013671875 34
5516.5439453125 200
5548.10595703125 288
5717.96875 336
5752.15234375 385
5759.14697265625 517
5797.244140625 546
5802.75732421875 609
5806.8154296875 614
5967.109375 683
5979.25537109375 686
6045.8828125 769
6118.8125 1097
6127.63232421875 1221
6134.8212890625 1322
6225.92236328125 1359
6263.2197265625 1376
6316.953125 1686
6412.59814453125 1854
6452.52880859375 2513
6467.81005859375 2553
6489.7451171875 2650
6526.09033203125 2672
6543.8505859375 2911
6549.236328125 78
6577.451171875 2713
6692.296875 2800
6788.2861328125 2651
6811.56884765625 2970
6878.63818359375 1045
6879.0966796875 1068
6943.23681640625 1446
6962.05810546875 87
6968.27734375 251
6996.634765625 527
7022.46826171875 529
7061.65673828125 625
7127.22998046875 641
7174.54150390625 693
7192.6630859375 873
7209.4169921875 881
7216.41748046875 928
7251.5517578125 1133
7280.2333984375 1283
7315.7822265625 1318
7323.1962890625 1346
7326.208984375 1417
7373.1044921875 1720
7394.43994140625 1987
7398.17578125 2226
7496.73779296875 2296
7518.38818359375 2515
7571.7646484375 2572
7589.625 2669
7627.6015625 2728
7647.96435546875 2734
7647.96435546875 2746
7655.634765625 2852
7695.60009765625 2866
7705.6669921875 2915
7742.2939453125 2949
7765.12744140625 377
7769.66064453125 2281
7780.56591796875 160
7787.6552734375 1
7798.859375 425
7825.251953125 446
7842.57666015625 800
7876.37353515625 918
7902.091796875 953
7957.5234375 985
7967.6572265625 986
7988.875 1008
8031.50634765625 1043
8061.2568359375 1270
8083.73193359375 1317
8124.33544921875 1435
8140.609375 1548
8178.0595703125 1606
8187.3857421875 1661
8245.052734375 1712
8282.37109375 2010
8285.974609375 2088
8286.8486328125 2365
8287.2255859375 2410
8314.537109375 2414
8370.130859375 2482
8403.6982421875 2560
8406.6083984375 2781
8413.3896484375 2820
8505.9912109375 997
8505.9912109375 1781
8515.853515625 81
8591.62890625 229
8596.5771484375 440
8615.87109375 548
8644.05859375 611
8645.208984375 826
8664.974609375 834
8688.5751953125 848
8692.357421875 871
8699.4189453125 893
8719.3203125 1231
8726.8056640625 1256
8727.8251953125 1315
8741.376953125 1458
8804.474609375 1550
8830.548828125 1671
8878.591796875 1711
8885.185546875 1815
8903.251953125 1893
8915.806640625 2312
8946.5849609375 2324
8956.3935546875 2385
8964.1123046875 2447
8968.681640625 2562
8969.9814453125 2610
9009.2265625 2622
9023.248046875 2853
9031.5380859375 2924
9033.3603515625 2927
9063.50390625 2239
9122.1572265625 1362
9129.58203125 1926
9130.3720703125 2997
9160.044921875 254
9160.7900390625 388
9181.94140625 465
9218.138671875 498
9270.203125 520
9280.4814453125 962
9322.05859375 981
9324.8916015625 1156
9384.4765625 1652
9416.09375 2205
9441.564453125 2339
9460.990234375 2417
9462.228515625 2494
9469.2353515625 2687
9479.49609375 1122
9492.283203125 1670
9494.857421875 264
9515.4404296875 2173
9553.6220703125 1646
9554.78515625 2396
9596.69921875 49
9611.5703125 189
9614.72265625 261
9689.421875 263
9699.044921875 430
9777.490234375 831
9791.701171875 899
9842.9345703125 1123
9848.5732421875 1169
9855.833984375 1350
9884.5703125 1405
9885.21484375 1512
9885.94921875 1750
9899.5283203125 1769
9904.56640625 1908
10002.728515625 1966
10031.7568359375 1982
10038.166015625 1993
10047.501953125 2094
10057.93359375 2126
10066.0546875 2141
10068.2236328125 2171
10073.0166015625 2174
10078.4560546875 2177
10081.1533203125 2237
10087.201171875 2367
10097.4892578125 2536
10142.1884765625 2542
10151.943359375 2582
10167.8466796875 2675
10172.791015625 2703
10174.3056640625 1873
10176.7470703125 2107
10199.0087890625 1281
10231.998046875 455
10242.6630859375 470
10243.5166015625 902
10287.109375 926
10312.53125 967
10356.458984375 1104
10361.7001953125 1225
10365.306640625 1286
10382.7451171875 1506
10384.0205078125 1516
10394.6484375 1599
10415.4765625 1779
10417.1796875 1848
10420.033203125 1867
10439.04296875 1883
10449.544921875 2063
10457.9814453125 2210
10479.3798828125 2246
10519.306640625 2285
10519.9462890625 2361
10538.96484375 2686
10540.5830078125 2700
10567.912109375 88
10593.7958984375 586
10617.8388671875 136
10621.83984375 1471
10629.5400390625 226
10631.5048828125 296
10642.8154296875 1197
10655.8974609375 1666
10663.4189453125 2511
10693.0595703125 101
10702.1484375 215
10726.443359375 549
10727.5947265625 550
10728.521484375 573
10747.7841796875 1136
10775.6279296875 1199
10797.4365234375 1530
10819.30859375 1581
10824.357421875 1640
10835.05078125 1688
10835.9677734375 1968
10881.267578125 2526
10881.3955078125 2571
10881.662109375 2983
10888.2734375 1787
10890.482421875 602
10900.830078125 1146
10909.9091796875 253
10912.859375 342
10915.2177734375 843
10934.8125 1233
10949.115234375 1335
10954.4833984375 1394
10961.5361328125 1737
10979.4521484375 1784
10986.7978515625 1950
10986.8310546875 2025
10988.1416015625 2473
11008.7890625 2518
11033.55078125 999
11036.369140625 1056
11050.3994140625 1900
11051.376953125 1304
11080.67578125 1326
11107.373046875 2967
11111.9794921875 1329
11112.5 50
11125.025390625 318
11168.7421875 389
11181.8447265625 478
11186.4150390625 491
11214.1064453125 580
11221.125 599
11225.5400390625 890
11231.5947265625 896
11238.390625 909
11239.181640625 919
11290.8779296875 995
11322.990234375 1273
11347.0341796875 1342
11358.7705078125 1430
11376.7724609375 1495
11386.9150390625 1568
11388.2568359375 1583
11388.4580078125 1764
11404.6923828125 1774
11406.7158203125 2065
11413.4951171875 2117
11422.611328125 2181
11442.2666015625 2268
11450.072265625 2465
11466.15234375 2664
11473.62109375 2760
11482.80859375 2764
11491.76953125 2938
11516.63671875 2943
11524.970703125 1860
11529.5107421875 2880
11540.572265625 2078
11551.41796875 884
11561.6552734375 886
11574.40625 1028
11584.5703125 1845
11594.56640625 1932
11606.41015625 2489
11612.392578125 90
11615.380859375 153
11624.291015625 240
11630.7509765625 256
11642.8681640625 531
11650.53125 644
11654.15625 706
11661.009765625 775
11661.302734375 1163
11672.142578125 1483
11674.556640625 2114
11684.4541015625 2379
11709.2353515625 2424
11712.203125 2433
11715.0927734375 2435
11723.4072265625 2442
11740.2939453125 2683
11744.7587890625 2811
11770.7294921875 2176
11790.2353515625 169
11802.1552734375 2207
11820.015625 1144
11826.43359375 2180
11828.3056640625 73
11831.57421875 663
11837.9208984375 677
11852.9521484375 756
11862.8896484375 925
11872.7509765625 927
11889.6640625 946
11893.6962890625 996
11898.185546875 1141
11905.1357421875 1202
11920.9794921875 1251
11924.9462890625 1457
11932.337890625 1502
11942.6337890625 1591
11952.1826171875 1733
11966.8349609375 1735
11979.8388671875 1919
11991.1572265625 1933
11997.5703125 1955
12023.9990234375 2002
12027.5576171875 2335
12043.2373046875 2341
12054.8984375 2565
12057.529296875 2695
12058.9501953125 2763
12076.263671875 2840
12084.623046875 2422
12086.1083984375 1020
12101.57421875 640
12108.0673828125 59
12123.130859375 177
12147.7587890625 191
12171.4853515625 575
12180.9970703125 687
12198.275390625 934
12208.681640625 1119
12213.5888671875 1529
12245.1796875 1697
12294.208984375 1810
12295.6416015625 1831
12315.4619140625 2354
12345.205078125 2528
12390.2265625 2679
12402.1533203125 2712
12403.3818359375 2747
12408.484375 2809
12434.9033203125 2821
12447.767578125 2842
12449.06640625 2860
12463.419921875 2906
12471.4951171875 2994
12475.7666015625 186
12478.751953125 223
12479.5166015625 1594
12490.9189453125 410
12494.359375 631
12503.7080078125 132
12528.609375 2576
12559.9423828125 1282
12564.30078125 488
12565.416015625 869
12569.9375 2059
12573.95703125 787
12584.2265625 904
12590.3173828125 137
12624.9638671875 275
12627.6728515625 328
12637.6796875 333
12638.748046875 392
12645.9736328125 407
12648.1376953125 489
12648.3779296875 680
12649.2939453125 1022
12681.5966796875 1290
12713.529296875 1358
12713.640625 1607
12735.44921875 1653
12762.951171875 2024
12763.716796875 2184
12770.1337890625 2221
12772.662109375 2394
12783.9091796875 2427
12786.279296875 2517
12787.58203125 2655
12795.392578125 2704
12802.94921875 2900
12809.43359375 2946
12810.2236328125 459
12811.603515625 1408
12828.3740234375 1339
12842.263671875 22
12843.64453125 45
12846.5908203125 300
12847.435546875 812
12849.58984375 922
12859.38671875 947
12863.638671875 975
12869.7197265625 1001
12870.78515625 1095
12904.8798828125 1275
12905.37890625 1664
12914.134765625 1708
12914.6748046875 1763
12927.8857421875 1766
12935.35546875 1889
12954.8359375 2077
12961.7451171875 2082
12961.7470703125 2131
13012.224609375 2315
13015.390625 2317
13020.1884765625 2409
13022.5595703125 2608
13025.794921875 2616
13027.796875 2649
13073.8740234375 2819
13112.0830078125 2862
13129.5380859375 1164
13140.6435546875 2213
13150.74609375 1050
13167.4287109375 979
13203.1396484375 1562
13213.4013671875 1597
13215.5595703125 2334
13216.26171875 587
13216.55859375 630
13225.6025390625 777
13230.69921875 1012
13232.0556640625 1064
13241.4619140625 1082
13245.095703125 1462
13248.96875 1501
13257.640625 1654
13273.166015625 1800
13277.556640625 2656
13283.7822265625 2884
13296.662109375 1416
13312.8447265625 1575
13316.47265625 2889
13369.2529296875 445
13387.9091796875 30
13390.9189453125 2484
13396.3505859375 38
13398.0693359375 40
13422.1640625 76
13423.783203125 77
13451.732421875 108
13456.2109375 164
13460.67578125 211
13471.3701171875 225
13471.3701171875 376
13477.0048828125 437
13510.3466796875 510
13517.62890625 646
13517.7607421875 671
13526.0654296875 738
13535.837890625 770
13558.6376953125 1434
13602.568359375 1610
13612.19140625 1662
13616.5625 1709
13619.2841796875 1998
13623.0546875 2166
13655.310546875 2220
13678.4775390625 2238
13679.18359375 2255
13683.0986328125 2345
13688.607421875 2510
13699.2763671875 2581
13726.876953125 2607
13734.98828125 2807
13742.603515625 1015
13761.37890625 1984
13764.021484375 1258
13768.6337890625 2555
13771.041015625 1147
13776.44140625 865
13782.376953125 939
13793.80078125 1497
13794.6083984375 2630
13800.2470703125 2752
13808.9833984375 457
13818.2646484375 309
13822.9375 316
13848.9853515625 483
13859.1328125 484
13864.9248046875 633
13871.2724609375 1026
13878.1435546875 1036
13880.6591796875 1176
13887.0 1423
13897.39453125 1485
13927.8583984375 1590
13928.97265625 1702
13944.1416015625 1759
13955.3662109375 1818
13969.79296875 1958
13988.453125 1963
14004.4873046875 1977
14006.8896484375 2053
14042.9248046875 2056
14051.3095703125 2125
14060.69140625 2304
14073.4111328125 2356
14101.08984375 2477
14117.072265625 2533
14153.9892578125 2732
14160.9228515625 2948
14174.5439453125 1601
14198.70703125 2256
14201.1484375 2104
14205.1640625 284
14205.642578125 182
14206.2880859375 916
14222.349609375 1667
14241.71875 1852
14260.0625 727
14268.8876953125 2036
14323.607421875 2772
14330.181640625 130
14337.2060546875 219
14340.564453125 394
14342.6328125 405
14342.6328125 634
14344.1953125 856
14345.8896484375 983
14362.271484375 1117
14363.46875 1386
14384.28515625 1791
14385.2265625 1991
14394.45703125 2060
14398.4736328125 2215
14401.8125 2314
14409.73828125 2440
14428.4228515625 2467
14460.2939453125 2618
14463.251953125 2648
14468.4970703125 2694
14473.23828125 1772
14474.3193359375 818
14484.939453125 2907
14496.279296875 660
14503.2666015625 1168
14506.400390625 1145
14524.8779296875 1476
14531.921875 1618
14539.5654296875 655
14561.919921875 1592
14561.919921875 2120
14603.29296875 2557
14646.1552734375 112
14657.5478515625 350
14663.9228515625 356
14664.462890625 448
14665.8720703125 1500
14669.3193359375 1526
14675.5498046875 1587
14685.3017578125 1881
14692.1748046875 1943
14701.53125 1962
14737.6708984375 1995
14742.1240234375 2075
14751.767578125 2118
14783.833984375 2309
14800.5048828125 2418
14815.7548828125 2516
14821.3828125 2588
14849.1318359375 2605
14861.0029296875 2623
14897.6787109375 2937
14898.990234375 1005
14902.2763671875 110
14917.2333984375 2360
14936.6083984375 121
14943.0703125 1046
14952.333984375 298
15031.126953125 372
15033.2802734375 492
15034.5615234375 752
15036.697265625 838
15036.7080078125 903
15041.7392578125 1034
15042.7470703125 1128
15043.9677734375 1187
15046.73046875 1437
15056.125 1488
15065.6142578125 1534
15088.88671875 1657
15129.4443359375 1678
15131.984375 1824
15163.1611328125 1826
15187.943359375 1941
15244.3203125 1997
15279.09375 2318
15330.0302734375 2327
15332.056640625 2362
15332.78125 2404
15342.173828125 2453
15344.5419921875 2458
15344.5419921875 2496
15347.9404296875 2696
15356.78515625 2722
15375.5009765625 2796
15376.5341796875 2584
15398.98046875 2872
15427.7861328125 2589
15470.3076171875 2135
15485.5576171875 1802
15494.046875 1853
15496.6689453125 1892
15521.140625 1580
15526.4560546875 25
15531.1728515625 72
15537.126953125 343
15540.361328125 710
15548.63671875 755
15560.34765625 885
15593.21875 1683
15618.33984375 1776
15665.783203125 1972
15695.1630859375 2047
15720.5390625 2138
15734.662109375 2185
15751.7275390625 2344
15760.994140625 2545
15785.900390625 2573
15803.4775390625 2855
15850.5048828125 2159
15873.0771484375 1067
15881.1982421875 371
15920.2353515625 243
16040.3056640625 1301
16071.5517578125 311
16081.7939453125 426
16087.900390625 648
16098.453125 720
16101.193359375 792
16103.7314453125 940
16133.0634765625 1006
16135.67578125 1032
16138.681640625 1160
16155.1328125 1189
16178.79296875 2183
16196.041015625 2190
16208.3544921875 2301
16234.2919921875 1459
16237.6162109375 1649
16246.02734375 353
16247.072265625 2706
16266.9453125 1511
16274.8330078125 1778
16297.421875 329
16309.865234375 731
16329.1748046875 1400
16343.2060546875 2070
16361.462890625 1480
16370.6728515625 1714
16376.6044921875 249
16405.423828125 94
16437.724609375 2823
16448.22265625 471
16457.783203125 473
16518.26171875 747
16518.609375 915
16544.103515625 921
16548.6875 993
16557.265625 1072
16602.908203125 1415
16636.748046875 1541
16651.1328125 1746
16666.76953125 1949
16674.427734375 2079
16699.99609375 2219
16722.458984375 2258
16782.26171875 2413
16787.96484375 2628
16806.44921875 2828
16816.716796875 2903
16846.2578125 2996
16956.052734375 204
16959.412109375 1247
16982.697265625 1410
17055.08984375 1888
17066.716796875 1214
17116.06640625 1658
17163.84375 2587
17171.0 380
17234.451171875 688
17273.16796875 1761
17288.171875 66
17378.2265625 127
17378.74609375 179
17442.666015625 855
17486.11328125 1198
17497.806640625 1250
17541.373046875 1507
17549.208984375 1558
17558.896484375 2007
17575.27734375 2092
17630.677734375 2231
17659.076171875 2384
17677.697265625 2457
17686.916015625 2544
17724.556640625 2717
17808.37109375 2774
17812.16015625 2794
17833.798828125 2909
17872.125 972
17926.900390625 1138
17928.255859375 1442
17941.25 1137
17950.0625 102
18017.412109375 667
18022.322265625 1935
18059.41015625 2352
18068.296875 2887
18074.720703125 427
18124.029296875 1533
18159.125 170
18168.119140625 262
18208.81640625 306
18209.162109375 596
18234.552734375 805
18243.533203125 849
18252.484375 850
18296.625 965
18316.51171875 976
18328.9296875 1058
18363.671875 1403
18411.296875 1645
18529.05859375 1999
18537.400390625 2292
18578.986328125 2392
18603.29296875 2403
18749.921875 2497
18775.427734375 2524
18792.833984375 2601
18798.123046875 2652
18827.259765625 2657
18841.19140625 2761
18842.919921875 2839
18867.814453125 2939
18900.037109375 2984
18905.9609375 1027
18945.794921875 622
18978.87109375 417
19014.8984375 450
19064.880859375 690
19066.28125 969
19093.041015625 982
19110.21875 1040
19116.486328125 1078
19116.8203125 1083
19191.326171875 1382
19228.2265625 1391
19329.529296875 1486
19383.298828125 1503
19478.8984375 1547
19517.365234375 1561
19533.810546875 1965
19542.234375 2026
19593.638671875 2066
19650.125 2182
19684.25 2245
19684.99609375 2460
19692.234375 2466
19715.048828125 2540
19743.298828125 2593
19759.134765625 2632
19802.748046875 2753
19860.880859375 2759
19901.19921875 2793
20141.541015625 2925
20258.4765625 2152
20626.240234375 762
20631.51953125 2757
20707.279296875 37
20755.20703125 1624
20816.59765625 1271
20836.509765625 2370
20870.798828125 2895
20900.27734375 2411
20903.521484375 67
20944.248046875 150
20955.259765625 171
21030.1640625 195
21042.314453125 363
21150.625 522
21166.57421875 657
21244.607421875 701
21256.572265625 760
21298.73046875 811
21356.2421875 874
21386.169921875 875
21396.498046875 1002
21413.955078125 1007
21417.720703125 1023
21444.5 1356
21458.20703125 1378
21464.37890625 1489
21658.525390625 1629
21676.4140625 2721
21724.109375 2032
21769.92578125 2259
21774.0859375 771
21827.060546875 1543
21925.8671875 2241
22027.353515625 1964
22077.65625 1625
22193.017578125 2693
22311.787109375 222
22523.017578125 258
22527.712890625 281
22602.87109375 506
22796.9609375 582
22805.337890625 724
22816.880859375 879
22841.255859375 1003
22895.662109375 1171
22924.435546875 1182
23070.31640625 1588
23180.625 1685
23236.501953125 1758
23336.95703125 2300
23363.111328125 2310
23396.439453125 2705
23444.619140625 2845
23480.51171875 2916
23588.91796875 1811
23613.59765625 2701
23701.37109375 421
23701.5234375 1440
23751.169921875 2337
23768.642578125 2531
23784.10546875 18
24167.8515625 29
24195.359375 31
24239.080078125 104
24266.25 274
24280.48828125 321
24316.443359375 370
24415.16796875 375
24474.212890625 562
24569.484375 914
24630.294921875 944
24647.865234375 1672
24765.927734375 1684
24793.57421875 1825
24809.974609375 1846
24916.06640625 1960
25174.8515625 1976
25257.888671875 2006
25271.4921875 2319
25271.4921875 2405
25416.56640625 2550
25459.2578125 2606
25536.328125 2768
25578.884765625 1081
25867.09765625 1780
25903.232421875 16
26007.427734375 28
26142.931640625 125
26342.037109375 212
26352.611328125 265
26540.16015625 295
26553.84765625 360
26678.84375 364
26903.08203125 937
26969.46484375 1077
27191.6796875 1101
27258.69140625 1241
27397.2421875 1243
27490.2109375 1307
27978.904296875 1343
28505.326171875 1404
28569.71875 1418
28615.623046875 1585
29317.955078125 1719
29661.28125 1822
30203.46484375 2009
30317.4296875 2164
30532.755859375 2214
31446.69921875 2250
31692.44140625 2263
32257.85546875 2342
32603.38671875 2359
32842.05859375 2547
