1221.651123046875 1811
1226.665283203125 2701
1254.4061279296875 421
1386.517333984375 1440
1422.803466796875 2337
1426.124267578125 2531
1441.294921875 18
1640.041259765625 29
1647.17529296875 31
1780.108642578125 104
1823.73583984375 274
1883.416015625 321
2429.217529296875 370
2546.134765625 375
2567.353515625 562
2688.486328125 914
2721.489013671875 944
2845.37255859375 1672
3073.0244140625 1684
3209.904052734375 1825
3294.625244140625 1846
3387.152587890625 1960
3517.9287109375 1976
3579.091552734375 2006
3828.7490234375 2319
3863.5263671875 2405
3909.0048828125 2550
3951.90380859375 2606
4005.109375 2768
4087.77490234375 1446
4107.876953125 87
4131.302734375 251
4168.9541015625 527
4188.9775390625 529
4295.77294921875 625
4413.205078125 641
4536.24365234375 693
4752.4921875 873
4759.06396484375 881
4874.2470703125 928
4886.32421875 1133
4899.42626953125 1283
4924.580078125 1318
5104.49951171875 1346
5149.431640625 1417
5177.7724609375 1720
5229.02783203125 1987
5367.8955078125 2226
5418.49658203125 2296
5469.10888671875 2515
5585.48974609375 2572
5625.072265625 2669
5658.56298828125 2728
5662.6044921875 2734
5749.18359375 2746
5761.490234375 2852
6349.8623046875 2866
6393.2841796875 2915
6419.712890625 2949
6458.7548828125 377
6508.6943359375 2281
6567.7685546875 160
6606.943359375 1
6615.85986328125 425
6621.54248046875 446
6712.8798828125 800
6735.796875 918
6788.07373046875 953
6901.1005859375 985
6962.30810546875 986
6973.0361328125 1008
6985.7705078125 1043
6987.5859375 1270
7068.04150390625 1317
7112.4169921875 1435
7219.703125 1548
7250.69970703125 1606
7252.65234375 1661
7312.21630859375 1712
7374.1064453125 2010
7398.2119140625 2088
7441.4619140625 2365
7491.89404296875 2410
7497.5107421875 2414
7580.025390625 2482
7589.462890625 2560
7809.38720703125 2781
7935.0146484375 2820
8199.7060546875 997
8240.474609375 1781
8399.640625 81
8449.3798828125 229
8458.0771484375 440
8495.666015625 548
8504.828125 611
8564.958984375 826
8708.599609375 834
8740.88671875 848
8808.65234375 871
8905.85546875 893
8945.263671875 1231
8955.732421875 1256
8984.888671875 1315
9175.0283203125 1458
9331.119140625 1550
9347.1240234375 1671
9405.8203125 1711
9536.4345703125 1815
9576.7109375 1893
9592.173828125 2312
9594.6650390625 2324
9638.154296875 2385
9859.8154296875 2447
9894.8681640625 2562
9934.8759765625 2610
9950.228515625 2622
10030.3486328125 2853
10175.9287109375 2924
10176.0576171875 2927
10197.1845703125 2239
10198.6875 1362
10340.6640625 1926
10566.5458984375 2997
10594.69921875 254
10595.8359375 388
10609.54296875 465
10626.4384765625 498
10662.56640625 520
10711.9326171875 962
10743.97265625 981
10750.0732421875 1156
10824.6796875 1652
10845.5283203125 2205
10847.654296875 2339
10861.3017578125 2417
10872.806640625 2494
10983.80859375 2687
11027.345703125 1122
11085.677734375 1670
11129.396484375 264
11132.2529296875 2173
11133.953125 1646
11138.0439453125 2396
11155.759765625 49
11166.650390625 189
11196.5673828125 261
11211.16015625 263
11219.462890625 430
11260.130859375 831
11321.1923828125 899
11367.4130859375 1123
11574.08203125 1169
11597.4208984375 1350
11637.197265625 1405
11743.783203125 1512
11789.1474609375 1750
11816.9951171875 1769
11926.78515625 1908
11958.7626953125 1966
11978.0107421875 1982
12019.970703125 1993
12068.9697265625 2094
12083.994140625 2126
12125.36328125 2141
12133.8515625 2171
12227.6875 2174
12271.9150390625 2177
12302.099609375 2237
12315.919921875 2367
12334.044921875 2536
12336.9296875 2542
12384.8720703125 2582
12428.9580078125 2675
12433.876953125 2703
12436.4140625 1873
12452.47265625 2107
12474.5654296875 1281
12493.9208984375 455
12510.6611328125 470
12519.1630859375 902
12523.7431640625 926
12543.982421875 967
12577.2333984375 1104
12617.841796875 1225
12691.6591796875 1286
12692.6416015625 1506
12725.291015625 1516
12728.650390625 1599
12815.232421875 1779
12839.013671875 1848
12883.6669921875 1867
12888.3271484375 1883
12904.6484375 2063
12916.154296875 2210
12924.150390625 2246
12941.3896484375 2285
12954.6123046875 2361
13033.1826171875 2686
13056.60546875 2700
13058.8525390625 88
13058.9609375 586
13064.546875 136
13084.736328125 1471
13090.6064453125 226
13098.189453125 296
13111.10546875 1197
13213.166015625 1666
13301.05078125 2511
13406.1806640625 101
13416.9169921875 215
13423.7958984375 549
13456.6064453125 550
13497.6171875 573
13498.1904296875 1136
13531.048828125 1199
13538.6630859375 1530
13617.53125 1581
13654.8291015625 1640
13656.97265625 1688
13677.0478515625 1968
13705.0322265625 2526
13744.8798828125 2571
13767.4638671875 2983
13775.291015625 1787
13805.04296875 602
13814.4599609375 1146
13871.4716796875 253
13875.55078125 342
13888.9482421875 843
13914.439453125 1233
13933.240234375 1335
13946.7412109375 1394
13961.267578125 1737
13993.7119140625 1784
14047.103515625 1950
14125.6689453125 2025
14146.2392578125 2473
14161.546875 2518
14168.470703125 999
14209.3525390625 1056
14227.6220703125 1900
14231.5888671875 1304
14237.7470703125 1326
14244.8642578125 2967
14355.2431640625 1329
14355.904296875 50
14376.5380859375 318
14428.255859375 389
14515.767578125 478
14562.375 491
14569.71484375 580
14628.6435546875 599
14667.2783203125 890
14677.1455078125 896
14707.791015625 909
14733.2548828125 919
14750.634765625 995
14767.265625 1273
14810.0625 1342
14821.6669921875 1430
14821.759765625 1495
14824.90625 1568
14826.1103515625 1583
14826.6708984375 1764
14870.431640625 1774
14888.333984375 2065
14891.6455078125 2117
14912.8173828125 2181
14923.7236328125 2268
14957.740234375 2465
14961.9765625 2664
14971.958984375 2760
14986.21875 2764
14990.3037109375 2938
15009.796875 2943
15034.7412109375 1860
15039.138671875 2880
15044.1162109375 1333
15045.29296875 2631
15056.109375 146
15089.603515625 1538
15115.220703125 21
15120.9765625 34
15129.90234375 200
15133.6884765625 288
15184.775390625 336
15258.263671875 385
15286.732421875 517
15294.783203125 546
15308.2451171875 609
15332.8046875 614
15335.5654296875 683
15342.078125 686
15386.5810546875 769
15433.3427734375 1097
15447.26953125 1221
15465.482421875 1322
15495.208984375 1359
15502.62109375 1376
15520.263671875 1686
15525.8251953125 1854
15611.28125 2513
15645.26953125 2553
15669.328125 2650
15671.0634765625 2672
15679.740234375 2911
15687.4599609375 78
15690.1904296875 2713
15722.087890625 2800
15733.216796875 2651
15760.0263671875 2970
15774.6240234375 1045
15818.751953125 1068
15836.021484375 2078
15844.443359375 884
15853.78515625 886
16003.251953125 1028
16022.5478515625 1845
16052.9140625 1932
16080.349609375 2489
16092.1904296875 90
16138.1044921875 153
16156.1845703125 240
16167.8564453125 256
16176.98046875 531
16230.833984375 644
16254.498046875 706
16256.8583984375 775
16282.611328125 1163
16291.494140625 1483
16304.4130859375 2114
16305.109375 2379
16352.4892578125 2424
16356.4794921875 2433
16357.3125 2435
16360.947265625 2442
16376.5078125 2683
16423.931640625 2811
16425.369140625 2176
16430.734375 169
16435.0703125 2207
16443.55078125 1144
16467.37890625 2180
16477.134765625 73
16490.15234375 663
16491.8671875 677
16492.466796875 756
16495.689453125 925
16524.306640625 927
16548.7109375 946
16555.658203125 996
16569.87890625 1141
16584.103515625 1202
16608.66796875 1251
16621.9609375 1457
16649.9375 1502
16650.3515625 1591
16654.244140625 1733
16679.58203125 1735
16698.611328125 1919
16751.87890625 1933
16763.06640625 1955
16768.015625 2002
16796.962890625 2335
16800.087890625 2341
16828.56640625 2565
16874.75390625 2695
16897.947265625 2763
16898.60546875 2840
16920.83984375 2422
16942.0703125 1020
16945.865234375 640
17003.6875 59
17007.791015625 177
17025.982421875 191
17032.02734375 575
17052.64453125 687
17057.65625 934
17088.142578125 1119
17103.845703125 1529
17112.884765625 1697
17158.845703125 1810
17179.275390625 1831
17185.83984375 2354
17186.134765625 2528
17193.59765625 2679
17198.328125 2712
17217.572265625 2747
17220.931640625 2809
17261.943359375 2821
17267.345703125 2842
17284.228515625 2860
17333.91015625 2906
17345.11328125 2994
17352.310546875 186
17353.21484375 223
17367.376953125 1594
17388.85546875 410
17411.306640625 631
17412.853515625 132
17417.171875 2576
17431.015625 1282
17452.5546875 488
17460.21875 869
17483.076171875 2059
17493.462890625 787
17499.986328125 904
17516.486328125 137
17520.3828125 275
17531.51171875 328
17556.92578125 333
17600.646484375 392
17627.654296875 407
17649.9453125 489
17679.8359375 680
17709.775390625 1022
17719.20703125 1290
17748.0859375 1358
17748.775390625 1607
17780.490234375 1653
17797.20703125 2024
17806.603515625 2184
17808.828125 2221
17815.40234375 2394
17874.080078125 2427
17901.5546875 2517
17947.376953125 2655
17971.5390625 2704
17973.625 2900
17979.033203125 2946
17985.73046875 459
18012.896484375 1408
18014.693359375 1339
18038.0 22
18039.16796875 45
18055.40625 300
18070.9375 812
18101.58984375 922
18115.86328125 947
18131.0859375 975
18139.814453125 1001
18139.8359375 1095
18143.783203125 1275
18144.857421875 1664
18144.857421875 1708
18169.46875 1763
18186.669921875 1766
18206.669921875 1889
18224.38671875 2077
18287.08984375 2082
18319.92578125 2131
18333.78515625 2315
18407.83203125 2317
18426.158203125 2409
18428.849609375 2608
18447.328125 2616
18468.501953125 2649
18494.744140625 2819
18503.76953125 2862
18541.078125 1164
18550.595703125 2213
18551.208984375 1050
18574.015625 979
18597.248046875 1562
18602.6015625 1597
18611.107421875 2334
18624.345703125 587
18638.13671875 630
18655.623046875 777
18676.66796875 1012
18685.591796875 1064
18702.22265625 1082
18720.947265625 1462
18739.447265625 1501
18740.41015625 1654
18740.845703125 1800
18748.10546875 2656
18754.89453125 2884
18781.6484375 1416
18800.14453125 1575
18800.712890625 2889
18823.95703125 445
18843.068359375 30
18855.189453125 2484
18862.73828125 38
18884.306640625 40
18892.3125 76
18914.30859375 77
18919.154296875 108
18936.09765625 164
18952.1796875 211
18958.873046875 225
19014.603515625 376
19015.287109375 437
19028.357421875 510
19036.966796875 646
19063.9296875 671
19065.798828125 738
19075.3984375 770
19099.720703125 1434
19136.5 1610
19137.65625 1662
19150.466796875 1709
19151.509765625 1998
19160.546875 2166
19168.537109375 2220
19189.64453125 2238
19202.931640625 2255
19205.625 2345
19225.7109375 2510
19255.205078125 2581
19271.69140625 2607
19332.443359375 2807
19342.607421875 1015
19389.853515625 1984
19401.11328125 1258
19408.306640625 2555
19469.529296875 1147
19471.83203125 865
19527.935546875 939
19536.048828125 1497
19547.458984375 2630
19548.51953125 2752
19551.763671875 457
19567.888671875 309
19587.3046875 316
19612.96484375 483
19616.4765625 484
19626.31640625 633
19666.193359375 1026
19679.37109375 1036
19681.083984375 1176
19725.8828125 1423
19744.974609375 1485
19744.974609375 1590
19748.20703125 1702
19764.44140625 1759
19784.3125 1818
19797.267578125 1958
19836.728515625 1963
19848.86328125 1977
19873.970703125 2053
19898.9140625 2056
19910.658203125 2125
19914.623046875 2304
19924.30078125 2356
19929.30859375 2477
19935.94921875 2533
19936.109375 2732
19988.080078125 2948
19993.15234375 1601
20020.4140625 2256
20047.56640625 2104
20049.474609375 284
20059.009765625 182
20060.57421875 916
20060.919921875 1667
20077.6875 1852
20078.439453125 727
20088.537109375 2036
20133.427734375 2772
20145.828125 130
20161.369140625 219
20178.83984375 394
20184.80078125 405
20213.7109375 634
20230.9453125 856
20245.966796875 983
20271.0859375 1117
20271.09765625 1386
20286.376953125 1791
20291.896484375 1991
20292.01953125 2060
20302.669921875 2215
20309.177734375 2314
20310.021484375 2440
20324.85546875 2467
20332.888671875 2618
20333.392578125 2648
20333.392578125 2694
20351.521484375 1772
20386.6015625 818
20390.2734375 2907
20443.400390625 660
20455.61328125 1168
20459.869140625 1145
20509.82421875 1476
20580.123046875 1618
20583.232421875 655
20597.75390625 1592
20602.697265625 2120
20602.857421875 2557
20608.8828125 112
20637.8671875 350
20672.419921875 356
20699.60546875 448
20702.458984375 1500
20710.603515625 1526
20737.93359375 1587
20738.2421875 1881
20740.84765625 1943
20753.03125 1962
20759.037109375 1995
20771.12890625 2075
20774.873046875 2118
20798.98046875 2309
20804.669921875 2418
20819.28515625 2516
20820.703125 2588
20824.96875 2605
20828.90625 2623
20839.859375 2937
20933.263671875 1005
20939.556640625 110
20944.84375 2360
20955.736328125 121
20956.7109375 1046
20966.90625 298
20969.640625 372
20998.05078125 492
21001.224609375 752
21005.30859375 838
21016.021484375 903
21047.82421875 1034
21051.0234375 1128
21095.203125 1187
21100.328125 1437
21126.876953125 1488
21150.083984375 1534
21152.89453125 1657
21165.294921875 1678
21191.990234375 1824
21201.10546875 1826
21236.361328125 1941
21263.775390625 1997
21264.21484375 2318
21273.982421875 2327
21326.6484375 2362
21362.50390625 2404
21372.431640625 2453
21372.986328125 2458
21425.048828125 2496
21460.7734375 2696
21487.814453125 2722
21488.63671875 2796
21495.470703125 2584
21503.767578125 2872
21509.03125 2589
21512.177734375 2135
21517.5859375 1802
21518.64453125 1853
21565.666015625 1892
21579.80078125 1580
21582.0703125 25
21594.962890625 72
21603.115234375 343
21605.1015625 710
21623.5390625 755
21665.884765625 885
21698.1328125 1683
21700.0234375 1776
21726.990234375 1972
21744.80859375 2047
21751.29296875 2138
21766.126953125 2185
21778.2109375 2344
21793.78125 2545
21801.693359375 2573
21856.666015625 2855
21863.44921875 2159
21876.236328125 1067
21876.236328125 371
21899.525390625 243
21926.400390625 1301
21930.765625 311
21952.15234375 426
21960.779296875 648
21977.150390625 720
21988.056640625 792
22024.23046875 940
22062.830078125 1006
22087.896484375 1032
22110.021484375 1160
22126.28515625 1189
22128.767578125 2183
22144.392578125 2190
22161.23046875 2301
22171.810546875 1459
22178.009765625 1649
22181.875 353
22204.203125 2706
22206.0234375 1511
22240.02734375 1778
22259.2734375 329
22284.6328125 731
22284.8359375 1400
22306.072265625 2070
22345.611328125 1480
22357.388671875 1714
22375.822265625 249
22439.533203125 94
22485.0390625 2823
22494.015625 471
22505.296875 473
22557.970703125 747
22561.162109375 915
22596.751953125 921
22608.37109375 993
22609.984375 1072
22609.984375 1415
22609.984375 1541
22620.6640625 1746
22656.98828125 1949
22715.572265625 2079
22744.775390625 2219
22834.419921875 2258
22853.271484375 2413
22916.712890625 2628
22925.919921875 2828
22954.92578125 2903
22955.716796875 2996
22964.517578125 204
22993.6328125 1247
22999.25 1410
23036.958984375 1888
23046.80078125 1214
23050.796875 1658
23069.61328125 2587
23095.404296875 380
23111.421875 688
23194.185546875 1761
23207.326171875 66
23225.638671875 127
23336.556640625 179
23366.6015625 855
23385.916015625 1198
23389.615234375 1250
23456.880859375 1507
23461.43359375 1558
23536.837890625 2007
23560.22265625 2092
23591.55078125 2231
23610.3671875 2384
23612.8671875 2457
23625.962890625 2544
23638.15625 2717
23647.501953125 2774
23668.115234375 2794
23687.12109375 2909
23687.7890625 972
23788.177734375 1138
23920.35546875 1442
23970.880859375 1137
24005.546875 102
24006.66796875 667
24007.9296875 1935
24022.583984375 2352
24047.13671875 2887
24058.353515625 427
24071.072265625 1533
24140.640625 170
24186.263671875 262
24193.583984375 306
24219.96875 596
24256.3671875 805
24263.763671875 849
24279.28125 850
24297.82421875 965
24323.12890625 976
24364.068359375 1058
24393.28125 1403
24398.748046875 1645
24410.728515625 1999
24472.73046875 2292
24500.919921875 2392
24504.3828125 2403
24539.51953125 2497
24553.099609375 2524
24659.296875 2601
24708.978515625 2652
24753.2109375 2657
24795.779296875 2761
24800.033203125 2839
24801.513671875 2939
24847.923828125 2984
24875.0 1027
24959.865234375 622
24960.79296875 417
24975.6328125 450
25002.12890625 690
25030.939453125 969
25195.166015625 982
25228.87890625 1040
25253.75390625 1078
25331.001953125 1083
25378.494140625 1382
25447.46484375 1391
25480.103515625 1486
25502.287109375 1503
25534.193359375 1547
25548.150390625 1561
25716.435546875 1965
25729.6015625 2026
25739.841796875 2066
25749.525390625 2182
25864.40625 2245
25915.578125 2460
25981.7421875 2466
25989.291015625 2540
26045.796875 2593
26048.7890625 2632
26076.4375 2753
26189.591796875 2759
26283.716796875 2793
26352.423828125 2925
26382.619140625 2152
26521.75390625 762
26526.828125 2757
26526.828125 37
26532.474609375 1624
26568.001953125 1271
26585.330078125 2370
26687.45703125 2895
26719.111328125 2411
26768.193359375 67
26807.734375 150
26919.08984375 171
27021.123046875 195
27026.390625 363
27044.359375 522
27091.462890625 657
27091.462890625 701
27225.744140625 760
27232.8515625 811
27311.5390625 874
27330.11328125 875
27358.7578125 1002
27401.875 1007
27470.494140625 1023
27548.939453125 1356
27780.140625 1378
27836.978515625 1489
28142.478515625 1629
28159.18359375 2721
28160.9921875 2032
28208.138671875 2259
28313.87109375 771
28370.9609375 1543
28496.259765625 2241
28582.81640625 1964
28607.830078125 1625
28635.75390625 2693
28971.13671875 222
28973.923828125 258
29006.337890625 281
29048.111328125 506
29053.318359375 582
29065.564453125 724
29112.302734375 879
29215.67578125 1003
29252.94140625 1171
29415.154296875 1182
29467.408203125 1588
29521.947265625 1685
29633.10546875 1758
29691.943359375 2300
29794.576171875 2310
29979.5546875 2705
30021.765625 2845
30295.78125 2916
30385.775390625 1081
30453.802734375 1780
30723.830078125 16
30756.92578125 28
30885.521484375 125
31176.67578125 212
31625.279296875 265
32615.806640625 295
32803.66015625 360
32883.5625 364
32942.0859375 937
32952.484375 1077
33148.2265625 1101
33338.90625 1241
33488.5625 1243
33631.44921875 1307
33655.13671875 1343
33694.65234375 1404
33836.1796875 1418
34228.5390625 1585
34326.14453125 1719
34483.65234375 1822
35315.5859375 2009
35560.42578125 2164
35951.43359375 2214
36474.46484375 2250
36893.79296875 2263
38013.55859375 2342
38263.8203125 2359
39505.2421875 2547
