2438.974609375 2078
2556.6484375 884
2563.011962890625 886
2791.7548828125 1028
2813.58056640625 1845
3265.1796875 1932
3299.839599609375 2489
3309.8681640625 90
3386.21923828125 153
3495.166015625 240
3627.5849609375 256
3642.772705078125 531
3895.110107421875 644
4015.224609375 706
4131.17724609375 775
4169.89892578125 1163
4182.533203125 1483
4231.04052734375 2114
4483.396484375 2379
4690.45263671875 2424
4802.708984375 2433
4927.15380859375 2435
4949.8720703125 2442
5002.7021484375 2683
5472.43212890625 2811
5575.59423828125 2176
5589.525390625 169
5707.2177734375 2207
5715.5615234375 1446
5749.6943359375 87
5778.6455078125 251
5795.88720703125 527
5802.76806640625 529
5831.7587890625 625
5893.47314453125 641
5948.65185546875 693
6057.173828125 873
6072.6455078125 881
6104.2841796875 928
6145.30908203125 1133
6379.8876953125 1283
6416.0966796875 1318
6424.208984375 1346
6494.34130859375 1417
6501.025390625 1720
6506.99609375 1987
6623.33203125 2226
6623.9111328125 2296
6630.0302734375 2515
6688.2236328125 2572
6849.5654296875 2669
6864.42578125 2728
6873.61669921875 2734
6926.22265625 2746
7033.01611328125 2852
7061.7294921875 2866
7090.43603515625 2915
7180.35546875 2949
7189.9013671875 377
7227.78759765625 2281
7249.3173828125 160
7456.8662109375 1
7487.8623046875 425
7696.611328125 446
7741.03515625 800
7773.333984375 918
7802.06884765625 953
7875.08935546875 985
7879.01123046875 986
7946.75390625 1008
7964.1015625 1043
7972.0810546875 1270
8076.31005859375 1317
8111.0712890625 1435
8155.98974609375 1548
8155.98974609375 1606
8183.3369140625 1661
8235.1904296875 1712
8252.087890625 2010
8270.232421875 2088
8285.2333984375 2365
8312.779296875 2410
8326.990234375 2414
8357.3271484375 2482
8360.1630859375 2560
8390.345703125 2781
8437.7265625 2820
8442.3525390625 997
8508.02734375 1781
8597.333984375 81
8685.63671875 229
8716.939453125 440
8720.798828125 548
8737.5087890625 611
8739.29296875 826
8751.7216796875 834
8767.2734375 848
8771.767578125 871
8808.033203125 893
8893.6298828125 1231
8942.658203125 1256
8971.302734375 1315
9001.140625 1458
9138.345703125 1550
9157.5595703125 1671
9167.48046875 1711
9243.255859375 1815
9260.3017578125 1893
9314.451171875 2312
9321.203125 2324
9378.3310546875 2385
9416.3125 2447
9425.48828125 2562
9432.203125 2610
9458.390625 2622
9554.1328125 2853
9596.9013671875 2924
9600.89453125 2927
9608.703125 2239
9613.5751953125 1362
9651.6162109375 1926
9757.4326171875 2997
9783.802734375 254
9783.802734375 388
9799.900390625 465
9803.6630859375 498
9814.3134765625 520
9822.0751953125 962
9849.3486328125 981
9908.95703125 1156
9936.4140625 1652
9954.1083984375 2205
9969.3525390625 2339
10005.51171875 2417
10019.02734375 2494
10041.978515625 2687
10061.8330078125 1122
10077.787109375 1670
10122.0888671875 264
10240.62890625 2173
10240.62890625 1646
10255.84765625 2396
10259.3134765625 49
10338.85546875 189
10363.1865234375 261
10365.771484375 263
10372.5244140625 430
10391.822265625 831
10419.61328125 899
10424.9755859375 1123
10442.595703125 1169
10525.4033203125 1350
10532.5654296875 1405
10585.791015625 1512
10596.814453125 1750
10617.6728515625 1769
10630.0830078125 1908
10653.244140625 1966
10679.078125 1982
10775.7265625 1993
10784.375 2094
10837.1884765625 2126
10867.494140625 2141
10935.6455078125 2171
10952.611328125 2174
10953.0986328125 2177
10955.6435546875 2237
11025.7021484375 2367
11038.021484375 2536
11053.88671875 2542
11054.8671875 2582
11058.2607421875 2675
11089.3134765625 2703
11123.2734375 1873
11137.05078125 2107
11179.3818359375 1281
11218.208984375 455
11282.603515625 470
11339.4892578125 902
11390.3232421875 926
11406.1455078125 967
11420.7197265625 1104
11455.3720703125 1225
11457.333984375 1286
11472.9296875 1506
11481.7001953125 1516
11491.734375 1599
11500.36328125 1779
11508.8857421875 1848
11512.759765625 1867
11530.75390625 1883
11532.0634765625 2063
11591.04296875 2210
11640.396484375 2246
11642.8583984375 2285
11697.8408203125 2361
11701.388671875 2686
11709.7978515625 2700
11735.587890625 88
11741.533203125 586
11751.0419921875 136
11765.2900390625 1471
11810.474609375 226
11834.2822265625 296
11858.15234375 1197
11862.361328125 1666
11874.5966796875 2511
11885.5244140625 101
11894.1376953125 215
11897.775390625 549
11926.501953125 550
11950.62890625 573
12012.35546875 1136
12031.546875 1199
12128.1435546875 1530
12137.607421875 1581
12168.8916015625 1640
12173.775390625 1688
12178.8271484375 1968
12188.439453125 2526
12219.4951171875 2571
12239.392578125 2983
12267.740234375 1787
12271.224609375 602
12273.80078125 1146
12288.9482421875 253
12318.771484375 342
12354.1044921875 843
12376.90625 1233
12448.931640625 1335
12455.45703125 1394
12461.119140625 1737
12494.2099609375 1784
12524.9423828125 1950
12549.404296875 2025
12674.509765625 2473
12679.40625 2518
12700.109375 999
12701.3974609375 1056
12764.8095703125 1900
12766.1572265625 1304
12769.0302734375 1326
12786.146484375 2967
12786.9140625 1329
12801.62109375 50
12801.8984375 318
12845.404296875 389
12858.283203125 478
12885.2080078125 491
12888.912109375 580
12893.5693359375 599
12921.37109375 890
12960.611328125 896
12981.8798828125 909
13016.732421875 919
13027.361328125 995
13040.6884765625 1273
13049.107421875 1342
13053.28125 1430
13072.560546875 1495
13083.8779296875 1568
13107.525390625 1583
13110.77734375 1764
13111.7744140625 1774
13133.701171875 2065
13202.05859375 2117
13202.6328125 2181
13204.228515625 2268
13228.4384765625 2465
13244.8076171875 2664
13260.6669921875 2760
13268.3466796875 2764
13268.3466796875 2938
13278.208984375 2943
13300.935546875 1860
13350.9970703125 2880
13354.837890625 1333
13362.2666015625 2631
13401.779296875 146
13403.166015625 1538
13443.638671875 21
13451.490234375 34
13475.07421875 200
13498.205078125 288
13516.541015625 336
13518.279296875 385
13574.4736328125 517
13602.044921875 546
13605.00390625 609
13639.482421875 614
13651.2880859375 683
13681.578125 686
13693.4697265625 769
13703.5830078125 1097
13707.4228515625 1221
13715.150390625 1322
13813.9150390625 1359
13832.49609375 1376
13843.9404296875 1686
13879.953125 1854
13918.3701171875 2513
13949.470703125 2553
13970.7294921875 2650
13991.63671875 2672
14019.4638671875 2911
14021.0439453125 78
14046.091796875 2713
14050.6572265625 2800
14051.912109375 2651
14053.2255859375 2970
14054.2919921875 1045
14056.8115234375 1068
14062.8525390625 1144
14067.6279296875 2180
14074.5712890625 73
14078.3046875 663
14082.3203125 677
14083.1220703125 756
14110.9267578125 925
14126.4677734375 927
14128.0283203125 946
14134.2138671875 996
14156.6416015625 1141
14163.3828125 1202
14169.2626953125 1251
14182.6572265625 1457
14183.529296875 1502
14188.673828125 1591
14195.8603515625 1733
14225.021484375 1735
14240.8662109375 1919
14270.6015625 1933
14293.265625 1955
14333.478515625 2002
14334.8076171875 2335
14345.1396484375 2341
14386.5615234375 2565
14387.767578125 2695
14400.5498046875 2763
14402.9287109375 2840
14410.994140625 2422
14436.18359375 1020
14441.654296875 640
14446.373046875 59
14466.69140625 177
14466.9794921875 191
14509.333984375 575
14517.724609375 687
14522.966796875 934
14567.23828125 1119
14604.3671875 1529
14611.0 1697
14623.28515625 1810
14656.173828125 1831
14657.623046875 2354
14661.0439453125 2528
14666.9765625 2679
14674.201171875 2712
14680.6455078125 2747
14727.0810546875 2809
14746.4921875 2821
14756.080078125 2842
14756.3671875 2860
14769.712890625 2906
14820.42578125 2994
14832.5 186
14836.1396484375 223
14860.77734375 1594
14873.0556640625 410
14888.376953125 631
14896.751953125 132
14905.0634765625 2576
14925.876953125 1282
14944.9287109375 488
14946.490234375 869
15014.2197265625 2059
15050.0380859375 787
15071.146484375 904
15074.2353515625 137
15083.7900390625 275
15086.3994140625 328
15110.8427734375 333
15118.20703125 392
15122.5439453125 407
15125.5693359375 489
15138.01171875 680
15139.9189453125 1022
15183.7236328125 1290
15219.427734375 1358
15221.9013671875 1607
15259.28515625 1653
15271.89453125 2024
15294.9609375 2184
15303.041015625 2221
15307.5146484375 2394
15326.9013671875 2427
15328.1875 2517
15339.56640625 2655
15340.435546875 2704
15349.47265625 2900
15373.5966796875 2946
15374.1630859375 459
15380.02734375 1408
15398.2724609375 1339
15437.4462890625 22
15441.7509765625 45
15443.6953125 300
15464.4619140625 812
15465.0390625 922
15474.3583984375 947
15489.755859375 975
15507.837890625 1001
15508.3974609375 1095
15534.3076171875 1275
15540.5390625 1664
15545.005859375 1708
15589.490234375 1763
15595.2001953125 1766
15611.890625 1889
15619.6123046875 2077
15649.8271484375 2082
15658.9111328125 2131
15662.08203125 2315
15662.322265625 2317
15666.208984375 2409
15677.830078125 2608
15683.044921875 2616
15713.6884765625 2649
15726.5478515625 2819
15728.36328125 2862
15740.19921875 1164
15743.5048828125 2213
15760.7060546875 1050
15763.4541015625 979
15766.802734375 1562
15769.66015625 1597
15770.6826171875 2334
15813.2900390625 587
15815.06640625 630
15827.6416015625 777
15846.4580078125 1012
15854.8056640625 1064
15862.7041015625 1082
15867.2421875 1462
15890.5009765625 1501
15894.130859375 1654
15900.71875 1800
15901.3681640625 2656
15910.369140625 2884
15922.017578125 1416
15952.6318359375 1575
15979.1865234375 2889
15981.6806640625 445
15993.94140625 30
15994.3125 2484
15995.2314453125 38
16012.59375 40
16037.7529296875 76
16046.1845703125 77
16063.7109375 108
16074.810546875 164
16086.744140625 211
16090.1044921875 225
16092.455078125 376
16101.173828125 437
16128.7119140625 510
16147.92578125 646
16160.8291015625 671
16165.0771484375 738
16172.53125 770
16223.865234375 1434
16238.74609375 1610
16240.29296875 1662
16251.5185546875 1709
16277.8154296875 1998
16288.447265625 2166
16294.5361328125 2220
16320.2265625 2238
16339.2900390625 2255
16344.341796875 2345
16361.392578125 2510
16368.908203125 2581
16396.369140625 2607
16409.466796875 2807
16415.70703125 1015
16416.671875 1984
16418.361328125 1258
16422.771484375 2555
16464.6015625 1147
16473.6171875 865
16554.5234375 939
16569.638671875 1497
16583.58984375 2630
16606.876953125 2752
16621.26953125 457
16628.03515625 309
16638.365234375 316
16648.296875 483
16670.873046875 484
16735.255859375 633
16736.08203125 1026
16741.578125 1036
16757.634765625 1176
16774.201171875 1423
16776.3671875 1485
16782.4453125 1590
16783.34765625 1702
16855.73046875 1759
16871.01171875 1818
16875.810546875 1958
16890.390625 1963
16912.47265625 1977
16930.517578125 2053
16935.236328125 2056
16965.16796875 2125
16974.76171875 2304
16998.310546875 2356
17003.552734375 2477
17004.111328125 2533
17004.625 2732
17006.564453125 2948
17010.78125 1601
17011.9296875 2256
17018.271484375 2104
17022.66796875 284
17036.025390625 182
17042.9453125 916
17043.37109375 1667
17059.029296875 1852
17076.873046875 727
17086.5859375 2036
17087.470703125 2772
17104.177734375 130
17140.494140625 219
17159.642578125 394
17173.611328125 405
17200.21875 634
17207.3125 856
17224.806640625 983
17231.76953125 1117
17257.767578125 1386
17292.361328125 1791
17323.65234375 1991
17358.86328125 2060
17371.03515625 2215
17371.591796875 2314
17372.25390625 2440
17386.181640625 2467
17389.25390625 2618
17390.189453125 2648
17390.509765625 2694
17390.89453125 1772
17396.669921875 818
17418.0 2907
17426.98046875 660
17432.841796875 1168
17441.44921875 1145
17445.6640625 1476
17456.919921875 1618
17458.025390625 655
17459.943359375 1592
17480.5234375 2120
17485.421875 2557
17487.724609375 112
17507.955078125 350
17519.61328125 356
17540.345703125 448
17542.716796875 1500
17548.822265625 1526
17567.734375 1587
17575.951171875 1881
17578.046875 1943
17587.37890625 1962
17641.0078125 1995
17657.931640625 2075
17685.1328125 2118
17699.875 2309
17703.970703125 2418
17708.17578125 2516
17741.98046875 2588
17747.326171875 2605
17771.330078125 2623
17780.88671875 2937
17832.14453125 1005
17834.330078125 110
17852.828125 2360
17862.228515625 121
17936.919921875 1046
17956.740234375 298
17957.154296875 372
17961.333984375 492
17961.9921875 752
17993.9375 838
18020.734375 903
18041.2578125 1034
18067.64453125 1128
18068.953125 1187
18098.642578125 1437
18137.5859375 1488
18174.2734375 1534
18187.59765625 1657
18190.5 1678
18192.93359375 1824
18193.634765625 1826
18195.126953125 1941
18260.970703125 1997
18261.70703125 2318
18264.775390625 2327
18268.90234375 2362
18274.685546875 2404
18294.365234375 2453
18316.4375 2458
18330.033203125 2496
18338.8515625 2696
18341.16796875 2722
18348.267578125 2796
18362.15234375 2584
18419.869140625 2872
18430.318359375 2589
18440.740234375 2135
18448.466796875 1802
18453.525390625 1853
18468.52734375 1892
18472.58203125 1580
18479.865234375 25
18491.00390625 72
18515.65625 343
18516.99609375 710
18528.05078125 755
18530.166015625 885
18535.134765625 1683
18553.169921875 1776
18554.89453125 1972
18558.517578125 2047
18566.673828125 2138
18569.013671875 2185
18586.826171875 2344
18624.8125 2545
18651.3515625 2573
18661.21484375 2855
18672.1640625 2159
18730.896484375 1067
18732.669921875 371
18744.806640625 243
18746.3203125 1301
18747.41015625 311
18777.619140625 426
18785.490234375 648
18785.689453125 720
18804.09765625 792
18820.93359375 940
18830.447265625 1006
18834.9375 1032
18844.375 1160
18846.57421875 1189
18857.556640625 2183
18938.693359375 2190
18943.888671875 2301
18945.310546875 1459
18953.23828125 1649
18981.0 353
19029.404296875 2706
19097.7265625 1511
19098.619140625 1778
19121.6796875 329
19124.669921875 731
19156.76953125 1400
19170.98046875 2070
19180.015625 1480
19198.865234375 1714
19203.185546875 249
19203.345703125 94
19207.787109375 2823
19266.5859375 471
19310.23828125 473
19327.935546875 747
19363.73828125 915
19421.9453125 921
19449.37109375 993
19485.802734375 1072
19487.2265625 1415
19489.69921875 1541
19506.462890625 1746
19528.859375 1949
19538.806640625 2079
19556.904296875 2219
19565.478515625 2258
19589.85546875 2413
19593.52734375 2628
19615.904296875 2828
19617.3359375 2903
19618.48828125 2996
19624.296875 204
19634.7734375 1247
19645.455078125 1410
19648.73046875 1888
19677.787109375 1214
19684.08984375 1658
19722.84375 2587
19760.744140625 380
19761.01171875 688
19768.212890625 1761
19778.4765625 66
19814.244140625 127
19815.123046875 179
19829.904296875 855
19885.30078125 1198
19934.708984375 1250
19971.91796875 1507
19973.328125 1558
19980.671875 2007
20024.109375 2092
20028.74609375 2231
20044.798828125 2384
20052.919921875 2457
20091.7421875 2544
20094.771484375 2717
20117.6796875 2774
20139.59765625 2794
20139.849609375 2909
20156.611328125 972
20198.521484375 1138
20218.603515625 1442
20225.369140625 1137
20227.40625 102
20271.552734375 667
20274.876953125 1935
20276.91015625 2352
20277.599609375 2887
20312.556640625 427
20314.3984375 1533
20346.955078125 170
20375.400390625 262
20390.6796875 306
20390.6796875 596
20408.146484375 805
20416.779296875 849
20429.580078125 850
20432.53515625 965
20439.603515625 976
20440.37890625 1058
20458.755859375 1403
20483.990234375 1645
20485.0546875 1999
20574.041015625 2292
20598.171875 2392
20619.23828125 2403
20683.1328125 2497
20697.708984375 2524
20710.6640625 2601
20744.4296875 2652
20766.29296875 2657
20769.19921875 2761
20800.173828125 2839
20810.150390625 2939
20832.025390625 2984
20848.408203125 1027
20850.22265625 622
20876.353515625 417
20886.578125 450
20915.12890625 690
20917.486328125 969
21000.93359375 982
21010.02734375 1040
21048.169921875 1078
21051.56640625 1083
21084.80078125 1382
21113.400390625 1391
21120.08203125 1486
21146.080078125 1503
21157.58984375 1547
21293.98046875 1561
21339.07421875 1965
21359.568359375 2026
21377.130859375 2066
21385.6796875 2182
21395.990234375 2245
21406.328125 2460
21496.9375 2466
21513.1171875 2540
21523.384765625 2593
21548.91015625 2632
21556.28515625 2753
21570.10546875 2759
21578.28125 2793
21579.40234375 2925
21621.279296875 2152
21677.177734375 762
21691.205078125 2757
21694.673828125 37
21774.3359375 1624
21789.25 1271
21791.8359375 2370
21926.91796875 2895
21938.09375 2411
21979.13671875 67
22067.681640625 150
22080.0703125 171
22140.912109375 195
22141.94921875 363
22146.623046875 522
22188.84765625 657
22238.259765625 701
22247.150390625 760
22270.453125 811
22385.798828125 874
22424.5859375 875
22460.212890625 1002
22511.1328125 1007
22531.388671875 1023
22547.3203125 1356
22548.833984375 1378
22554.08984375 1489
22585.4921875 1629
22600.212890625 2721
22602.87890625 2032
22615.76171875 2259
22627.0234375 771
22671.828125 1543
22681.4140625 2241
22707.572265625 1964
22745.638671875 1625
22778.87109375 2693
22800.125 222
22837.8671875 258
23056.001953125 281
23072.794921875 506
23100.14453125 582
23186.4765625 724
23186.744140625 879
23209.4453125 1003
23212.890625 1171
23282.2421875 1182
23366.9609375 1588
23372.841796875 1685
23487.306640625 1758
23555.728515625 2300
23598.5625 2310
23601.298828125 2705
23632.31640625 2845
23670.75 2916
23682.064453125 1811
23717.53515625 2701
23732.9765625 421
23852.267578125 1440
23884.05859375 2337
23912.638671875 2531
23961.76171875 18
24026.728515625 29
24086.439453125 31
24134.833984375 104
24200.013671875 274
24200.25 321
24225.73828125 370
24263.51171875 375
24298.560546875 562
24301.53515625 914
24301.53515625 944
24372.830078125 1672
24548.322265625 1684
24636.521484375 1825
24750.529296875 1846
24801.109375 1960
24938.451171875 1976
25013.32421875 2006
25145.6171875 2319
25225.68359375 2405
25258.158203125 2550
25273.5078125 2606
25276.5 2768
25379.642578125 1081
25386.556640625 1780
25737.662109375 16
25843.033203125 28
25852.92578125 125
25931.6953125 212
26052.552734375 265
26134.306640625 295
26172.20703125 360
26268.69140625 364
26314.578125 937
26335.91796875 1077
26525.3046875 1101
26921.85546875 1241
26961.15625 1243
27216.5546875 1307
27254.423828125 1343
27450.259765625 1404
27451.689453125 1418
27523.59765625 1585
27576.767578125 1719
27778.0546875 1822
28213.447265625 2009
28417.712890625 2164
28883.08984375 2214
30471.212890625 2250
31019.296875 2263
31552.07421875 2342
32463.9296875 2359
34520.15625 2547
