3044.060546875 1646
3955.140625 2396
4245.6376953125 49
4259.6533203125 189
4405.45654296875 261
4462.037109375 263
4537.98046875 430
4561.65771484375 831
4967.3671875 899
5048.736328125 1123
5121.7353515625 1169
5167.32666015625 1350
5225.43994140625 1405
5366.38623046875 1512
5449.44580078125 1750
5458.81640625 1769
5694.939453125 1908
5708.97265625 1966
5768.802734375 1982
6097.69384765625 1993
6128.10693359375 2094
6214.521484375 2126
6216.5146484375 2141
6347.533203125 2171
6350.6552734375 2174
6361.6591796875 2177
6406.8212890625 2237
6506.337890625 2367
6558.517578125 2536
6616.251953125 2542
7024.67578125 2582
7232.583984375 2675
7282.453125 2703
7402.6025390625 1873
7427.1630859375 2107
7433.54150390625 1446
7542.9140625 87
7610.6513671875 251
7666.3857421875 527
7702.2744140625 529
7706.1171875 625
7896.63720703125 641
7908.849609375 693
8056.1875 873
8148.5888671875 881
8199.5947265625 928
8247.5703125 1133
8265.8046875 1283
8282.6552734375 1318
8287.4228515625 1346
8328.2109375 1417
8352.05078125 1720
8377.525390625 1987
8440.185546875 2226
8445.84375 2296
8493.0625 2515
8563.2294921875 2572
8565.349609375 2669
8575.091796875 2728
8587.2509765625 2734
8656.78125 2746
8710.5810546875 2852
8757.1220703125 2866
8764.55078125 2915
8848.8154296875 2949
8858.953125 377
8858.953125 2281
8996.599609375 160
9059.0625 1
9119.9541015625 425
9140.443359375 446
9234.9609375 800
9309.2900390625 918
9334.966796875 953
9356.8857421875 985
9365.662109375 986
9394.9951171875 1008
9461.8037109375 1043
9478.6279296875 1270
9486.205078125 1317
9609.359375 1435
9623.8603515625 1548
9626.98046875 1606
9633.73046875 1661
9646.07421875 1712
9676.8125 2010
9683.1123046875 2088
9711.353515625 2365
9715.6064453125 2410
9772.15234375 2414
9780.021484375 2482
9797.298828125 2560
9798.712890625 2781
9815.8046875 2820
9817.0380859375 997
9817.1015625 1781
9891.892578125 81
9953.6416015625 229
10056.001953125 440
10168.8984375 548
10181.6044921875 611
10228.1083984375 826
10256.244140625 834
10276.81640625 848
10305.5634765625 871
10321.14453125 893
10326.5625 1231
10384.78125 1256
10408.427734375 1315
10461.140625 1458
10470.0478515625 1550
10481.2646484375 1671
10482.470703125 1711
10535.8994140625 1815
10539.869140625 1893
10575.015625 2312
10578.7861328125 2324
10599.0419921875 2385
10617.244140625 2447
10661.9912109375 2562
10675.6572265625 2610
10677.7490234375 2622
10696.34375 2853
10782.455078125 2924
10853.640625 2927
10883.666015625 2239
10903.08203125 1362
10923.68359375 1926
10941.2216796875 2997
10955.876953125 254
10978.5703125 388
11001.1572265625 465
11003.7109375 498
11069.765625 520
11090.7275390625 962
11095.82421875 981
11100.265625 1156
11104.482421875 1652
11134.2255859375 2205
11135.080078125 2339
11189.9453125 2417
11212.86328125 2494
11277.3837890625 2687
11289.8662109375 1122
11290.2890625 1670
11291.0927734375 264
11291.0927734375 2173
11292.1513671875 1281
11302.04296875 455
11305.7880859375 470
11307.3154296875 902
11360.892578125 926
11417.4365234375 967
11427.4208984375 1104
11477.0029296875 1225
11489.791015625 1286
11493.05078125 1506
11506.18359375 1516
11534.369140625 1599
11549.392578125 1779
11604.4912109375 1848
11619.8251953125 1867
11623.4892578125 1883
11627.193359375 2063
11658.6474609375 2210
11688.0283203125 2246
11695.421875 2285
11750.978515625 2361
11754.357421875 2686
11765.7880859375 2700
11783.921875 88
11801.689453125 586
11822.537109375 136
11848.92578125 1471
11862.189453125 226
11889.27734375 296
11894.2578125 1197
11964.083984375 1666
11964.5830078125 2511
11996.53125 101
12025.2197265625 215
12029.45703125 549
12031.8857421875 550
12033.373046875 573
12074.7724609375 1136
12092.55859375 1199
12111.9736328125 1530
12178.5693359375 1581
12186.6572265625 1640
12208.1630859375 1688
12209.875 1968
12280.5234375 2526
12298.1103515625 2571
12344.513671875 2983
12351.248046875 1787
12399.076171875 602
12433.12109375 1146
12475.306640625 253
12482.021484375 342
12547.263671875 843
12551.9150390625 1233
12563.8974609375 1335
12571.728515625 1394
12606.3994140625 1737
12631.6083984375 1784
12649.8203125 1950
12655.904296875 2025
12677.76171875 2473
12725.041015625 2518
12760.5029296875 999
12769.298828125 1056
12772.8564453125 1900
12781.08203125 1304
12794.96484375 1326
12796.9130859375 2967
12798.708984375 1329
12817.552734375 50
12827.6484375 318
12832.5390625 389
12860.916015625 478
12867.7998046875 491
12870.3671875 580
12884.0146484375 599
12907.66015625 890
12917.419921875 896
12919.001953125 909
12928.962890625 919
12929.9375 995
12946.259765625 1273
12971.341796875 1342
12973.5546875 1430
12977.7333984375 1495
12990.3720703125 1568
12990.4541015625 1583
12998.6455078125 1764
13003.0322265625 1774
13008.15234375 2065
13023.9296875 2117
13043.263671875 2181
13068.904296875 2268
13069.400390625 2465
13076.099609375 2664
13079.794921875 2760
13088.9970703125 2764
13098.259765625 2938
13135.806640625 2943
13160.4609375 1860
13160.4609375 2880
13201.0048828125 1333
13230.4208984375 2631
13231.6787109375 146
13241.32421875 1538
13257.4111328125 21
13269.236328125 34
13273.21484375 200
13342.703125 288
13385.685546875 336
13392.859375 385
13399.91796875 517
13448.4013671875 546
13460.6650390625 609
13479.552734375 614
13494.2626953125 683
13497.291015625 686
13499.310546875 769
13500.2197265625 1097
13529.81640625 1221
13533.69140625 1322
13584.140625 1359
13584.4814453125 1376
13589.1787109375 1686
13600.375 1854
13615.0537109375 2513
13624.947265625 2553
13649.13671875 2650
13657.0234375 2672
13672.1591796875 2911
13674.24609375 78
13689.8125 2713
13714.357421875 2800
13731.7392578125 2651
13736.5087890625 2970
13742.08984375 1045
13792.4892578125 1068
13797.388671875 2078
13800.068359375 884
13828.3994140625 886
13831.2353515625 1028
13834.2822265625 1845
13834.53515625 1932
13834.716796875 2489
13868.8671875 90
13869.19140625 153
13880.5283203125 240
13897.0478515625 256
13901.193359375 531
13924.404296875 644
13926.119140625 706
13926.830078125 775
13929.396484375 1163
13949.962890625 1483
13965.3203125 2114
13972.8271484375 2379
13973.78515625 2424
13974.326171875 2433
13985.548828125 2435
13996.78515625 2442
14002.341796875 2683
14011.8173828125 2811
14016.6767578125 2176
14032.1923828125 169
14033.1962890625 2207
14072.5625 1144
14080.431640625 2180
14083.2236328125 73
14089.0078125 663
14103.0625 677
14116.0703125 756
14157.12890625 925
14161.2470703125 927
14168.357421875 946
14173.130859375 996
14173.5732421875 1141
14175.6630859375 1202
14177.3828125 1251
14179.8857421875 1457
14183.21875 1502
14198.5693359375 1591
14237.4580078125 1733
14255.921875 1735
14256.470703125 1919
14265.900390625 1933
14282.888671875 1955
14286.16015625 2002
14292.7294921875 2335
14294.7548828125 2341
14301.0 2565
14313.5703125 2695
14326.041015625 2763
14349.1123046875 2840
14349.552734375 2422
14356.0703125 1020
14365.736328125 640
14382.060546875 59
14383.767578125 177
14385.669921875 191
14408.298828125 575
14408.298828125 687
14461.888671875 934
14476.171875 1119
14488.6259765625 1529
14488.6259765625 1697
14489.87109375 1810
14497.2255859375 1831
14499.111328125 2354
14521.51171875 2528
14531.4599609375 2679
14645.625 2712
14649.892578125 2747
14651.6044921875 2809
14653.8984375 2821
14656.7431640625 2842
14699.0771484375 2860
14721.34765625 2906
14726.4765625 2994
14727.7470703125 186
14728.8544921875 223
14762.8095703125 1594
14763.2109375 410
14764.8076171875 631
14792.9443359375 132
14799.9208984375 2576
14813.2890625 1282
14831.53125 488
14832.0517578125 869
14833.2177734375 2059
14838.361328125 787
14843.4091796875 904
14844.0126953125 137
14859.3095703125 275
14860.7490234375 328
14880.9970703125 333
14886.544921875 392
14913.671875 407
14953.3134765625 489
14954.6220703125 680
14961.162109375 1022
14970.828125 1290
14986.658203125 1358
15003.24609375 1607
15028.021484375 1653
15040.564453125 2024
15047.3330078125 2184
15050.8994140625 2221
15107.56640625 2394
15118.4814453125 2427
15133.080078125 2517
15133.646484375 2655
15146.2822265625 2704
15147.9453125 2900
15160.4619140625 2946
15162.5107421875 459
15167.990234375 1408
15173.708984375 1339
15186.9111328125 22
15219.05078125 45
15235.265625 300
15235.8935546875 812
15306.6357421875 922
15307.625 947
15318.5810546875 975
15335.01953125 1001
15351.578125 1095
15364.0400390625 1275
15406.18359375 1664
15413.962890625 1708
15419.583984375 1763
15434.83203125 1766
15438.904296875 1889
15468.4765625 2077
15496.734375 2082
15511.5712890625 2131
15511.79296875 2315
15524.7314453125 2317
15540.36328125 2409
15552.35546875 2608
15565.513671875 2616
15567.20703125 2649
15587.046875 2819
15591.80859375 2862
15610.3994140625 1164
15615.1748046875 2213
15626.7724609375 1050
15632.83984375 979
15636.388671875 1562
15637.40625 1597
15647.640625 2334
15661.4677734375 587
15662.1416015625 630
15666.0546875 777
15667.9072265625 1012
15670.603515625 1064
15687.4775390625 1082
15696.4326171875 1462
15703.259765625 1501
15710.5126953125 1654
15731.033203125 1800
15731.033203125 2656
15741.705078125 2884
15760.3017578125 1416
15776.5322265625 1575
15789.0126953125 2889
15811.7734375 445
15816.931640625 30
15829.056640625 2484
15834.8818359375 38
15834.970703125 40
15836.4228515625 76
15836.8251953125 77
15842.1982421875 108
15842.1982421875 164
15851.7705078125 211
15864.1357421875 225
15884.1953125 376
15885.83203125 437
15891.0498046875 510
15895.6357421875 646
15899.568359375 671
15941.591796875 738
15951.2470703125 770
15956.31640625 1434
15994.37109375 1610
16000.671875 1662
16000.76171875 1709
16030.0576171875 1998
16051.4130859375 2166
16070.78515625 2220
16078.298828125 2238
16080.322265625 2255
16083.61328125 2345
16083.923828125 2510
16098.197265625 2581
16109.125 2607
16122.4853515625 2807
16130.12109375 1015
16146.1708984375 1984
16157.97265625 1258
16168.1640625 2555
16170.3212890625 1147
16176.06640625 865
16206.83203125 939
16213.4814453125 1497
16213.712890625 2630
16237.337890625 2752
16246.5087890625 457
16257.4189453125 309
16274.4150390625 316
16310.9921875 483
16328.1484375 484
16334.47265625 633
16342.5390625 1026
16347.853515625 1036
16352.203125 1176
16359.724609375 1423
16360.509765625 1485
16381.7822265625 1590
16391.24609375 1702
16420.13671875 1759
16421.724609375 1818
16434.888671875 1958
16440.08203125 1963
16450.95703125 1977
16461.6171875 2053
16464.1640625 2056
16472.046875 2125
16476.921875 2304
16496.376953125 2356
16519.619140625 2477
16552.947265625 2533
16561.984375 2732
16574.9453125 2948
16576.12890625 1601
16588.15234375 2256
16646.435546875 2104
16651.974609375 284
16659.35546875 182
16700.26171875 916
16702.654296875 1667
16715.51953125 1852
16718.728515625 727
16723.341796875 2036
16732.88671875 2772
16733.404296875 130
16749.982421875 219
16751.08984375 394
16751.158203125 405
16762.28515625 634
16770.908203125 856
16800.375 983
16809.71484375 1117
16823.931640625 1386
16826.48828125 1791
16833.6640625 1991
16868.47265625 2060
16905.51953125 2215
16918.455078125 2314
16922.81640625 2440
16934.9921875 2467
16940.65625 2618
16940.65625 2648
16949.390625 2694
16950.01171875 1772
16952.359375 818
16969.794921875 2907
16975.248046875 660
16993.201171875 1168
17023.197265625 1145
17023.8125 1476
17025.443359375 1618
17029.251953125 655
17044.96875 1592
17045.73828125 2120
17068.091796875 2557
17072.232421875 112
17100.32421875 350
17116.703125 356
17166.169921875 448
17166.931640625 1500
17178.923828125 1526
17184.4375 1587
17196.34375 1881
17198.5 1943
17202.671875 1962
17250.431640625 1995
17253.447265625 2075
17277.7578125 2118
17292.16015625 2309
17295.826171875 2418
17299.869140625 2516
17300.51953125 2588
17351.04296875 2605
17351.828125 2623
17358.498046875 2937
17360.71484375 1005
17361.6484375 110
17363.658203125 2360
17399.4375 121
17400.068359375 1046
17403.46484375 298
17416.2890625 372
17423.689453125 492
17459.50390625 752
17467.375 838
17518.173828125 903
17535.609375 1034
17542.447265625 1128
17544.6640625 1187
17555.3515625 1437
17556.6328125 1488
17612.34375 1534
17612.419921875 1657
17651.330078125 1678
17653.458984375 1824
17664.330078125 1826
17671.76953125 1941
17689.880859375 1997
17700.42578125 2318
17717.458984375 2327
17728.38671875 2362
17735.796875 2404
17736.197265625 2453
17739.822265625 2458
17751.130859375 2496
17771.4140625 2696
17864.109375 2722
17942.193359375 2796
17950.892578125 2584
17962.107421875 2872
17985.75 2589
18012.8203125 2135
18038.453125 1802
18075.109375 1853
18082.212890625 1892
18083.28515625 1580
18083.443359375 25
18088.228515625 72
18088.4453125 343
18099.76171875 710
18112.25 755
18112.90625 885
18118.89453125 1683
18129.84765625 1776
18133.3046875 1972
18146.90625 2047
18150.884765625 2138
18164.328125 2185
18183.916015625 2344
18185.15234375 2545
18190.923828125 2573
18192.818359375 2855
18207.5703125 2159
18226.966796875 1067
18228.48828125 371
18235.962890625 243
18243.740234375 1301
18244.630859375 311
18253.06640625 426
18266.412109375 648
18277.92578125 720
18304.154296875 792
18319.49609375 940
18323.41796875 1006
18330.328125 1032
18336.37109375 1160
18380.80859375 1189
18390.28515625 2183
18392.630859375 2190
18438.267578125 2301
18506.44921875 1459
18547.470703125 1649
18550.646484375 353
18563.3984375 2706
18573.201171875 1511
18573.263671875 1778
18578.765625 329
18582.90625 731
18592.05859375 1400
18608.20703125 2070
18609.05859375 1480
18621.673828125 1714
18633.3125 249
18651.8359375 94
18656.62109375 2823
18665.26953125 471
18678.173828125 473
18702.328125 747
18712.71875 915
18741.75 921
18747.564453125 993
18755.603515625 1072
18757.896484375 1415
18766.935546875 1541
18809.544921875 1746
18815.494140625 1949
18843.455078125 2079
18901.990234375 2219
18984.55859375 2258
19019.8125 2413
19036.818359375 2628
19053.208984375 2828
19068.6171875 2903
19078.064453125 2996
19113.6484375 204
19128.484375 1247
19150.27734375 1410
19158.93359375 1888
19164.96875 1214
19170.9375 1658
19204.91015625 2587
19222.6484375 380
19227.53125 688
19240.75390625 1761
19246.9921875 66
19253.109375 127
19261.09375 179
19290.755859375 855
19294.587890625 1198
19334.44921875 1250
19357.244140625 1507
19413.255859375 1558
19418.81640625 2007
19428.859375 2092
19441.3359375 2231
19446.876953125 2384
19472.037109375 2457
19507.65625 2544
19531.359375 2717
19536.001953125 2774
19543.50390625 2794
19557.091796875 2909
19570.736328125 972
19573.025390625 1138
19573.2109375 1442
19610.8046875 1137
19624.216796875 102
19647.9296875 667
19648.12109375 1935
19655.8046875 2352
19679.923828125 2887
19698.75390625 427
19717.234375 1533
19759.708984375 170
19782.6796875 262
19818.126953125 306
19838.490234375 596
19860.13671875 805
19868.265625 849
19883.71875 850
19889.390625 965
19899.720703125 976
19903.96484375 1058
19929.091796875 1403
19965.58203125 1645
20012.201171875 1999
20022.171875 2292
20029.8359375 2392
20039.82421875 2403
20071.060546875 2497
20080.689453125 2524
20081.69140625 2601
20107.521484375 2652
20133.5859375 2657
20166.7109375 2761
20167.0 2839
20174.490234375 2939
20174.58203125 2984
20177.091796875 1027
20231.109375 622
20232.19921875 417
20245.9921875 450
20248.27734375 690
20249.10546875 969
20273.58984375 982
20293.294921875 1040
20313.2578125 1078
20316.45703125 1083
20371.83984375 1382
20411.939453125 1391
20428.875 1486
20429.255859375 1503
20432.5234375 1547
20434.49609375 1561
20455.44140625 1965
20461.857421875 2026
20472.6328125 2066
20479.896484375 2182
20539.578125 2245
20593.140625 2460
20662.458984375 2466
20729.748046875 2540
20742.29296875 2593
20742.7109375 2632
20758.234375 2753
20784.55078125 2759
20800.1796875 2793
20820.7265625 2925
20840.568359375 2152
20859.86328125 762
20865.88671875 2757
20872.60546875 37
20899.912109375 1624
20925.45703125 1271
20937.85546875 2370
20956.8359375 2895
21018.412109375 2411
21020.880859375 67
21035.7421875 150
21044.705078125 171
21057.1328125 195
21086.173828125 363
21201.12890625 522
21231.611328125 657
21231.611328125 701
21282.494140625 760
21294.798828125 811
21390.3671875 874
21401.6640625 875
21462.6640625 1002
21595.208984375 1007
21628.259765625 1023
21629.03125 1356
21660.34765625 1378
21673.619140625 1489
21700.1875 1629
21783.79296875 2721
21847.767578125 2032
21852.755859375 2259
21927.861328125 771
22062.572265625 1543
22072.6953125 2241
22089.611328125 1964
22093.509765625 1625
22111.318359375 2693
22229.681640625 222
22273.947265625 258
22286.212890625 281
22303.349609375 506
22357.666015625 582
22365.4140625 724
22436.76171875 879
22475.4375 1003
22479.62109375 1171
22541.021484375 1182
22573.17578125 1588
22632.34765625 1685
22678.50390625 1758
22683.95703125 2300
22714.611328125 2310
22819.8984375 2705
22846.73828125 2845
22849.7578125 2916
22860.525390625 1811
22884.32421875 2701
22951.435546875 421
23010.109375 1440
23021.623046875 2337
23114.919921875 2531
23128.54296875 18
23314.95703125 29
23346.59375 31
23408.73046875 104
23542.376953125 274
23561.75390625 321
23605.50390625 370
23745.705078125 375
23774.259765625 562
23998.53125 914
24040.82421875 944
24166.232421875 1672
24236.943359375 1684
24301.03515625 1825
24334.09765625 1846
24365.248046875 1960
24416.013671875 1976
24428.693359375 2006
24471.630859375 2319
24490.8671875 2405
24795.630859375 2550
24904.38671875 2606
25023.615234375 2768
25087.703125 1081
25232.021484375 1780
25282.185546875 16
25443.3046875 28
25486.03125 125
25614.66796875 212
25623.22265625 265
25709.041015625 295
25716.169921875 360
25744.517578125 364
25827.26171875 937
26229.91796875 1077
26441.1484375 1101
26673.12109375 1241
27229.37890625 1243
27237.810546875 1307
27252.265625 1343
27357.828125 1404
27503.91015625 1418
28057.556640625 1585
28610.001953125 1719
28763.734375 1822
28875.982421875 2009
29307.21875 2164
29839.884765625 2214
30946.46875 2250
33494.8515625 2263
34259.32421875 2342
34522.35546875 2359
38275.9453125 2547
