4869.09912109375 1333
5671.3466796875 2631
5683.85205078125 146
5943.388671875 1538
6072.708984375 21
6124.99267578125 34
6128.0859375 200
6358.2119140625 288
6463.40869140625 336
6803.97216796875 385
6806.2119140625 517
6836.697265625 546
6957.791015625 609
6993.84912109375 614
7108.9326171875 683
7113.86083984375 686
7119.14990234375 769
7144.25 1097
7197.16357421875 1221
7283.4228515625 1322
7312.8994140625 1359
7504.1728515625 1376
7508.58642578125 1686
7547.1845703125 1854
7567.27294921875 2513
7575.0380859375 2553
7638.7138671875 2650
7739.95263671875 2672
7745.8408203125 2911
7778.515625 78
7784.958984375 2713
7826.89111328125 2800
7869.98046875 2651
7877.2421875 2970
7897.38525390625 1045
8015.53466796875 1068
8022.5322265625 1446
8059.72314453125 87
8079.33203125 251
8133.2177734375 527
8184.3037109375 529
8299.3681640625 625
8353.298828125 641
8369.0625 693
8428.2939453125 873
8467.8173828125 881
8505.423828125 928
8522.41015625 1133
8528.5078125 1283
8535.330078125 1318
8572.904296875 1346
8610.4228515625 1417
8621.7880859375 1720
8641.998046875 1987
8658.30078125 2226
8728.4697265625 2296
8732.1220703125 2515
8795.634765625 2572
8797.703125 2669
8800.6865234375 2728
8862.5849609375 2734
8933.0234375 2746
8965.279296875 2852
9033.05078125 2866
9057.4287109375 2915
9075.53125 2949
9099.89453125 377
9140.271484375 2281
9159.533203125 160
9269.173828125 1
9269.173828125 425
9281.8828125 446
9339.5224609375 800
9341.4755859375 918
9347.6962890625 953
9358.126953125 985
9361.1962890625 986
9431.0185546875 1008
9464.107421875 1043
9468.41796875 1270
9576.4755859375 1317
9601.6181640625 1435
9603.181640625 1548
9616.8583984375 1606
9649.857421875 1661
9728.2978515625 1712
9731.921875 2010
9752.0986328125 2088
9757.767578125 2365
9761.8603515625 2410
9774.802734375 2414
9813.703125 2482
9839.130859375 2560
9841.8251953125 2781
9842.6708984375 2820
9862.6552734375 997
9906.193359375 1781
9927.2158203125 81
9929.052734375 229
9954.587890625 440
9996.228515625 548
10027.05859375 611
10053.333984375 826
10053.333984375 834
10059.8369140625 848
10085.7373046875 871
10099.6220703125 893
10102.619140625 1231
10128.40625 1256
10152.8291015625 1315
10175.525390625 1458
10204.8447265625 1550
10206.876953125 1671
10208.6513671875 1711
10263.40234375 1815
10274.5400390625 1893
10290.64453125 2312
10307.646484375 2324
10314.3046875 2385
10350.734375 2447
10353.2998046875 2562
10377.7177734375 2610
10380.326171875 2622
10414.3671875 2853
10441.728515625 2924
10474.060546875 2927
10482.8466796875 2239
10489.9296875 1362
10492.994140625 1926
10493.255859375 2997
10500.89453125 254
10517.21875 388
10564.294921875 465
10567.5595703125 498
10589.849609375 520
10607.404296875 962
10642.5703125 981
10672.3095703125 1156
10682.91015625 1652
10748.017578125 2205
10779.380859375 2339
10804.685546875 2417
10822.953125 2494
10831.794921875 2687
10834.3955078125 1122
10853.640625 1670
10856.0341796875 264
10926.794921875 2173
11004.259765625 1646
11049.7890625 2396
11055.4609375 49
11064.88671875 189
11076.3525390625 261
11089.1806640625 263
11089.193359375 430
11110.6923828125 831
11141.2236328125 899
11147.19921875 1123
11166.3388671875 1169
11175.890625 1350
11179.1875 1405
11187.4306640625 1512
11196.6904296875 1750
11200.08984375 1769
11244.642578125 1908
11248.646484375 1966
11250.625 1982
11293.275390625 1993
11304.31640625 2094
11306.919921875 2126
11322.3212890625 2141
11327.37109375 2171
11336.3505859375 2174
11342.11328125 2177
11376.0625 2237
11381.365234375 2367
11399.701171875 2536
11421.611328125 2542
11423.6708984375 2582
11437.3310546875 2675
11453.060546875 2703
11464.568359375 1873
11473.119140625 2107
11512.0 1281
11527.7109375 455
11529.44921875 470
11535.09765625 902
11538.025390625 926
11543.1572265625 967
11586.6220703125 1104
11589.8056640625 1225
11607.591796875 1286
11611.4482421875 1506
11639.68359375 1516
11654.396484375 1599
11662.34765625 1779
11663.7578125 1848
11673.380859375 1867
11691.6689453125 1883
11692.896484375 2063
11700.09375 2210
11705.2080078125 2246
11716.458984375 2285
11731.15234375 2361
11744.662109375 2686
11755.99609375 2700
11761.333984375 88
11761.35546875 586
11769.517578125 136
11784.458984375 1471
11785.001953125 226
11799.880859375 296
11809.92578125 1197
11815.419921875 1666
11829.953125 2511
11834.5439453125 101
11841.146484375 215
11841.5029296875 549
11852.3046875 550
11853.1884765625 573
11866.630859375 1136
11895.2578125 1199
11905.6669921875 1530
11911.71875 1581
11928.8046875 1640
11933.302734375 1688
11933.462890625 1968
11955.533203125 2526
11971.0166015625 2571
11971.1689453125 2983
11985.3671875 1787
12015.302734375 602
12038.5390625 1146
12053.970703125 253
12093.85546875 342
12103.41796875 843
12173.9931640625 1233
12179.408203125 1335
12203.8701171875 1394
12214.658203125 1737
12221.005859375 1784
12235.421875 1950
12244.36328125 2025
12267.5078125 2473
12268.5771484375 2518
12272.03125 999
12283.740234375 1056
12286.650390625 1900
12300.1357421875 1304
12349.533203125 1326
12356.1396484375 2967
12389.3173828125 1329
12392.001953125 50
12398.0 318
12426.724609375 389
12430.71875 478
12446.9716796875 491
12456.986328125 580
12475.1689453125 599
12505.7158203125 890
12518.875 896
12533.09765625 909
12538.4775390625 919
12540.2607421875 995
12551.4150390625 1273
12555.1083984375 1342
12555.3017578125 1430
12587.259765625 1495
12596.04296875 1568
12613.6455078125 1583
12627.716796875 1764
12632.498046875 1774
12633.166015625 2065
12651.1279296875 2117
12653.310546875 2181
12666.91015625 2268
12675.185546875 2465
12678.703125 2664
12693.236328125 2760
12697.9423828125 2764
12756.2001953125 2938
12762.61328125 2943
12775.1103515625 1860
12781.8857421875 2880
12787.9404296875 2078
12788.322265625 884
12796.2236328125 886
12796.58203125 1028
12831.5146484375 1845
12839.0400390625 1932
12934.3583984375 2489
12960.51953125 90
12976.5 153
12998.546875 240
13010.5009765625 256
13021.59375 531
13033.39453125 644
13033.599609375 706
13042.67578125 775
13063.3359375 1163
13075.1552734375 1483
13076.638671875 2114
13088.0625 2379
13093.4765625 2424
13122.451171875 2433
13125.1337890625 2435
13152.4169921875 2442
13175.12109375 2683
13177.150390625 2811
13181.326171875 2176
13190.515625 169
13190.515625 2207
13202.5537109375 1144
13213.09375 2180
13213.451171875 73
13223.125 663
13227.9912109375 677
13255.2138671875 756
13260.49609375 925
13262.521484375 927
13264.2734375 946
13265.123046875 996
13290.3251953125 1141
13307.662109375 1202
13315.0068359375 1251
13339.3017578125 1457
13340.716796875 1502
13357.1982421875 1591
13366.681640625 1733
13379.8515625 1735
13401.6611328125 1919
13419.0888671875 1933
13423.05078125 1955
13423.4189453125 2002
13431.125 2335
13452.291015625 2341
13458.77734375 2565
13475.3291015625 2695
13475.828125 2763
13478.16796875 2840
13481.802734375 2422
13494.3525390625 1020
13497.46484375 640
13505.0302734375 59
13512.5234375 177
13521.8828125 191
13531.7880859375 575
13533.158203125 687
13549.3671875 934
13566.751953125 1119
13572.318359375 1529
13580.0234375 1697
13605.669921875 1810
13615.65625 1831
13617.4248046875 2354
13633.85546875 2528
13657.3798828125 2679
13659.876953125 2712
13669.0068359375 2747
13677.7294921875 2809
13683.158203125 2821
13704.5224609375 2842
13706.73828125 2860
13707.7529296875 2906
13730.6796875 2994
13734.380859375 186
13735.126953125 223
13739.7705078125 1594
13745.21875 410
13764.9619140625 631
13765.4296875 132
13771.0888671875 2576
13772.203125 1282
13786.8955078125 488
13799.158203125 869
13799.7958984375 2059
13820.5634765625 787
13835.3984375 904
13846.4365234375 137
13858.638671875 275
13868.40625 328
13869.771484375 333
13913.955078125 392
13916.88671875 407
13954.1455078125 489
13974.3046875 680
13985.724609375 1022
14002.5546875 1290
14022.76953125 1358
14027.0458984375 1607
14031.466796875 1653
14057.0205078125 2024
14063.6103515625 2184
14090.669921875 2221
14092.2216796875 2394
14100.626953125 2427
14105.759765625 2517
14115.8603515625 2655
14122.0078125 2704
14122.8740234375 2900
14125.181640625 2946
14155.02734375 459
14155.2333984375 1408
14155.4375 1339
14157.6484375 22
14161.15234375 45
14168.3759765625 300
14197.5048828125 812
14198.7041015625 922
14218.23828125 947
14224.1318359375 975
14229.765625 1001
14230.912109375 1095
14257.80078125 1275
14272.841796875 1664
14274.890625 1708
14275.5 1763
14298.458984375 1766
14300.064453125 1889
14302.265625 2077
14309.498046875 2082
14320.091796875 2131
14332.25390625 2315
14340.251953125 2317
14366.416015625 2409
14392.1640625 2608
14403.0439453125 2616
14421.8466796875 2649
14422.923828125 2819
14425.3427734375 2862
14425.990234375 1164
14436.396484375 2213
14451.0224609375 1050
14454.0498046875 979
14463.0859375 1562
14483.0419921875 1597
14484.375 2334
14487.4443359375 587
14514.228515625 630
14516.45703125 777
14570.3017578125 1012
14571.3994140625 1064
14578.087890625 1082
14581.8798828125 1462
14645.48046875 1501
14646.6630859375 1654
14657.419921875 1800
14663.5126953125 2656
14672.61328125 2884
14674.8818359375 1416
14694.3056640625 1575
14712.33984375 2889
14740.81640625 445
14783.9423828125 30
14787.40234375 2484
14802.9150390625 38
14806.767578125 40
14819.4072265625 76
14823.248046875 77
14824.8876953125 108
14825.7421875 164
14832.8642578125 211
14834.921875 225
14838.998046875 376
14859.546875 437
14876.642578125 510
14881.1484375 646
14895.0 671
14908.1640625 738
14912.7265625 770
14919.47265625 1434
14922.033203125 1610
14943.873046875 1662
14952.2734375 1709
14955.984375 1998
14969.7578125 2166
14982.0966796875 2220
14983.341796875 2238
14986.1689453125 2255
14989.2470703125 2345
14990.3310546875 2510
14996.009765625 2581
14998.0712890625 2607
15010.58984375 2807
15026.5224609375 1015
15028.2197265625 1984
15049.32421875 1258
15071.6015625 2555
15075.0771484375 1147
15079.74609375 865
15085.251953125 939
15091.4658203125 1497
15095.328125 2630
15121.857421875 2752
15129.5966796875 457
15156.6484375 309
15174.759765625 316
15184.927734375 483
15187.0361328125 484
15201.74609375 633
15201.91015625 1026
15208.201171875 1036
15220.904296875 1176
15235.7294921875 1423
15236.2607421875 1485
15253.21875 1590
15260.6904296875 1702
15264.6865234375 1759
15280.3486328125 1818
15285.19140625 1958
15294.142578125 1963
15305.35546875 1977
15320.427734375 2053
15323.818359375 2056
15342.021484375 2125
15342.1650390625 2304
15366.8154296875 2356
15379.44140625 2477
15384.0478515625 2533
15394.8212890625 2732
15402.6259765625 2948
15418.208984375 1601
15431.109375 2256
15440.0185546875 2104
15441.509765625 284
15450.8564453125 182
15460.357421875 916
15463.150390625 1667
15463.150390625 1852
15485.4365234375 727
15488.947265625 2036
15500.8212890625 2772
15510.056640625 130
15510.056640625 219
15515.5615234375 394
15515.9326171875 405
15521.4833984375 634
15522.4814453125 856
15536.328125 983
15542.5419921875 1117
15580.8681640625 1386
15582.3203125 1791
15588.052734375 1991
15593.787109375 2060
15597.978515625 2215
15601.0849609375 2314
15605.19140625 2440
15640.080078125 2467
15646.98828125 2618
15668.1875 2648
15675.5107421875 2694
15705.123046875 1772
15720.8583984375 818
15725.162109375 2907
15739.0849609375 660
15741.2978515625 1168
15745.728515625 1145
15747.50390625 1476
15772.2568359375 1618
15779.7333984375 655
15783.9560546875 1592
15784.1689453125 2120
15828.2333984375 2557
15834.763671875 112
15839.4765625 350
15856.5732421875 356
15857.884765625 448
15861.5859375 1500
15862.384765625 1526
15867.1181640625 1587
15867.958984375 1881
15871.59765625 1943
15878.8505859375 1962
15883.91015625 1995
15887.423828125 2075
15892.6953125 2118
15896.8359375 2309
15907.7861328125 2418
15908.5166015625 2516
15937.5849609375 2588
15940.3857421875 2605
15942.3056640625 2623
15958.2275390625 2937
15959.505859375 1005
15964.984375 110
15980.6220703125 2360
15984.8837890625 121
16002.177734375 1046
16004.1015625 298
16026.4248046875 372
16026.767578125 492
16080.31640625 752
16080.638671875 838
16091.67578125 903
16103.2568359375 1034
16110.326171875 1128
16111.99609375 1187
16138.6455078125 1437
16143.83984375 1488
16153.8642578125 1534
16154.517578125 1657
16158.365234375 1678
16188.314453125 1824
16218.955078125 1826
16228.3037109375 1941
16231.4482421875 1997
16232.466796875 2318
16245.939453125 2327
16263.6845703125 2362
16266.7314453125 2404
16270.271484375 2453
16297.0205078125 2458
16313.1845703125 2496
16315.951171875 2696
16331.2724609375 2722
16380.4931640625 2796
16381.2265625 2584
16404.9609375 2872
16405.33984375 2589
16431.400390625 2135
16439.533203125 1802
16444.8046875 1853
16478.056640625 1892
16493.189453125 1580
16501.10546875 25
16587.80859375 72
16591.783203125 343
16598.34765625 710
16600.296875 755
16621.822265625 885
16622.61328125 1683
16632.423828125 1776
16660.32421875 1972
16674.08203125 2047
16698.423828125 2138
16699.896484375 2185
16700.33203125 2344
16710.71484375 2545
16754.21875 2573
16757.06640625 2855
16758.79296875 2159
16764.38671875 1067
16766.1796875 371
16806.46875 243
16823.474609375 1301
16880.83203125 311
16899.802734375 426
16921.8203125 648
16941.21484375 720
16942.92578125 792
16948.35546875 940
16978.08203125 1006
16986.732421875 1032
16991.4453125 1160
16993.544921875 1189
17009.857421875 2183
17024.72265625 2190
17056.869140625 2301
17068.1171875 1459
17070.10546875 1649
17071.91015625 353
17106.0234375 2706
17120.73046875 1511
17173.7734375 1778
17174.806640625 329
17177.1640625 731
17179.76953125 1400
17198.552734375 2070
17215.037109375 1480
17229.333984375 1714
17237.744140625 249
17245.11328125 94
17278.236328125 2823
17319.03515625 471
17324.466796875 473
17329.515625 747
17392.640625 915
17411.9609375 921
17424.21875 993
17433.080078125 1072
17466.13671875 1415
17477.2734375 1541
17480.607421875 1746
17494.25 1949
17512.16015625 2079
17535.96875 2219
17568.984375 2258
17586.49609375 2413
17595.650390625 2628
17621.517578125 2828
17638.07421875 2903
17653.94921875 2996
17663.724609375 204
17691.787109375 1247
17698.203125 1410
17703.130859375 1888
17739.19921875 1214
17749.89453125 1658
17780.20703125 2587
17810.3359375 380
17828.798828125 688
17832.197265625 1761
17834.779296875 66
17844.361328125 127
17865.57421875 179
17875.78125 855
17919.228515625 1198
17932.9140625 1250
17944.53515625 1507
17968.97265625 1558
18001.4609375 2007
18047.701171875 2092
18055.63671875 2231
18059.21875 2384
18080.130859375 2457
18082.248046875 2544
18098.53515625 2717
18136.92578125 2774
18141.853515625 2794
18151.044921875 2909
18186.662109375 972
18197.169921875 1138
18199.7578125 1442
18237.9140625 1137
18295.548828125 102
18323.18359375 667
18363.2890625 1935
18365.921875 2352
18388.375 2887
18392.560546875 427
18421.291015625 1533
18448.24609375 170
18477.107421875 262
18479.734375 306
18480.99609375 596
18500.90625 805
18511.85546875 849
18513.69140625 850
18536.669921875 965
18548.888671875 976
18557.01953125 1058
18584.41796875 1403
18594.658203125 1645
18601.708984375 1999
18603.2890625 2292
18607.24609375 2392
18652.62890625 2403
18658.228515625 2497
18659.83984375 2524
18671.56640625 2601
18695.279296875 2652
18698.443359375 2657
18768.29296875 2761
18780.2265625 2839
18797.498046875 2939
18868.4375 2984
18943.927734375 1027
18951.357421875 622
18963.861328125 417
19017.65625 450
19030.77734375 690
19094.6171875 969
19123.158203125 982
19152.310546875 1040
19197.955078125 1078
19221.673828125 1083
19289.494140625 1382
19301.109375 1391
19310.46875 1486
19313.703125 1503
19338.55859375 1547
19383.26171875 1561
19440.40625 1965
19440.40625 2026
19486.234375 2066
19521.62109375 2182
19531.55078125 2245
19539.873046875 2460
19541.732421875 2466
19560.640625 2540
19583.9921875 2593
19719.875 2632
19721.1640625 2753
19740.857421875 2759
19744.35546875 2793
19748.291015625 2925
19749.48046875 2152
19772.94140625 762
19794.591796875 2757
19838.4375 37
20018.166015625 1624
20038.560546875 1271
20049.20703125 2370
20060.92578125 2895
20091.783203125 2411
20101.33203125 67
20110.134765625 150
20111.017578125 171
20137.71875 195
20142.025390625 363
20142.025390625 522
20186.041015625 657
20220.361328125 701
20269.51171875 760
20289.67578125 811
20324.05859375 874
20340.111328125 875
20378.439453125 1002
20466.90234375 1007
20611.603515625 1023
20614.796875 1356
20642.826171875 1378
20691.5546875 1489
20693.46875 1629
20715.8828125 2721
20733.314453125 2032
20746.234375 2259
20818.326171875 771
20859.435546875 1543
20917.849609375 2241
20945.201171875 1964
20970.830078125 1625
20983.68359375 2693
21032.953125 222
21075.71484375 258
21092.46875 281
21092.7421875 506
21095.599609375 582
21102.15234375 724
21187.556640625 879
21209.31640625 1003
21244.21484375 1171
21386.361328125 1182
21410.1328125 1588
21439.6484375 1685
21475.97265625 1758
21480.88671875 2300
21493.287109375 2310
21494.35546875 2705
21501.25390625 2845
21518.173828125 2916
21534.5078125 1811
21579.31640625 2701
21590.673828125 421
21651.166015625 1440
21652.080078125 2337
21691.396484375 2531
21762.234375 18
21788.177734375 29
21823.4140625 31
21880.35546875 104
21891.794921875 274
21895.412109375 321
21940.51171875 370
22079.93359375 375
22233.20703125 562
22254.712890625 914
22299.03125 944
22373.236328125 1672
22416.48046875 1684
22508.5 1825
22588.9609375 1846
22864.404296875 1960
22900.658203125 1976
22921.501953125 2006
23096.697265625 2319
23162.2890625 2405
23176.78515625 2550
23209.828125 2606
23299.580078125 2768
23341.888671875 1081
23449.455078125 1780
23456.794921875 16
23466.15625 28
23489.65625 125
23505.875 212
23727.107421875 265
23734.232421875 295
23812.0234375 360
23883.98046875 364
24061.302734375 937
24200.69140625 1077
24818.169921875 1101
24851.38671875 1241
25021.142578125 1243
25096.55859375 1307
25981.283203125 1343
26601.17578125 1404
26757.189453125 1418
27542.84765625 1585
27554.953125 1719
27631.333984375 1822
27770.78515625 2009
27812.46484375 2164
28598.140625 2214
30179.455078125 2250
30908.283203125 2263
31787.953125 2342
32261.822265625 2359
34380.9375 2547
