4023.26953125 204
4488.681640625 1247
4688.201171875 1410
5662.91943359375 1888
5750.08544921875 1214
5863.02587890625 1658
6061.04736328125 2587
6076.25634765625 380
6118.8271484375 688
6167.66455078125 1761
6277.728515625 66
6351.00244140625 127
6534.72119140625 179
6634.70947265625 855
6635.4384765625 1198
6708.76416015625 1250
6781.26123046875 1507
7007.34765625 1558
7051.1044921875 2007
7098.171875 2092
7126.61083984375 2231
7138.38427734375 2384
7205.85986328125 2457
7208.1474609375 2544
7225.880859375 2717
7237.17138671875 2774
7242.19677734375 2794
7310.9462890625 2909
7312.41796875 972
7315.46923828125 1138
7427.46533203125 1442
7432.59814453125 1446
7503.517578125 87
7504.576171875 251
7517.6748046875 527
7540.19873046875 529
7554.419921875 625
7615.1611328125 641
7628.158203125 693
7740.63134765625 873
7741.46826171875 881
7842.509765625 928
7847.17578125 1133
7847.35546875 1283
7878.6826171875 1318
7896.443359375 1346
7928.3818359375 1417
7963.970703125 1720
8067.9921875 1987
8103.75 2226
8163.908203125 2296
8175.021484375 2515
8186.82275390625 2572
8213.060546875 2669
8295.658203125 2728
8359.6064453125 2734
8362.9375 2746
8407.337890625 2852
8409.3544921875 2866
8428.1123046875 2915
8428.4658203125 2949
8436.2001953125 377
8447.54296875 2281
8459.193359375 160
8478.2275390625 1
8509.482421875 425
8541.58203125 446
8582.37109375 800
8601.2890625 918
8603.333984375 953
8608.17578125 985
8613.568359375 986
8614.083984375 1008
8665.791015625 1043
8684.5302734375 1270
8770.595703125 1317
8790.9580078125 1435
8804.3212890625 1548
8815.3349609375 1606
8866.138671875 1661
8869.390625 1712
8872.083984375 2010
8932.208984375 2088
8956.919921875 2365
8992.291015625 2410
9045.046875 2414
9063.5625 2482
9064.2802734375 2560
9083.0 2781
9106.7080078125 2820
9129.9091796875 997
9135.9306640625 1781
9135.93359375 81
9138.5478515625 229
9146.6005859375 440
9150.265625 548
9151.3095703125 611
9189.529296875 826
9256.4580078125 834
9315.904296875 848
9317.490234375 871
9361.7421875 893
9374.86328125 1231
9402.595703125 1256
9451.3193359375 1315
9451.3193359375 1458
9453.50390625 1550
9455.59765625 1671
9469.8828125 1711
9485.048828125 1815
9488.9453125 1893
9489.1044921875 2312
9504.0947265625 2324
9530.673828125 2385
9533.609375 2447
9541.3984375 2562
9549.1513671875 2610
9556.0166015625 2622
9569.958984375 2853
9574.6064453125 2924
9578.3564453125 2927
9594.693359375 2239
9601.8759765625 1362
9617.9296875 1926
9637.6943359375 2997
9663.779296875 254
9670.7060546875 388
9674.2578125 465
9686.0576171875 498
9720.576171875 520
9724.69921875 962
9746.5302734375 981
9749.048828125 1156
9787.513671875 1652
9787.513671875 2205
9792.75390625 2339
9795.0390625 2417
9814.5478515625 2494
9897.48046875 2687
9911.388671875 1122
9923.5322265625 1670
9927.591796875 264
9941.0732421875 2173
9944.6591796875 1646
9967.36328125 2396
9972.744140625 49
9989.755859375 189
9993.220703125 261
10027.5078125 263
10056.8759765625 430
10074.9169921875 831
10087.361328125 899
10091.8544921875 1123
10103.2470703125 1169
10116.2109375 1350
10127.5625 1405
10150.369140625 1512
10151.25390625 1750
10151.7900390625 1769
10154.873046875 1908
10165.85546875 1966
10172.5693359375 1982
10190.109375 1993
10224.5390625 2094
10235.2138671875 2126
10263.810546875 2141
10267.798828125 2171
10270.01953125 2174
10295.2919921875 2177
10312.369140625 2237
10355.3427734375 2367
10378.83984375 2536
10379.7578125 2542
10390.2744140625 2582
10394.7841796875 2675
10395.33984375 2703
10417.7978515625 1873
10427.03515625 2107
10440.7265625 1281
10445.7978515625 455
10463.3681640625 470
10465.958984375 902
10468.025390625 926
10473.1044921875 967
10483.654296875 1104
10483.658203125 1225
10488.431640625 1286
10496.6923828125 1506
10517.849609375 1516
10525.236328125 1599
10527.2470703125 1779
10545.9609375 1848
10551.19921875 1867
10566.861328125 1883
10566.861328125 2063
10569.4765625 2210
10581.2568359375 2246
10581.263671875 2285
10587.2109375 2361
10598.455078125 2686
10601.6318359375 2700
10607.736328125 88
10614.6591796875 586
10643.216796875 136
10656.2119140625 1471
10663.28515625 226
10670.4140625 296
10676.1103515625 1197
10677.541015625 1666
10687.263671875 2511
10732.7412109375 101
10747.51171875 215
10749.4423828125 549
10752.630859375 550
10763.2138671875 573
10779.9287109375 1136
10787.404296875 1199
10787.65625 1530
10793.248046875 1581
10793.595703125 1640
10798.0751953125 1688
10799.568359375 1968
10810.6943359375 2526
10821.12109375 2571
10850.236328125 2983
10915.6875 1787
10929.0546875 602
10929.4970703125 1146
10934.646484375 253
10944.9912109375 342
10946.83984375 843
10962.3076171875 1233
10968.01171875 1335
10970.1982421875 1394
10981.03515625 1737
10996.6962890625 1784
11041.2861328125 1950
11054.3212890625 2025
11065.8818359375 2473
11077.0673828125 2518
11081.021484375 999
11087.689453125 1056
11088.2685546875 1900
11088.48046875 1304
11121.642578125 1326
11124.490234375 2967
11125.013671875 1329
11126.9599609375 50
11157.8369140625 318
11171.7578125 389
11174.43359375 478
11188.5009765625 491
11197.529296875 580
11225.0341796875 599
11232.619140625 890
11246.5986328125 896
11254.9013671875 909
11258.38671875 919
11296.51171875 995
11296.998046875 1273
11314.95703125 1342
11339.33203125 1430
11352.099609375 1495
11361.181640625 1568
11361.7412109375 1583
11424.5751953125 1764
11441.8330078125 1774
11458.373046875 2065
11459.0546875 2117
11486.6484375 2181
11493.271484375 2268
11509.9619140625 2465
11526.6025390625 2664
11534.16796875 2760
11552.15625 2764
11553.388671875 2938
11573.4619140625 2943
11574.009765625 1860
11595.71484375 2880
11601.4833984375 1333
11601.4833984375 2631
11605.552734375 146
11663.615234375 1538
11709.39453125 21
11718.9375 34
11719.580078125 200
11726.30859375 288
11728.076171875 336
11750.5703125 385
11753.76953125 517
11754.3076171875 546
11755.2412109375 609
11760.5908203125 614
11770.74609375 683
11772.97265625 686
11789.9697265625 769
11793.830078125 1097
11819.4794921875 1221
11823.5302734375 1322
11857.4541015625 1359
11892.62109375 1376
11896.8974609375 1686
11905.8583984375 1854
11919.21484375 2513
11922.91015625 2553
11933.951171875 2650
11936.13671875 2672
11953.484375 2911
11963.818359375 78
11992.59375 2713
11992.953125 2800
12028.427734375 2651
12035.5322265625 2970
12043.0703125 1045
12069.068359375 1068
12072.453125 2078
12073.3642578125 884
12077.689453125 886
12082.44921875 1028
12098.3837890625 1845
12109.54296875 1932
12138.5908203125 2489
12189.5546875 90
12218.2529296875 153
12225.400390625 240
12225.6357421875 256
12253.3359375 531
12260.5009765625 644
12272.0166015625 706
12279.787109375 775
12308.0380859375 1163
12308.1533203125 1483
12313.498046875 2114
12327.0478515625 2379
12370.5888671875 2424
12378.1650390625 2433
12385.6083984375 2435
12388.466796875 2442
12395.9931640625 2683
12405.52734375 2811
12406.193359375 2176
12406.521484375 169
12408.3564453125 2207
12410.876953125 1144
12435.916015625 2180
12436.1630859375 73
12437.060546875 663
12441.5380859375 677
12464.1298828125 756
12483.6328125 925
12487.576171875 927
12497.2646484375 946
12512.9736328125 996
12519.40625 1141
12624.51171875 1202
12636.5751953125 1251
12729.0859375 1457
12729.638671875 1502
12737.5166015625 1591
12739.701171875 1733
12740.92578125 1735
12741.421875 1919
12745.966796875 1933
12771.2587890625 1955
12779.2744140625 2002
12792.1494140625 2335
12818.2119140625 2341
12829.83203125 2565
12879.525390625 2695
12879.83203125 2763
12883.208984375 2840
12892.318359375 2422
12895.1103515625 1020
12907.892578125 640
12908.87890625 59
12984.4111328125 177
12991.3427734375 191
13002.12890625 575
13060.416015625 687
13069.537109375 934
13074.43359375 1119
13101.267578125 1529
13112.501953125 1697
13126.2666015625 1810
13134.6455078125 1831
13157.708984375 2354
13167.4921875 2528
13173.2607421875 2679
13176.5205078125 2712
13224.294921875 2747
13224.8544921875 2809
13249.107421875 2821
13268.0107421875 2842
13279.306640625 2860
13288.4736328125 2906
13289.8115234375 2994
13293.2939453125 186
13296.314453125 223
13298.169921875 1594
13303.8193359375 410
13305.634765625 631
13319.626953125 132
13328.0185546875 2576
13331.046875 1282
13334.943359375 488
13341.6953125 869
13355.3994140625 2059
13357.1796875 787
13420.578125 904
13432.7529296875 137
13447.23046875 275
13458.4833984375 328
13468.5869140625 333
13496.8369140625 392
13498.736328125 407
13499.34375 489
13506.6796875 680
13513.3935546875 1022
13533.3759765625 1290
13577.755859375 1358
13579.9951171875 1607
13598.3837890625 1653
13619.306640625 2024
13623.775390625 2184
13628.45703125 2221
13629.251953125 2394
13659.8955078125 2427
13663.03515625 2517
13675.337890625 2655
13700.482421875 2704
13707.404296875 2900
13707.9423828125 2946
13708.6142578125 459
13710.83984375 1408
13723.2919921875 1339
13738.1953125 22
13762.5390625 45
13768.2841796875 300
13769.3046875 812
13806.4765625 922
13810.693359375 947
13829.6318359375 975
13831.4833984375 1001
13841.7529296875 1095
13859.0263671875 1275
13868.49609375 1664
13879.59765625 1708
13887.505859375 1763
13892.7275390625 1766
13904.3046875 1889
13922.4423828125 2077
13928.7724609375 2082
13941.005859375 2131
13943.2421875 2315
13949.1630859375 2317
13955.8662109375 2409
13989.150390625 2608
13989.787109375 2616
13991.5673828125 2649
13996.9765625 2819
14022.87890625 2862
14024.5595703125 1164
14031.0234375 2213
14062.2197265625 1050
14062.4501953125 979
14068.1123046875 1562
14106.7294921875 1597
14111.9521484375 2334
14114.953125 587
14115.443359375 630
14116.0185546875 777
14128.2294921875 1012
14129.046875 1064
14142.140625 1082
14152.7333984375 1462
14166.6630859375 1501
14177.908203125 1654
14186.275390625 1800
14218.970703125 2656
14225.29296875 2884
14235.064453125 1416
14244.7109375 1575
14252.775390625 2889
14259.8046875 445
14279.2578125 30
14287.72265625 2484
14303.5615234375 38
14336.255859375 40
14341.16015625 76
14342.94921875 77
14353.111328125 108
14357.7900390625 164
14364.56640625 211
14377.02734375 225
14383.7021484375 376
14413.369140625 437
14431.67578125 510
14450.3740234375 646
14450.505859375 671
14451.4765625 738
14466.265625 770
14472.412109375 1434
14476.7939453125 1610
14498.2421875 1662
14507.5419921875 1709
14514.9921875 1998
14521.951171875 2166
14523.0458984375 2220
14528.080078125 2238
14608.2001953125 2255
14608.8994140625 2345
14635.9453125 2510
14642.6015625 2581
14644.5322265625 2607
14663.083984375 2807
14668.9228515625 1015
14689.9853515625 1984
14726.6279296875 1258
14728.5830078125 2555
14730.3623046875 1147
14753.76953125 865
14759.98046875 939
14790.953125 1497
14800.96875 2630
14811.294921875 2752
14841.7333984375 457
14847.677734375 309
14854.2255859375 316
14870.2705078125 483
14876.046875 484
14882.44921875 633
14898.3896484375 1026
14922.607421875 1036
14933.166015625 1176
14947.265625 1423
14972.69140625 1485
14974.240234375 1590
14981.8251953125 1702
14992.1025390625 1759
15018.10546875 1818
15053.857421875 1958
15060.048828125 1963
15069.3662109375 1977
15083.8515625 2053
15120.705078125 2056
15123.90625 2125
15124.943359375 2304
15125.7177734375 2356
15130.1875 2477
15130.5185546875 2533
15131.2001953125 2732
15143.849609375 2948
15149.439453125 1601
15158.755859375 2256
15165.65625 2104
15170.0302734375 284
15170.7001953125 182
15186.412109375 916
15208.0634765625 1667
15213.041015625 1852
15243.64453125 727
15264.2275390625 2036
15278.9169921875 2772
15286.951171875 130
15330.5751953125 219
15378.046875 394
15385.73046875 405
15394.654296875 634
15401.3740234375 856
15402.8388671875 983
15410.2236328125 1117
15447.42578125 1386
15452.9296875 1791
15454.6328125 1991
15480.001953125 2060
15486.814453125 2215
15495.66796875 2314
15512.1328125 2440
15534.2216796875 2467
15534.904296875 2618
15545.154296875 2648
15559.48828125 2694
15568.5185546875 1772
15580.94140625 818
15584.173828125 2907
15588.18359375 660
15592.8818359375 1168
15600.5078125 1145
15607.28515625 1476
15644.1552734375 1618
15645.51171875 655
15677.0009765625 1592
15684.4150390625 2120
15687.3173828125 2557
15706.505859375 112
15716.5869140625 350
15760.9140625 356
15773.5556640625 448
15775.1650390625 1500
15792.396484375 1526
15807.8857421875 1587
15812.302734375 1881
15814.3330078125 1943
15815.2158203125 1962
15822.787109375 1995
15830.708984375 2075
15851.625 2118
15856.0087890625 2309
15863.845703125 2418
15878.767578125 2516
15889.865234375 2588
15899.7890625 2605
15937.1650390625 2623
15941.921875 2937
15942.5166015625 1005
15944.388671875 110
16003.0546875 2360
16007.6455078125 121
16010.6748046875 1046
16016.986328125 298
16036.7021484375 372
16058.8837890625 492
16058.8837890625 752
16058.994140625 838
16067.7509765625 903
16068.3857421875 1034
16083.1943359375 1128
16084.59375 1187
16101.4345703125 1437
16102.2177734375 1488
16116.234375 1534
16127.8173828125 1657
16213.5625 1678
16220.4404296875 1824
16237.5888671875 1826
16248.7490234375 1941
16280.1337890625 1997
16309.4267578125 2318
16316.189453125 2327
16342.48046875 2362
16383.453125 2404
16384.119140625 2453
16387.5 2458
16387.5 2496
16396.25390625 2696
16426.53125 2722
16427.2890625 2796
16438.8125 2584
16445.626953125 2872
16451.146484375 2589
16455.90234375 2135
16506.365234375 1802
16519.8515625 1853
16527.40234375 1892
16548.541015625 1580
16566.26171875 25
16580.541015625 72
16615.083984375 343
16638.171875 710
16638.28125 755
16641.689453125 885
16650.810546875 1683
16657.615234375 1776
16665.72265625 1972
16672.92578125 2047
16675.94921875 2138
16691.259765625 2185
16706.9921875 2344
16728.015625 2545
16743.658203125 2573
16746.201171875 2855
16749.07421875 2159
16852.0859375 1067
16853.130859375 371
16856.046875 243
16856.408203125 1301
16868.140625 311
16910.634765625 426
16913.287109375 648
16980.923828125 720
17000.87890625 792
17011.115234375 940
17023.3671875 1006
17032.7734375 1032
17039.298828125 1160
17043.525390625 1189
17048.603515625 2183
17055.765625 2190
17058.673828125 2301
17080.77734375 1459
17095.142578125 1649
17114.453125 353
17129.80859375 2706
17158.935546875 1511
17190.775390625 1778
17208.009765625 329
17230.7109375 731
17246.3203125 1400
17247.056640625 2070
17255.640625 1480
17276.974609375 1714
17304.34375 249
17304.828125 94
17312.4453125 2823
17378.72265625 471
17398.419921875 473
17401.2734375 747
17456.853515625 915
17459.73046875 921
17467.453125 993
17468.2421875 1072
17471.837890625 1415
17472.232421875 1541
17480.93359375 1746
17482.751953125 1949
17484.9375 2079
17504.146484375 2219
17504.865234375 2258
17517.54296875 2413
17530.14453125 2628
17547.369140625 2828
17558.939453125 2903
17605.81640625 2996
17631.779296875 1137
17643.13671875 102
17673.146484375 667
17687.69140625 1935
17687.85546875 2352
17699.23046875 2887
17760.18359375 427
17831.078125 1533
17899.71875 170
17906.236328125 262
17911.515625 306
17932.60546875 596
17934.720703125 805
17950.09765625 849
17972.458984375 850
17980.12109375 965
18036.96875 976
18076.02734375 1058
18106.1640625 1403
18107.4921875 1645
18172.453125 1999
18200.298828125 2292
18210.0625 2392
18219.9921875 2403
18238.4375 2497
18242.5234375 2524
18244.1328125 2601
18261.54296875 2652
18308.328125 2657
18468.736328125 2761
18529.763671875 2839
18559.11328125 2939
18578.396484375 2984
18591.31640625 1027
18602.5078125 622
18635.9921875 417
18636.05078125 450
18648.05859375 690
18672.736328125 969
18734.791015625 982
18775.24609375 1040
18782.712890625 1078
18787.80859375 1083
18804.84765625 1382
18812.6953125 1391
18822.720703125 1486
18848.2421875 1503
18851.759765625 1547
18851.759765625 1561
18866.935546875 1965
18892.396484375 2026
18916.478515625 2066
18919.89453125 2182
18954.84375 2245
18967.7734375 2460
19020.341796875 2466
19021.857421875 2540
19052.994140625 2593
19056.142578125 2632
19092.80859375 2753
19104.361328125 2759
19143.78125 2793
19173.380859375 2925
19208.650390625 2152
19208.841796875 762
19240.900390625 2757
19250.21875 37
19303.740234375 1624
19308.310546875 1271
19363.0625 2370
19372.25390625 2895
19378.75 2411
19399.34765625 67
19479.16796875 150
19490.93359375 171
19497.0390625 195
19549.712890625 363
19556.7734375 522
19557.890625 657
19621.2265625 701
19722.369140625 760
19744.05078125 811
19755.4140625 874
19755.931640625 875
19814.115234375 1002
19823.275390625 1007
19843.91796875 1023
19849.859375 1356
19884.095703125 1378
19927.072265625 1489
19960.04296875 1629
19979.12109375 2721
19982.1640625 2032
20019.4375 2259
20036.6328125 771
20039.73046875 1543
20061.107421875 2241
20076.52734375 1964
20183.58203125 1625
20203.31640625 2693
20311.7265625 222
20319.0625 258
20337.23046875 281
20387.41796875 506
20388.865234375 582
20426.0390625 724
20566.59375 879
20628.296875 1003
20668.818359375 1171
20677.796875 1182
20698.90625 1588
20826.265625 1685
20891.640625 1758
20988.115234375 2300
21000.27734375 2310
21022.859375 2705
21024.26171875 2845
21105.72265625 2916
21113.521484375 1811
21120.822265625 2701
21143.79296875 421
21227.521484375 1440
21255.4609375 2337
21257.4765625 2531
21289.74609375 18
21292.67578125 29
21327.267578125 31
21341.87890625 104
21350.916015625 274
21362.263671875 321
21373.90625 370
21389.52734375 375
21463.974609375 562
21607.18359375 914
21636.11328125 944
21659.16796875 1672
21708.87890625 1684
21717.361328125 1825
21719.4140625 1846
21777.95703125 1960
21824.25 1976
21857.21875 2006
22013.466796875 2319
22102.927734375 2405
22154.29296875 2550
22394.724609375 2606
22414.84375 2768
22466.359375 1081
22545.60546875 1780
22695.248046875 16
22862.05859375 28
23215.0703125 125
23293.482421875 212
23491.798828125 265
23522.541015625 295
23844.845703125 360
23901.416015625 364
24128.552734375 937
24566.96875 1077
24686.76171875 1101
24911.353515625 1241
24934.556640625 1243
24949.640625 1307
25101.69140625 1343
25262.33984375 1404
25271.859375 1418
25358.08984375 1585
26255.2890625 1719
26357.478515625 1822
26367.59765625 2009
26395.806640625 2164
26919.87890625 2214
27620.41796875 2250
27666.40625 2263
27676.2109375 2342
28554.8984375 2359
33001.44921875 2547
