3683.439208984375 160
3725.657958984375 1
4330.8857421875 425
4641.11865234375 446
4971.7685546875 800
5239.466796875 918
5340.0302734375 953
5448.263671875 985
5564.8564453125 986
5609.31201171875 1008
5636.7470703125 1043
5924.67724609375 1270
5929.787109375 1317
6043.849609375 1435
6083.3505859375 1548
6180.7861328125 1606
6260.96142578125 1661
6277.26318359375 1712
6286.4755859375 2010
6314.048828125 2088
6323.63818359375 2365
6329.9619140625 2410
6442.4619140625 2414
6451.56396484375 2482
6559.67822265625 2560
6576.5166015625 2781
6602.939453125 2820
6703.62451171875 997
6716.2431640625 1446
6719.38330078125 87
6734.99072265625 251
6753.4052734375 527
6875.375 529
6886.71044921875 625
6914.55224609375 641
7010.33056640625 693
7070.52587890625 873
7112.251953125 881
7249.9873046875 928
7293.71435546875 1133
7349.6162109375 1283
7430.02294921875 1318
7455.65869140625 1346
7459.64501953125 1417
7469.37158203125 1720
7530.576171875 1987
7534.19482421875 2226
7587.29541015625 2296
7619.12841796875 2515
7741.06396484375 2572
7768.8447265625 2669
7787.7783203125 2728
7791.7470703125 2734
7804.1630859375 2746
7816.021484375 2852
7855.05419921875 2866
7870.9130859375 2915
7875.224609375 2949
7913.94873046875 377
7914.30078125 2281
7927.12890625 1781
7962.6845703125 81
7984.23828125 229
8027.197265625 440
8053.1015625 548
8102.41845703125 611
8104.2919921875 826
8175.5556640625 834
8209.9462890625 848
8219.95703125 871
8242.9990234375 893
8293.0634765625 1231
8323.333984375 1256
8363.216796875 1315
8369.267578125 1458
8387.869140625 1550
8400.4267578125 1671
8535.7353515625 1711
8556.4091796875 1815
8559.73046875 1893
8582.890625 2312
8587.314453125 2324
8598.439453125 2385
8615.59765625 2447
8668.962890625 2562
8689.7138671875 2610
8708.68359375 2622
8733.3427734375 2853
8749.771484375 2924
8820.3984375 2927
8829.6669921875 2239
8840.171875 1362
8923.650390625 1926
8923.650390625 2997
8942.4453125 254
8991.634765625 388
9002.86328125 465
9023.025390625 498
9034.685546875 520
9052.802734375 962
9129.6875 981
9148.6572265625 1156
9150.6044921875 1652
9162.4833984375 2205
9175.4375 2339
9186.451171875 2417
9215.4326171875 2494
9240.3232421875 2687
9291.06640625 1122
9311.2861328125 1670
9331.1484375 264
9331.7421875 2173
9355.5078125 1646
9378.28515625 2396
9400.0810546875 49
9400.7265625 189
9415.779296875 261
9503.0517578125 263
9573.44921875 430
9586.705078125 831
9611.85546875 899
9614.9716796875 1123
9614.9716796875 1169
9632.3544921875 1350
9643.916015625 1405
9650.560546875 1512
9669.107421875 1750
9681.67578125 1769
9689.802734375 1908
9699.7587890625 1966
9722.212890625 1982
9734.240234375 1993
9749.0078125 2094
9754.7333984375 2126
9755.0546875 2141
9774.591796875 2171
9819.583984375 2174
9827.9501953125 2177
9830.826171875 2237
9833.869140625 2367
9835.07421875 2536
9849.6806640625 2542
9850.544921875 2582
9877.7685546875 2675
9879.7607421875 2703
9893.060546875 1873
9895.5029296875 2107
9904.240234375 1281
9927.7412109375 455
9943.189453125 470
9951.5947265625 902
9951.615234375 926
9982.1162109375 967
9988.6357421875 1104
10006.4833984375 1225
10012.9736328125 1286
10038.2568359375 1506
10069.8125 1516
10071.341796875 1599
10083.8642578125 1779
10097.7880859375 1848
10109.759765625 1867
10144.4658203125 1883
10146.9306640625 2063
10165.0478515625 2210
10187.462890625 2246
10228.6083984375 2285
10236.296875 2361
10245.4521484375 2686
10247.3583984375 2700
10256.1953125 88
10272.7138671875 586
10279.8095703125 136
10282.96484375 1471
10318.888671875 226
10324.15625 296
10353.48828125 1197
10383.1064453125 1666
10391.046875 2511
10394.1904296875 101
10410.2783203125 215
10412.0380859375 549
10412.216796875 550
10424.1259765625 573
10441.2177734375 1136
10478.7421875 1199
10481.4013671875 1530
10503.283203125 1581
10506.5927734375 1640
10514.9921875 1688
10539.1005859375 1968
10549.716796875 2526
10574.65234375 2571
10634.71484375 2983
10647.5732421875 1787
10662.8681640625 602
10674.501953125 1146
10696.3173828125 253
10715.0712890625 342
10742.193359375 843
10757.2578125 1233
10763.1982421875 1335
10783.9453125 1394
10793.8466796875 1737
10831.0078125 1784
10841.3447265625 1950
10842.357421875 2025
10861.8740234375 2473
10884.341796875 2518
10888.6240234375 999
10908.986328125 1056
10910.6025390625 1900
10917.13671875 1304
10934.79296875 1326
10964.306640625 2967
10973.033203125 1329
11040.2890625 50
11054.412109375 318
11085.798828125 389
11085.880859375 478
11089.2822265625 491
11090.513671875 580
11098.326171875 599
11101.037109375 890
11115.89453125 896
11117.251953125 909
11121.5 919
11148.765625 995
11150.6123046875 1273
11157.6318359375 1342
11165.1826171875 1430
11166.267578125 1495
11183.494140625 1568
11186.580078125 1583
11225.0390625 1764
11241.8193359375 1774
11251.103515625 2065
11254.2451171875 2117
11269.298828125 2181
11274.5 2268
11284.3955078125 2465
11285.060546875 2664
11296.1298828125 2760
11297.67578125 2764
11342.58984375 2938
11368.0869140625 2943
11389.25390625 1860
11393.1396484375 2880
11419.8642578125 1333
11449.869140625 2631
11472.6455078125 146
11495.841796875 1538
11501.58984375 21
11518.5244140625 34
11541.8701171875 200
11550.91796875 288
11587.798828125 336
11627.8662109375 385
11639.771484375 517
11697.2060546875 546
11714.021484375 609
11769.08984375 614
11770.484375 683
11823.7705078125 686
11826.1962890625 769
11843.0888671875 1097
11864.4873046875 1221
11869.1318359375 1322
11892.716796875 1359
11900.33984375 1376
11905.25390625 1686
11906.0625 1854
11917.078125 2513
11928.72265625 2553
11940.3076171875 2650
11944.607421875 2672
11955.0107421875 2911
11963.8818359375 78
11965.21875 2713
11981.3720703125 2800
11983.021484375 2651
11999.740234375 2970
12053.595703125 1045
12083.4931640625 1068
12108.1005859375 2078
12111.09375 884
12130.5849609375 886
12143.662109375 1028
12194.1328125 1845
12210.5771484375 1932
12232.7734375 2489
12247.22265625 90
12293.2822265625 153
12294.9404296875 240
12333.494140625 256
12363.5390625 531
12366.7451171875 644
12380.2978515625 706
12386.8505859375 775
12389.154296875 1163
12399.5830078125 1483
12432.873046875 2114
12449.6669921875 2379
12476.630859375 2424
12486.60546875 2433
12501.5654296875 2435
12508.1220703125 2442
12542.89453125 2683
12556.142578125 2811
12579.306640625 2176
12602.796875 169
12603.0966796875 2207
12606.5859375 1144
12627.3466796875 2180
12631.140625 73
12642.8046875 663
12643.58984375 677
12644.537109375 756
12698.748046875 925
12707.6865234375 927
12738.39453125 946
12750.15625 996
12756.6123046875 1141
12794.021484375 1202
12807.3603515625 1251
12819.28515625 1457
12824.7841796875 1502
12826.7197265625 1591
12833.7314453125 1733
12841.130859375 1735
12864.2880859375 1919
12877.1748046875 1933
12915.6748046875 1955
12926.892578125 2002
12936.134765625 2335
12938.3427734375 2341
12945.51953125 2565
12947.89453125 2695
12979.1640625 2763
12986.427734375 2840
13016.8115234375 2422
13018.423828125 1020
13022.6767578125 640
13022.6767578125 59
13026.541015625 177
13028.763671875 191
13038.388671875 575
13050.19140625 687
13074.5625 934
13085.787109375 1119
13093.0703125 1529
13115.3388671875 1697
13135.07421875 1810
13142.068359375 1831
13156.0859375 2354
13162.9248046875 2528
13163.794921875 2679
13174.6357421875 2712
13178.779296875 2747
13193.3203125 2809
13199.4150390625 2821
13213.169921875 2842
13227.912109375 2860
13232.8671875 2906
13268.345703125 2994
13270.41796875 186
13270.41796875 223
13270.541015625 1594
13282.7431640625 410
13329.287109375 631
13347.701171875 132
13355.8056640625 2576
13368.078125 1282
13389.755859375 488
13401.80859375 869
13442.919921875 2059
13443.62109375 787
13446.56640625 904
13479.2001953125 137
13496.1162109375 275
13499.318359375 328
13500.2900390625 333
13517.16015625 392
13522.984375 407
13535.0166015625 489
13536.662109375 680
13566.154296875 1022
13601.845703125 1290
13689.283203125 1358
13701.873046875 1607
13765.177734375 1653
13768.392578125 2024
13821.564453125 2184
13825.1044921875 2221
13832.03515625 2394
13836.92578125 2427
13839.7939453125 2517
13879.330078125 2655
13896.966796875 2704
13904.1494140625 2900
13924.173828125 2946
13925.1923828125 459
13954.2587890625 1408
13960.87109375 1339
13962.421875 22
13970.67578125 45
13980.8623046875 300
13992.2822265625 812
14007.896484375 922
14030.9482421875 947
14032.5 975
14038.626953125 1001
14041.1943359375 1095
14051.8369140625 1275
14053.54296875 1664
14060.4140625 1708
14074.0048828125 1763
14102.1943359375 1766
14110.193359375 1889
14113.8828125 2077
14163.4638671875 2082
14165.1962890625 2131
14182.384765625 2315
14242.3681640625 2317
14245.388671875 2409
14274.27734375 2608
14289.224609375 2616
14291.001953125 2649
14296.927734375 2819
14297.5927734375 2862
14304.81640625 1164
14320.4521484375 2213
14342.8095703125 1050
14347.314453125 979
14361.01171875 1562
14365.5048828125 1597
14388.572265625 2334
14397.236328125 587
14401.806640625 630
14411.4609375 777
14416.4970703125 1012
14429.873046875 1064
14442.986328125 1082
14466.4912109375 1462
14483.2802734375 1501
14489.708984375 1654
14512.771484375 1800
14521.775390625 2656
14521.9189453125 2884
14552.912109375 1416
14565.8076171875 1575
14580.2509765625 2889
14590.4765625 445
14601.33984375 30
14606.560546875 2484
14617.7607421875 38
14619.283203125 40
14644.150390625 76
14647.921875 77
14652.7109375 108
14653.80078125 164
14656.75 211
14665.4873046875 225
14684.884765625 376
14701.845703125 437
14716.611328125 510
14749.09375 646
14759.501953125 671
14763.7041015625 738
14773.4453125 770
14781.5751953125 1434
14784.958984375 1610
14790.71484375 1662
14835.1416015625 1709
14871.1416015625 1998
14882.28125 2166
14902.84765625 2220
14926.919921875 2238
14939.076171875 2255
14984.146484375 2345
15022.240234375 2510
15028.720703125 2581
15031.5283203125 2607
15049.982421875 2807
15068.806640625 1015
15119.375 1984
15180.37890625 1258
15193.796875 2555
15197.62890625 1147
15216.205078125 865
15251.06640625 939
15265.853515625 1497
15273.533203125 2630
15275.23046875 2752
15278.8408203125 457
15299.255859375 309
15299.796875 316
15327.67578125 483
15332.6728515625 484
15348.447265625 633
15352.6103515625 1026
15359.658203125 1036
15359.826171875 1176
15362.2939453125 1423
15368.4228515625 1485
15368.4228515625 1590
15387.4306640625 1702
15387.4306640625 1759
15446.1591796875 1818
15455.3369140625 1958
15459.4169921875 1963
15465.9326171875 1977
15476.244140625 2053
15502.3623046875 2056
15537.3544921875 2125
15547.3720703125 2304
15556.814453125 2356
15560.20703125 2477
15611.5771484375 2533
15623.4091796875 2732
15637.6640625 2948
15687.083984375 1601
15713.205078125 2256
15733.5712890625 2104
15734.603515625 284
15735.5166015625 182
15741.6103515625 916
15748.5341796875 1667
15754.0703125 1852
15791.9609375 727
15799.064453125 2036
15822.1103515625 2772
15825.783203125 130
15826.98828125 219
15846.7265625 394
15918.4375 405
15918.9765625 634
15933.4892578125 856
15947.2841796875 983
15957.59765625 1117
15962.7119140625 1386
15967.080078125 1791
15975.693359375 1991
15978.4990234375 2060
15989.5 2215
16002.2607421875 2314
16019.2890625 2440
16025.326171875 2467
16048.6376953125 2618
16068.6484375 2648
16081.662109375 2694
16083.669921875 1772
16091.583984375 818
16093.044921875 2907
16095.77734375 660
16103.0546875 1168
16112.54296875 1145
16116.1953125 1476
16134.7578125 1618
16137.7041015625 655
16174.5859375 1592
16198.376953125 2120
16208.580078125 2557
16209.7080078125 112
16241.1240234375 350
16267.6142578125 356
16290.3583984375 448
16300.359375 1500
16313.849609375 1526
16324.86328125 1587
16375.1005859375 1881
16385.447265625 1943
16404.892578125 1962
16435.673828125 1995
16440.87109375 2075
16453.6953125 2118
16475.83203125 2309
16496.20703125 2418
16533.505859375 2516
16534.18359375 2588
16549.794921875 2605
16565.09375 2623
16590.529296875 2937
16591.845703125 1005
16592.03515625 110
16637.154296875 2360
16646.7890625 121
16692.15234375 1046
16696.919921875 298
16698.287109375 372
16699.568359375 492
16701.109375 752
16715.353515625 838
16728.3203125 903
16731.064453125 1034
16740.43359375 1128
16776.392578125 1187
16786.041015625 1437
16800.517578125 1488
16805.794921875 1534
16809.474609375 1657
16823.974609375 1678
16841.423828125 1824
16900.583984375 1826
16919.74609375 1941
16929.82421875 1997
16967.4609375 2318
16967.654296875 2327
16984.22265625 2362
16985.41796875 2404
16985.654296875 2453
16986.4609375 2458
17003.650390625 2496
17028.22265625 2696
17028.423828125 2722
17091.6953125 2796
17093.34375 2584
17094.90625 2872
17183.826171875 2589
17194.953125 2135
17205.623046875 1802
17213.6171875 1853
17221.064453125 1892
17229.890625 1580
17234.974609375 25
17246.58203125 72
17257.5625 343
17259.818359375 710
17284.634765625 755
17286.30859375 885
17290.92578125 1683
17295.298828125 1776
17320.6953125 1972
17351.107421875 2047
17351.328125 2138
17396.603515625 2185
17412.77734375 2344
17435.408203125 2545
17448.3046875 2573
17451.53125 2855
17481.595703125 2159
17515.330078125 1067
17531.78125 371
17543.921875 243
17551.8125 1301
17589.66015625 311
17596.63671875 426
17604.142578125 648
17605.208984375 720
17607.0859375 792
17665.08984375 940
17736.85546875 1006
17743.92578125 1032
17764.396484375 1160
17774.3046875 1189
17786.291015625 2183
17793.673828125 2190
17795.171875 2301
17824.86328125 1459
17824.869140625 1649
17837.41015625 353
17846.607421875 2706
17850.763671875 1511
17904.390625 1778
17937.115234375 329
17946.865234375 731
17954.27734375 1400
17958.580078125 2070
17996.416015625 1480
18033.86328125 1714
18170.44140625 249
18192.076171875 94
18207.271484375 2823
18219.556640625 471
18225.720703125 473
18252.7890625 747
18260.205078125 915
18271.017578125 921
18301.31640625 993
18334.9921875 1072
18358.029296875 1415
18377.12890625 1541
18383.6953125 1746
18405.4921875 1949
18410.8984375 2079
18424.958984375 2219
18434.53515625 2258
18462.13671875 2413
18489.49609375 2628
18530.134765625 2828
18554.61328125 2903
18590.12890625 2996
18596.955078125 204
18599.67578125 1247
18605.421875 1410
18620.615234375 1888
18636.384765625 1214
18666.900390625 1658
18683.0859375 2587
18737.818359375 380
18751.86328125 688
18755.53515625 1761
18777.224609375 66
18786.302734375 127
18808.587890625 179
18917.673828125 855
18921.97265625 1198
18926.705078125 1250
18942.0 1507
18943.03515625 1558
18992.712890625 2007
19020.19921875 2092
19022.62109375 2231
19037.220703125 2384
19039.34375 2457
19102.24609375 2544
19105.4453125 2717
19110.126953125 2774
19126.25390625 2794
19155.22265625 2909
19172.90234375 972
19226.146484375 1138
19227.482421875 1442
19232.61328125 1137
19265.609375 102
19273.03515625 667
19280.1796875 1935
19353.4375 2352
19365.373046875 2887
19376.587890625 427
19423.599609375 1533
19486.6484375 170
19538.28515625 262
19545.24609375 306
19553.669921875 596
19556.087890625 805
19576.259765625 849
19607.55859375 850
19674.41015625 965
19677.845703125 976
19684.84375 1058
19687.82421875 1403
19700.41796875 1645
19724.544921875 1999
19728.796875 2292
19739.3515625 2392
19802.6015625 2403
19863.56640625 2497
19869.748046875 2524
19872.943359375 2601
19890.0078125 2652
19902.25390625 2657
19911.4296875 2761
19926.771484375 2839
19938.791015625 2939
19961.96875 2984
19967.6640625 1027
20000.62890625 622
20011.1796875 417
20033.267578125 450
20046.150390625 690
20097.00390625 969
20202.326171875 982
20294.6015625 1040
20408.181640625 1078
20409.607421875 1083
20418.654296875 1382
20434.640625 1391
20440.4921875 1486
20468.125 1503
20534.859375 1547
20537.998046875 1561
20568.84375 1965
20647.064453125 2026
20673.505859375 2066
20678.078125 2182
20682.1953125 2245
20699.337890625 2460
20778.849609375 2466
20809.912109375 2540
20824.60546875 2593
20831.29296875 2632
20842.828125 2753
20852.048828125 2759
20885.017578125 2793
20942.087890625 2925
20943.826171875 2152
20981.552734375 762
21013.865234375 2757
21046.71484375 37
21083.3359375 1624
21089.7734375 1271
21121.021484375 2370
21162.3203125 2895
21195.3828125 2411
21218.822265625 67
21251.453125 150
21263.638671875 171
21301.92578125 195
21314.0078125 363
21472.5859375 522
21531.287109375 657
21532.25390625 701
21546.39453125 760
21599.404296875 811
21607.654296875 874
21612.146484375 875
21691.732421875 1002
21694.40625 1007
21726.62109375 1023
21792.57421875 1356
21831.8984375 1378
21855.52734375 1489
21862.818359375 1629
21866.5234375 2721
21930.24609375 2032
22047.40234375 2259
22048.77734375 771
22056.439453125 1543
22097.912109375 2241
22169.537109375 1964
22169.71875 1625
22181.484375 2693
22232.08984375 222
22273.220703125 258
22347.296875 281
22349.650390625 506
22429.9296875 582
22474.009765625 724
22583.177734375 879
22607.107421875 1003
22624.109375 1171
22642.734375 1182
22694.685546875 1588
22706.171875 1685
22724.7734375 1758
22813.578125 2300
22845.255859375 2310
22853.357421875 2705
22855.4296875 2845
22882.416015625 2916
22931.15234375 1811
23013.716796875 2701
23015.845703125 421
23315.41796875 1440
23468.45703125 2337
23474.498046875 2531
23491.712890625 18
23494.0546875 29
23514.162109375 31
24032.78515625 104
24159.77734375 274
24190.107421875 321
24261.90625 370
24414.177734375 375
24470.783203125 562
24486.73046875 914
24496.841796875 944
24498.32421875 1672
24522.35546875 1684
24533.2734375 1825
24713.53515625 1846
24730.369140625 1960
24823.1796875 1976
24953.607421875 2006
25139.458984375 2319
25294.6953125 2405
25378.94921875 2550
25445.962890625 2606
25605.376953125 2768
25756.849609375 1081
25785.33984375 1780
25956.197265625 16
26194.060546875 28
26306.0390625 125
26333.935546875 212
26707.703125 265
26843.8984375 295
26975.19921875 360
27019.8515625 364
27076.3359375 937
27087.900390625 1077
27385.21484375 1101
27426.95703125 1241
27942.767578125 1243
27988.326171875 1307
28029.63671875 1343
28046.0859375 1404
28296.5390625 1418
28345.068359375 1585
28505.849609375 1719
29061.50390625 1822
29101.78125 2009
29541.69921875 2164
30006.140625 2214
30071.654296875 2250
30371.388671875 2263
30402.93359375 2342
31412.240234375 2359
34995.23828125 2547
