6773.5869140625 1168
7290.68115234375 1145
7305.169921875 1476
7321.98046875 1618
7345.8876953125 655
7415.9755859375 1592
7933.45654296875 2120
7951.83935546875 2557
7995.140625 112
8064.43115234375 350
8102.021484375 356
8109.6708984375 448
8185.90966796875 1500
8269.0908203125 1526
8349.6591796875 1587
8378.419921875 1881
8379.259765625 1943
8389.388671875 1962
8397.4453125 1995
8567.568359375 2075
8573.6171875 2118
8600.955078125 2309
8636.4189453125 2418
8648.326171875 2516
8655.6044921875 2588
8685.4677734375 2605
8700.8525390625 2623
8750.791015625 2937
8873.9462890625 1005
8880.4326171875 110
8994.474609375 2360
9092.046875 121
9134.4248046875 1446
9165.0830078125 87
9168.1181640625 251
9177.19140625 527
9178.431640625 529
9198.7021484375 625
9199.8955078125 641
9202.443359375 693
9216.6904296875 873
9249.7099609375 881
9251.90234375 928
9287.3828125 1133
9338.36328125 1283
9367.869140625 1318
9389.3525390625 1346
9412.390625 1417
9442.431640625 1720
9451.224609375 1987
9484.7841796875 2226
9512.939453125 2296
9526.458984375 2515
9529.4384765625 2572
9544.9267578125 2669
9553.9150390625 2728
9581.2958984375 2734
9590.669921875 2746
9622.7060546875 2852
9643.248046875 2866
9663.6875 2915
9689.54296875 2949
9717.267578125 377
9727.7392578125 2281
9728.705078125 160
9757.98828125 1
9787.98046875 425
9800.4150390625 446
9841.0361328125 800
9871.3955078125 918
9881.369140625 953
9888.68359375 985
9901.701171875 986
9945.4892578125 1008
9947.490234375 1043
9966.62890625 1270
10002.3984375 1317
10024.357421875 1435
10026.3916015625 1548
10030.9501953125 1606
10046.2099609375 1661
10052.3798828125 1712
10074.9921875 2010
10122.0107421875 2088
10130.166015625 2365
10130.166015625 2410
10153.2177734375 2414
10216.439453125 2482
10308.20703125 2560
10330.0478515625 2781
10350.412109375 2820
10375.9921875 997
10401.8486328125 1781
10407.052734375 81
10421.0390625 229
10424.30859375 440
10424.60546875 548
10445.6103515625 611
10466.353515625 826
10466.7578125 834
10475.140625 848
10511.4521484375 871
10521.8779296875 893
10525.46484375 1231
10526.5 1256
10538.921875 1315
10563.681640625 1458
10589.513671875 1550
10591.2734375 1671
10604.34375 1711
10607.67578125 1815
10623.3955078125 1893
10632.880859375 2312
10643.94921875 2324
10663.60546875 2385
10681.263671875 2447
10719.9443359375 2562
10735.00390625 2610
10740.9404296875 2622
10760.8828125 2853
10778.3994140625 2924
10821.759765625 2927
10824.3330078125 2239
10848.287109375 1362
10855.76953125 1926
10906.3515625 2997
10918.65234375 254
10922.4619140625 388
10927.36328125 465
10932.849609375 498
10935.412109375 520
10948.341796875 962
10959.3759765625 981
10973.904296875 1156
10990.1201171875 1652
11000.7255859375 2205
11004.583984375 2339
11008.5625 2417
11010.2392578125 2494
11013.787109375 2687
11044.89453125 1122
11048.8681640625 1670
11053.2099609375 264
11056.1904296875 2173
11064.193359375 1646
11065.4765625 2396
11081.2373046875 49
11091.826171875 189
11119.57421875 261
11131.7568359375 263
11132.919921875 430
11132.92578125 831
11145.70703125 899
11145.70703125 1123
11169.8173828125 1169
11174.400390625 1350
11178.91015625 1405
11179.0078125 1512
11182.822265625 1750
11182.822265625 1769
11191.322265625 1908
11212.31640625 1966
11220.884765625 1982
11266.515625 1993
11276.7177734375 2094
11279.90625 2126
11291.5712890625 2141
11313.4267578125 2171
11332.60546875 2174
11335.611328125 2177
11368.8212890625 2237
11370.84375 2367
11392.5107421875 2536
11393.5595703125 2542
11393.92578125 2582
11403.09375 2675
11422.1796875 2703
11426.8662109375 1873
11431.9326171875 2107
11445.9248046875 1281
11447.9970703125 455
11458.697265625 470
11466.12109375 902
11471.30078125 926
11471.830078125 967
11479.154296875 1104
11503.7841796875 1225
11505.771484375 1286
11513.0693359375 1506
11517.8583984375 1516
11519.83203125 1599
11542.3857421875 1779
11544.3134765625 1848
11549.953125 1867
11556.2802734375 1883
11572.251953125 2063
11615.783203125 2210
11616.951171875 2246
11622.443359375 2285
11635.189453125 2361
11642.7470703125 2686
11649.0498046875 2700
11674.6201171875 88
11681.0478515625 586
11694.369140625 136
11711.287109375 1471
11715.1298828125 226
11730.4150390625 296
11733.8173828125 1197
11744.5703125 1666
11754.4267578125 2511
11761.9296875 101
11764.357421875 215
11767.98046875 549
11796.298828125 550
11798.171875 573
11801.23046875 1136
11802.2001953125 1199
11827.0986328125 1530
11828.0703125 1581
11836.322265625 1640
11839.47265625 1688
11852.6279296875 1968
11860.662109375 2526
11870.91796875 2571
11885.8994140625 2983
11902.9970703125 1787
11907.595703125 602
11912.6015625 1146
11921.294921875 253
11921.330078125 342
11940.6220703125 843
11944.3017578125 1233
11948.423828125 1335
11953.4150390625 1394
11989.1416015625 1737
11990.548828125 1784
11993.830078125 1950
12011.869140625 2025
12015.4267578125 2473
12025.0224609375 2518
12029.6318359375 999
12036.2470703125 1056
12041.78515625 1900
12059.8828125 1304
12081.408203125 1326
12087.419921875 2967
12104.0810546875 1329
12105.1591796875 50
12109.572265625 318
12112.873046875 389
12132.2802734375 478
12136.9951171875 491
12157.2861328125 580
12161.6337890625 599
12195.681640625 890
12202.9775390625 896
12202.9775390625 909
12242.0625 919
12242.55859375 995
12243.822265625 1273
12251.853515625 1342
12251.873046875 1430
12257.748046875 1495
12269.9033203125 1568
12272.5078125 1583
12276.3291015625 1764
12294.45703125 1774
12312.474609375 2065
12313.0576171875 2117
12335.869140625 2181
12336.5380859375 2268
12345.115234375 2465
12346.3564453125 2664
12359.421875 2760
12383.7890625 2764
12391.1845703125 2938
12394.2958984375 2943
12417.65234375 1860
12435.7265625 2880
12450.6962890625 1333
12454.197265625 2631
12458.1142578125 146
12470.9150390625 1538
12471.27734375 21
12482.71875 34
12489.9345703125 200
12499.734375 288
12511.0263671875 336
12516.2734375 385
12518.134765625 517
12524.6650390625 546
12525.52734375 609
12525.955078125 614
12560.97265625 683
12563.927734375 686
12581.03125 769
12589.48828125 1097
12599.515625 1221
12613.69140625 1322
12617.74609375 1359
12620.126953125 1376
12628.9267578125 1686
12633.705078125 1854
12660.29296875 2513
12664.0888671875 2553
12665.7724609375 2650
12679.7431640625 2672
12695.2001953125 2911
12725.0400390625 78
12737.0419921875 2713
12739.037109375 2800
12753.564453125 2651
12758.6982421875 2970
12773.96875 1045
12793.806640625 1068
12796.11328125 2078
12802.1884765625 884
12810.765625 886
12810.927734375 1028
12818.0 1845
12820.4755859375 1932
12823.11328125 2489
12828.52734375 90
12852.203125 153
12858.34375 240
12860.73828125 256
12861.0 531
12864.8310546875 644
12882.130859375 706
12902.9423828125 775
12910.1337890625 1163
12918.8623046875 1483
12924.453125 2114
12938.634765625 2379
12945.2919921875 2424
12946.3720703125 2433
12955.3798828125 2435
12965.357421875 2442
12967.359375 2683
12968.5205078125 2811
12971.3896484375 2176
13004.51953125 169
13038.9814453125 2207
13040.810546875 1144
13041.73828125 2180
13049.7978515625 73
13071.599609375 663
13082.0556640625 677
13100.306640625 756
13111.2861328125 925
13116.4326171875 927
13116.6650390625 946
13130.0380859375 996
13133.46484375 1141
13140.634765625 1202
13140.880859375 1251
13141.8037109375 1457
13146.9248046875 1502
13181.09375 1591
13208.2109375 1733
13212.9296875 1735
13227.0634765625 1919
13230.400390625 1933
13233.7734375 1955
13274.369140625 2002
13282.3720703125 2335
13294.626953125 2341
13302.0517578125 2565
13304.484375 2695
13311.9638671875 2763
13322.875 2840
13338.6337890625 2422
13354.662109375 1020
13355.048828125 640
13355.544921875 59
13358.853515625 177
13363.4765625 191
13367.75390625 575
13387.76953125 687
13387.9853515625 934
13397.4375 1119
13418.1171875 1529
13425.7880859375 1697
13447.611328125 1810
13448.298828125 1831
13452.669921875 2354
13482.4794921875 2528
13484.7939453125 2679
13491.359375 2712
13511.9677734375 2747
13515.478515625 2809
13520.505859375 2821
13533.751953125 2842
13543.5849609375 2860
13548.244140625 2906
13554.306640625 2994
13557.3173828125 186
13558.7724609375 223
13571.30859375 1594
13576.853515625 410
13603.8916015625 631
13604.5322265625 132
13613.0029296875 2576
13616.291015625 1282
13626.822265625 488
13632.48046875 869
13637.6591796875 2059
13655.294921875 787
13661.6787109375 904
13669.1259765625 137
13692.904296875 275
13696.6396484375 328
13696.736328125 333
13732.107421875 392
13737.822265625 407
13743.9453125 489
13744.3291015625 680
13755.44140625 1022
13755.8369140625 1290
13760.88671875 1358
13768.0068359375 1607
13770.099609375 1653
13781.0947265625 2024
13782.427734375 2184
13785.359375 2221
13789.9609375 2394
13793.763671875 2427
13803.380859375 2517
13805.3837890625 2655
13809.9990234375 2704
13815.970703125 2900
13822.697265625 2946
13841.00390625 459
13845.5419921875 1408
13847.619140625 1339
13859.83984375 22
13866.29296875 45
13868.396484375 300
13886.044921875 812
13898.623046875 922
13900.1083984375 947
13924.7890625 975
13925.87890625 1001
13945.39453125 1095
13953.2041015625 1275
13962.943359375 1664
13964.6669921875 1708
13966.5849609375 1763
13971.8154296875 1766
13979.900390625 1889
13982.91015625 2077
13984.765625 2082
14027.0625 2131
14034.9736328125 2315
14042.724609375 2317
14061.771484375 2409
14062.4765625 2608
14067.0517578125 2616
14076.8212890625 2649
14089.4296875 2819
14095.484375 2862
14097.5625 1164
14114.5380859375 2213
14128.5712890625 1050
14134.0439453125 979
14135.07421875 1562
14136.5498046875 1597
14139.212890625 2334
14139.2890625 587
14140.1484375 630
14154.63671875 777
14161.11328125 1012
14162.16015625 1064
14168.5546875 1082
14193.7216796875 1462
14194.005859375 1501
14206.146484375 1654
14219.0205078125 1800
14231.3837890625 2656
14252.1982421875 2884
14257.1826171875 1416
14258.328125 1575
14260.865234375 2889
14264.943359375 445
14289.080078125 30
14295.29296875 2484
14302.6025390625 38
14309.083984375 40
14312.9091796875 76
14321.7861328125 77
14325.162109375 108
14325.69921875 164
14335.87109375 211
14337.5732421875 225
14342.0498046875 376
14352.7177734375 437
14367.478515625 510
14379.17578125 646
14380.4482421875 671
14383.583984375 738
14390.8505859375 770
14405.998046875 1434
14407.744140625 1610
14408.3359375 1662
14415.2041015625 1709
14432.720703125 1998
14441.7041015625 2166
14444.92578125 2220
14463.3251953125 2238
14475.96875 2255
14484.8505859375 2345
14496.140625 2510
14522.3173828125 2581
14542.560546875 2607
14543.2734375 2807
14552.5185546875 1015
14554.318359375 1984
14563.505859375 1258
14568.4423828125 2555
14568.849609375 1147
14576.8193359375 865
14579.333984375 939
14586.44140625 1497
14599.890625 2630
14606.1552734375 2752
14619.90234375 457
14620.751953125 309
14635.2919921875 316
14666.322265625 483
14668.212890625 484
14682.58203125 633
14684.408203125 1026
14690.9970703125 1036
14732.091796875 1176
14741.8359375 1423
14751.830078125 1485
14752.212890625 1590
14778.2841796875 1702
14785.0380859375 1759
14801.990234375 1818
14810.6044921875 1958
14813.98046875 1963
14815.546875 1977
14830.86328125 2053
14838.59765625 2056
14840.3681640625 2125
14841.53125 2304
14857.630859375 2356
14868.224609375 2477
14880.291015625 2533
14882.77734375 2732
14900.923828125 2948
14907.3232421875 1601
14910.6376953125 2256
14952.556640625 2104
14955.125 284
14977.98828125 182
14983.6357421875 916
15012.609375 1667
15018.697265625 1852
15025.42578125 727
15027.3447265625 2036
15037.9931640625 2772
15047.501953125 130
15079.2734375 219
15089.810546875 394
15127.294921875 405
15138.9921875 634
15153.0283203125 856
15171.294921875 983
15201.9638671875 1117
15209.646484375 1386
15212.1044921875 1791
15217.16015625 1991
15217.16015625 2060
15225.6640625 2215
15264.9404296875 2314
15274.0205078125 2440
15281.6064453125 2467
15283.6875 2618
15283.96875 2648
15286.1904296875 2694
15305.0302734375 1772
15306.798828125 818
15308.763671875 2907
15312.25 660
15351.0888671875 1046
15371.3388671875 298
15375.681640625 372
15410.4921875 492
15433.17578125 752
15433.2509765625 838
15445.990234375 903
15484.14453125 1034
15500.6015625 1128
15508.5576171875 1187
15527.1494140625 1437
15533.31640625 1488
15542.541015625 1534
15555.9306640625 1657
15562.2734375 1678
15568.462890625 1824
15573.099609375 1826
15577.6337890625 1941
15578.7900390625 1997
15582.279296875 2318
15589.509765625 2327
15589.6015625 2362
15592.3642578125 2404
15596.5751953125 2453
15599.6171875 2458
15602.833984375 2496
15606.6259765625 2696
15608.462890625 2722
15609.3076171875 2796
15618.4423828125 2584
15621.3876953125 2872
15622.73828125 2589
15647.529296875 2135
15653.041015625 1802
15655.7431640625 1853
15659.30078125 1892
15663.095703125 1580
15699.0517578125 25
15713.314453125 72
15716.69140625 343
15720.64453125 710
15726.1875 755
15734.5947265625 885
15735.3349609375 1683
15747.2978515625 1776
15752.94921875 1972
15764.80078125 2047
15786.091796875 2138
15791.453125 2185
15792.8857421875 2344
15795.3095703125 2545
15807.705078125 2573
15810.5458984375 2855
15826.0263671875 2159
15844.2578125 1067
15845.126953125 371
15856.517578125 243
15857.58203125 1301
15880.2978515625 311
15889.5517578125 426
15891.9677734375 648
15894.59375 720
15894.59375 792
15894.6435546875 940
15905.7763671875 1006
15910.5478515625 1032
15924.0244140625 1160
15926.2734375 1189
15931.998046875 2183
15932.8427734375 2190
15949.6220703125 2301
15971.12890625 1459
15990.0400390625 1649
15990.84375 353
16034.7060546875 2706
16035.7587890625 1511
16044.1611328125 1778
16055.4765625 329
16056.1103515625 731
16084.958984375 1400
16091.9365234375 2070
16118.0556640625 1480
16118.4892578125 1714
16143.271484375 249
16143.2763671875 94
16143.763671875 2823
16220.169921875 471
16227.763671875 473
16241.6220703125 747
16257.7578125 915
16281.5234375 921
16289.103515625 993
16344.482421875 1072
16362.259765625 1415
16379.41015625 1541
16382.7919921875 1746
16385.724609375 1949
16391.236328125 2079
16393.501953125 2219
16411.45703125 2258
16412.4296875 2413
16418.9375 2628
16434.322265625 2828
16441.5390625 2903
16448.12890625 2996
16466.4296875 204
16473.638671875 1247
16475.09765625 1410
16487.65625 1888
16530.943359375 1214
16544.779296875 1658
16544.9140625 2587
16584.876953125 380
16604.86328125 688
16629.18359375 1761
16656.861328125 66
16682.814453125 127
16691.048828125 179
16691.048828125 855
16691.048828125 1198
16698.638671875 1250
16713.1640625 1507
16718.587890625 1558
16721.33203125 2007
16729.6640625 2092
16731.201171875 2231
16737.927734375 2384
16742.939453125 2457
16777.30078125 2544
16781.0078125 2717
16798.95703125 2774
16810.65625 2794
16886.75 2909
16897.111328125 972
16935.87109375 1138
16948.982421875 1442
16974.1875 1137
17045.26953125 102
17096.40625 667
17098.73046875 1935
17105.7265625 2352
17111.421875 2887
17121.73046875 427
17122.087890625 1533
17152.03515625 170
17185.263671875 262
17196.830078125 306
17243.28125 596
17272.2109375 805
17289.888671875 849
17329.568359375 850
17333.578125 965
17375.3203125 976
17407.4296875 1058
17422.037109375 1403
17429.77734375 1645
17437.18359375 1999
17463.552734375 2292
17484.359375 2392
17518.578125 2403
17526.515625 2497
17547.67578125 2524
17549.927734375 2601
17599.30078125 2652
17623.42578125 2657
17638.822265625 2761
17644.888671875 2839
17711.453125 2939
17734.6796875 2984
17740.23046875 1027
17755.9140625 622
17763.376953125 417
17797.759765625 450
17818.927734375 690
17862.3984375 969
17893.453125 982
17916.212890625 1040
17923.189453125 1078
17950.7265625 1083
17964.658203125 1382
17975.6171875 1391
17996.263671875 1486
18022.580078125 1503
18034.8203125 1547
18080.58984375 1561
18101.02734375 1965
18101.240234375 2026
18125.888671875 2066
18229.4765625 2182
18230.66796875 2245
18242.849609375 2460
18254.521484375 2466
18264.17578125 2540
18312.0 2593
18352.431640625 2632
18367.103515625 2753
18375.794921875 2759
18395.609375 2793
18421.021484375 2925
18439.1796875 2152
18484.9765625 762
18491.904296875 2757
18518.736328125 37
18536.900390625 1624
18550.57421875 1271
18580.865234375 2370
18591.734375 2895
18591.734375 2411
18607.474609375 67
18620.03125 150
18641.412109375 171
18669.59375 195
18700.533203125 363
18748.83984375 522
18779.833984375 657
18893.640625 701
18924.845703125 760
18956.4375 811
18967.982421875 874
19026.41015625 875
19072.87109375 1002
19083.869140625 1007
19092.361328125 1023
19147.48828125 1356
19228.4453125 1378
19228.447265625 1489
19238.28125 1629
19239.287109375 2721
19280.85546875 2032
19311.728515625 2259
19373.6015625 771
19429.6796875 1543
19495.6796875 2241
19497.171875 1964
19531.25 1625
19565.705078125 2693
19580.10546875 222
19620.033203125 258
19676.783203125 281
19722.671875 506
19798.263671875 582
19893.373046875 724
19903.646484375 879
19993.029296875 1003
20037.884765625 1171
20126.16015625 1182
20134.421875 1588
20136.75 1685
20140.46875 1758
20148.48828125 2300
20150.09375 2310
20249.48828125 2705
20265.005859375 2845
20283.802734375 2916
20335.509765625 1811
20337.931640625 2701
20339.544921875 421
20353.279296875 1440
20396.765625 2337
20401.373046875 2531
20420.037109375 18
20495.0703125 29
20588.45703125 31
20592.986328125 104
20660.48828125 274
20714.67578125 321
20716.4921875 370
20740.876953125 375
20771.90625 562
20801.353515625 914
21008.607421875 944
21031.57421875 1672
21101.103515625 1684
21260.0625 1825
21287.095703125 1846
21486.013671875 1960
21490.173828125 1976
21509.841796875 2006
21551.37109375 2319
21695.203125 2405
21699.009765625 2550
21717.71484375 2606
21926.5625 2768
22219.76953125 1081
22524.009765625 1780
22524.55859375 16
22588.751953125 28
22643.794921875 125
22847.896484375 212
22909.36328125 265
22974.05078125 295
23107.650390625 360
23248.744140625 364
23281.33984375 937
23635.99609375 1077
23896.8984375 1101
24171.619140625 1241
24362.921875 1243
24402.5234375 1307
24518.263671875 1343
24781.220703125 1404
24839.15234375 1418
24936.0390625 1585
24956.1796875 1719
25311.478515625 1822
25316.537109375 2009
25588.572265625 2164
25922.1015625 2214
26217.783203125 2250
26447.587890625 2263
28468.115234375 2342
29126.38671875 2359
30860.748046875 2547
