6507.54296875 2032
6556.25146484375 2259
6603.0634765625 771
6664.97705078125 1543
6828.39599609375 2241
7059.5380859375 1964
7164.4580078125 1625
7173.5751953125 2693
7186.63232421875 222
7207.576171875 258
7240.85009765625 281
7315.91650390625 506
7354.9365234375 582
7382.37109375 724
7426.876953125 879
7449.8759765625 1003
7564.1513671875 1171
7670.53466796875 1182
7675.0615234375 1588
7676.140625 1685
7789.38916015625 1758
7909.9599609375 2300
7936.00146484375 2310
7998.998046875 2705
8021.27880859375 2845
8065.828125 2916
8084.76220703125 1446
8090.60546875 87
8113.845703125 251
8127.36328125 527
8157.37841796875 529
8207.419921875 625
8231.04296875 641
8257.4443359375 693
8282.4560546875 873
8337.140625 881
8342.0439453125 928
8382.24609375 1133
8476.572265625 1283
8500.1689453125 1318
8504.5458984375 1346
8535.0283203125 1417
8564.01171875 1720
8577.259765625 1987
8654.20703125 2226
8661.1591796875 2296
8687.25390625 2515
8689.072265625 2572
8690.404296875 2669
8694.375 2728
8709.337890625 2734
8711.419921875 2746
8715.1572265625 2852
8721.384765625 2866
8728.8994140625 2915
8731.736328125 2949
8740.8447265625 377
8787.216796875 2281
8837.927734375 160
8877.2529296875 1
8882.099609375 425
8894.779296875 446
8912.0537109375 800
8912.0537109375 918
8960.7783203125 953
8987.736328125 985
8989.833984375 986
9003.78125 1008
9044.44921875 1043
9103.666015625 1270
9109.3515625 1317
9131.4375 1435
9145.494140625 1548
9172.787109375 1606
9180.60546875 1661
9193.19921875 1712
9203.8828125 2010
9221.59765625 2088
9237.80078125 2365
9271.3779296875 2410
9276.9013671875 2414
9297.5986328125 2482
9316.0546875 2560
9317.087890625 2781
9379.1689453125 2820
9385.607421875 997
9393.009765625 1781
9408.173828125 81
9432.7275390625 229
9449.73046875 440
9457.19921875 548
9483.26953125 611
9495.4033203125 826
9562.267578125 834
9575.966796875 848
9594.69921875 871
9629.154296875 893
9656.412109375 1231
9661.01953125 1256
9704.93359375 1315
9709.162109375 1458
9731.2734375 1550
9786.0 1671
9786.0 1711
9807.513671875 1815
9819.1455078125 1893
9824.90625 2312
9828.810546875 2324
9846.02734375 2385
9861.064453125 2447
9865.623046875 2562
9868.619140625 2610
9874.4228515625 2622
9891.8212890625 2853
9892.5380859375 2924
9900.630859375 2927
9922.267578125 2239
9943.3212890625 1362
9953.9921875 1926
9961.685546875 2997
9976.056640625 254
9977.8037109375 388
9987.365234375 465
9991.875 498
10032.1640625 520
10081.765625 962
10108.9716796875 981
10111.013671875 1156
10111.4892578125 1652
10129.6494140625 2205
10129.6494140625 2339
10147.259765625 2417
10147.296875 2494
10174.3896484375 2687
10179.525390625 1122
10194.2099609375 1670
10203.068359375 264
10258.2080078125 2173
10264.25 1646
10301.234375 2396
10310.4990234375 49
10355.6826171875 189
10362.5029296875 261
10378.2900390625 263
10388.927734375 430
10391.7080078125 831
10396.0205078125 899
10398.7734375 1123
10399.2890625 1169
10409.0205078125 1350
10409.0263671875 1405
10448.474609375 1512
10448.9453125 1750
10469.162109375 1769
10486.00390625 1908
10517.1435546875 1966
10518.18359375 1982
10526.716796875 1993
10543.4931640625 2094
10543.9609375 2126
10548.73046875 2141
10609.6259765625 2171
10618.6044921875 2174
10625.90234375 2177
10674.08203125 2237
10690.7880859375 2367
10695.61328125 2536
10712.498046875 2542
10720.5478515625 2582
10737.70703125 2675
10759.728515625 2703
10765.599609375 1873
10771.7568359375 2107
10784.0322265625 1281
10811.66015625 455
10815.017578125 470
10826.1103515625 902
10836.517578125 926
10839.7490234375 967
10841.1513671875 1104
10851.91796875 1225
10853.1650390625 1286
10859.1640625 1506
10859.5439453125 1516
10886.810546875 1599
10893.32421875 1779
10896.880859375 1848
10901.837890625 1867
10910.83203125 1883
10920.107421875 2063
10930.7763671875 2210
10974.5009765625 2246
10996.08203125 2285
11019.8623046875 2361
11024.2734375 2686
11033.958984375 2700
11035.845703125 88
11049.2314453125 586
11056.673828125 136
11087.962890625 1471
11098.787109375 226
11122.8427734375 296
11135.8046875 1197
11138.6103515625 1666
11154.3515625 2511
11158.7060546875 101
11195.6552734375 215
11206.119140625 549
11211.4873046875 550
11217.42578125 573
11222.515625 1136
11232.615234375 1199
11254.2822265625 1530
11257.72265625 1581
11260.650390625 1640
11264.21484375 1688
11288.8251953125 1968
11295.845703125 2526
11296.4931640625 2571
11317.8232421875 2983
11331.41015625 1787
11337.1435546875 602
11337.435546875 1146
11346.427734375 253
11358.7490234375 342
11374.5732421875 843
11396.2431640625 1233
11412.4912109375 1335
11427.775390625 1394
11436.708984375 1737
11441.9775390625 1784
11450.3876953125 1950
11451.40625 2025
11457.205078125 2473
11458.037109375 2518
11459.0703125 999
11466.224609375 1056
11474.4609375 1900
11474.8369140625 1304
11511.4189453125 1326
11543.4697265625 2967
11582.845703125 1329
11615.28515625 50
11623.1923828125 318
11624.11328125 389
11634.6904296875 478
11637.361328125 491
11654.51171875 580
11670.1796875 599
11672.060546875 890
11674.412109375 896
11689.98046875 909
11698.9833984375 919
11701.16015625 995
11704.779296875 1273
11720.5634765625 1342
11724.029296875 1430
11735.4453125 1495
11743.501953125 1568
11749.56640625 1583
11764.7490234375 1764
11768.052734375 1774
11786.5302734375 2065
11789.138671875 2117
11793.8154296875 2181
11815.501953125 2268
11824.759765625 2465
11864.2724609375 2664
11871.0615234375 2760
11874.6142578125 2764
11877.056640625 2938
11918.287109375 2943
11959.3154296875 1860
11969.87109375 2880
11970.923828125 1333
11973.6865234375 2631
11994.2646484375 146
11999.4716796875 1538
12027.6796875 21
12092.2138671875 34
12092.5380859375 200
12110.8271484375 288
12120.2666015625 336
12131.7978515625 385
12136.322265625 517
12150.0478515625 546
12163.8505859375 609
12172.3984375 614
12172.615234375 683
12185.3984375 686
12189.228515625 769
12196.9248046875 1097
12215.388671875 1221
12219.3662109375 1322
12224.10546875 1359
12238.853515625 1376
12271.7060546875 1686
12273.494140625 1854
12276.66796875 2513
12277.830078125 2553
12283.8916015625 2650
12295.951171875 2672
12297.337890625 2911
12300.7841796875 78
12333.5283203125 2713
12334.2626953125 2800
12337.7314453125 2651
12348.6943359375 2970
12354.3857421875 1045
12367.3046875 1068
12372.4638671875 2078
12414.6318359375 884
12425.4375 886
12444.5 1028
12463.2451171875 1845
12472.6298828125 1932
12480.6572265625 2489
12482.7607421875 90
12505.0146484375 153
12536.3603515625 240
12549.8330078125 256
12557.759765625 531
12580.244140625 644
12584.19921875 706
12584.7998046875 775
12592.001953125 1163
12593.5087890625 1483
12594.923828125 2114
12602.9140625 2379
12620.650390625 2424
12622.005859375 2433
12622.35546875 2435
12623.99609375 2442
12641.80078125 2683
12650.09375 2811
12680.2705078125 2176
12719.94921875 169
12734.392578125 2207
12756.54296875 1144
12777.546875 2180
12784.568359375 73
12791.318359375 663
12808.392578125 677
12818.8984375 756
12824.087890625 925
12824.705078125 927
12825.546875 946
12840.8876953125 996
12846.490234375 1141
12860.64453125 1202
12863.328125 1251
12888.0185546875 1457
12928.447265625 1502
12930.099609375 1591
12949.4609375 1733
12970.6982421875 1735
12972.34375 1919
12975.0576171875 1933
12975.296875 1955
12980.0927734375 2002
12981.986328125 2335
13001.19921875 2341
13003.78125 2565
13027.8203125 2695
13034.8740234375 2763
13049.82421875 2840
13054.6171875 2422
13088.9912109375 1020
13107.9677734375 640
13127.041015625 59
13128.8212890625 177
13128.8212890625 191
13141.3447265625 575
13150.986328125 687
13165.7802734375 934
13169.837890625 1119
13176.3818359375 1529
13188.6650390625 1697
13241.8251953125 1810
13260.2890625 1831
13276.90625 2354
13291.4375 2528
13293.466796875 2679
13302.5859375 2712
13317.435546875 2747
13330.70703125 2809
13374.056640625 2821
13374.4033203125 2842
13388.0322265625 2860
13391.943359375 2906
13413.80859375 2994
13419.19921875 186
13422.28125 223
13423.0419921875 1594
13423.4296875 410
13434.0146484375 631
13451.2060546875 132
13453.236328125 2576
13478.6572265625 1282
13479.166015625 488
13479.8896484375 869
13501.6298828125 2059
13508.130859375 787
13508.36328125 904
13534.2099609375 137
13549.9013671875 275
13564.345703125 328
13571.6533203125 333
13581.8310546875 392
13590.9814453125 407
13596.0400390625 489
13611.572265625 680
13636.6240234375 1022
13658.1650390625 1290
13669.7939453125 1358
13676.7919921875 1607
13684.7509765625 1653
13688.3681640625 2024
13693.671875 2184
13711.70703125 2221
13713.0537109375 2394
13714.0390625 2427
13717.591796875 2517
13721.1005859375 2655
13738.8427734375 2704
13741.853515625 2900
13772.62109375 2946
13773.0703125 459
13790.6015625 1408
13816.974609375 1339
13818.5966796875 22
13826.4013671875 45
13843.216796875 300
13897.322265625 812
13906.58203125 922
13907.5078125 947
13912.267578125 975
13919.31640625 1001
13925.3564453125 1095
13956.94921875 1275
13959.9453125 1664
13959.9482421875 1708
13962.1455078125 1763
14006.3759765625 1766
14017.8642578125 1889
14037.4951171875 2077
14042.63671875 2082
14051.4892578125 2131
14064.703125 2315
14066.1162109375 2317
14073.271484375 2409
14102.0439453125 2608
14112.45703125 2616
14135.98046875 2649
14146.556640625 2819
14147.7666015625 2862
14161.0703125 1164
14164.3818359375 2213
14208.66796875 1050
14215.26171875 979
14215.58984375 1562
14247.9658203125 1597
14274.130859375 2334
14277.7802734375 587
14305.044921875 630
14305.697265625 777
14308.1337890625 1012
14317.2451171875 1064
14330.224609375 1082
14371.875 1462
14372.15625 1501
14372.15625 1654
14400.3017578125 1800
14403.3125 2656
14407.7314453125 2884
14429.0576171875 1416
14456.189453125 1575
14458.357421875 2889
14467.49609375 445
14467.5458984375 30
14472.263671875 2484
14478.841796875 38
14483.025390625 40
14498.6640625 76
14501.173828125 77
14506.9609375 108
14557.1328125 164
14569.0146484375 211
14594.794921875 225
14596.2109375 376
14616.2626953125 437
14652.013671875 510
14673.060546875 646
14678.4111328125 671
14686.236328125 738
14686.4345703125 770
14693.525390625 1434
14694.87109375 1610
14699.84765625 1662
14710.025390625 1709
14713.05859375 1998
14738.8505859375 2166
14739.4013671875 2220
14741.2294921875 2238
14743.966796875 2255
14745.5205078125 2345
14751.9736328125 2510
14752.666015625 2581
14756.908203125 2607
14795.9287109375 2807
14804.1953125 1015
14822.8818359375 1984
14849.3955078125 1258
14867.16015625 2555
14881.67578125 1147
14899.474609375 865
14908.0712890625 939
14915.4609375 1497
14923.8740234375 2630
14926.607421875 2752
14931.3603515625 457
14939.734375 309
14970.7490234375 316
14976.7109375 483
14979.1025390625 484
14981.8310546875 633
15016.8095703125 1026
15031.962890625 1036
15064.8359375 1176
15070.240234375 1423
15081.115234375 1485
15109.365234375 1590
15109.365234375 1702
15111.12890625 1759
15119.47265625 1818
15126.8359375 1958
15136.2939453125 1963
15142.611328125 1977
15147.830078125 2053
15158.4609375 2056
15179.4189453125 2125
15190.5703125 2304
15191.0546875 2356
15204.2275390625 2477
15238.5615234375 2533
15255.7998046875 2732
15260.853515625 2948
15261.263671875 1601
15265.4501953125 2256
15285.1689453125 2104
15290.3251953125 284
15294.9306640625 182
15296.455078125 916
15301.4521484375 1667
15303.447265625 1852
15305.9599609375 727
15316.8974609375 2036
15317.31640625 2772
15336.9736328125 130
15342.216796875 219
15385.505859375 394
15389.91796875 405
15427.3330078125 634
15428.845703125 856
15439.7626953125 983
15455.7607421875 1117
15482.4306640625 1386
15486.333984375 1791
15488.6611328125 1991
15519.9462890625 2060
15563.3193359375 2215
15565.0380859375 2314
15565.044921875 2440
15581.84375 2467
15581.87109375 2618
15583.107421875 2648
15584.25 2694
15612.8330078125 1772
15629.3291015625 818
15637.4609375 2907
15664.2021484375 660
15695.607421875 1168
15713.3154296875 1145
15758.3369140625 1476
15759.494140625 1618
15788.1748046875 655
15798.5 1592
15798.958984375 2120
15805.26953125 2557
15810.9111328125 112
15816.8017578125 350
15834.244140625 356
15839.36328125 448
15842.0947265625 1500
15875.970703125 1526
15880.6142578125 1587
15891.7421875 1881
15895.271484375 1943
15900.421875 1962
15977.4609375 1995
15996.6337890625 2075
15997.34765625 2118
16003.58203125 2309
16029.6767578125 2418
16119.908203125 2516
16156.568359375 2588
16168.8583984375 2605
16171.3974609375 2623
16179.2080078125 2937
16187.9033203125 1005
16248.1689453125 110
16256.37109375 2360
16270.884765625 121
16317.8642578125 1046
16351.5859375 298
16364.5634765625 372
16367.470703125 492
16399.3359375 752
16405.072265625 838
16443.947265625 903
16470.708984375 1034
16492.6796875 1128
16504.234375 1187
16506.576171875 1437
16513.134765625 1488
16532.935546875 1534
16562.90625 1657
16563.1171875 1678
16565.494140625 1824
16568.8046875 1826
16598.279296875 1941
16614.14453125 1997
16663.615234375 2318
16703.595703125 2327
16722.8984375 2362
16745.064453125 2404
16792.1484375 2453
16822.19921875 2458
16859.38671875 2496
16899.951171875 2696
16912.76953125 2722
16912.83984375 2796
16933.4765625 2584
16944.64453125 2872
16988.494140625 2589
16992.37890625 2135
17088.55078125 1802
17090.4296875 1853
17124.28125 1892
17144.048828125 1580
17175.6328125 25
17233.40625 72
17248.583984375 343
17272.09765625 710
17296.400390625 755
17326.09375 885
17326.748046875 1683
17329.138671875 1776
17355.572265625 1972
17360.4375 2047
17362.21875 2138
17401.5859375 2185
17428.736328125 2344
17429.923828125 2545
17436.76171875 2573
17442.125 2855
17460.349609375 2159
17470.90625 1067
17520.2578125 371
17534.0234375 243
17550.71875 1301
17595.90234375 311
17628.998046875 426
17629.458984375 648
17660.89453125 720
17665.4296875 792
17666.71484375 940
17670.42578125 1006
17672.607421875 1032
17696.115234375 1160
17711.892578125 1189
17745.59765625 2183
17751.583984375 2190
17755.99609375 2301
17831.935546875 1459
17841.9921875 1649
17845.62890625 353
17850.021484375 2706
17894.69140625 1511
17901.48828125 1778
17905.2890625 329
17930.75390625 731
17999.533203125 1400
18040.40234375 2070
18056.109375 1480
18086.330078125 1714
18114.640625 249
18127.271484375 94
18131.60546875 2823
18149.15234375 471
18181.625 473
18234.744140625 747
18249.5546875 915
18268.140625 921
18280.97265625 993
18296.751953125 1072
18298.19140625 1415
18384.5234375 1541
18391.337890625 1746
18405.30078125 1949
18423.375 2079
18427.361328125 2219
18431.06640625 2258
18471.11328125 2413
18553.24609375 2628
18559.875 2828
18572.697265625 2903
18580.150390625 2996
18591.494140625 204
18610.66796875 1247
18611.6015625 1410
18630.697265625 1888
18631.189453125 1214
18637.3125 1658
18675.91796875 2587
18694.91015625 380
18739.0078125 688
18743.4453125 1761
18758.515625 66
18774.796875 127
18781.3359375 179
18786.298828125 855
18822.6953125 1198
18829.6640625 1250
18837.78125 1507
18844.48046875 1558
18880.580078125 2007
18893.2421875 2092
18917.427734375 2231
18953.439453125 2384
18980.666015625 2457
18993.462890625 2544
19010.697265625 2717
19062.673828125 2774
19068.01953125 2794
19122.556640625 2909
19177.9375 972
19333.677734375 1138
19353.328125 1442
19360.439453125 1137
19373.5234375 102
19373.919921875 667
19392.701171875 1935
19456.716796875 2352
19500.70703125 2887
19510.677734375 427
19513.11328125 1533
19546.00390625 170
19592.9921875 262
19663.712890625 306
19685.962890625 596
19758.990234375 805
19811.41796875 849
19868.828125 850
19902.228515625 965
19932.49609375 976
19946.513671875 1058
19977.40234375 1403
20011.205078125 1645
20074.076171875 1999
20085.08984375 2292
20092.439453125 2392
20137.251953125 2403
20144.66015625 2497
20206.23046875 2524
20220.982421875 2601
20285.80078125 2652
20287.099609375 2657
20303.509765625 2761
20324.91796875 2839
20335.810546875 2939
20388.109375 2984
20442.37890625 1027
20522.21484375 622
20558.37890625 417
20574.119140625 450
20615.6796875 690
20642.400390625 969
20646.326171875 982
20743.412109375 1040
20818.4765625 1078
20848.478515625 1083
20867.052734375 1382
20891.91015625 1391
20902.703125 1486
20914.8828125 1503
20929.9609375 1547
20954.484375 1561
20998.806640625 1965
21046.16015625 2026
21090.1875 2066
21102.56640625 2182
21223.69140625 2245
21284.271484375 2460
21308.142578125 2466
21308.142578125 2540
21348.189453125 2593
21368.6328125 2632
21529.013671875 2753
21626.474609375 2759
21769.234375 2793
21815.087890625 2925
21825.931640625 2152
21826.9765625 762
21851.642578125 2757
22020.87890625 37
22135.57421875 1624
22138.275390625 1271
22138.666015625 2370
22303.37890625 2895
22337.33203125 2411
22394.93359375 67
22456.970703125 150
22562.3046875 171
22566.6015625 195
22600.83203125 363
22648.1171875 522
22691.8984375 657
22746.181640625 701
22755.318359375 760
22849.482421875 811
22872.521484375 874
22878.166015625 875
22915.796875 1002
22940.982421875 1007
22957.130859375 1023
23102.8671875 1356
23171.94921875 1378
23186.31640625 1489
23296.10546875 1629
23319.515625 2721
23332.029296875 1811
23361.646484375 2701
23367.90234375 421
23388.68359375 1440
23395.396484375 2337
23411.216796875 2531
23552.6640625 18
23643.962890625 29
23672.646484375 31
23709.12109375 104
23725.990234375 274
23807.244140625 321
23815.724609375 370
23833.783203125 375
23894.70703125 562
23923.39453125 914
23929.37109375 944
23934.9296875 1672
24063.8828125 1684
24260.06640625 1825
24261.5234375 1846
24281.189453125 1960
24312.48828125 1976
24337.216796875 2006
24511.736328125 2319
24585.6328125 2405
24699.30859375 2550
24821.8671875 2606
24916.12109375 2768
25320.703125 1081
25419.853515625 1780
25459.9609375 16
25656.333984375 28
26021.78125 125
26099.732421875 212
26120.2578125 265
26128.021484375 295
26240.6015625 360
26240.6015625 364
26266.818359375 937
26276.66015625 1077
26403.1875 1101
26440.416015625 1241
26518.751953125 1243
26657.701171875 1307
26732.66015625 1343
26997.30078125 1404
27264.3359375 1418
27307.80859375 1585
27314.46875 1719
27518.857421875 1822
28120.91015625 2009
28236.47265625 2164
28250.314453125 2214
28421.0859375 2250
28571.49609375 2263
33295.55859375 2342
35117.546875 2359
37118.7734375 2547
