3573.433349609375 2032
3876.989990234375 2259
4004.49560546875 771
4150.7734375 1543
4152.41650390625 2241
4338.62158203125 1964
4510.93212890625 1625
4593.966796875 2693
4718.98681640625 222
4749.0185546875 258
4775.24951171875 281
4840.48388671875 506
4854.03515625 582
4916.8623046875 724
4960.24853515625 879
4960.24853515625 1003
5031.5263671875 1171
5156.64208984375 1182
5220.69091796875 1588
5279.2529296875 1685
5279.2529296875 1758
5281.248046875 2300
5294.203125 2310
5303.4365234375 2705
5318.09375 2845
5327.20458984375 2916
5332.42529296875 1446
5360.4765625 87
5369.71044921875 251
5407.63720703125 527
5446.5830078125 529
5554.9248046875 625
5591.6220703125 641
5629.6064453125 693
5635.18505859375 873
5651.08251953125 881
5688.88818359375 928
5838.21435546875 1133
5863.890625 1283
5919.8212890625 1318
5967.17919921875 1346
6007.31787109375 1417
6010.564453125 1720
6064.455078125 1987
6081.27978515625 2226
6082.3662109375 2296
6108.8369140625 2515
6181.5791015625 2572
6251.54931640625 2669
6260.38427734375 2728
6280.45166015625 2734
6289.0185546875 2746
6381.6357421875 2852
6436.048828125 2866
6443.14892578125 2915
6463.166015625 2949
6557.251953125 377
6576.77685546875 2281
6587.47216796875 160
6597.28857421875 1
6611.65966796875 425
6630.55908203125 446
6636.1123046875 800
6653.01025390625 918
6737.91015625 953
6759.0166015625 985
6767.17578125 986
6783.21044921875 1008
6828.73974609375 1043
6842.85888671875 1270
6848.46875 1317
6857.62158203125 1435
6868.7783203125 1548
6884.0205078125 1606
6897.953125 1661
6927.8974609375 1712
6935.9248046875 2010
6951.51416015625 2088
6974.5869140625 2365
6998.79638671875 2410
7082.2548828125 2414
7116.234375 2482
7138.49462890625 2560
7141.21875 2781
7195.7412109375 2820
7226.9677734375 997
7239.509765625 1781
7266.279296875 81
7271.10546875 229
7276.20654296875 440
7307.99609375 548
7307.99609375 611
7341.22607421875 826
7430.4599609375 834
7497.9853515625 848
7527.25830078125 871
7551.109375 893
7611.9990234375 1231
7625.8203125 1256
7651.255859375 1315
7701.39306640625 1458
7714.64990234375 1550
7755.56787109375 1671
7793.9658203125 1711
7797.4052734375 1815
7804.2021484375 1893
7813.130859375 2312
7813.66455078125 2324
7849.4814453125 2385
7851.42431640625 2447
7864.33642578125 2562
7926.01513671875 2610
7926.8740234375 2622
7987.71533203125 2853
8004.59033203125 2924
8030.4443359375 2927
8030.8115234375 2239
8068.20703125 1362
8123.17578125 1926
8155.423828125 2997
8159.20458984375 254
8161.08154296875 388
8162.38134765625 465
8188.5546875 498
8199.041015625 520
8213.548828125 962
8215.076171875 981
8239.71484375 1156
8268.5029296875 1652
8276.880859375 2205
8294.427734375 2339
8295.349609375 2417
8296.6181640625 2494
8344.9052734375 2687
8387.19921875 1122
8403.2626953125 1670
8404.3134765625 264
8408.037109375 2173
8449.77734375 1646
8454.1513671875 2396
8461.23828125 49
8471.38671875 189
8514.892578125 261
8516.40625 263
8638.6015625 430
8656.833984375 831
8677.83984375 899
8715.990234375 1123
8740.212890625 1169
8755.3662109375 1350
8781.4482421875 1405
8784.8359375 1512
8787.9111328125 1750
8814.2548828125 1769
8858.4375 1908
8885.85546875 1966
8888.93359375 1982
8909.458984375 1993
8915.818359375 2094
8947.775390625 2126
8954.431640625 2141
8970.466796875 2171
8979.08984375 2174
9024.3154296875 2177
9030.21484375 2237
9041.3974609375 2367
9058.55859375 2536
9073.6953125 2542
9090.2041015625 2582
9096.57421875 2675
9107.1728515625 2703
9113.162109375 1873
9136.34375 2107
9143.71875 1281
9149.9521484375 455
9163.0546875 470
9183.521484375 902
9192.39453125 926
9201.53515625 967
9210.693359375 1104
9232.4794921875 1225
9233.5947265625 1286
9244.865234375 1506
9278.1806640625 1516
9297.9248046875 1599
9322.5390625 1779
9325.87890625 1848
9332.40625 1867
9373.2763671875 1883
9391.1455078125 2063
9398.9326171875 2210
9409.41015625 2246
9418.1728515625 2285
9438.2646484375 2361
9447.224609375 2686
9456.1337890625 2700
9458.23828125 88
9473.9853515625 586
9486.154296875 136
9489.001953125 1471
9493.466796875 226
9531.1279296875 296
9544.802734375 1197
9560.0048828125 1666
9563.177734375 2511
9616.9775390625 101
9682.9716796875 215
9698.591796875 549
9747.931640625 550
9763.119140625 573
9778.0283203125 1136
9778.4833984375 1199
9792.353515625 1530
9798.2373046875 1581
9820.12109375 1640
9826.802734375 1688
9868.802734375 1968
9916.84765625 2526
9940.3515625 2571
9944.97265625 2983
9954.51171875 1787
9973.8916015625 602
10013.6162109375 1146
10037.3505859375 253
10047.0205078125 342
10048.5615234375 843
10054.490234375 1233
10077.728515625 1335
10093.8896484375 1394
10109.3564453125 1737
10143.6591796875 1784
10149.5078125 1950
10155.75390625 2025
10161.5576171875 2473
10170.4765625 2518
10171.4873046875 999
10171.6533203125 1056
10177.4765625 1900
10182.8798828125 1304
10196.5478515625 1326
10232.638671875 2967
10244.58203125 1329
10262.2724609375 50
10298.4677734375 318
10304.1572265625 389
10310.2333984375 478
10330.5625 491
10347.5546875 580
10352.03515625 599
10357.224609375 890
10393.33984375 896
10409.7744140625 909
10448.5595703125 919
10455.33203125 995
10497.033203125 1273
10499.1787109375 1342
10510.947265625 1430
10516.2890625 1495
10516.560546875 1568
10537.15625 1583
10539.9072265625 1764
10547.119140625 1774
10551.2607421875 2065
10593.44140625 2117
10600.2255859375 2181
10611.5439453125 2268
10612.0419921875 2465
10619.8203125 2664
10629.283203125 2760
10668.3349609375 2764
10689.474609375 2938
10718.15625 2943
10751.08984375 1860
10753.634765625 2880
10757.45703125 1333
10765.564453125 2631
10791.4560546875 146
10795.02734375 1538
10802.775390625 21
10808.984375 34
10828.0107421875 200
10873.4638671875 288
10880.716796875 336
10887.6845703125 385
10891.4384765625 517
10898.3076171875 546
10901.71484375 609
10904.5869140625 614
10916.01953125 683
10929.6728515625 686
10934.8037109375 769
10940.9189453125 1097
10993.681640625 1221
11003.35546875 1322
11017.4306640625 1359
11021.240234375 1376
11040.8447265625 1686
11058.666015625 1854
11076.9716796875 2513
11077.9541015625 2553
11086.25 2650
11091.90625 2672
11114.9091796875 2911
11118.1806640625 78
11134.6845703125 2713
11138.68359375 2800
11151.068359375 2651
11155.8427734375 2970
11162.1435546875 1045
11187.0224609375 1068
11194.5751953125 2078
11203.44140625 884
11208.4150390625 886
11222.509765625 1028
11246.916015625 1845
11252.8486328125 1932
11252.8486328125 2489
11254.724609375 90
11258.677734375 153
11264.21875 240
11266.517578125 256
11267.3466796875 531
11269.7060546875 644
11286.3681640625 706
11296.15234375 775
11314.771484375 1163
11323.4833984375 1483
11335.29296875 2114
11348.9814453125 2379
11361.302734375 2424
11361.560546875 2433
11381.1953125 2435
11383.3984375 2442
11392.5283203125 2683
11392.9150390625 2811
11414.951171875 2176
11424.3076171875 169
11425.5498046875 2207
11449.279296875 1144
11474.763671875 2180
11477.6494140625 73
11483.060546875 663
11494.6650390625 677
11501.2841796875 756
11524.39453125 925
11548.64453125 927
11555.51953125 946
11563.7353515625 996
11593.4599609375 1141
11613.978515625 1202
11671.734375 1251
11683.3955078125 1457
11697.32421875 1502
11703.818359375 1591
11710.5703125 1733
11726.19921875 1735
11731.28125 1919
11751.583984375 1933
11757.578125 1955
11775.4072265625 2002
11780.1953125 2335
11782.8388671875 2341
11783.48046875 2565
11807.998046875 2695
11813.900390625 2763
11813.953125 2840
11822.447265625 2422
11826.95703125 1020
11833.369140625 640
11842.576171875 59
11853.2958984375 177
11857.5703125 191
11863.310546875 575
11865.7724609375 687
11866.744140625 934
11871.3095703125 1119
11879.728515625 1529
11885.8017578125 1697
11890.443359375 1810
11890.486328125 1831
11920.1552734375 2354
11921.2646484375 2528
11950.6015625 2679
11951.009765625 2712
11977.7509765625 2747
11985.66796875 2809
11998.5576171875 2821
12021.3984375 2842
12052.74609375 2860
12063.6083984375 2906
12067.41015625 2994
12074.73828125 186
12085.0615234375 223
12101.5126953125 1594
12131.078125 410
12132.064453125 631
12135.6484375 132
12139.1767578125 2576
12145.44921875 1282
12148.0390625 488
12165.7880859375 869
12176.4462890625 2059
12243.771484375 787
12250.87109375 904
12251.853515625 137
12260.84765625 275
12273.361328125 328
12295.32421875 333
12317.732421875 392
12329.904296875 407
12333.8544921875 489
12350.2998046875 680
12351.3642578125 1022
12365.044921875 1290
12367.3955078125 1358
12371.587890625 1607
12375.2548828125 1653
12377.580078125 2024
12383.2353515625 2184
12387.640625 2221
12399.2158203125 2394
12409.6591796875 2427
12432.734375 2517
12446.583984375 2655
12452.7998046875 2704
12469.0498046875 2900
12472.82421875 2946
12473.328125 459
12478.404296875 1408
12478.94140625 1339
12491.125 22
12519.14453125 45
12523.9052734375 300
12525.228515625 812
12531.7734375 922
12547.5966796875 947
12561.5234375 975
12565.826171875 1001
12567.474609375 1095
12567.9921875 1275
12581.19140625 1664
12584.34765625 1708
12591.1796875 1763
12594.8662109375 1766
12624.1728515625 1889
12648.3369140625 2077
12654.2763671875 2082
12659.5673828125 2131
12663.2919921875 2315
12672.0849609375 2317
12672.119140625 2409
12681.2568359375 2608
12684.8037109375 2616
12703.58203125 2649
12709.9912109375 2819
12711.8564453125 2862
12745.251953125 1164
12745.734375 2213
12746.5439453125 1050
12762.1328125 979
12766.9306640625 1562
12771.8720703125 1597
12779.505859375 2334
12779.59375 587
12788.7578125 630
12790.578125 777
12790.5927734375 1012
12798.349609375 1064
12804.62109375 1082
12820.19140625 1462
12824.908203125 1501
12841.94140625 1654
12847.234375 1800
12886.2431640625 2656
12896.23046875 2884
12907.67578125 1416
12909.3818359375 1575
12911.515625 2889
12917.033203125 445
12944.8994140625 30
12950.109375 2484
12951.349609375 38
12974.009765625 40
12992.5263671875 76
13005.3525390625 77
13006.4462890625 108
13026.103515625 164
13029.66015625 211
13029.66015625 225
13072.6240234375 376
13090.828125 437
13092.65625 510
13095.7265625 646
13095.859375 671
13098.7685546875 738
13106.9580078125 770
13118.287109375 1434
13125.763671875 1610
13135.8251953125 1662
13136.900390625 1709
13138.70703125 1998
13143.6181640625 2166
13160.9169921875 2220
13162.0 2238
13163.5390625 2255
13178.7822265625 2345
13193.830078125 2510
13221.15625 2581
13231.8203125 2607
13233.1298828125 2807
13240.8984375 1015
13264.2666015625 1984
13266.044921875 1258
13269.625 2555
13272.076171875 1147
13279.3203125 865
13281.126953125 939
13281.30078125 1497
13281.634765625 2630
13284.564453125 2752
13291.73828125 457
13293.4912109375 309
13295.2021484375 316
13320.26953125 483
13332.0166015625 484
13338.6025390625 633
13368.63671875 1026
13370.669921875 1036
13386.412109375 1176
13391.9619140625 1423
13392.537109375 1485
13402.7001953125 1590
13403.376953125 1702
13409.984375 1759
13444.2158203125 1818
13448.5498046875 1958
13463.1279296875 1963
13466.5908203125 1977
13477.36328125 2053
13478.4150390625 2056
13481.91796875 2125
13484.697265625 2304
13519.2685546875 2356
13526.61328125 2477
13530.56640625 2533
13532.98828125 2732
13552.5869140625 2948
13559.841796875 1601
13566.9814453125 2256
13567.369140625 2104
13585.59765625 284
13610.361328125 182
13632.8916015625 916
13652.203125 1667
13663.4599609375 1852
13677.037109375 727
13688.1103515625 2036
13692.498046875 2772
13722.31640625 130
13739.42578125 219
13745.087890625 394
13749.103515625 405
13764.09765625 634
13772.732421875 856
13790.3505859375 983
13798.173828125 1117
13800.359375 1386
13801.43359375 1791
13817.1982421875 1991
13822.513671875 2060
13834.0556640625 2215
13844.78125 2314
13845.5927734375 2440
13846.7431640625 2467
13847.9794921875 2618
13850.3056640625 2648
13864.6630859375 2694
13879.5 1772
13902.5673828125 818
13911.796875 2907
13912.744140625 660
13917.3740234375 1168
13919.68359375 1145
13927.92578125 1476
13928.9169921875 1618
13938.609375 655
13952.7841796875 1592
14001.232421875 2120
14048.0830078125 2557
14058.9912109375 112
14076.19921875 350
14096.8955078125 356
14132.23828125 448
14191.169921875 1500
14192.4453125 1526
14199.638671875 1587
14208.126953125 1881
14210.8251953125 1943
14227.1162109375 1962
14229.5517578125 1995
14231.623046875 2075
14247.0302734375 2118
14270.4765625 2309
14283.111328125 2418
14336.822265625 2516
14342.2138671875 2588
14374.4677734375 2605
14377.865234375 2623
14389.142578125 2937
14390.3955078125 1005
14391.287109375 110
14395.705078125 2360
14408.5498046875 121
14425.318359375 1046
14432.6474609375 298
14447.6015625 372
14448.5693359375 492
14482.2705078125 752
14489.7109375 838
14496.115234375 903
14498.169921875 1034
14521.3681640625 1128
14553.1318359375 1187
14572.3193359375 1437
14576.4248046875 1488
14595.0 1534
14605.916015625 1657
14628.1376953125 1678
14631.19140625 1824
14633.3837890625 1826
14642.91015625 1941
14672.6953125 1997
14674.33203125 2318
14682.1162109375 2327
14684.453125 2362
14724.27734375 2404
14725.15234375 2453
14739.2197265625 2458
14762.787109375 2496
14798.5146484375 2696
14835.888671875 2722
14838.7861328125 2796
14862.9482421875 2584
14871.3935546875 2872
14875.4267578125 2589
14890.701171875 2135
14896.408203125 1802
14920.416015625 1853
14942.8427734375 1892
14949.634765625 1580
14954.8837890625 25
14960.685546875 72
14964.423828125 343
14968.3037109375 710
14990.6318359375 755
14992.4326171875 885
15007.119140625 1683
15013.63671875 1776
15036.8876953125 1972
15070.189453125 2047
15071.638671875 2138
15075.5107421875 2185
15075.5107421875 2344
15093.984375 2545
15125.3603515625 2573
15139.3779296875 2855
15140.861328125 2159
15151.8046875 1067
15154.7958984375 371
15169.3662109375 243
15194.29296875 1301
15198.673828125 311
15230.873046875 426
15233.3115234375 648
15234.53515625 720
15236.8037109375 792
15236.8916015625 940
15272.8935546875 1006
15289.0859375 1032
15291.7509765625 1160
15299.1923828125 1189
15313.240234375 2183
15328.833984375 2190
15333.7578125 2301
15350.2890625 1459
15408.8017578125 1649
15416.6669921875 353
15427.4814453125 2706
15431.279296875 1511
15454.197265625 1778
15480.296875 329
15496.416015625 731
15505.8779296875 1400
15526.28515625 2070
15528.17578125 1480
15612.5283203125 1714
15641.859375 249
15669.2333984375 94
15671.7958984375 2823
15676.291015625 471
15695.26953125 473
15744.1572265625 747
15748.013671875 915
15791.302734375 921
15816.900390625 993
15822.6435546875 1072
15829.11328125 1415
15838.017578125 1541
15841.4619140625 1746
15843.763671875 1949
15850.8349609375 2079
15853.51171875 2219
15872.38671875 2258
15874.6767578125 2413
15883.01171875 2628
15885.3037109375 2828
15900.166015625 2903
15941.5966796875 2996
15948.1728515625 204
15948.1728515625 1247
15948.59765625 1410
15984.4560546875 1888
15997.541015625 1214
15998.9541015625 1658
16008.447265625 2587
16048.259765625 380
16084.279296875 688
16110.7998046875 1761
16114.109375 66
16167.40234375 127
16184.724609375 179
16187.119140625 855
16208.7060546875 1198
16216.0419921875 1250
16229.103515625 1507
16252.1689453125 1558
16265.7919921875 2007
16268.28515625 2092
16310.67578125 2231
16320.701171875 2384
16377.4892578125 2457
16386.40234375 2544
16428.0703125 2717
16434.40234375 2774
16439.158203125 2794
16443.912109375 2909
16456.919921875 972
16466.61328125 1138
16475.208984375 1442
16491.65234375 1137
16511.5546875 102
16519.859375 667
16564.171875 1935
16574.54296875 2352
16590.48828125 2887
16606.955078125 427
16641.26171875 1533
16664.2734375 170
16716.54296875 262
16727.599609375 306
16732.1796875 596
16736.994140625 805
16781.49609375 849
16787.8125 850
16791.015625 965
16804.28125 976
16953.818359375 1058
16963.427734375 1403
16978.484375 1645
16983.796875 1999
16986.12890625 2292
17012.8515625 2392
17044.271484375 2403
17111.623046875 2497
17123.3984375 2524
17208.6640625 2601
17298.15234375 2652
17299.640625 2657
17321.75390625 2761
17358.646484375 2839
17376.380859375 2939
17382.501953125 2984
17386.8828125 1027
17406.27734375 622
17448.662109375 417
17476.07421875 450
17496.16015625 690
17496.853515625 969
17511.49609375 982
17547.38671875 1040
17598.779296875 1078
17605.97265625 1083
17617.404296875 1382
17635.294921875 1391
17672.765625 1486
17684.955078125 1503
17685.779296875 1547
17733.431640625 1561
17761.931640625 1965
17773.24609375 2026
17777.015625 2066
17840.115234375 2182
17849.154296875 2245
17860.646484375 2460
17868.328125 2466
17872.296875 2540
17872.4609375 2593
17873.583984375 2632
17892.072265625 2753
17908.2265625 2759
17915.169921875 2793
17923.474609375 2925
17977.76953125 2152
18009.998046875 762
18011.474609375 2757
18013.404296875 37
18026.81640625 1624
18029.267578125 1271
18070.228515625 2370
18125.9453125 2895
18140.201171875 2411
18155.564453125 67
18179.423828125 150
18228.494140625 171
18293.62109375 195
18331.125 363
18333.208984375 522
18370.787109375 657
18451.095703125 701
18457.109375 760
18564.6484375 811
18660.400390625 874
18727.890625 875
18753.205078125 1002
18771.345703125 1007
18781.068359375 1023
18881.716796875 1356
19007.59375 1378
19013.056640625 1489
19082.19921875 1629
19147.79296875 2721
19150.1953125 1811
19303.21484375 2701
19321.53515625 421
19406.556640625 1440
19503.349609375 2337
19705.31640625 2531
19799.134765625 18
19851.53515625 29
20010.76171875 31
20089.96875 104
20271.265625 274
20314.509765625 321
20344.939453125 370
20392.201171875 375
20448.390625 562
20544.84375 914
20661.158203125 944
20683.416015625 1672
20864.23046875 1684
20964.75 1825
21176.771484375 1846
21272.666015625 1960
21312.16796875 1976
21384.34375 2006
21442.19921875 2319
21641.4609375 2405
21646.142578125 2550
21650.87109375 2606
21782.09765625 2768
21940.33984375 1081
22211.908203125 1780
22219.86328125 16
22287.958984375 28
22430.65625 125
22548.623046875 212
22583.390625 265
23035.646484375 295
23160.82421875 360
23205.544921875 364
23524.92578125 937
23625.541015625 1077
23632.376953125 1101
23785.28125 1241
24135.23828125 1243
24325.0546875 1307
24638.0 1343
24706.67578125 1404
24822.705078125 1418
24953.330078125 1585
25159.390625 1719
25279.873046875 1822
26258.4453125 2009
26467.337890625 2164
26733.568359375 2214
27145.72265625 2250
31172.359375 2263
31699.603515625 2342
32485.5078125 2359
33769.81640625 2547
