4105.3623046875 1329
4193.59619140625 50
4460.0166015625 318
4553.37158203125 389
4554.68603515625 478
4854.8525390625 491
5003.7880859375 580
5023.33984375 599
5067.40234375 890
5162.4208984375 896
5258.294921875 909
5370.2783203125 919
5388.6748046875 995
5457.94921875 1273
5485.53662109375 1342
5505.69482421875 1430
5508.8994140625 1495
5511.26123046875 1568
5643.4130859375 1583
5751.88916015625 1764
5753.80419921875 1774
5753.8349609375 2065
5812.67236328125 2117
5848.06201171875 2181
5870.39892578125 2268
5881.64404296875 2465
5889.13623046875 2664
5919.109375 2760
5919.79736328125 2764
5958.919921875 2938
5966.54638671875 2943
6023.00390625 1860
6100.36376953125 2880
6135.54833984375 1446
6135.9677734375 87
6163.236328125 251
6251.05615234375 527
6439.5234375 529
6443.11474609375 625
6447.13916015625 641
6459.66162109375 693
6576.7509765625 873
6583.642578125 881
6587.853515625 928
6590.4130859375 1133
6667.78369140625 1283
6729.8916015625 1318
6751.32958984375 1346
6776.3193359375 1417
6805.81103515625 1720
6806.763671875 1987
6817.7216796875 2226
6851.0673828125 2296
6920.49755859375 2515
6944.12158203125 2572
7046.65771484375 2669
7088.47802734375 2728
7099.89599609375 2734
7245.3515625 2746
7297.97802734375 2852
7373.7470703125 2866
7379.80517578125 2915
7449.27587890625 2949
7469.6767578125 377
7469.86328125 2281
7521.87646484375 160
7604.4892578125 1
7643.79052734375 425
7644.076171875 446
7680.5927734375 800
7709.14501953125 918
7751.3837890625 953
7803.6708984375 985
7823.5556640625 986
7850.94580078125 1008
7883.66845703125 1043
7897.6513671875 1270
7898.0263671875 1317
7907.9814453125 1435
7919.5341796875 1548
7920.51416015625 1606
7957.84814453125 1661
8006.26806640625 1712
8006.998046875 2010
8052.37841796875 2088
8088.822265625 2365
8119.71533203125 2410
8224.509765625 2414
8225.8193359375 2482
8241.154296875 2560
8316.71875 2781
8358.9560546875 2820
8383.318359375 997
8390.751953125 1781
8395.033203125 81
8408.0546875 229
8442.251953125 440
8510.05859375 548
8571.732421875 611
8585.669921875 826
8615.5283203125 834
8622.9765625 848
8649.322265625 871
8664.94921875 893
8707.91796875 1231
8741.5419921875 1256
8752.58203125 1315
8762.6689453125 1458
8846.759765625 1550
8874.4970703125 1671
8884.36328125 1711
8932.5849609375 1815
9007.111328125 1893
9012.283203125 2312
9068.759765625 2324
9068.86328125 2385
9081.6171875 2447
9103.7939453125 2562
9109.71875 2610
9111.5341796875 2622
9127.962890625 2853
9136.0 2924
9148.849609375 2927
9179.072265625 2239
9179.5654296875 1362
9179.5654296875 1926
9212.576171875 2997
9241.4033203125 254
9258.1162109375 388
9278.7841796875 465
9332.994140625 498
9365.5419921875 520
9384.91796875 962
9401.8701171875 981
9413.509765625 1156
9471.8115234375 1652
9501.6884765625 2205
9508.1376953125 2339
9531.21875 2417
9544.490234375 2494
9548.9697265625 2687
9582.1640625 1122
9585.8388671875 1670
9591.3447265625 264
9641.6083984375 2173
9686.8359375 1646
9689.55078125 2396
9692.859375 49
9697.568359375 189
9708.79296875 261
9718.4140625 263
9728.7998046875 430
9749.5166015625 831
9753.1494140625 899
9761.498046875 1123
9779.427734375 1169
9780.7705078125 1350
9784.755859375 1405
9787.982421875 1512
9801.818359375 1750
9840.1884765625 1769
9845.9765625 1908
9856.50390625 1966
9906.591796875 1982
9931.185546875 1993
9949.53515625 2094
9951.90234375 2126
9995.3759765625 2141
9996.638671875 2171
9999.3740234375 2174
10013.212890625 2177
10106.802734375 2237
10109.1943359375 2367
10117.9765625 2536
10127.845703125 2542
10143.65234375 2582
10144.0400390625 2675
10184.865234375 2703
10195.916015625 1873
10205.3193359375 2107
10217.134765625 1281
10219.0947265625 455
10220.259765625 470
10277.3603515625 902
10307.951171875 926
10340.5078125 967
10379.1396484375 1104
10396.0263671875 1225
10396.2158203125 1286
10423.5625 1506
10441.1318359375 1516
10459.1435546875 1599
10482.6533203125 1779
10501.337890625 1848
10502.515625 1867
10517.341796875 1883
10528.140625 2063
10528.890625 2210
10559.5390625 2246
10559.8798828125 2285
10563.2626953125 2361
10577.0341796875 2686
10581.033203125 2700
10587.8720703125 88
10632.27734375 586
10641.1171875 136
10641.794921875 1471
10653.0087890625 226
10663.2802734375 296
10666.962890625 1197
10676.234375 1666
10679.650390625 2511
10696.3896484375 101
10703.8134765625 215
10738.8037109375 549
10765.66015625 550
10768.634765625 573
10794.376953125 1136
10797.369140625 1199
10805.4931640625 1530
10812.818359375 1581
10835.390625 1640
10837.0107421875 1688
10861.9697265625 1968
10888.89453125 2526
10896.298828125 2571
10897.568359375 2983
10897.6953125 1787
10941.6201171875 602
10951.443359375 1146
10956.962890625 253
10986.541015625 342
10998.037109375 843
11018.9736328125 1233
11023.1162109375 1335
11028.556640625 1394
11047.0791015625 1737
11058.1953125 1784
11059.13671875 1950
11161.1396484375 2025
11176.341796875 2473
11209.0185546875 2518
11219.8115234375 999
11220.2822265625 1056
11237.5517578125 1900
11253.3759765625 1304
11254.072265625 1326
11256.7607421875 2967
11298.7587890625 1333
11306.1669921875 2631
11306.4208984375 146
11311.376953125 1538
11317.73046875 21
11323.1044921875 34
11326.4736328125 200
11327.19921875 288
11327.6044921875 336
11346.3076171875 385
11375.19140625 517
11394.5400390625 546
11402.4765625 609
11495.087890625 614
11507.412109375 683
11512.6669921875 686
11518.3466796875 769
11572.36328125 1097
11575.2724609375 1221
11580.08984375 1322
11612.591796875 1359
11630.6611328125 1376
11631.896484375 1686
11664.767578125 1854
11683.892578125 2513
11707.96875 2553
11717.2919921875 2650
11717.2919921875 2672
11760.04296875 2911
11764.541015625 78
11776.470703125 2713
11786.3212890625 2800
11788.4189453125 2651
11794.583984375 2970
11802.26171875 1045
11832.7744140625 1068
11841.982421875 2078
11844.05078125 884
11844.125 886
11844.125 1028
11896.466796875 1845
11917.5107421875 1932
11919.693359375 2489
11935.1962890625 90
11960.7138671875 153
11963.17578125 240
11971.365234375 256
11976.6142578125 531
11986.583984375 644
12002.42578125 706
12037.5986328125 775
12040.189453125 1163
12060.123046875 1483
12062.9853515625 2114
12066.3369140625 2379
12070.7802734375 2424
12085.666015625 2433
12088.169921875 2435
12106.4228515625 2442
12108.923828125 2683
12124.56640625 2811
12127.9541015625 2176
12137.3203125 169
12162.3671875 2207
12201.634765625 1144
12203.1259765625 2180
12208.46875 73
12218.310546875 663
12218.8076171875 677
12230.763671875 756
12232.443359375 925
12235.4365234375 927
12262.173828125 946
12290.75390625 996
12290.75390625 1141
12297.943359375 1202
12313.283203125 1251
12314.8212890625 1457
12330.9873046875 1502
12349.3291015625 1591
12349.3291015625 1733
12358.564453125 1735
12366.884765625 1919
12371.455078125 1933
12381.09375 1955
12387.208984375 2002
12393.642578125 2335
12413.291015625 2341
12426.689453125 2565
12426.8369140625 2695
12454.521484375 2763
12454.787109375 2840
12489.9970703125 2422
12494.8603515625 1020
12499.525390625 640
12501.40625 59
12504.384765625 177
12505.599609375 191
12513.462890625 575
12521.0546875 687
12524.4443359375 934
12530.291015625 1119
12538.5361328125 1529
12540.23046875 1697
12550.3486328125 1810
12570.283203125 1831
12591.5 2354
12596.640625 2528
12599.099609375 2679
12604.861328125 2712
12616.65625 2747
12627.255859375 2809
12630.7890625 2821
12638.59375 2842
12650.5576171875 2860
12652.7705078125 2906
12658.0771484375 2994
12681.1640625 186
12692.3310546875 223
12707.5625 1594
12711.1943359375 410
12752.9560546875 631
12755.4580078125 132
12759.7587890625 2576
12796.958984375 1282
12804.919921875 488
12850.2314453125 869
12853.087890625 2059
12880.6005859375 787
12905.7236328125 904
12925.1923828125 137
13029.44921875 275
13068.060546875 328
13068.1259765625 333
13070.48046875 392
13086.9775390625 407
13088.890625 489
13112.6865234375 680
13120.732421875 1022
13124.337890625 1290
13128.83203125 1358
13149.1884765625 1607
13149.748046875 1653
13152.3759765625 2024
13169.5390625 2184
13190.802734375 2221
13198.0595703125 2394
13216.05859375 2427
13221.18359375 2517
13279.7529296875 2655
13288.3916015625 2704
13292.7431640625 2900
13293.2587890625 2946
13301.724609375 459
13331.0810546875 1408
13333.67578125 1339
13335.8857421875 22
13400.9765625 45
13407.0869140625 300
13415.4521484375 812
13442.58984375 922
13451.0322265625 947
13472.2138671875 975
13481.5029296875 1001
13524.490234375 1095
13526.4853515625 1275
13554.193359375 1664
13569.3388671875 1708
13674.400390625 1763
13709.0048828125 1766
13723.275390625 1889
13725.609375 2077
13758.662109375 2082
13767.083984375 2131
13795.70703125 2315
13814.88671875 2317
13826.7509765625 2409
13854.4736328125 2608
13860.7880859375 2616
13866.9140625 2649
13866.939453125 2819
13888.8388671875 2862
13899.4404296875 1164
13907.7685546875 2213
13914.134765625 1050
13935.9228515625 979
13957.5537109375 1562
13964.50390625 1597
13972.4326171875 2334
13997.880859375 587
14002.6240234375 630
14026.1865234375 777
14038.6943359375 1012
14045.8505859375 1064
14056.08203125 1082
14061.697265625 1462
14123.9228515625 1501
14153.833984375 1654
14158.2060546875 1800
14179.11328125 2656
14191.0126953125 2884
14206.2841796875 1416
14211.19921875 1575
14211.572265625 2889
14218.2080078125 445
14220.392578125 30
14221.2890625 2484
14221.8671875 38
14236.484375 40
14243.419921875 76
14245.1083984375 77
14257.2060546875 108
14259.109375 164
14259.4765625 211
14264.2626953125 225
14267.0185546875 376
14276.919921875 437
14277.048828125 510
14300.2763671875 646
14310.740234375 671
14331.826171875 738
14352.2841796875 770
14357.0556640625 1434
14372.3037109375 1610
14373.08984375 1662
14388.974609375 1709
14392.21875 1998
14397.353515625 2166
14427.2216796875 2220
14454.060546875 2238
14515.359375 2255
14516.9365234375 2345
14517.8330078125 2510
14525.7763671875 2581
14552.123046875 2607
14607.138671875 2807
14625.333984375 1015
14637.181640625 1984
14649.2392578125 1258
14649.76953125 2555
14654.8408203125 1147
14665.81640625 865
14673.234375 939
14686.494140625 1497
14686.494140625 2630
14688.94921875 2752
14699.2548828125 457
14744.73046875 309
14747.14453125 316
14750.4453125 483
14762.466796875 484
14813.83984375 633
14850.7392578125 1026
14868.4453125 1036
14869.19140625 1176
14880.5517578125 1423
14885.0927734375 1485
14896.4921875 1590
14937.5380859375 1702
14944.07421875 1759
14948.89453125 1818
14969.361328125 1958
14989.1025390625 1963
14998.224609375 1977
15017.91015625 2053
15022.072265625 2056
15022.56640625 2125
15036.7958984375 2304
15042.9111328125 2356
15056.26953125 2477
15059.72265625 2533
15072.9638671875 2732
15088.388671875 2948
15096.5078125 1601
15103.3115234375 2256
15121.5185546875 2104
15136.25 284
15153.0146484375 182
15211.3291015625 916
15218.599609375 1667
15224.48828125 1852
15254.3623046875 727
15262.7607421875 2036
15270.78125 2772
15271.2978515625 130
15282.8740234375 219
15302.619140625 394
15302.99609375 405
15311.6591796875 634
15323.77734375 856
15328.8359375 983
15357.49609375 1117
15371.3037109375 1386
15375.662109375 1791
15386.4169921875 1991
15430.279296875 2060
15440.8095703125 2215
15445.8203125 2314
15448.4111328125 2440
15470.919921875 2467
15472.26953125 2618
15474.7353515625 2648
15536.359375 2694
15540.935546875 1772
15565.7939453125 818
15567.96875 2907
15597.0888671875 660
15623.263671875 1168
15636.015625 1145
15639.927734375 1476
15652.6845703125 1618
15657.5712890625 655
15659.9560546875 1592
15662.9453125 2120
15680.3564453125 2557
15680.767578125 112
15695.919921875 350
15701.8486328125 356
15704.470703125 448
15761.998046875 1500
15778.9970703125 1526
15779.6162109375 1587
15803.5966796875 1881
15834.1572265625 1943
15834.583984375 1962
15852.3779296875 1995
15875.8955078125 2075
15881.125 2118
15893.53515625 2309
15899.455078125 2418
15911.109375 2516
15911.7373046875 2588
15911.7392578125 2605
15928.23828125 2623
15951.7353515625 2937
15956.2197265625 1005
15964.046875 110
15968.068359375 2360
15980.4814453125 121
15987.041015625 1046
15990.8876953125 298
15991.92578125 372
15998.49609375 492
16000.0546875 752
16010.9794921875 838
16020.05859375 903
16024.564453125 1034
16041.125 1128
16052.9609375 1187
16064.212890625 1437
16083.8857421875 1488
16093.98828125 1534
16095.560546875 1657
16123.470703125 1678
16125.013671875 1824
16127.7119140625 1826
16131.6376953125 1941
16134.23828125 1997
16143.76953125 2318
16163.162109375 2327
16169.8173828125 2362
16171.8583984375 2404
16181.201171875 2453
16187.2744140625 2458
16187.5078125 2496
16193.60546875 2696
16198.3271484375 2722
16231.1591796875 2796
16235.904296875 2584
16253.79296875 2872
16273.8583984375 2589
16314.9873046875 2135
16334.4951171875 1802
16379.751953125 1853
16405.3359375 1892
16417.55859375 1580
16422.060546875 25
16434.34765625 72
16436.32421875 343
16457.12890625 710
16464.076171875 755
16471.0703125 885
16513.20703125 1683
16542.263671875 1776
16545.3359375 1972
16546.62890625 2047
16589.515625 2138
16605.482421875 2185
16635.134765625 2344
16643.708984375 2545
16652.296875 2573
16653.83203125 2855
16655.4375 2159
16679.63671875 1067
16726.666015625 371
16734.841796875 243
16738.240234375 1301
16759.115234375 311
16763.22265625 426
16783.919921875 648
16793.931640625 720
16794.4921875 792
16818.751953125 940
16846.28515625 1006
16868.658203125 1032
16870.20703125 1160
16873.078125 1189
16886.52734375 2183
16896.333984375 2190
16905.2890625 2301
16955.3046875 1459
16979.630859375 1649
17003.04296875 353
17011.609375 2706
17013.15234375 1511
17035.259765625 1778
17066.62109375 329
17067.587890625 731
17072.857421875 1400
17128.29296875 2070
17128.611328125 1480
17151.705078125 1714
17155.115234375 249
17170.029296875 94
17182.51953125 2823
17262.283203125 471
17280.412109375 473
17290.7578125 747
17295.943359375 915
17311.056640625 921
17352.125 993
17367.01953125 1072
17404.849609375 1415
17423.251953125 1541
17430.978515625 1746
17433.8984375 1949
17434.859375 2079
17435.890625 2219
17438.669921875 2258
17462.33203125 2413
17493.0859375 2628
17505.40625 2828
17506.759765625 2903
17528.5859375 2996
17554.0 204
17573.705078125 1247
17579.5859375 1410
17626.68359375 1888
17655.4609375 1214
17667.7890625 1658
17670.966796875 2587
17696.13671875 380
17722.32421875 688
17731.46875 1761
17738.546875 66
17764.490234375 127
17782.107421875 179
17829.01171875 855
17848.65234375 1198
17869.4921875 1250
17892.416015625 1507
17896.7578125 1558
17912.966796875 2007
17926.52734375 2092
17927.283203125 2231
17933.5390625 2384
17952.6171875 2457
17995.720703125 2544
18002.05078125 2717
18033.369140625 2774
18058.921875 2794
18075.8984375 2909
18081.435546875 972
18160.2421875 1138
18167.759765625 1442
18172.71875 1137
18247.158203125 102
18255.0625 667
18301.150390625 1935
18335.89453125 2352
18337.861328125 2887
18360.50390625 427
18382.50390625 1533
18388.080078125 170
18397.103515625 262
18429.37890625 306
18470.51171875 596
18476.580078125 805
18490.916015625 849
18513.1328125 850
18543.24609375 965
18595.87109375 976
18635.439453125 1058
18656.26171875 1403
18663.158203125 1645
18665.708984375 1999
18677.6640625 2292
18691.234375 2392
18694.833984375 2403
18739.0234375 2497
18824.6171875 2524
18831.59375 2601
18833.044921875 2652
18851.705078125 2657
18861.818359375 2761
18905.9296875 2839
18910.962890625 2939
18928.5234375 2984
18943.919921875 1027
18997.640625 622
19032.27734375 417
19068.126953125 450
19068.126953125 690
19111.765625 969
19136.775390625 982
19151.94921875 1040
19159.447265625 1078
19175.833984375 1083
19183.37109375 1382
19200.0 1391
19204.609375 1486
19212.181640625 1503
19234.96875 1547
19241.154296875 1561
19258.94921875 1965
19280.353515625 2026
19284.90625 2066
19308.669921875 2182
19377.0546875 2245
19425.943359375 2460
19429.138671875 2466
19438.634765625 2540
19452.47265625 2593
19461.765625 2632
19467.6484375 2753
19482.97265625 2759
19503.99609375 2793
19514.931640625 2925
19524.310546875 2152
19564.287109375 762
19573.05859375 2757
19575.1171875 37
19605.3359375 1624
19616.083984375 1271
19663.111328125 2370
19747.16796875 2895
19760.580078125 2411
19769.9453125 67
19814.3671875 150
19828.26171875 171
19902.361328125 195
19917.03125 363
19946.939453125 522
20009.95703125 657
20013.013671875 701
20048.486328125 760
20087.5 811
20097.779296875 874
20133.701171875 875
20135.359375 1002
20140.951171875 1007
20184.31640625 1023
20187.9921875 1356
20304.833984375 1378
20429.83984375 1489
20472.69140625 1629
20480.421875 2721
20518.90625 2032
20703.185546875 2259
20729.275390625 771
20794.55078125 1543
20866.734375 2241
20872.6875 1964
20875.69921875 1625
20889.189453125 2693
20996.26953125 222
21026.94921875 258
21089.849609375 281
21094.71875 506
21112.287109375 582
21165.609375 724
21196.44140625 879
21211.046875 1003
21242.494140625 1171
21257.6015625 1182
21297.5 1588
21338.0234375 1685
21354.744140625 1758
21450.69140625 2300
21452.224609375 2310
21522.3359375 2705
21559.97265625 2845
21562.21875 2916
21563.810546875 1811
21565.341796875 2701
21572.6796875 421
21585.248046875 1440
21600.896484375 2337
21647.27734375 2531
21728.947265625 18
21742.640625 29
21746.607421875 31
21764.94921875 104
21765.0703125 274
21817.212890625 321
21892.302734375 370
21903.869140625 375
22081.794921875 562
22127.05859375 914
22150.63671875 944
22224.94140625 1672
22309.400390625 1684
22466.720703125 1825
22471.57421875 1846
22508.642578125 1960
22614.7265625 1976
22700.400390625 2006
22752.55078125 2319
22804.357421875 2405
22816.423828125 2550
22837.91796875 2606
22878.046875 2768
23049.4375 1081
23170.6484375 1780
23173.201171875 16
23311.2421875 28
23324.109375 125
23352.18359375 212
23413.037109375 265
23416.859375 295
23637.41015625 360
23644.458984375 364
23772.849609375 937
23952.515625 1077
24039.08984375 1101
24112.759765625 1241
24406.623046875 1243
24446.205078125 1307
24648.388671875 1343
24857.732421875 1404
25392.27734375 1418
25874.029296875 1585
25881.73828125 1719
26684.9609375 1822
26825.43359375 2009
26886.400390625 2164
27034.107421875 2214
27140.09375 2250
27277.826171875 2263
29356.138671875 2342
31665.013671875 2359
35199.41796875 2547
