3995.257568359375 204
4045.48291015625 1247
4790.52734375 1410
5150.95703125 1888
5344.439453125 1214
5984.4462890625 1658
6003.37890625 2587
6028.47265625 380
6189.712890625 688
6287.953125 1761
6371.005859375 66
6380.4599609375 127
6428.68359375 179
6517.94287109375 855
6592.34228515625 1198
6636.2939453125 1250
6647.43310546875 1507
6723.15673828125 1558
6759.759765625 2007
6808.70654296875 2092
6919.66357421875 2231
6959.755859375 2384
6978.15185546875 2457
7021.591796875 2544
7099.22265625 2717
7329.72119140625 2774
7339.39013671875 2794
7522.4189453125 2909
7529.693359375 972
7633.87109375 1138
7678.3935546875 1442
7686.34619140625 1446
7711.244140625 87
7805.9130859375 251
7897.8876953125 527
7946.5146484375 529
8005.994140625 625
8029.798828125 641
8036.173828125 693
8133.34716796875 873
8144.951171875 881
8160.544921875 928
8176.515625 1133
8212.8623046875 1283
8226.9404296875 1318
8304.388671875 1346
8326.263671875 1417
8580.1875 1720
8644.1396484375 1987
8651.46484375 2226
8776.4365234375 2296
8777.9677734375 2515
8783.75390625 2572
8802.3232421875 2669
8804.58203125 2728
8817.3515625 2734
8866.625 2746
8873.328125 2852
8908.7822265625 2866
8986.408203125 2915
9025.5458984375 2949
9026.9912109375 377
9071.521484375 2281
9118.537109375 160
9142.2001953125 1
9175.3134765625 425
9193.50390625 446
9231.3740234375 800
9251.11328125 918
9254.0654296875 953
9276.3330078125 985
9286.4345703125 986
9292.77734375 1008
9303.00390625 1043
9337.4287109375 1270
9483.4677734375 1317
9486.84375 1435
9529.87890625 1548
9530.791015625 1606
9565.099609375 1661
9780.0712890625 1712
9829.4921875 2010
9836.7724609375 2088
9846.029296875 2365
9850.6328125 2410
9853.82421875 2414
9915.5791015625 2482
9952.8720703125 2560
9986.0986328125 2781
9986.0986328125 2820
10023.259765625 997
10111.2890625 1781
10122.103515625 81
10146.771484375 229
10155.74609375 440
10164.552734375 548
10165.2080078125 611
10206.13671875 826
10249.798828125 834
10274.5947265625 848
10288.9990234375 871
10335.06640625 893
10348.470703125 1231
10367.861328125 1256
10374.41015625 1315
10439.060546875 1458
10441.759765625 1550
10459.6484375 1671
10493.3193359375 1711
10500.43359375 1815
10503.712890625 1893
10509.0361328125 2312
10529.1123046875 2324
10603.8046875 2385
10613.14453125 2447
10675.5595703125 2562
10695.8125 2610
10824.06640625 2622
10864.5498046875 2853
10881.5771484375 2924
10967.6904296875 2927
10969.76953125 2239
11149.087890625 1362
11257.7041015625 1926
11286.6787109375 2997
11372.0908203125 254
11391.17578125 388
11398.208984375 465
11543.828125 498
11553.4912109375 520
11573.755859375 962
11577.6181640625 981
11581.9443359375 1156
11591.46484375 1652
11591.4765625 2205
11595.892578125 2339
11595.919921875 2417
11610.0068359375 2494
11676.744140625 2687
11689.744140625 1122
11702.9248046875 1670
11709.2255859375 264
11715.6171875 2173
11717.58203125 1646
11732.4755859375 2396
11744.4140625 49
11753.3486328125 189
11758.375 261
11767.9404296875 263
11792.7978515625 430
11804.5078125 831
11818.5908203125 899
11824.51171875 1123
11845.6865234375 1169
11858.0673828125 1350
11884.01953125 1405
11906.10546875 1512
11913.46875 1750
11928.64453125 1769
11937.681640625 1908
11948.0498046875 1966
11968.044921875 1982
11984.181640625 1993
12049.70703125 2094
12078.7470703125 2126
12159.337890625 2141
12176.3515625 2171
12188.4755859375 2174
12210.6455078125 2177
12214.4208984375 2237
12215.08984375 2367
12223.298828125 2536
12223.5927734375 2542
12234.4990234375 2582
12256.8095703125 2675
12257.2998046875 2703
12266.552734375 1873
12289.5625 2107
12352.70703125 1281
12363.4267578125 455
12364.2978515625 470
12371.890625 902
12393.2587890625 926
12397.064453125 967
12403.916015625 1104
12460.2607421875 1225
12481.302734375 1286
12496.783203125 1506
12512.09375 1516
12513.20703125 1599
12529.375 1779
12556.96875 1848
12580.8544921875 1867
12613.0361328125 1883
12614.341796875 2063
12615.1982421875 2210
12635.2861328125 2246
12637.453125 2285
12659.09765625 2361
12673.1162109375 2686
12694.14453125 2700
12812.5185546875 88
12819.3564453125 586
12823.1044921875 136
12843.8466796875 1471
12868.8642578125 226
12886.802734375 296
12887.0869140625 1197
12908.8466796875 1666
12917.5654296875 2511
12960.708984375 101
12962.240234375 215
12963.0146484375 549
13029.9033203125 550
13073.0966796875 573
13105.3916015625 1136
13117.568359375 1199
13200.1494140625 1530
13208.4599609375 1581
13245.88671875 1640
13279.5390625 1688
13282.525390625 1968
13319.1083984375 2526
13329.115234375 2571
13341.76953125 2983
13360.876953125 1787
13380.09765625 602
13390.7412109375 1146
13412.8603515625 253
13447.54296875 342
13468.20703125 843
13469.07421875 1233
13486.298828125 1335
13490.5546875 1394
13515.5908203125 1737
13518.6640625 1784
13585.0888671875 1950
13598.1953125 2025
13655.693359375 2473
13674.6875 2518
13689.45703125 999
13706.31640625 1056
13712.3046875 1900
13734.30859375 1304
13835.0830078125 1326
13835.966796875 2967
13837.451171875 1329
13838.51171875 50
13865.6689453125 318
13868.134765625 389
13887.8291015625 478
13888.71875 491
13927.646484375 580
13929.1962890625 599
13942.5517578125 890
13951.53515625 896
13985.59375 909
13991.25390625 919
14013.59765625 995
14034.013671875 1273
14049.970703125 1342
14091.978515625 1430
14102.205078125 1495
14111.8017578125 1568
14112.736328125 1583
14126.02734375 1764
14160.4326171875 1774
14198.40234375 2065
14202.7607421875 2117
14227.880859375 2181
14265.4326171875 2268
14283.0458984375 2465
14304.203125 2664
14310.646484375 2760
14328.650390625 2764
14335.224609375 2938
14362.6875 2943
14368.3876953125 1860
14411.4697265625 2880
14413.09375 1333
14527.82421875 2631
14537.9130859375 146
14577.7841796875 1538
14582.1591796875 21
14588.86328125 34
14612.6484375 200
14653.326171875 288
14672.4287109375 336
14698.490234375 385
14715.412109375 517
14738.0703125 546
14762.755859375 609
14771.478515625 614
14829.3173828125 683
14873.4267578125 686
14886.904296875 769
14889.818359375 1097
14890.890625 1221
14899.82421875 1322
14911.5244140625 1359
14919.962890625 1376
14959.255859375 1686
14977.814453125 1854
14979.951171875 2513
15001.83203125 2553
15010.046875 2650
15027.03515625 2672
15038.3369140625 2911
15039.333984375 78
15047.6767578125 2713
15061.78125 2800
15073.525390625 2651
15116.8056640625 2970
15135.794921875 1045
15135.9794921875 1068
15142.84375 2078
15183.181640625 884
15191.986328125 886
15204.44921875 1028
15207.2236328125 1845
15225.46484375 1932
15257.310546875 2489
15260.123046875 90
15271.6796875 153
15299.666015625 240
15311.251953125 256
15341.6005859375 531
15348.3642578125 644
15367.44921875 706
15371.4345703125 775
15378.724609375 1163
15395.86328125 1483
15402.302734375 2114
15435.92578125 2379
15437.01953125 2424
15439.435546875 2433
15442.0771484375 2435
15454.890625 2442
15458.185546875 2683
15458.314453125 2811
15479.3994140625 2176
15485.943359375 169
15508.154296875 2207
15508.154296875 1144
15508.6142578125 2180
15522.021484375 73
15540.15625 663
15547.3681640625 677
15575.119140625 756
15594.568359375 925
15597.6357421875 927
15605.2353515625 946
15610.6708984375 996
15665.1298828125 1141
15690.6376953125 1202
15714.1748046875 1251
15727.3916015625 1457
15739.076171875 1502
15745.1484375 1591
15746.25390625 1733
15752.5576171875 1735
15772.4658203125 1919
15816.208984375 1933
15821.287109375 1955
15858.13671875 2002
15887.1259765625 2335
15910.6298828125 2341
15918.2890625 2565
15925.71875 2695
15928.7587890625 2763
15936.427734375 2840
15950.16796875 2422
15961.0244140625 1020
15964.4873046875 640
16026.974609375 59
16032.048828125 177
16076.3896484375 191
16108.7724609375 575
16112.08984375 687
16112.125 934
16124.7587890625 1119
16133.1123046875 1529
16143.82421875 1697
16149.8203125 1810
16152.1953125 1831
16166.1796875 2354
16169.6220703125 2528
16192.9140625 2679
16192.9140625 2712
16205.6845703125 2747
16215.1689453125 2809
16219.03125 2821
16223.6533203125 2842
16254.017578125 2860
16289.9638671875 2906
16291.4892578125 2994
16353.16796875 186
16355.1533203125 223
16371.318359375 1594
16414.9453125 410
16416.3671875 631
16448.724609375 132
16450.771484375 2576
16453.32421875 1282
16468.583984375 488
16469.09765625 869
16496.236328125 2059
16498.783203125 787
16517.943359375 904
16523.943359375 137
16529.431640625 275
16534.845703125 328
16605.08984375 333
16636.052734375 392
16659.326171875 407
16685.0 489
16701.525390625 680
16754.9921875 1022
16755.013671875 1290
16766.154296875 1358
16775.8671875 1607
16807.95703125 1653
16824.453125 2024
16843.80078125 2184
16854.771484375 2221
16855.60546875 2394
16862.01953125 2427
16864.80078125 2517
16883.666015625 2655
16886.68359375 2704
16904.109375 2900
16913.326171875 2946
16919.712890625 459
16932.771484375 1408
16938.12109375 1339
16959.44140625 22
16962.583984375 45
16971.12109375 300
16977.6015625 812
16996.234375 922
17019.71484375 947
17045.75 975
17059.31640625 1001
17060.181640625 1095
17082.111328125 1275
17118.544921875 1664
17150.90234375 1708
17173.7421875 1763
17183.33203125 1766
17220.171875 1889
17242.544921875 2077
17244.17578125 2082
17259.201171875 2131
17273.66015625 2315
17292.18359375 2317
17300.232421875 2409
17301.83203125 2608
17305.130859375 2616
17305.73046875 2649
17313.04296875 2819
17316.236328125 2862
17324.40625 1164
17325.037109375 2213
17325.1171875 1050
17336.158203125 979
17341.0546875 1562
17350.072265625 1597
17367.26171875 2334
17368.75 587
17376.990234375 630
17381.142578125 777
17423.73828125 1012
17433.0234375 1064
17451.291015625 1082
17454.404296875 1462
17490.736328125 1501
17499.634765625 1654
17520.208984375 1800
17542.8359375 2656
17552.53515625 2884
17561.48828125 1416
17616.521484375 1575
17621.49609375 2889
17650.58984375 445
17666.236328125 30
17672.4453125 2484
17684.560546875 38
17684.8515625 40
17706.326171875 76
17752.0859375 77
17759.92578125 108
17773.66796875 164
17814.55859375 211
17819.603515625 225
17829.162109375 376
17829.388671875 437
17841.23828125 510
17858.890625 646
17883.4921875 671
17966.9609375 738
17968.5234375 770
17997.482421875 1434
17999.298828125 1610
18006.697265625 1662
18024.47265625 1709
18041.130859375 1998
18118.296875 2166
18131.2578125 2220
18149.310546875 2238
18162.09375 2255
18200.111328125 2345
18207.482421875 2510
18232.322265625 2581
18270.9453125 2607
18316.978515625 2807
18359.6484375 1015
18363.708984375 1984
18390.1640625 1258
18410.16015625 2555
18422.623046875 1147
18458.388671875 865
18471.734375 939
18527.833984375 1497
18571.216796875 2630
18571.830078125 2752
18594.5625 457
18595.0546875 309
18598.478515625 316
18626.42578125 483
18637.14453125 484
18643.90234375 633
18653.21484375 1026
18662.34375 1036
18666.08984375 1176
18679.99609375 1423
18685.126953125 1485
18695.314453125 1590
18697.669921875 1702
18712.5625 1759
18718.212890625 1818
18723.78125 1958
18730.05078125 1963
18730.091796875 1977
18732.125 2053
18739.828125 2056
18761.544921875 2125
18803.806640625 2304
18829.55078125 2356
18838.328125 2477
18838.638671875 2533
18869.8203125 2732
18871.150390625 2948
18889.11328125 1601
18890.208984375 2256
18917.58203125 2104
18952.537109375 284
18970.609375 182
18978.6875 916
18989.451171875 1667
18990.07421875 1852
18999.94140625 727
19062.470703125 2036
19076.568359375 2772
19078.99609375 130
19085.359375 219
19109.794921875 394
19205.875 405
19259.15625 634
19264.798828125 856
19271.85546875 983
19277.21484375 1117
19280.091796875 1386
19289.427734375 1791
19313.912109375 1991
19327.072265625 2060
19345.744140625 2215
19384.6484375 2314
19394.859375 2440
19399.451171875 2467
19413.958984375 2618
19419.748046875 2648
19426.775390625 2694
19466.84765625 1772
19470.890625 818
19480.7890625 2907
19492.453125 660
19500.046875 1168
19503.66015625 1145
19509.712890625 1476
19558.3125 1618
19559.306640625 655
19698.2109375 1592
19709.83203125 2120
19761.634765625 2557
19781.5 112
19796.068359375 350
19802.03125 356
19803.107421875 448
19803.107421875 1500
19804.388671875 1526
19804.447265625 1587
19838.119140625 1881
19858.037109375 1943
19897.626953125 1962
19905.484375 1995
19931.396484375 2075
19991.91796875 2118
20002.75390625 2309
20014.072265625 2418
20021.587890625 2516
20032.150390625 2588
20032.337890625 2605
20048.044921875 2623
20051.240234375 2937
20057.021484375 1005
20100.6171875 110
20145.7734375 2360
20148.62109375 121
20163.8125 1046
20164.91015625 298
20177.6484375 372
20182.21484375 492
20207.255859375 752
20233.955078125 838
20244.08203125 903
20272.962890625 1034
20278.546875 1128
20300.279296875 1187
20327.02734375 1437
20343.86328125 1488
20347.884765625 1534
20372.49609375 1657
20378.37109375 1678
20385.033203125 1824
20385.033203125 1826
20442.66015625 1941
20468.388671875 1997
20510.275390625 2318
20525.26171875 2327
20529.31640625 2362
20543.267578125 2404
20552.349609375 2453
20585.263671875 2458
20585.330078125 2496
20625.23828125 2696
20627.673828125 2722
20643.13671875 2796
20740.166015625 2584
20753.619140625 2872
20754.689453125 2589
20762.755859375 2135
20802.96875 1802
20809.0859375 1853
20831.65625 1892
20841.65625 1580
20852.28515625 25
20875.986328125 72
20898.8515625 343
20900.287109375 710
20949.681640625 755
20956.384765625 885
20969.818359375 1683
21003.466796875 1776
21011.12890625 1972
21026.013671875 2047
21028.10546875 2138
21045.701171875 2185
21050.923828125 2344
21078.208984375 2545
21125.50390625 2573
21128.1015625 2855
21152.12109375 2159
21163.900390625 1067
21213.3046875 371
21260.005859375 243
21290.513671875 1301
21294.685546875 311
21315.693359375 426
21344.3125 648
21353.330078125 720
21376.705078125 792
21387.841796875 940
21432.015625 1006
21475.359375 1032
21487.72265625 1160
21498.0390625 1189
21517.31640625 2183
21518.0625 2190
21586.388671875 2301
21595.91015625 1459
21626.482421875 1649
21627.21484375 353
21647.86328125 2706
21653.611328125 1511
21698.390625 1778
21712.865234375 329
21754.5546875 731
21768.23828125 1400
21797.009765625 2070
21844.169921875 1480
21854.51171875 1714
21894.919921875 249
21907.35546875 94
21944.822265625 2823
21947.779296875 471
21960.40234375 473
22005.31640625 747
22011.458984375 915
22021.21875 921
22046.572265625 993
22088.0859375 1072
22090.064453125 1415
22122.0390625 1541
22128.388671875 1746
22136.439453125 1949
22153.01953125 2079
22158.27734375 2219
22163.4921875 2258
22177.59375 2413
22189.59765625 2628
22204.578125 2828
22222.3046875 2903
22258.07421875 2996
22262.24609375 1137
22359.193359375 102
22442.3984375 667
22447.486328125 1935
22466.177734375 2352
22472.91796875 2887
22630.1484375 427
22643.96484375 1533
22678.994140625 170
22750.921875 262
22779.5390625 306
22796.953125 596
22885.12109375 805
22887.552734375 849
22993.6328125 850
23010.2421875 965
23027.8828125 976
23070.009765625 1058
23105.15625 1403
23105.87109375 1645
23128.865234375 1999
23175.87890625 2292
23176.908203125 2392
23200.96484375 2403
23207.3671875 2497
23260.521484375 2524
23298.4140625 2601
23317.80859375 2652
23443.455078125 2657
23476.55078125 2761
23482.55078125 2839
23484.810546875 2939
23525.376953125 2984
23529.28125 1027
23530.482421875 622
23533.638671875 417
23535.919921875 450
23578.548828125 690
23625.724609375 969
23629.115234375 982
23686.85546875 1040
23724.78515625 1078
23797.96875 1083
23857.119140625 1382
23906.41015625 1391
23909.55078125 1486
23911.587890625 1503
23923.513671875 1547
23927.015625 1561
23940.03515625 1965
23962.81640625 2026
24030.138671875 2066
24038.31640625 2182
24049.544921875 2245
24057.294921875 2460
24104.89453125 2466
24110.888671875 2540
24138.240234375 2593
24151.0859375 2632
24167.099609375 2753
24204.369140625 2759
24230.892578125 2793
24277.375 2925
24286.328125 2152
24319.443359375 762
24342.09765625 2757
24401.96484375 37
24453.591796875 1624
24478.298828125 1271
24541.8203125 2370
24615.04296875 2895
24804.28125 2411
24811.02734375 67
24996.248046875 150
25025.23828125 171
25034.892578125 195
25095.52734375 363
25110.703125 522
25139.705078125 657
25188.328125 701
25220.732421875 760
25267.546875 811
25278.07421875 874
25331.361328125 875
25340.060546875 1002
25350.845703125 1007
25367.548828125 1023
25369.203125 1356
25478.85546875 1378
25489.544921875 1489
25524.94140625 1629
25544.6875 2721
25556.978515625 2032
25639.34375 2259
25650.228515625 771
25677.400390625 1543
25678.75390625 2241
25776.94921875 1964
25795.345703125 1625
25888.921875 2693
25939.177734375 222
25968.61328125 258
26013.01953125 281
26032.666015625 506
26104.3984375 582
26145.576171875 724
26184.998046875 879
26245.34765625 1003
26285.541015625 1171
26365.1015625 1182
26381.67578125 1588
26551.38671875 1685
26754.22265625 1758
26934.96484375 2300
26982.00390625 2310
27051.8828125 2705
27085.95703125 2845
27161.1484375 2916
27193.98046875 1811
27243.72265625 2701
27256.060546875 421
27318.826171875 1440
27409.794921875 2337
27560.361328125 2531
27656.416015625 18
27675.3203125 29
27693.89453125 31
27776.65625 104
27781.08203125 274
27822.5234375 321
27837.2890625 370
27917.3203125 375
28061.283203125 562
28068.712890625 914
28092.126953125 944
28160.318359375 1672
28197.46875 1684
28197.46875 1825
28392.21875 1846
28638.263671875 1960
28733.12890625 1976
28763.3984375 2006
28866.103515625 2319
29030.564453125 2405
29285.3984375 2550
29324.412109375 2606
29480.00390625 2768
29489.318359375 1081
29492.544921875 1780
29500.3984375 16
29579.208984375 28
29745.97265625 125
29753.9140625 212
30011.744140625 265
30031.8515625 295
30097.06640625 360
30407.6796875 364
30407.701171875 937
30589.41796875 1077
30657.609375 1101
30821.638671875 1241
30895.6484375 1243
30953.7578125 1307
31036.361328125 1343
31127.3671875 1404
31234.2578125 1418
31311.669921875 1585
31624.53125 1719
32322.40234375 1822
32645.4140625 2009
33260.0390625 2164
34303.06640625 2214
34512.19140625 2250
34557.90234375 2263
35554.49609375 2342
35931.47265625 2359
39472.88671875 2547
