3363.40087890625 1050
3844.79150390625 979
4128.08349609375 1562
4423.0927734375 1597
4462.271484375 2334
4508.82421875 587
4564.0810546875 630
4574.9658203125 777
4729.56884765625 1012
4800.9462890625 1064
4856.5478515625 1082
4857.1162109375 1462
4944.52099609375 1501
5086.82666015625 1654
5091.052734375 1800
5128.77294921875 2656
5169.96435546875 2884
5303.17626953125 1416
5313.60595703125 1446
5320.41796875 87
5366.779296875 251
5369.62939453125 527
5382.4970703125 529
5436.1015625 625
5485.59912109375 641
5520.345703125 693
5583.54296875 873
5698.955078125 881
5737.748046875 928
5808.88330078125 1133
5809.92431640625 1283
5901.06787109375 1318
5907.9912109375 1346
5921.572265625 1417
5929.318359375 1720
5948.98046875 1987
5951.48193359375 2226
5987.25048828125 2296
6002.2255859375 2515
6007.408203125 2572
6077.2978515625 2669
6087.3017578125 2728
6158.23681640625 2734
6181.2392578125 2746
6233.583984375 2852
6255.3955078125 2866
6299.0888671875 2915
6302.06591796875 2949
6393.21875 377
6418.212890625 2281
6470.04296875 160
6496.5595703125 1
6497.171875 425
6522.40869140625 446
6568.798828125 800
6608.62646484375 918
6625.92333984375 953
6652.291015625 985
6698.033203125 986
6703.96923828125 1008
6730.353515625 1043
6737.67578125 1270
6832.232421875 1317
6843.94091796875 1435
6976.1650390625 1548
6976.1650390625 1606
7011.2236328125 1661
7018.4833984375 1712
7041.0380859375 2010
7042.1240234375 2088
7057.97314453125 2365
7100.6630859375 2410
7188.32763671875 2414
7211.1708984375 2482
7298.61865234375 2560
7348.490234375 2781
7351.5166015625 2820
7352.50390625 997
7395.12255859375 1781
7406.10546875 81
7429.04833984375 229
7481.71875 440
7514.43115234375 548
7519.8388671875 611
7525.79296875 826
7603.302734375 834
7657.01953125 848
7657.01953125 871
7678.06494140625 893
7757.57421875 1231
7772.080078125 1256
7837.94189453125 1315
7848.837890625 1458
7849.9814453125 1550
7854.755859375 1671
7860.60400390625 1711
7860.6650390625 1815
7883.87841796875 1893
7927.99609375 2312
7932.333984375 2324
7971.4404296875 2385
8003.28759765625 2447
8028.7841796875 2562
8038.5576171875 2610
8090.9990234375 2622
8110.205078125 2853
8112.3251953125 2924
8119.7333984375 2927
8123.82373046875 2239
8139.8525390625 1362
8170.427734375 1926
8177.068359375 2997
8209.119140625 254
8256.640625 388
8257.904296875 465
8269.2392578125 498
8293.1201171875 520
8430.40625 962
8433.8876953125 981
8497.201171875 1156
8562.70703125 1652
8566.0302734375 2205
8572.912109375 2339
8597.3427734375 2417
8673.01953125 2494
8690.78515625 2687
8693.7236328125 1122
8696.4208984375 1670
8731.669921875 264
8731.83203125 2173
8800.5615234375 1646
8806.634765625 2396
8971.7822265625 49
8989.81640625 189
9054.029296875 261
9107.15625 263
9123.771484375 430
9159.1923828125 831
9190.806640625 899
9207.7578125 1123
9221.439453125 1169
9320.630859375 1350
9344.2333984375 1405
9353.833984375 1512
9355.54296875 1750
9362.7333984375 1769
9363.3115234375 1908
9366.6953125 1966
9379.4052734375 1982
9380.447265625 1993
9403.1416015625 2094
9465.5283203125 2126
9504.421875 2141
9552.2666015625 2171
9565.48828125 2174
9567.68359375 2177
9614.443359375 2237
9616.4296875 2367
9652.318359375 2536
9678.580078125 2542
9691.74609375 2582
9712.2783203125 2675
9720.201171875 2703
9751.90234375 1873
9774.2138671875 2107
9792.2353515625 1281
9804.7978515625 455
9852.24609375 470
9942.138671875 902
10026.8583984375 926
10043.458984375 967
10070.759765625 1104
10081.607421875 1225
10097.7119140625 1286
10107.115234375 1506
10148.4375 1516
10158.5478515625 1599
10202.79296875 1779
10307.2158203125 1848
10317.3203125 1867
10362.673828125 1883
10401.3134765625 2063
10409.330078125 2210
10417.537109375 2246
10447.1943359375 2285
10489.23046875 2361
10499.794921875 2686
10556.8759765625 2700
10568.5576171875 88
10613.6943359375 586
10635.5576171875 136
10641.8388671875 1471
10668.0390625 226
10787.7412109375 296
10946.009765625 1197
11042.6298828125 1666
11061.9951171875 2511
11064.48828125 101
11102.8916015625 215
11149.9619140625 549
11191.634765625 550
11195.9912109375 573
11207.017578125 1136
11225.7314453125 1199
11259.986328125 1530
11286.056640625 1581
11308.119140625 1640
11308.2431640625 1688
11382.310546875 1968
11383.158203125 2526
11414.248046875 2571
11416.037109375 2983
11454.35546875 1787
11479.0078125 602
11528.2412109375 1146
11536.86328125 253
11607.8212890625 342
11641.423828125 843
11669.8330078125 1233
11702.4150390625 1335
11728.2763671875 1394
11728.67578125 1737
11749.3330078125 1784
11759.447265625 1950
11798.62890625 2025
11817.46484375 2473
11820.701171875 2518
11836.0732421875 999
11844.7392578125 1056
11853.38671875 1900
11906.359375 1304
11927.0791015625 1326
12035.779296875 2967
12038.833984375 1329
12061.830078125 50
12073.3291015625 318
12082.546875 389
12118.583984375 478
12137.046875 491
12184.62890625 580
12212.87890625 599
12216.4052734375 890
12229.451171875 896
12243.40234375 909
12263.0068359375 919
12305.89453125 995
12388.6748046875 1273
12447.1181640625 1342
12460.140625 1430
12551.21875 1495
12565.9541015625 1568
12576.025390625 1583
12598.92578125 1764
12662.8623046875 1774
12675.65234375 2065
12710.6611328125 2117
12717.3828125 2181
12724.751953125 2268
12740.865234375 2465
12746.265625 2664
12866.51171875 2760
12897.8642578125 2764
12898.802734375 2938
12911.9921875 2943
12923.994140625 1860
12979.36328125 2880
12996.8857421875 1333
13032.4462890625 2631
13053.099609375 146
13097.03125 1538
13200.765625 21
13241.3671875 34
13348.6220703125 200
13437.361328125 288
13449.154296875 336
13500.9716796875 385
13537.2060546875 517
13570.28515625 546
13583.5576171875 609
13594.7138671875 614
13605.794921875 683
13632.421875 686
13799.6962890625 769
13803.505859375 1097
13850.0830078125 1221
13862.884765625 1322
13889.470703125 1359
13917.712890625 1376
13950.3203125 1686
13958.8515625 1854
13989.40625 2513
14046.50390625 2553
14083.0234375 2650
14102.353515625 2672
14115.5498046875 2911
14133.837890625 78
14145.828125 2713
14225.501953125 2800
14252.2158203125 2651
14273.951171875 2970
14378.0595703125 1045
14381.173828125 1068
14418.0126953125 2078
14420.158203125 884
14497.7490234375 886
14510.7978515625 1028
14550.962890625 1845
14564.5751953125 1932
14697.228515625 2489
14716.8857421875 90
14741.326171875 153
14783.82421875 240
14791.9169921875 256
14792.6015625 531
14797.224609375 644
14819.78125 706
14819.783203125 775
14846.0322265625 1163
14864.423828125 1483
14874.91015625 2114
14890.4111328125 2379
14941.91796875 2424
14980.4462890625 2433
14981.8896484375 2435
14986.326171875 2442
15004.330078125 2683
15011.8359375 2811
15025.9453125 2176
15155.5625 169
15165.0263671875 2207
15166.455078125 1144
15177.83984375 2180
15186.130859375 73
15206.0654296875 663
15208.6533203125 677
15264.05078125 756
15269.4833984375 925
15316.2666015625 927
15336.408203125 946
15339.130859375 996
15355.25390625 1141
15369.646484375 1202
15384.220703125 1251
15403.1796875 1457
15420.9208984375 1502
15458.3134765625 1591
15485.251953125 1733
15492.357421875 1735
15523.34375 1919
15557.45703125 1933
15569.9580078125 1955
15574.419921875 2002
15588.3798828125 2335
15599.98046875 2341
15603.00390625 2565
15606.685546875 2695
15631.98046875 2763
15650.443359375 2840
15756.369140625 2422
15780.7412109375 1020
15868.185546875 640
15892.6015625 59
15904.1015625 177
15920.17578125 191
15962.8232421875 575
15965.267578125 687
16001.421875 934
16032.171875 1119
16037.73828125 1529
16046.9375 1697
16048.892578125 1810
16067.1591796875 1831
16077.9453125 2354
16097.64453125 2528
16104.5654296875 2679
16130.9267578125 2712
16130.958984375 2747
16151.98828125 2809
16192.45703125 2821
16196.7119140625 2842
16200.7802734375 2860
16239.197265625 2906
16284.3544921875 2994
16287.2666015625 186
16349.591796875 223
16359.880859375 1594
16374.0830078125 410
16385.455078125 631
16393.861328125 132
16406.76953125 2576
16409.427734375 1282
16426.046875 488
16432.28125 869
16477.896484375 2059
16577.32421875 787
16582.830078125 904
16625.087890625 137
16632.236328125 275
16664.53125 328
16690.3671875 333
16715.3515625 392
16736.568359375 407
16764.787109375 489
16764.8515625 680
16765.72265625 1022
16779.484375 1290
16781.5390625 1358
16837.876953125 1607
16852.900390625 1653
16875.537109375 2024
16910.98046875 2184
16919.98046875 2221
16941.8203125 2394
16963.103515625 2427
16971.01953125 2517
16975.80859375 2655
16978.185546875 2704
16988.51171875 2900
17114.998046875 2946
17115.775390625 459
17117.208984375 1408
17123.48828125 1339
17135.12109375 22
17158.021484375 45
17161.60546875 300
17161.65625 812
17180.482421875 922
17200.6484375 947
17243.623046875 975
17259.6953125 1001
17263.583984375 1095
17280.998046875 1275
17285.90234375 1664
17291.193359375 1708
17377.716796875 1763
17393.591796875 1766
17405.5859375 1889
17411.380859375 2077
17477.029296875 2082
17498.599609375 2131
17522.75 2315
17527.958984375 2317
17548.814453125 2409
17560.896484375 2608
17580.923828125 2616
17627.7890625 2649
17641.1875 2819
17652.423828125 2862
17656.68359375 1164
17685.96484375 2213
17687.94921875 1575
17713.71484375 2889
17726.34765625 445
17781.552734375 30
17818.748046875 2484
17821.171875 38
17865.62109375 40
17889.37890625 76
17942.591796875 77
17947.732421875 108
18000.958984375 164
18000.958984375 211
18015.6171875 225
18048.50390625 376
18048.50390625 437
18048.7734375 510
18140.212890625 646
18141.509765625 671
18148.458984375 738
18159.810546875 770
18189.5078125 1434
18238.443359375 1610
18241.603515625 1662
18253.42578125 1709
18302.59765625 1998
18332.23046875 2166
18332.54296875 2220
18345.70703125 2238
18361.294921875 2255
18383.115234375 2345
18384.091796875 2510
18420.94140625 2581
18432.587890625 2607
18449.583984375 2807
18475.16015625 1015
18521.427734375 1984
18613.71875 1258
18624.3125 2555
18667.078125 1147
18680.828125 865
18754.744140625 939
18876.712890625 1497
18919.193359375 2630
18931.787109375 2752
18985.41796875 457
18998.50390625 309
19004.03515625 316
19031.98828125 483
19032.919921875 484
19035.23046875 633
19071.455078125 1026
19095.404296875 1036
19099.705078125 1176
19136.361328125 1423
19150.087890625 1485
19196.44140625 1590
19200.333984375 1702
19208.109375 1759
19218.140625 1818
19245.712890625 1958
19261.23046875 1963
19265.654296875 1977
19290.08984375 2053
19298.529296875 2056
19373.546875 2125
19377.3984375 2304
19413.099609375 2356
19425.45703125 2477
19456.30078125 2533
19460.68359375 2732
19479.96875 2948
19486.587890625 1601
19512.423828125 2256
19520.26171875 2104
19530.41015625 284
19544.46484375 182
19553.43359375 916
19628.3515625 1667
19649.4453125 1852
19683.271484375 727
19711.6875 2036
19722.431640625 2772
19735.466796875 130
19763.81640625 219
19792.638671875 394
19800.048828125 405
19813.83984375 634
19928.76171875 856
19937.84765625 983
19959.94921875 1117
20042.861328125 1386
20085.53125 1791
20138.533203125 1991
20208.359375 2060
20233.8359375 2215
20248.396484375 2314
20268.73828125 2440
20288.751953125 2467
20339.125 2618
20363.49609375 2648
20434.287109375 2694
20440.54296875 1772
20444.337890625 818
20511.876953125 2907
20516.01953125 660
20540.1484375 1168
20546.126953125 1145
20576.52734375 1476
20593.607421875 1618
20604.966796875 655
20616.6953125 1592
20620.486328125 2120
20621.9140625 2557
20632.482421875 112
20637.62890625 350
20645.7578125 356
20667.853515625 448
20689.44140625 1500
20763.41015625 1526
20785.1484375 1587
20809.59375 1881
20821.17578125 1943
20880.47265625 1962
20936.880859375 1995
20974.349609375 2075
21043.39453125 2118
21051.828125 2309
21055.18359375 2418
21057.87890625 2516
21099.84375 2588
21111.853515625 2605
21135.47265625 2623
21164.4765625 2937
21197.40625 1005
21231.6953125 110
21250.896484375 2360
21255.576171875 121
21257.51171875 1046
21267.400390625 298
21275.3515625 372
21284.623046875 492
21305.916015625 752
21312.328125 838
21327.94921875 903
21329.6171875 1034
21339.013671875 1128
21409.69921875 1187
21469.6953125 1437
21472.951171875 1488
21534.3359375 1534
21566.08203125 1657
21609.80078125 1678
21615.8515625 1824
21628.080078125 1826
21674.7109375 1941
21685.42578125 1997
21691.240234375 2318
21692.4140625 2327
21707.728515625 2362
21710.322265625 2404
21742.75390625 2453
21764.1640625 2458
21789.890625 2496
21790.328125 2696
21837.220703125 2722
21841.92578125 2796
21908.62109375 2584
21912.38671875 2872
21916.69140625 2589
21935.439453125 2135
21969.28515625 1802
22010.71484375 1853
22077.5546875 1892
22079.51953125 1580
22168.765625 25
22236.91015625 72
22244.978515625 343
22249.54296875 710
22281.1796875 755
22291.92578125 885
22296.416015625 1683
22307.796875 1776
22315.46484375 1972
22323.421875 2047
22329.05078125 2138
22354.603515625 2185
22374.16015625 2344
22374.265625 2545
22397.78125 2573
22403.33203125 2855
22457.73046875 2159
22463.41015625 1067
22479.9921875 371
22506.6796875 243
22522.9921875 1301
22533.640625 311
22594.529296875 426
22597.69921875 648
22601.232421875 720
22621.611328125 792
22628.9140625 940
22628.9140625 1006
22658.98828125 1032
22674.650390625 1160
22717.80859375 1189
22718.828125 2183
22721.966796875 2190
22764.6171875 2301
22788.27734375 1459
22824.251953125 1649
22854.640625 353
22864.2734375 2706
22908.37109375 1511
22908.85546875 1778
22917.5703125 329
22933.74609375 731
22979.8046875 1400
22985.123046875 2070
23012.8203125 1480
23020.728515625 1714
23027.060546875 249
23062.84375 94
23068.388671875 2823
23103.8125 471
23110.126953125 473
23117.912109375 747
23135.806640625 915
23162.98828125 921
23193.125 993
23207.087890625 1072
23215.28515625 1415
23264.59765625 1541
23298.521484375 1746
23312.17578125 1949
23333.57421875 2079
23349.23046875 2219
23379.298828125 2258
23381.951171875 2413
23383.099609375 2628
23384.3671875 2828
23387.486328125 2903
23394.62109375 2996
23402.869140625 204
23441.92578125 1247
23521.466796875 1410
23549.19921875 1888
23551.59375 1214
23619.171875 1658
23638.255859375 2587
23661.091796875 380
23705.29296875 688
23718.08984375 1761
23718.5 66
23731.3671875 127
23733.462890625 179
23745.271484375 855
23784.41796875 1198
23812.916015625 1250
23815.150390625 1507
23822.552734375 1558
23826.037109375 2007
23850.5546875 2092
23852.6015625 2231
23882.24609375 2384
23893.791015625 2457
23931.443359375 2544
23979.6015625 2717
23986.54296875 2774
23999.083984375 2794
24008.37109375 2909
24035.1015625 972
24052.65625 1138
24058.80859375 1442
24099.90234375 1137
24115.361328125 102
24115.90625 667
24132.478515625 1935
24135.76171875 2352
24173.67578125 2887
24173.67578125 427
24192.599609375 1533
24213.73046875 170
24275.81640625 262
24317.916015625 306
24338.787109375 596
24352.341796875 805
24360.71484375 849
24416.38671875 850
24440.83984375 965
24465.564453125 976
24490.15625 1058
24504.9375 1403
24532.525390625 1645
24542.3515625 1999
24558.451171875 2292
24602.69140625 2392
24628.267578125 2403
24636.18359375 2497
24656.384765625 2524
24710.66796875 2601
24728.939453125 2652
24788.01171875 2657
24804.982421875 2761
24827.73046875 2839
24870.123046875 2939
24880.341796875 2984
24885.509765625 1027
24929.935546875 622
24944.423828125 417
24971.02734375 450
24974.330078125 690
24988.373046875 969
24998.501953125 982
25038.478515625 1040
25074.802734375 1078
25102.353515625 1083
25114.453125 1382
25124.990234375 1391
25177.66796875 1486
25204.9140625 1503
25209.83203125 1547
25220.86328125 1561
25221.6640625 1965
25277.3671875 2026
25282.6875 2066
25321.943359375 2182
25322.630859375 2245
25350.140625 2460
25361.140625 2466
25377.775390625 2540
25406.45703125 2593
25443.1640625 2632
25451.5390625 2753
25457.71875 2759
25488.119140625 2793
25532.69140625 2925
25625.646484375 2152
25629.1640625 762
25653.3203125 2757
25689.861328125 37
25690.4140625 1624
25713.107421875 1271
25738.41796875 2370
25751.0546875 2895
25850.390625 2411
25857.28125 67
25885.388671875 150
25910.798828125 171
25943.66796875 195
25986.611328125 363
26021.7109375 522
26026.126953125 657
26048.025390625 701
26074.533203125 760
26082.61328125 811
26106.751953125 874
26110.3984375 875
26119.798828125 1002
26183.115234375 1007
26276.470703125 1023
26280.07421875 1356
26289.255859375 1378
26336.63671875 1489
26360.005859375 1629
26368.005859375 2721
26387.689453125 2032
26505.9375 2259
26527.548828125 771
26537.974609375 1543
26573.87109375 2241
26609.03515625 1964
26629.57421875 1625
26677.328125 2693
26728.298828125 222
26758.59765625 258
26760.3671875 281
26765.541015625 506
26766.232421875 582
26850.55078125 724
26851.728515625 879
26882.01171875 1003
26912.5859375 1171
26929.14453125 1182
26957.0234375 1588
27038.947265625 1685
27053.76953125 1758
27061.400390625 2300
27162.921875 2310
27185.662109375 2705
27301.701171875 2845
27342.890625 2916
27377.94921875 1811
27423.267578125 2701
27535.396484375 421
27707.072265625 1440
27747.880859375 2337
27833.244140625 2531
27833.396484375 18
27944.9921875 29
27954.078125 31
27966.908203125 104
27989.23828125 274
28050.517578125 321
28073.228515625 370
28085.82421875 375
28118.578125 562
28140.28515625 914
28267.5390625 944
28301.841796875 1672
28432.783203125 1684
28452.88671875 1825
28543.533203125 1846
28656.494140625 1960
28942.572265625 1976
28984.775390625 2006
28984.775390625 2319
29095.17578125 2405
29099.259765625 2550
29164.96875 2606
29197.767578125 2768
29225.21875 1081
29239.912109375 1780
29255.462890625 16
29274.69140625 28
29389.083984375 125
29389.74609375 212
29472.720703125 265
29560.1484375 295
29798.3203125 360
29801.666015625 364
29865.8984375 937
30002.296875 1077
30038.1328125 1101
30105.26171875 1241
30234.89453125 1243
30726.400390625 1307
30748.533203125 1343
30770.19140625 1404
31041.712890625 1418
31359.333984375 1585
31520.0 1719
31535.46875 1822
31679.625 2009
31796.97265625 2164
31868.91796875 2214
32888.30078125 2250
34191.16796875 2263
34512.375 2342
34531.7890625 2359
35506.3359375 2547
