7433.90283203125 1362
7453.4873046875 1926
7456.564453125 2997
7461.44287109375 254
7491.68994140625 388
7591.65869140625 465
7601.341796875 498
7603.07861328125 520
7622.7333984375 962
7847.9658203125 981
7856.6572265625 1156
7924.0048828125 1652
7987.94384765625 2205
7991.07470703125 2339
7996.140625 2417
8081.783203125 2494
8095.1318359375 2687
8123.8642578125 1122
8130.97314453125 1670
8154.05078125 264
8163.30126953125 2173
8198.390625 1446
8219.1142578125 87
8239.974609375 251
8249.7373046875 527
8293.0625 529
8303.3837890625 625
8312.169921875 641
8402.556640625 693
8486.177734375 873
8523.2470703125 881
8568.03125 928
8570.609375 1133
8580.736328125 1283
8623.51953125 1318
8627.2080078125 1346
8630.357421875 1417
8652.28515625 1720
8656.5537109375 1987
8684.2861328125 2226
8687.9296875 2296
8711.1591796875 2515
8758.36328125 2572
8763.9814453125 2669
8800.6767578125 2728
8808.92578125 2734
8815.1748046875 2746
8846.736328125 2852
8855.388671875 2866
8859.076171875 2915
8864.994140625 2949
8895.4111328125 377
8897.205078125 2281
8908.9521484375 160
8912.4814453125 1
8946.591796875 425
8958.1123046875 446
8966.9921875 800
9014.95703125 918
9035.666015625 953
9044.6279296875 985
9050.52734375 986
9061.40234375 1008
9097.4501953125 1043
9107.8779296875 1270
9128.62109375 1317
9134.44140625 1435
9142.67578125 1548
9183.2138671875 1606
9238.841796875 1661
9254.6435546875 1712
9254.6435546875 2010
9259.794921875 2088
9263.8505859375 2365
9265.099609375 2410
9270.0908203125 2414
9273.3037109375 2482
9275.5078125 2560
9308.7275390625 2781
9324.4384765625 2820
9343.0166015625 997
9345.1474609375 1781
9347.56640625 81
9371.3642578125 229
9384.6533203125 440
9385.494140625 548
9395.740234375 611
9396.2998046875 826
9407.728515625 834
9423.3671875 848
9438.435546875 871
9453.7119140625 893
9476.171875 1231
9502.66015625 1256
9526.1396484375 1315
9540.1796875 1458
9557.5205078125 1550
9563.03515625 1671
9563.111328125 1711
9567.9375 1815
9578.7880859375 1893
9627.603515625 2312
9629.1591796875 2324
9629.365234375 2385
9640.9970703125 2447
9647.876953125 2562
9649.171875 2610
9652.8447265625 2622
9660.771484375 2853
9664.7021484375 2924
9666.8359375 2927
9675.375 2239
9700.4970703125 1646
9746.162109375 2396
9748.705078125 49
9749.5595703125 189
9761.55859375 261
9766.11328125 263
9767.1162109375 430
9776.119140625 831
9776.951171875 899
9792.59765625 1123
9801.654296875 1169
9806.90625 1350
9810.591796875 1405
9811.287109375 1512
9812.634765625 1750
9836.4033203125 1769
9839.94921875 1908
9857.990234375 1966
9859.478515625 1982
9867.357421875 1993
9884.16796875 2094
9910.8505859375 2126
9921.2822265625 2141
9928.9521484375 2171
9929.2509765625 2174
9931.734375 2177
9936.830078125 2237
9947.025390625 2367
9954.8955078125 2536
9956.7255859375 2542
9965.11328125 2582
9974.759765625 2675
9985.7421875 2703
10006.37109375 1873
10037.8984375 2107
10038.7890625 1281
10055.6318359375 455
10068.611328125 470
10110.7568359375 902
10132.435546875 926
10132.994140625 967
10140.447265625 1104
10150.3291015625 1225
10162.2373046875 1286
10167.0146484375 1506
10168.197265625 1516
10171.173828125 1599
10181.3369140625 1779
10181.3369140625 1848
10185.9462890625 1867
10188.322265625 1883
10191.8125 2063
10199.375 2210
10204.8125 2246
10210.3701171875 2285
10222.9892578125 2361
10238.5126953125 2686
10242.3544921875 2700
10245.8125 88
10246.6923828125 586
10261.2734375 136
10267.7119140625 1471
10276.552734375 226
10284.669921875 296
10294.669921875 1197
10297.9521484375 1666
10328.9287109375 2511
10344.80078125 101
10347.50390625 215
10350.3857421875 549
10352.033203125 550
10352.3046875 573
10357.9609375 1136
10359.0263671875 1199
10361.6279296875 1530
10362.6572265625 1581
10362.8974609375 1640
10373.3447265625 1688
10373.353515625 1968
10379.5498046875 2526
10386.7041015625 2571
10391.34375 2983
10393.75 1787
10399.4296875 602
10415.9111328125 1146
10427.9794921875 253
10441.6298828125 342
10448.716796875 843
10459.43359375 1233
10462.8232421875 1335
10471.2529296875 1394
10472.5478515625 1737
10474.5947265625 1784
10475.474609375 1950
10482.556640625 2025
10482.685546875 2473
10498.615234375 2518
10502.083984375 999
10502.46484375 1056
10506.6337890625 1900
10517.0703125 1304
10518.4384765625 1326
10519.302734375 2967
10522.0244140625 1329
10557.548828125 50
10558.3916015625 318
10568.7978515625 389
10595.0712890625 478
10599.3759765625 491
10600.283203125 580
10604.01171875 599
10611.7275390625 890
10637.857421875 896
10648.6689453125 909
10649.2353515625 919
10660.962890625 995
10669.5634765625 1273
10674.2568359375 1342
10683.810546875 1430
10687.5380859375 1495
10699.0927734375 1568
10705.6796875 1583
10744.853515625 1764
10748.58203125 1774
10753.435546875 2065
10753.69140625 2117
10757.544921875 2181
10772.603515625 2268
10784.43359375 2465
10799.4970703125 2664
10817.4873046875 2760
10830.8681640625 2764
10831.1494140625 2938
10838.791015625 2943
10856.134765625 1860
10864.5546875 2880
10873.3447265625 1333
10889.455078125 2631
10901.119140625 146
10901.888671875 1538
10909.36328125 21
10916.005859375 34
10916.5107421875 200
10923.619140625 288
10940.41796875 336
10956.625 385
10959.150390625 517
10969.1806640625 546
10971.9814453125 609
10975.626953125 614
10975.626953125 683
10980.916015625 686
11001.388671875 769
11004.296875 1097
11010.4208984375 1221
11012.873046875 1322
11019.0 1359
11022.884765625 1376
11034.6044921875 1686
11057.7470703125 1854
11059.4208984375 2513
11069.74609375 2553
11073.255859375 2650
11080.9462890625 2672
11080.9462890625 2911
11084.0244140625 78
11085.505859375 2713
11086.166015625 2800
11109.36328125 2651
11115.1171875 2970
11128.943359375 1045
11138.58203125 1068
11157.3974609375 2078
11161.6259765625 884
11164.1669921875 886
11180.958984375 1028
11200.2412109375 1845
11207.5693359375 1932
11212.935546875 2489
11228.6982421875 90
11228.7529296875 153
11232.357421875 240
11240.8740234375 256
11242.5703125 531
11243.0283203125 644
11272.869140625 706
11293.177734375 775
11296.9775390625 1163
11315.009765625 1483
11332.9140625 2114
11333.56640625 2379
11342.3564453125 2424
11361.638671875 2433
11373.70703125 2435
11381.7021484375 2442
11382.67578125 2683
11387.861328125 2811
11396.6435546875 2176
11400.49609375 169
11402.1884765625 2207
11413.1884765625 1144
11421.6884765625 2180
11422.068359375 73
11430.333984375 663
11432.74609375 677
11452.91015625 756
11466.0810546875 925
11472.4873046875 927
11482.0791015625 946
11484.0634765625 996
11504.5673828125 1141
11519.78125 1202
11534.9208984375 1251
11539.0693359375 1457
11540.44140625 1502
11555.412109375 1591
11566.5732421875 1733
11577.984375 1735
11581.365234375 1919
11585.416015625 1933
11588.2119140625 1955
11589.4619140625 2002
11591.25390625 2335
11593.169921875 2341
11600.6708984375 2565
11612.267578125 2695
11638.01171875 2763
11642.025390625 2840
11650.8154296875 2422
11652.1982421875 1020
11653.2490234375 640
11671.001953125 59
11675.845703125 177
11677.9697265625 191
11689.33203125 575
11691.685546875 687
11693.646484375 934
11707.876953125 1119
11717.412109375 1529
11722.6845703125 1697
11723.224609375 1810
11724.1796875 1831
11748.890625 2354
11750.12890625 2528
11772.35546875 2679
11777.2119140625 2712
11798.0087890625 2747
11806.7265625 2809
11830.15234375 2821
11839.7607421875 2842
11840.44921875 2860
11840.654296875 2906
11852.1181640625 2994
11862.5830078125 186
11873.974609375 223
11876.3544921875 1594
11908.3017578125 410
11916.9462890625 631
11918.84375 132
11926.7900390625 2576
11946.3193359375 1282
11962.001953125 488
12006.7421875 869
12010.0966796875 2059
12058.189453125 787
12060.0576171875 904
12066.9794921875 137
12068.962890625 275
12071.857421875 328
12115.6904296875 333
12119.8486328125 392
12123.876953125 407
12144.4384765625 489
12148.10546875 680
12160.5654296875 1022
12163.33984375 1290
12180.111328125 1358
12185.33203125 1607
12205.7841796875 1653
12226.1904296875 2024
12231.0166015625 2184
12233.390625 2221
12251.8515625 2394
12254.9619140625 2427
12262.7509765625 2517
12268.72265625 2655
12271.6220703125 2704
12290.4013671875 2900
12299.7763671875 2946
12304.638671875 459
12313.3115234375 1408
12314.919921875 1339
12334.767578125 22
12341.6796875 45
12349.2119140625 300
12371.408203125 812
12375.396484375 922
12437.83203125 947
12438.8193359375 975
12442.080078125 1001
12442.2216796875 1095
12442.9638671875 1275
12462.982421875 1664
12526.2744140625 1708
12533.6123046875 1763
12552.20703125 1766
12565.310546875 1889
12575.7900390625 2077
12585.4150390625 2082
12591.73046875 2131
12601.375 2315
12603.8154296875 2317
12613.150390625 2409
12626.3876953125 2608
12639.0244140625 2616
12648.1181640625 2649
12652.462890625 2819
12662.775390625 2862
12664.4765625 1164
12680.5859375 2213
12683.25 1050
12688.4736328125 979
12697.673828125 1562
12706.078125 1597
12706.140625 2334
12730.650390625 587
12744.466796875 630
12749.654296875 777
12754.3388671875 1012
12764.7666015625 1064
12773.126953125 1082
12777.048828125 1462
12798.5537109375 1501
12825.0830078125 1654
12858.01171875 1800
12874.28125 2656
12884.1904296875 2884
12900.2890625 1416
12901.4619140625 1575
12921.9208984375 2889
12926.3857421875 445
12926.8876953125 30
12943.3896484375 2484
12946.251953125 38
12954.375 40
12957.8828125 76
12958.970703125 77
12976.9619140625 108
12979.0322265625 164
12987.2353515625 211
13006.185546875 225
13040.720703125 376
13042.455078125 437
13050.3232421875 510
13069.9423828125 646
13080.333984375 671
13083.8056640625 738
13100.96484375 770
13114.27734375 1434
13126.955078125 1610
13129.5546875 1662
13145.166015625 1709
13195.27734375 1998
13219.1650390625 2166
13221.4453125 2220
13225.146484375 2238
13229.59375 2255
13285.013671875 2345
13295.26953125 2510
13319.9111328125 2581
13320.6201171875 2607
13344.3388671875 2807
13380.0458984375 1015
13392.501953125 1984
13398.015625 1258
13398.5400390625 2555
13407.595703125 1147
13414.54296875 865
13421.8916015625 939
13437.3779296875 1497
13441.236328125 2630
13462.8525390625 2752
13465.751953125 457
13468.802734375 309
13477.73828125 316
13478.8427734375 483
13496.4970703125 484
13509.3583984375 633
13510.9296875 1026
13530.9853515625 1036
13531.318359375 1176
13531.865234375 1423
13548.861328125 1485
13557.17578125 1590
13582.2314453125 1702
13594.74609375 1759
13628.486328125 1818
13635.6396484375 1958
13654.3212890625 1963
13659.837890625 1977
13662.3955078125 2053
13676.380859375 2056
13686.0625 2125
13693.2568359375 2304
13698.9501953125 2356
13717.58203125 2477
13723.326171875 2533
13748.546875 2732
13752.1708984375 2948
13807.5517578125 1601
13821.2421875 2256
13824.8759765625 2104
13827.1875 284
13833.4296875 182
13854.9462890625 916
13862.84765625 1667
13890.7490234375 1852
13893.5595703125 727
13901.357421875 2036
13911.986328125 2772
13916.880859375 130
13917.380859375 219
13927.6201171875 394
13935.6689453125 405
13963.9794921875 634
13970.51171875 856
14004.77734375 983
14025.6142578125 1117
14031.029296875 1386
14053.486328125 1791
14058.451171875 1991
14061.900390625 2060
14074.3740234375 2215
14075.0517578125 2314
14098.134765625 2440
14102.16015625 2467
14109.451171875 2618
14142.6064453125 2648
14142.9365234375 2694
14149.4716796875 1772
14157.79296875 818
14194.0615234375 2907
14204.88671875 660
14212.255859375 1168
14224.3505859375 1145
14267.7197265625 1476
14275.7099609375 1618
14275.919921875 655
14293.9150390625 1592
14301.958984375 2120
14337.107421875 2557
14348.591796875 112
14375.5498046875 350
14379.205078125 356
14382.337890625 448
14394.2529296875 1500
14409.2099609375 1526
14474.9609375 1587
14498.1025390625 1881
14502.2734375 1943
14503.08984375 1962
14509.326171875 1995
14511.3408203125 2075
14525.9326171875 2118
14533.1689453125 2309
14546.65234375 2418
14575.462890625 2516
14580.779296875 2588
14584.015625 2605
14637.5712890625 2623
14658.1171875 2937
14658.49609375 1005
14658.921875 110
14664.6806640625 2360
14671.857421875 121
14672.05859375 1046
14678.8662109375 298
14696.6328125 372
14697.5478515625 492
14698.67578125 752
14705.162109375 838
14725.177734375 903
14761.5224609375 1034
14761.8271484375 1128
14764.529296875 1187
14765.6396484375 1437
14775.7099609375 1488
14792.0107421875 1534
14803.048828125 1657
14825.01171875 1678
14863.41796875 1824
14888.220703125 1826
14908.955078125 1941
14915.4013671875 1997
14925.2060546875 2318
14948.9482421875 2327
14982.6015625 2362
14994.767578125 2404
15016.8046875 2453
15036.0693359375 2458
15036.6064453125 2496
15042.705078125 2696
15077.63671875 2722
15083.3916015625 2796
15102.751953125 2584
15129.1376953125 2872
15142.919921875 2589
15155.560546875 2135
15156.189453125 1802
15195.1669921875 1853
15200.80078125 1892
15238.025390625 1580
15248.0263671875 25
15248.244140625 72
15263.51953125 343
15274.208984375 710
15282.1650390625 755
15289.86328125 885
15294.533203125 1683
15296.546875 1776
15315.3447265625 1972
15327.677734375 2047
15330.9140625 2138
15360.6201171875 2185
15387.953125 2344
15412.4150390625 2545
15414.0751953125 2573
15438.17578125 2855
15454.2548828125 2159
15485.12109375 1067
15492.9873046875 371
15505.30078125 243
15518.0966796875 1301
15524.572265625 311
15578.4052734375 426
15584.69921875 648
15590.8203125 720
15590.9697265625 792
15596.5185546875 940
15624.34375 1006
15633.73828125 1032
15662.103515625 1160
15729.1982421875 1189
15741.373046875 2183
15750.8359375 2190
15758.9658203125 2301
15759.11328125 1459
15765.0478515625 1649
15771.68359375 353
15805.908203125 2706
15807.556640625 1511
15829.431640625 1778
15830.9970703125 329
15852.2978515625 731
15875.1708984375 1400
15914.5048828125 2070
15969.6201171875 1480
15986.02734375 1714
15987.3671875 249
16026.490234375 94
16032.05078125 2823
16040.8642578125 471
16070.8955078125 473
16071.49609375 747
16079.1298828125 915
16095.7900390625 921
16096.1494140625 993
16120.904296875 1072
16133.69140625 1415
16135.974609375 1541
16153.2216796875 1746
16156.1728515625 1949
16165.5830078125 2079
16181.7431640625 2219
16196.2734375 2258
16252.68359375 2413
16254.9296875 2628
16263.5791015625 2828
16272.1962890625 2903
16288.556640625 2996
16314.712890625 204
16347.7060546875 1247
16397.345703125 1410
16400.92578125 1888
16404.578125 1214
16425.6171875 1658
16429.5546875 2587
16445.1796875 380
16505.46875 688
16532.708984375 1761
16532.708984375 66
16557.751953125 127
16561.13671875 179
16562.154296875 855
16566.42578125 1198
16580.00390625 1250
16581.044921875 1507
16586.041015625 1558
16600.7421875 2007
16615.18359375 2092
16630.078125 2231
16633.923828125 2384
16654.201171875 2457
16667.537109375 2544
16673.494140625 2717
16679.818359375 2774
16718.14453125 2794
16742.181640625 2909
16772.640625 972
16819.1328125 1138
16838.89453125 1442
16856.572265625 1137
16915.34375 102
16960.427734375 667
16972.041015625 1935
16984.70703125 2352
17013.822265625 2887
17042.16796875 427
17073.37890625 1533
17078.87109375 170
17152.361328125 262
17152.69921875 306
17204.380859375 596
17208.501953125 805
17238.162109375 849
17301.8515625 850
17323.2734375 965
17332.927734375 976
17338.951171875 1058
17357.017578125 1403
17359.376953125 1645
17371.21484375 1999
17380.310546875 2292
17427.892578125 2392
17447.93359375 2403
17451.8984375 2497
17510.51171875 2524
17534.6875 2601
17557.826171875 2652
17561.04296875 2657
17643.55078125 2761
17643.783203125 2839
17651.359375 2939
17677.55859375 2984
17692.181640625 1027
17712.99609375 622
17713.0859375 417
17717.9375 450
17721.99609375 690
17752.978515625 969
17789.9765625 982
17884.482421875 1040
17891.642578125 1078
17896.501953125 1083
17896.501953125 1382
17923.18359375 1391
17986.078125 1486
17997.16796875 1503
18036.462890625 1547
18039.34375 1561
18097.525390625 1965
18110.796875 2026
18143.068359375 2066
18146.826171875 2182
18151.794921875 2245
18185.51953125 2460
18263.943359375 2466
18364.337890625 2540
18389.345703125 2593
18392.990234375 2632
18393.5546875 2753
18404.2421875 2759
18477.67578125 2793
18485.578125 2925
18493.900390625 2152
18513.33203125 762
18520.3671875 2757
18524.22265625 37
18533.947265625 1624
18563.365234375 1271
18615.236328125 2370
18656.98828125 2895
18675.796875 2411
18689.02734375 67
18713.876953125 150
18750.8828125 171
18755.5234375 195
18772.775390625 363
18789.697265625 522
18790.6953125 657
18800.26171875 701
18849.76953125 760
18872.369140625 811
18969.8359375 874
18978.712890625 875
19018.259765625 1002
19096.044921875 1007
19160.01953125 1023
19339.62109375 1356
19396.27734375 1378
19429.3828125 1489
19459.3125 1629
19463.00390625 2721
19520.998046875 2032
19692.2109375 2259
19735.208984375 771
19755.171875 1543
19843.509765625 2241
19872.5390625 1964
19873.89453125 1625
19898.73828125 2693
19962.41796875 222
20010.986328125 258
20056.244140625 281
20058.19921875 506
20107.439453125 582
20215.19140625 724
20225.01171875 879
20232.0078125 1003
20294.86328125 1171
20296.681640625 1182
20353.556640625 1588
20357.37109375 1685
20417.43359375 1758
20461.505859375 2300
20464.09765625 2310
20503.724609375 2705
20518.994140625 2845
20527.513671875 2916
20541.439453125 1811
20566.697265625 2701
20579.353515625 421
20728.55078125 1440
20757.37109375 2337
20783.10546875 2531
20802.357421875 18
20816.275390625 29
20870.185546875 31
21002.1953125 104
21053.5 274
21138.248046875 321
21143.939453125 370
21157.287109375 375
21233.423828125 562
21272.404296875 914
21284.3515625 944
21335.45703125 1672
21355.240234375 1684
21520.58984375 1825
21535.046875 1846
21638.4453125 1960
21846.552734375 1976
21945.08203125 2006
21996.767578125 2319
22024.970703125 2405
22099.419921875 2550
22128.494140625 2606
22257.94140625 2768
22290.34765625 1081
22595.9375 1780
22638.74609375 16
22697.009765625 28
22724.529296875 125
22772.39453125 212
22830.310546875 265
23008.626953125 295
23048.033203125 360
23285.33984375 364
23352.36328125 937
23667.052734375 1077
23845.412109375 1101
24100.267578125 1241
24310.484375 1243
24377.34375 1307
24398.814453125 1343
24405.57421875 1404
24758.91796875 1418
25317.28515625 1585
25815.734375 1719
25817.86328125 1822
26002.9453125 2009
26005.69140625 2164
26098.119140625 2214
26380.95703125 2250
26647.015625 2263
27702.1796875 2342
28182.642578125 2359
28633.7890625 2547
