2805.53369140625 1446
2862.943115234375 87
3003.702880859375 251
3055.56884765625 527
3165.0048828125 529
3166.1318359375 625
3205.19140625 641
3297.4990234375 693
3349.92724609375 873
3399.178955078125 881
3532.724365234375 928
3661.052734375 1133
3706.899658203125 1283
3757.846923828125 1318
3777.341796875 1346
3784.14404296875 1417
3999.25341796875 1720
4005.408203125 1987
4017.4912109375 2226
4019.66455078125 2296
4069.086669921875 2515
4092.650390625 2572
4099.01904296875 2669
4131.81103515625 2728
4186.08837890625 2734
4238.70263671875 2746
4267.525390625 2852
4267.75390625 2866
4299.4794921875 2915
4357.21484375 2949
4372.0888671875 377
4388.73681640625 2281
4420.818359375 160
4438.2490234375 1
4452.4765625 425
4466.91943359375 446
4498.40771484375 800
4524.7255859375 918
4531.08984375 953
4544.828125 985
4580.62353515625 986
4605.07666015625 1008
4634.66162109375 1043
4724.9296875 1270
4752.6728515625 1317
4766.04296875 1435
4842.52490234375 1548
4903.6376953125 1606
4978.73046875 1661
5021.23974609375 1712
5031.09765625 2010
5032.58154296875 2088
5104.4384765625 2365
5118.771484375 2410
5271.0244140625 2414
5278.322265625 2482
5278.91357421875 2560
5280.0400390625 2781
5335.7890625 2820
5369.0849609375 997
5375.31640625 1781
5410.64404296875 81
5420.42724609375 229
5427.197265625 440
5517.40478515625 548
5518.595703125 611
5605.9755859375 826
5610.8349609375 834
5619.1015625 848
5627.91796875 871
5670.13427734375 893
5686.3173828125 1231
5689.134765625 1256
5703.72216796875 1315
5830.734375 1458
5871.72998046875 1550
5935.07177734375 1671
5977.3974609375 1711
6020.6708984375 1815
6037.3154296875 1893
6038.30859375 2312
6077.322265625 2324
6082.9228515625 2385
6119.46630859375 2447
6145.3974609375 2562
6179.67333984375 2610
6244.4150390625 2622
6267.046875 2853
6345.0009765625 2924
6406.40185546875 2927
6415.4228515625 2239
6421.6982421875 1362
6429.0830078125 1926
6559.2021484375 2997
6563.5361328125 254
6593.27783203125 388
6637.13916015625 465
6663.7880859375 498
6684.0068359375 520
6697.05859375 962
6713.7392578125 981
6875.3017578125 1156
6936.8828125 1652
6962.1650390625 2205
6969.9404296875 2339
6990.04052734375 2417
7004.564453125 2494
7017.6962890625 2687
7019.43896484375 1122
7029.1943359375 1670
7045.3564453125 264
7061.27587890625 2173
7065.8505859375 1646
7072.37109375 2396
7135.74462890625 49
7168.666015625 189
7201.298828125 261
7209.95166015625 263
7212.78271484375 430
7224.78173828125 831
7297.72705078125 899
7309.00830078125 1123
7355.96044921875 1169
7469.0302734375 1350
7478.4619140625 1405
7479.197265625 1512
7514.416015625 1750
7568.818359375 1769
7601.3310546875 1908
7681.67578125 1966
7691.837890625 1982
7714.7109375 1993
7730.8916015625 2094
7822.17822265625 2126
7830.6689453125 2141
7838.11474609375 2171
7841.30078125 2174
7855.8955078125 2177
7856.8515625 2237
7893.79638671875 2367
7913.5771484375 2536
7914.751953125 2542
7947.9765625 2582
7973.80419921875 2675
7977.05126953125 2703
7982.81201171875 1873
7993.119140625 2107
8035.62353515625 1281
8114.048828125 455
8142.6396484375 470
8174.32080078125 902
8263.3642578125 926
8291.892578125 967
8312.0478515625 1104
8313.07421875 1225
8319.2939453125 1286
8358.38671875 1506
8407.6474609375 1516
8422.8154296875 1599
8433.599609375 1779
8437.50390625 1848
8482.130859375 1867
8495.4072265625 1883
8498.7451171875 2063
8500.80859375 2210
8550.6728515625 2246
8570.7734375 2285
8593.796875 2361
8602.2705078125 2686
8690.796875 2700
8694.62109375 88
8762.169921875 586
8770.697265625 136
8780.908203125 1471
8831.8212890625 226
8841.0390625 296
8851.2099609375 1197
8855.619140625 1666
8864.2109375 2511
8874.962890625 101
8919.548828125 215
8946.6572265625 549
9016.49609375 550
9018.169921875 573
9038.5244140625 1136
9042.73828125 1199
9047.4443359375 1530
9051.4921875 1581
9073.0703125 1640
9089.548828125 1688
9122.0087890625 1968
9144.3251953125 2526
9145.095703125 2571
9185.8212890625 2983
9209.71484375 1787
9225.88671875 602
9236.89453125 1146
9240.361328125 253
9275.30859375 342
9293.7265625 843
9345.8251953125 1233
9372.4609375 1335
9380.62890625 1394
9461.2763671875 1737
9486.703125 1784
9487.9384765625 1950
9563.8994140625 2025
9566.8427734375 2473
9568.8427734375 2518
9596.478515625 999
9622.552734375 1056
9656.0517578125 1900
9664.1689453125 1304
9694.740234375 1326
9709.658203125 2967
9714.5908203125 1329
9717.578125 50
9735.0126953125 318
9770.005859375 389
9785.8447265625 478
9813.4248046875 491
9852.53515625 580
9873.5927734375 599
9887.03515625 890
9892.7958984375 896
9944.099609375 909
9947.5185546875 919
9963.75 995
9965.9130859375 1273
9967.3662109375 1342
9984.9619140625 1430
9995.2626953125 1495
10037.6416015625 1568
10071.92578125 1583
10080.75390625 1764
10081.7099609375 1774
10103.8017578125 2065
10103.9482421875 2117
10125.392578125 2181
10157.78515625 2268
10159.060546875 2465
10166.736328125 2664
10175.6435546875 2760
10191.2314453125 2764
10196.912109375 2938
10204.2568359375 2943
10204.2568359375 1860
10213.4150390625 2880
10216.1552734375 1333
10257.5087890625 2631
10261.06640625 146
10267.19921875 1538
10281.3212890625 21
10320.63671875 34
10323.16796875 200
10327.5224609375 288
10360.2470703125 336
10367.7568359375 385
10418.4853515625 517
10430.5390625 546
10447.248046875 609
10452.5419921875 614
10520.8759765625 683
10524.49609375 686
10552.4599609375 769
10558.724609375 1097
10574.9423828125 1221
10614.73828125 1322
10620.2197265625 1359
10640.87890625 1376
10645.59375 1686
10652.0859375 1854
10716.904296875 2513
10721.662109375 2553
10736.5068359375 2650
10738.837890625 2672
10754.4267578125 2911
10758.697265625 78
10763.4404296875 2713
10807.7958984375 2800
10810.2646484375 2651
10814.4140625 2970
10857.8486328125 1045
10861.544921875 1068
10861.5625 2078
10880.2421875 884
10883.5224609375 886
10890.267578125 1028
10894.634765625 1845
10926.4658203125 1932
10940.703125 2489
10942.0498046875 90
10963.697265625 153
10983.05078125 240
10999.6376953125 256
10999.763671875 531
11007.333984375 644
11016.115234375 706
11017.15234375 775
11027.7802734375 1163
11065.994140625 1483
11118.46875 2114
11126.9189453125 2379
11130.7548828125 2424
11132.2734375 2433
11134.3525390625 2435
11141.3759765625 2442
11145.6123046875 2683
11155.12109375 2811
11155.4716796875 2176
11191.1669921875 169
11217.740234375 2207
11243.953125 1144
11287.515625 2180
11301.9462890625 73
11305.83203125 663
11312.4384765625 677
11324.93359375 756
11329.17578125 925
11355.841796875 927
11358.7724609375 946
11364.283203125 996
11379.267578125 1141
11387.2861328125 1202
11394.2724609375 1251
11403.259765625 1457
11408.908203125 1502
11411.630859375 1591
11412.2275390625 1733
11427.37890625 1735
11430.3818359375 1919
11444.474609375 1933
11456.326171875 1955
11472.06640625 2002
11482.22265625 2335
11524.7734375 2341
11539.3916015625 2565
11540.998046875 2695
11542.9296875 2763
11542.9296875 2840
11548.9150390625 2422
11552.853515625 1020
11553.8369140625 640
11556.591796875 59
11557.890625 177
11558.990234375 191
11586.7802734375 575
11606.396484375 687
11607.990234375 934
11622.1591796875 1119
11623.8525390625 1529
11641.2177734375 1697
11645.33984375 1810
11651.13671875 1831
11688.974609375 2354
11698.3896484375 2528
11700.5107421875 2679
11706.6416015625 2712
11708.8193359375 2747
11715.9345703125 2809
11716.3525390625 2821
11722.6533203125 2842
11724.228515625 2860
11736.943359375 2906
11788.87890625 2994
11795.0517578125 186
11798.146484375 223
11811.3818359375 1594
11838.87109375 410
11840.845703125 631
11889.2158203125 132
11910.326171875 2576
11913.58984375 1282
11918.8828125 488
11930.4931640625 869
11933.853515625 2059
11936.916015625 787
11937.9921875 904
11942.125 137
11943.75390625 275
11953.9560546875 328
11957.470703125 333
11971.2529296875 392
11973.5546875 407
11988.025390625 489
12000.0595703125 680
12032.89453125 1022
12037.19140625 1290
12044.173828125 1358
12058.794921875 1607
12069.140625 1653
12081.40625 2024
12094.0615234375 2184
12128.1279296875 2221
12139.0966796875 2394
12140.328125 2427
12140.7744140625 2517
12140.8662109375 2655
12155.7216796875 2704
12176.3349609375 2900
12182.6875 2946
12185.849609375 459
12197.4892578125 1408
12199.3359375 1339
12199.8564453125 22
12201.978515625 45
12202.7197265625 300
12204.5546875 812
12207.1015625 922
12227.029296875 947
12227.029296875 975
12229.3056640625 1001
12239.916015625 1095
12245.431640625 1275
12245.5703125 1664
12250.103515625 1708
12265.2998046875 1763
12270.6572265625 1766
12275.09375 1889
12276.1279296875 2077
12277.125 2082
12284.873046875 2131
12286.1953125 2315
12303.8642578125 2317
12305.57421875 2409
12318.3173828125 2608
12338.93359375 2616
12344.421875 2649
12384.1279296875 2819
12391.2314453125 2862
12391.703125 1164
12418.6240234375 2213
12421.4482421875 1050
12437.5078125 979
12441.9658203125 1562
12458.857421875 1597
12477.0888671875 2334
12481.8955078125 587
12492.654296875 630
12501.7451171875 777
12504.375 1012
12516.408203125 1064
12519.9775390625 1082
12525.658203125 1462
12549.21484375 1501
12567.8037109375 1654
12580.603515625 1800
12592.4130859375 2656
12614.533203125 2884
12640.2763671875 1416
12642.55078125 1575
12642.9873046875 2889
12662.9951171875 445
12663.70703125 30
12664.662109375 2484
12689.8349609375 38
12742.751953125 40
12744.962890625 76
12760.00390625 77
12769.17578125 108
12810.16796875 164
12818.150390625 211
12831.3681640625 225
12845.1015625 376
12847.107421875 437
12848.8310546875 510
12856.9609375 646
12863.330078125 671
12871.31640625 738
12887.095703125 770
12887.501953125 1434
12901.783203125 1610
12934.71875 1662
12940.0361328125 1709
12964.44140625 1998
12964.8857421875 2166
12968.6328125 2220
12986.9697265625 2238
12999.1142578125 2255
13022.548828125 2345
13032.1806640625 2510
13048.916015625 2581
13059.8916015625 2607
13082.1201171875 2807
13083.8076171875 1015
13087.7470703125 1984
13103.751953125 1258
13109.20703125 2555
13118.2119140625 1147
13125.21875 865
13143.359375 939
13163.5029296875 1497
13169.478515625 2630
13173.6484375 2752
13197.1044921875 457
13199.599609375 309
13199.599609375 316
13200.310546875 483
13207.353515625 484
13212.62109375 633
13240.548828125 1026
13259.1396484375 1036
13265.041015625 1176
13272.048828125 1423
13278.017578125 1485
13306.6572265625 1590
13306.9560546875 1702
13309.3984375 1759
13319.11328125 1818
13334.9755859375 1958
13343.1796875 1963
13348.615234375 1977
13355.7353515625 2053
13356.9228515625 2056
13357.3798828125 2125
13364.8623046875 2304
13372.87109375 2356
13377.849609375 2477
13386.6669921875 2533
13387.595703125 2732
13414.169921875 2948
13447.6513671875 1601
13457.125 2256
13468.537109375 2104
13489.544921875 284
13501.1826171875 182
13502.4755859375 916
13520.076171875 1667
13544.8876953125 1852
13545.056640625 727
13550.3984375 2036
13552.8330078125 2772
13553.087890625 130
13560.87890625 219
13574.630859375 394
13579.6064453125 405
13587.9443359375 634
13589.05859375 856
13603.361328125 983
13603.8837890625 1117
13624.5703125 1386
13636.3984375 1791
13642.2587890625 1991
13672.04296875 2060
13685.9248046875 2215
13708.802734375 2314
13713.5947265625 2440
13766.8427734375 2467
13772.314453125 2618
13776.8955078125 2648
13786.673828125 2694
13787.7529296875 1772
13790.7412109375 818
13799.171875 2907
13819.91015625 660
13830.9931640625 1168
13840.4912109375 1145
13844.59375 1476
13848.521484375 1618
13851.3349609375 655
13851.7060546875 1592
13857.822265625 2120
13884.2333984375 2557
13891.41015625 112
13912.775390625 350
13920.2197265625 356
13926.41015625 448
13928.3779296875 1500
13952.8291015625 1526
13978.4609375 1587
13987.255859375 1881
13996.884765625 1943
14008.1728515625 1962
14010.4658203125 1995
14073.9326171875 2075
14074.1357421875 2118
14079.333984375 2309
14082.1513671875 2418
14101.86328125 2516
14139.46875 2588
14168.396484375 2605
14168.9677734375 2623
14169.49609375 2937
14176.7197265625 1005
14236.5830078125 110
14261.0283203125 2360
14261.947265625 121
14265.6259765625 1046
14272.169921875 298
14277.458984375 372
14331.7001953125 492
14336.2060546875 752
14338.123046875 838
14345.40625 903
14358.859375 1034
14376.9150390625 1128
14383.0810546875 1187
14383.330078125 1437
14383.96875 1488
14386.1630859375 1534
14386.8798828125 1657
14435.1669921875 1678
14455.734375 1824
14461.9951171875 1826
14468.9072265625 1941
14506.423828125 1997
14519.75390625 2318
14529.2998046875 2327
14542.662109375 2362
14542.9296875 2404
14550.7373046875 2453
14556.130859375 2458
14604.8720703125 2496
14612.0732421875 2696
14613.501953125 2722
14624.1748046875 2796
14624.2275390625 2584
14631.5517578125 2872
14641.85546875 2589
14642.396484375 2135
14652.2666015625 1802
14658.5810546875 1853
14662.970703125 1892
14687.6962890625 1580
14699.091796875 25
14704.0712890625 72
14725.3095703125 343
14725.3564453125 710
14726.6318359375 755
14755.71484375 885
14761.8876953125 1683
14783.1396484375 1776
14806.8095703125 1972
14818.5205078125 2047
14828.197265625 2138
14842.6943359375 2185
14846.896484375 2344
14911.224609375 2545
14937.6513671875 2573
14943.4033203125 2855
14971.3837890625 2159
14972.2744140625 1067
15001.314453125 371
15029.9736328125 243
15029.9736328125 1301
15042.1376953125 311
15043.1240234375 426
15047.6376953125 648
15067.76953125 720
15084.8486328125 792
15089.4140625 940
15093.505859375 1006
15140.9580078125 1032
15145.5947265625 1160
15146.4521484375 1189
15148.265625 2183
15161.0869140625 2190
15165.5068359375 2301
15177.060546875 1459
15207.3349609375 1649
15229.87890625 353
15242.7060546875 2706
15253.3291015625 1511
15301.357421875 1778
15307.6435546875 329
15349.447265625 731
15356.9873046875 1400
15380.384765625 2070
15423.876953125 1480
15425.765625 1714
15428.509765625 249
15448.5087890625 94
15481.3388671875 2823
15496.54296875 471
15505.5439453125 473
15517.2578125 747
15517.4306640625 915
15536.90234375 921
15541.0322265625 993
15566.8935546875 1072
15589.806640625 1415
15595.1552734375 1541
15611.900390625 1746
15628.283203125 1949
15632.4052734375 2079
15635.8798828125 2219
15637.4091796875 2258
15717.384765625 2413
15736.826171875 2628
15738.751953125 2828
15747.0673828125 2903
15765.359375 2996
15789.5693359375 204
15797.40625 1247
15812.0 1410
15820.724609375 1888
15860.1796875 1214
15867.73828125 1658
15881.3408203125 2587
15888.08203125 380
15908.3017578125 688
15913.841796875 1761
15924.42578125 66
15930.3857421875 127
15937.6279296875 179
15947.5810546875 855
15978.08984375 1198
15987.435546875 1250
15999.6064453125 1507
16013.146484375 1558
16017.9091796875 2007
16056.1015625 2092
16078.166015625 2231
16086.859375 2384
16130.66015625 2457
16130.96484375 2544
16148.0205078125 2717
16193.6728515625 2774
16226.037109375 2794
16244.3466796875 2909
16253.9638671875 972
16256.6171875 1138
16264.3984375 1442
16267.1796875 1137
16270.0927734375 102
16285.3271484375 667
16286.7626953125 1935
16293.234375 2352
16297.8935546875 2887
16356.734375 427
16399.7890625 1533
16434.1328125 170
16435.701171875 262
16451.853515625 306
16478.345703125 596
16479.64453125 805
16515.267578125 849
16546.77734375 850
16578.6953125 965
16611.607421875 976
16637.548828125 1058
16651.955078125 1403
16661.564453125 1645
16737.94140625 1999
16743.45703125 2292
16758.9296875 2392
16762.36328125 2403
16820.986328125 2497
16836.171875 2524
16846.5390625 2601
16880.337890625 2652
16882.9609375 2657
16887.78515625 2761
16888.091796875 2839
16902.572265625 2939
16929.94921875 2984
16936.064453125 1027
16938.30078125 622
16968.603515625 417
17000.513671875 450
17015.96484375 690
17018.369140625 969
17025.34375 982
17067.9140625 1040
17116.037109375 1078
17121.025390625 1083
17170.15234375 1382
17201.89453125 1391
17235.40234375 1486
17245.396484375 1503
17390.720703125 1547
17413.6640625 1561
17431.537109375 1965
17486.015625 2026
17510.5078125 2066
17520.009765625 2182
17536.05078125 2245
17569.0 2460
17580.71875 2466
17609.01953125 2540
17647.505859375 2593
17726.3359375 2632
17829.4765625 2753
17849.41796875 2759
17899.71484375 2793
17926.40625 2925
17949.39453125 2152
17966.421875 762
17968.04296875 2757
18060.28515625 37
18060.28515625 1624
18128.20703125 1271
18137.125 2370
18175.697265625 2895
18294.216796875 2411
18300.31640625 67
18319.142578125 150
18406.16015625 171
18427.681640625 195
18428.80078125 363
18444.34765625 522
18449.119140625 657
18470.671875 701
18544.5703125 760
18557.96875 811
18599.11328125 874
18612.03515625 875
18637.71484375 1002
18639.451171875 1007
18647.43359375 1023
18669.83203125 1356
18680.796875 1378
18682.681640625 1489
18730.4453125 1629
18770.041015625 2721
18776.78515625 2032
18781.224609375 2259
18933.71875 771
18938.21484375 1543
18942.212890625 2241
19016.662109375 1964
19037.58203125 1625
19131.87109375 2693
19140.78125 222
19142.9765625 258
19143.04296875 281
19178.212890625 506
19207.53515625 582
19216.697265625 724
19337.68359375 879
19448.005859375 1003
19489.224609375 1171
19517.658203125 1182
19614.40234375 1588
19673.986328125 1685
19722.759765625 1758
19728.021484375 2300
19745.451171875 2310
19793.017578125 2705
19815.87890625 2845
19824.138671875 2916
19868.41796875 1811
20031.02734375 2701
20155.59765625 421
20167.87890625 1440
20371.25390625 2337
20405.32421875 2531
20473.953125 18
20518.01953125 29
20566.77734375 31
20581.94921875 104
20606.8046875 274
20697.521484375 321
20703.552734375 370
20731.044921875 375
20907.220703125 562
20951.509765625 914
21094.8515625 944
21137.66796875 1672
21213.41015625 1684
21269.455078125 1825
21367.03125 1846
21498.76953125 1960
21557.36328125 1976
21560.421875 2006
21631.26953125 2319
21678.681640625 2405
21686.19921875 2550
21726.939453125 2606
21782.2265625 2768
21883.4609375 1081
21890.912109375 1780
21905.986328125 16
22033.912109375 28
22048.439453125 125
22204.822265625 212
22431.75390625 265
22515.072265625 295
22530.96875 360
22629.30859375 364
22767.564453125 937
22916.072265625 1077
22999.70703125 1101
23005.970703125 1241
23321.033203125 1243
23407.6640625 1307
23562.064453125 1343
23635.845703125 1404
23635.845703125 1418
23714.29296875 1585
23718.935546875 1719
23749.44921875 1822
24551.310546875 2009
25560.57421875 2164
25561.76171875 2214
26364.6875 2250
26431.228515625 2263
27810.087890625 2342
28168.9296875 2359
31640.029296875 2547
