4780.5419921875 2078
4957.1630859375 884
5052.716796875 886
5484.4833984375 1028
5499.25244140625 1845
5506.197265625 1932
5711.85888671875 2489
5724.28955078125 90
5804.376953125 153
5882.85302734375 240
5889.4736328125 256
5909.91650390625 531
6026.47119140625 644
6106.611328125 706
6126.431640625 775
6320.8515625 1163
6326.298828125 1483
6458.92333984375 2114
6560.078125 2379
6638.90234375 2424
6645.4716796875 2433
6683.44384765625 2435
6754.8173828125 2442
6776.44287109375 2683
6786.00341796875 2811
6791.1806640625 2176
6823.1484375 169
6859.88671875 2207
6947.009765625 1446
6966.3505859375 87
6996.16259765625 251
7015.810546875 527
7057.0546875 529
7093.47265625 625
7112.943359375 641
7129.74755859375 693
7138.7705078125 873
7139.6806640625 881
7156.2587890625 928
7174.39306640625 1133
7203.88525390625 1283
7212.0966796875 1318
7230.119140625 1346
7230.5869140625 1417
7309.5205078125 1720
7358.89453125 1987
7369.8359375 2226
7422.7900390625 2296
7447.85986328125 2515
7482.72265625 2572
7489.5869140625 2669
7496.037109375 2728
7555.0087890625 2734
7568.33837890625 2746
7582.95263671875 2852
7582.95263671875 2866
7598.0439453125 2915
7649.46435546875 2949
7659.3369140625 377
7676.43505859375 2281
7684.390625 160
7685.5166015625 1
7697.2978515625 425
7726.48291015625 446
7749.0087890625 800
7756.2880859375 918
7762.62939453125 953
7774.248046875 985
7792.63525390625 986
7794.87548828125 1008
7797.751953125 1043
7798.1513671875 1270
7800.8564453125 1317
7825.6455078125 1435
7825.6455078125 1548
7876.0244140625 1606
7905.72998046875 1661
7954.6181640625 1712
8016.9755859375 2010
8048.248046875 2088
8053.31689453125 2365
8058.212890625 2410
8064.4013671875 2414
8084.14453125 2482
8084.4970703125 2560
8089.955078125 2781
8151.8505859375 2820
8158.796875 997
8160.2177734375 1781
8162.642578125 81
8171.79150390625 229
8197.220703125 440
8233.9599609375 548
8243.31640625 611
8249.8447265625 826
8258.09375 834
8275.1484375 848
8290.9375 871
8305.326171875 893
8317.1484375 1231
8318.13671875 1256
8328.5009765625 1315
8329.5712890625 1458
8330.701171875 1550
8357.6259765625 1671
8373.94140625 1711
8444.44140625 1815
8470.2978515625 1893
8484.2939453125 2312
8518.59765625 2324
8526.54296875 2385
8529.0 2447
8564.7998046875 2562
8569.2529296875 2610
8587.1298828125 2622
8593.712890625 2853
8613.92578125 2924
8619.2919921875 2927
8627.818359375 2239
8634.2236328125 1362
8642.8828125 1926
8654.90234375 2997
8732.25390625 254
8742.9013671875 388
8754.84765625 465
8766.603515625 498
8775.4814453125 520
8776.5517578125 962
8806.267578125 981
8825.6875 1156
8893.7197265625 1652
8902.94140625 2205
8908.171875 2339
8928.65625 2417
8939.826171875 2494
8977.5205078125 2687
8985.0390625 1122
9001.4736328125 1670
9009.923828125 264
9019.341796875 2173
9038.767578125 1646
9075.0498046875 2396
9085.5361328125 49
9085.724609375 189
9103.08984375 261
9108.7138671875 263
9131.4990234375 430
9134.619140625 831
9141.548828125 899
9200.041015625 1123
9213.388671875 1169
9238.673828125 1350
9318.9580078125 1405
9332.7939453125 1512
9356.544921875 1750
9369.013671875 1769
9371.228515625 1908
9378.08203125 1966
9382.3447265625 1982
9404.2939453125 1993
9420.9169921875 2094
9423.9462890625 2126
9441.1240234375 2141
9471.91015625 2171
9481.0361328125 2174
9485.806640625 2177
9509.208984375 2237
9521.33984375 2367
9531.0107421875 2536
9537.177734375 2542
9556.76953125 2582
9558.0166015625 2675
9573.6943359375 2703
9580.939453125 1873
9604.984375 2107
9611.16796875 1281
9633.58203125 455
9652.5966796875 470
9657.8427734375 902
9667.142578125 926
9677.861328125 967
9679.7880859375 1104
9717.31640625 1225
9728.662109375 1286
9753.5966796875 1506
9766.2939453125 1516
9776.005859375 1599
9784.0927734375 1779
9812.96875 1848
9848.3505859375 1867
9902.6376953125 1883
9907.72265625 2063
9938.80078125 2210
9967.384765625 2246
9970.6435546875 2285
9977.2138671875 2361
9982.6474609375 2686
9998.9775390625 2700
10002.7265625 88
10065.0810546875 586
10085.1748046875 136
10101.2431640625 1471
10143.4951171875 226
10181.5009765625 296
10200.876953125 1197
10218.9990234375 1666
10219.4853515625 2511
10224.36328125 101
10228.64453125 215
10230.75390625 549
10258.2958984375 550
10344.072265625 573
10360.171875 1136
10364.41015625 1199
10387.8818359375 1530
10389.94921875 1581
10406.0615234375 1640
10411.4423828125 1688
10419.9443359375 1968
10426.380859375 2526
10442.712890625 2571
10447.103515625 2983
10490.1689453125 1787
10493.5615234375 602
10566.9482421875 1146
10616.2255859375 253
10624.8671875 342
10673.9931640625 843
10683.720703125 1233
10693.775390625 1335
10720.259765625 1394
10753.388671875 1737
10809.107421875 1784
10855.4072265625 1950
10857.265625 2025
10886.390625 2473
10909.1220703125 2518
10914.2421875 999
10922.1689453125 1056
10925.2216796875 1900
10926.859375 1304
10930.0009765625 1326
10942.73046875 2967
10959.9140625 1329
11016.5107421875 50
11020.6591796875 318
11043.33203125 389
11043.75390625 478
11055.1826171875 491
11069.9677734375 580
11087.8203125 599
11090.1337890625 890
11097.060546875 896
11124.6953125 909
11140.90234375 919
11202.669921875 995
11208.6220703125 1273
11222.1630859375 1342
11230.7685546875 1430
11235.603515625 1495
11236.5048828125 1568
11265.4755859375 1583
11268.3154296875 1764
11276.0107421875 1774
11296.466796875 2065
11329.70703125 2117
11344.927734375 2181
11348.25390625 2268
11362.435546875 2465
11367.4443359375 2664
11368.8291015625 2760
11384.525390625 2764
11393.515625 2938
11413.4296875 2943
11429.548828125 1860
11431.755859375 2880
11438.982421875 1333
11472.068359375 2631
11482.7900390625 146
11497.6220703125 1538
11510.986328125 21
11511.8671875 34
11561.9169921875 200
11586.2490234375 288
11608.748046875 336
11613.1494140625 385
11616.134765625 517
11653.98046875 546
11731.80859375 609
11733.5400390625 614
11736.5224609375 683
11739.8251953125 686
11755.857421875 769
11759.109375 1097
11781.2880859375 1221
11783.224609375 1322
11796.298828125 1359
11816.474609375 1376
11863.5234375 1686
11880.0703125 1854
11880.6396484375 2513
11903.1162109375 2553
11941.05078125 2650
12094.658203125 2672
12100.87890625 2911
12106.470703125 78
12110.478515625 2713
12120.9697265625 2800
12130.8095703125 2651
12140.912109375 2970
12143.431640625 1045
12167.2841796875 1068
12174.5703125 1144
12182.435546875 2180
12195.5673828125 73
12233.7841796875 663
12268.8349609375 677
12270.509765625 756
12283.15625 925
12371.451171875 927
12450.265625 946
12479.7451171875 996
12485.1630859375 1141
12488.1904296875 1202
12493.501953125 1251
12541.703125 1457
12586.5927734375 1502
12631.529296875 1591
12639.322265625 1733
12655.5751953125 1735
12689.93359375 1919
12726.708984375 1933
12756.083984375 1955
12760.244140625 2002
12762.3720703125 2335
12850.85546875 2341
12850.85546875 2565
12864.6318359375 2695
12975.0166015625 2763
13006.1240234375 2840
13026.091796875 2422
13032.73828125 1020
13041.6875 640
13063.1123046875 59
13084.568359375 177
13120.5263671875 191
13125.3388671875 575
13182.333984375 687
13183.76171875 934
13245.515625 1119
13248.0380859375 1529
13251.5654296875 1697
13260.3818359375 1810
13310.5927734375 1831
13329.626953125 2354
13367.44921875 2528
13398.9814453125 2679
13441.72265625 2712
13470.2255859375 2747
13521.10546875 2809
13522.330078125 2821
13546.896484375 2842
13555.6015625 2860
13620.951171875 2906
13667.298828125 2994
13714.205078125 186
13721.9931640625 223
13739.1943359375 1594
13752.841796875 410
13770.4443359375 631
13776.6220703125 132
13782.58203125 2576
13808.193359375 1282
13839.435546875 488
13847.337890625 869
13859.9130859375 2059
13860.30078125 787
13942.103515625 904
13969.58984375 137
13975.390625 275
13992.552734375 328
13993.3896484375 333
14020.33203125 392
14056.5791015625 407
14104.767578125 489
14131.224609375 680
14143.533203125 1022
14143.5380859375 1290
14167.0224609375 1358
14168.0869140625 1607
14183.1494140625 1653
14210.513671875 2024
14274.1943359375 2184
14277.7470703125 2221
14333.787109375 2394
14385.4970703125 2427
14412.6201171875 2517
14429.6875 2655
14493.5712890625 2704
14514.17578125 2900
14520.9306640625 2946
14570.5693359375 459
14580.265625 1408
14613.947265625 1339
14623.5029296875 22
14711.109375 45
14728.4130859375 300
14745.6708984375 812
14866.0234375 922
14892.818359375 947
14927.212890625 975
14928.0615234375 1001
14928.240234375 1095
14949.7099609375 1275
14956.0078125 1664
14978.814453125 1708
14985.103515625 1763
15026.9794921875 1766
15041.197265625 1889
15045.5390625 2077
15081.1181640625 2082
15092.751953125 2131
15093.361328125 2315
15093.681640625 2317
15133.6689453125 2409
15139.775390625 2608
15142.5830078125 2616
15199.87109375 2649
15212.9716796875 2819
15228.4521484375 2862
15239.83984375 1164
15273.0107421875 2213
15316.150390625 1050
15328.068359375 979
15334.18359375 1562
15335.798828125 1597
15350.396484375 2334
15379.0029296875 587
15433.9853515625 630
15446.3134765625 777
15481.4091796875 1012
15497.7216796875 1064
15521.58984375 1082
15541.32421875 1462
15611.2958984375 1501
15735.310546875 1654
15776.845703125 1800
15781.69921875 2656
15796.08203125 2884
15802.4560546875 1416
15818.3857421875 1575
15854.0859375 2889
15860.79296875 445
15867.0888671875 30
15888.96875 2484
15903.4638671875 38
15913.3095703125 40
15921.2734375 76
15952.482421875 77
15952.482421875 108
15954.4638671875 164
15957.9560546875 211
15998.669921875 225
16011.6962890625 376
16049.904296875 437
16083.341796875 510
16137.2265625 646
16145.6787109375 671
16146.0537109375 738
16149.42578125 770
16228.23046875 1434
16251.048828125 1610
16269.6220703125 1662
16280.2265625 1709
16285.8642578125 1998
16299.955078125 2166
16343.134765625 2220
16344.4755859375 2238
16426.09765625 2255
16431.859375 2345
16436.060546875 2510
16443.03125 2581
16457.03515625 2607
16462.41796875 2807
16476.28125 1015
16493.353515625 1984
16498.5390625 1258
16504.169921875 2555
16543.798828125 1147
16556.228515625 865
16560.5625 939
16573.9453125 1497
16591.951171875 2630
16592.068359375 2752
16600.1796875 457
16600.921875 309
16690.634765625 316
16691.359375 483
16721.8671875 484
16741.3046875 633
16745.10546875 1026
16765.388671875 1036
16791.43359375 1176
16803.697265625 1423
16805.26953125 1485
16815.97265625 1590
16838.173828125 1702
16878.814453125 1759
16897.724609375 1818
16962.8828125 1958
17034.341796875 1963
17040.849609375 1977
17083.345703125 2053
17130.064453125 2056
17154.33203125 2125
17163.455078125 2304
17188.98828125 2356
17218.857421875 2477
17303.109375 2533
17318.89453125 2732
17350.853515625 2948
17354.75 1601
17360.296875 2256
17363.732421875 2104
17426.6875 284
17431.7890625 182
17450.029296875 916
17450.15234375 1667
17454.923828125 1852
17459.3125 727
17503.494140625 2036
17518.919921875 2772
17572.5625 130
17618.939453125 219
17635.59765625 394
17678.544921875 405
17703.7109375 634
17757.076171875 856
17784.333984375 983
17805.28515625 1117
17821.513671875 1386
17841.0703125 1791
17867.7265625 1991
17873.916015625 2060
17881.21484375 2215
17944.9609375 2314
17966.453125 2440
17978.11328125 2467
18007.587890625 2618
18070.71484375 2648
18072.361328125 2694
18072.404296875 1772
18079.41015625 818
18096.650390625 2907
18109.744140625 660
18134.998046875 1168
18137.099609375 1145
18146.15625 1476
18152.822265625 1618
18174.796875 655
18228.82421875 1592
18237.037109375 2120
18240.17578125 2557
18280.21484375 112
18309.078125 350
18316.3984375 356
18363.845703125 448
18438.994140625 1500
18472.212890625 1526
18472.212890625 1587
18496.955078125 1881
18532.939453125 1943
18552.185546875 1962
18555.337890625 1995
18604.044921875 2075
18605.8984375 2118
18633.625 2309
18646.78125 2418
18661.228515625 2516
18687.6484375 2588
18694.734375 2605
18735.078125 2623
18790.6015625 2937
18817.2421875 1005
18864.927734375 110
18870.482421875 2360
18895.89453125 121
18930.875 1046
18946.10546875 298
18987.916015625 372
19007.740234375 492
19020.240234375 752
19023.87109375 838
19088.703125 903
19094.46875 1034
19150.818359375 1128
19185.15234375 1187
19188.431640625 1437
19190.69921875 1488
19204.634765625 1534
19209.994140625 1657
19231.16796875 1678
19240.56640625 1824
19293.759765625 1826
19299.107421875 1941
19337.83984375 1997
19391.904296875 2318
19403.97265625 2327
19424.44921875 2362
19461.625 2404
19475.697265625 2453
19481.49609375 2458
19483.494140625 2496
19493.20703125 2696
19554.130859375 2722
19607.69140625 2796
19648.958984375 2584
19649.0859375 2872
19681.232421875 2589
19694.01171875 2135
19750.33984375 1802
19751.8046875 1853
19753.841796875 1892
19766.998046875 1580
19776.375 25
19788.685546875 72
19790.42578125 343
19801.50390625 710
19858.44140625 755
19894.279296875 885
19926.857421875 1683
19978.84375 1776
19987.09375 1972
20020.068359375 2047
20046.216796875 2138
20052.849609375 2185
20098.53125 2344
20139.296875 2545
20182.12109375 2573
20186.171875 2855
20191.41796875 2159
20212.5078125 1067
20232.416015625 371
20267.9140625 243
20295.634765625 1301
20315.04296875 311
20329.921875 426
20341.91796875 648
20360.71484375 720
20367.70703125 792
20372.79296875 940
20382.986328125 1006
20425.40234375 1032
20472.240234375 1160
20485.3828125 1189
20533.685546875 2183
20543.833984375 2190
20619.3984375 2301
20620.30859375 1459
20662.376953125 1649
20678.0625 353
20689.69921875 2706
20714.98828125 1511
20735.482421875 1778
20759.662109375 329
20761.78515625 731
20779.048828125 1400
20791.41796875 2070
20793.58203125 1480
20802.83203125 1714
20803.4921875 249
20840.09765625 94
20842.8125 2823
20851.9296875 471
20870.119140625 473
20986.9296875 747
20992.55078125 915
21030.822265625 921
21048.654296875 993
21048.771484375 1072
21062.974609375 1415
21065.6171875 1541
21079.099609375 1746
21101.310546875 1949
21104.298828125 2079
21119.494140625 2219
21225.6015625 2258
21246.21875 2413
21257.9140625 2628
21277.24609375 2828
21311.67578125 2903
21345.05078125 2996
21352.0078125 204
21384.404296875 1247
21416.318359375 1410
21450.083984375 1888
21462.236328125 1214
21468.947265625 1658
21528.587890625 2587
21563.419921875 380
21572.412109375 688
21608.82421875 1761
21627.68359375 66
21627.68359375 127
21635.69921875 179
21644.44140625 855
21650.921875 1198
21669.8203125 1250
21717.25 1507
21747.826171875 1558
21779.171875 2007
21779.5703125 2092
21805.669921875 2231
21887.01953125 2384
21897.58984375 2457
21906.119140625 2544
21914.51171875 2717
21920.21875 2774
21954.630859375 2794
21964.603515625 2909
21980.47265625 972
21996.447265625 1138
21997.849609375 1442
22030.9296875 1137
22048.966796875 102
22058.6953125 667
22101.416015625 1935
22111.615234375 2352
22139.25390625 2887
22149.23046875 427
22170.453125 1533
22188.8984375 170
22203.400390625 262
22225.4375 306
22282.09765625 596
22291.138671875 805
22318.65234375 849
22353.78515625 850
22367.154296875 965
22367.9765625 976
22407.255859375 1058
22435.099609375 1403
22454.52734375 1645
22490.048828125 1999
22496.908203125 2292
22513.81640625 2392
22541.171875 2403
22602.046875 2497
22619.09765625 2524
22647.439453125 2601
22669.94921875 2652
22695.208984375 2657
22762.9140625 2761
22768.576171875 2839
22768.576171875 2939
22792.876953125 2984
22805.65234375 1027
22808.94921875 622
22832.283203125 417
22890.240234375 450
22898.259765625 690
22900.01953125 969
22951.619140625 982
22953.69921875 1040
22954.33203125 1078
22955.150390625 1083
22970.662109375 1382
22990.9921875 1391
23049.47265625 1486
23053.263671875 1503
23112.1015625 1547
23120.7421875 1561
23130.6640625 1965
23154.53515625 2026
23163.64453125 2066
23190.068359375 2182
23197.79296875 2245
23232.2265625 2460
23314.205078125 2466
23332.1640625 2540
23340.603515625 2593
23353.193359375 2632
23374.34375 2753
23383.98828125 2759
23406.712890625 2793
23472.552734375 2925
23487.251953125 2152
23512.12109375 762
23512.177734375 2757
23512.177734375 37
23545.5703125 1624
23554.751953125 1271
23564.166015625 2370
23591.4765625 2895
23601.34375 2411
23637.9375 67
23640.296875 150
23651.251953125 171
23658.404296875 195
23715.90625 363
23728.501953125 522
23760.68359375 657
23791.955078125 701
23822.1953125 760
23875.767578125 811
23898.451171875 874
23920.966796875 875
23932.447265625 1002
23947.95703125 1007
24061.0234375 1023
24152.919921875 1356
24198.16015625 1378
24210.26953125 1489
24212.451171875 1629
24230.302734375 2721
24235.513671875 2032
24304.990234375 2259
24337.01171875 771
24366.130859375 1543
24383.1328125 2241
24401.419921875 1964
24421.830078125 1625
24447.298828125 2693
24484.890625 222
24494.41796875 258
24581.63671875 281
24724.01953125 506
24727.765625 582
24728.1015625 724
24781.05859375 879
24808.7578125 1003
24989.5625 1171
25058.7421875 1182
25059.138671875 1588
25122.017578125 1685
25162.77734375 1758
25262.98046875 2300
25285.513671875 2310
25307.013671875 2705
25388.765625 2845
25398.041015625 2916
25413.138671875 1811
25469.841796875 2701
25506.630859375 421
25526.6328125 1440
25589.474609375 2337
25607.60546875 2531
25608.41015625 18
25618.515625 29
25754.0546875 31
25765.185546875 104
25847.998046875 274
25871.625 321
25920.255859375 370
25929.671875 375
26070.595703125 562
26196.701171875 914
26263.14453125 944
26342.064453125 1672
26355.337890625 1684
26508.654296875 1825
26641.5546875 1846
26718.931640625 1960
26726.046875 1976
26791.044921875 2006
26873.83203125 2319
26900.796875 2405
26990.544921875 2550
27138.818359375 2606
27179.34375 2768
27221.263671875 1081
27246.689453125 1780
27276.021484375 16
27343.076171875 28
27435.05078125 125
27467.78515625 212
27586.7734375 265
27735.365234375 295
27860.5546875 360
27886.115234375 364
27969.21875 937
28216.091796875 1077
28272.908203125 1101
28392.158203125 1241
28721.25390625 1243
28829.8984375 1307
28866.470703125 1343
28908.4609375 1404
28945.57421875 1418
29039.392578125 1585
29452.619140625 1719
30382.98046875 1822
30438.3984375 2009
30650.298828125 2164
30777.443359375 2214
30850.517578125 2250
30862.89453125 2263
31237.2890625 2342
32906.703125 2359
36339.87890625 2547
