7203.31982421875 1137
7395.22607421875 102
7395.50244140625 667
7410.57275390625 1935
7660.513671875 2352
7674.5654296875 2887
7788.7783203125 427
7947.25927734375 1533
7966.291015625 170
7977.51171875 262
8047.89697265625 306
8104.7158203125 596
8129.24609375 805
8303.724609375 849
8439.240234375 850
8502.7763671875 965
8516.4765625 976
8812.92578125 1058
8863.7841796875 1403
8881.51953125 1645
8915.515625 1999
8950.0078125 2292
8977.8203125 2392
9048.826171875 2403
9057.3466796875 2497
9076.306640625 2524
9102.9873046875 2601
9149.373046875 2652
9157.9033203125 2657
9159.408203125 2761
9174.8515625 2839
9212.462890625 2939
9238.6884765625 2984
9243.3330078125 1446
9275.453125 87
9284.49609375 251
9287.2255859375 527
9302.486328125 529
9347.1142578125 625
9381.3193359375 641
9387.87890625 693
9400.0703125 873
9410.3271484375 881
9420.486328125 928
9429.125 1133
9476.4169921875 1283
9507.2998046875 1318
9528.546875 1346
9528.6484375 1417
9536.9375 1720
9621.7626953125 1987
9637.029296875 2226
9657.783203125 2296
9666.53515625 2515
9709.48046875 2572
9725.3486328125 2669
9726.2080078125 2728
9753.5341796875 2734
9769.126953125 2746
9779.685546875 2852
9816.45703125 2866
9845.3037109375 2915
9851.4921875 2949
9854.86328125 377
9855.763671875 2281
9909.58984375 160
9935.80859375 1
9952.228515625 425
9952.3935546875 446
9957.224609375 800
9957.6103515625 918
9988.724609375 953
10038.091796875 985
10045.1650390625 986
10047.8994140625 1008
10049.09765625 1043
10059.2666015625 1270
10064.9921875 1317
10068.0546875 1435
10074.365234375 1548
10093.7216796875 1606
10100.2724609375 1661
10100.693359375 1712
10101.142578125 2010
10106.28125 2088
10133.873046875 2365
10146.537109375 2410
10165.87109375 2414
10180.376953125 2482
10202.533203125 2560
10205.8671875 2781
10221.43359375 2820
10239.2080078125 997
10255.5546875 1781
10262.515625 81
10265.08203125 229
10276.091796875 440
10277.5546875 548
10284.7509765625 611
10304.048828125 826
10308.1953125 834
10342.7705078125 848
10381.375 871
10391.779296875 893
10406.375 1231
10423.1708984375 1256
10436.15234375 1315
10451.7626953125 1458
10464.2685546875 1550
10480.5927734375 1671
10493.8642578125 1711
10495.236328125 1815
10541.7802734375 1893
10543.298828125 2312
10551.2470703125 2324
10552.439453125 2385
10567.8037109375 2447
10577.62890625 2562
10616.671875 2610
10618.0224609375 2622
10633.8544921875 2853
10642.185546875 2924
10679.2802734375 2927
10689.0703125 2239
10695.87890625 1362
10726.9521484375 1926
10741.6494140625 2997
10761.79296875 254
10764.234375 388
10786.5771484375 465
10789.349609375 498
10809.326171875 520
10823.9130859375 962
10836.5185546875 981
10853.646484375 1156
10867.46875 1652
10868.9775390625 2205
10905.3330078125 2339
10931.2197265625 2417
10943.3134765625 2494
10944.0576171875 2687
10949.265625 1122
10956.732421875 1670
10988.623046875 264
10996.3466796875 2173
11001.111328125 1646
11002.6474609375 2396
11023.08203125 49
11036.0234375 189
11036.9326171875 261
11046.5244140625 263
11057.162109375 430
11072.103515625 831
11074.8408203125 899
11079.94140625 1123
11083.228515625 1169
11102.0478515625 1350
11131.1591796875 1405
11136.416015625 1512
11147.4599609375 1750
11161.453125 1769
11164.4130859375 1908
11164.900390625 1966
11165.0517578125 1982
11170.40234375 1993
11197.921875 2094
11206.525390625 2126
11221.423828125 2141
11222.8876953125 2171
11234.5625 2174
11239.041015625 2177
11249.4326171875 2237
11255.4736328125 2367
11259.0908203125 2536
11267.0673828125 2542
11278.7939453125 2582
11281.626953125 2675
11313.669921875 2703
11340.1572265625 1873
11355.1884765625 2107
11357.583984375 1281
11363.41015625 455
11371.501953125 470
11394.392578125 902
11397.9853515625 926
11406.2529296875 967
11410.677734375 1104
11413.8154296875 1225
11416.6201171875 1286
11430.7841796875 1506
11438.6669921875 1516
11439.6748046875 1599
11441.53125 1779
11446.791015625 1848
11451.37109375 1867
11454.2939453125 1883
11461.31640625 2063
11469.453125 2210
11469.99609375 2246
11473.3984375 2285
11474.369140625 2361
11493.212890625 2686
11495.802734375 2700
11497.779296875 88
11498.849609375 586
11533.345703125 136
11542.88671875 1471
11550.4736328125 226
11576.974609375 296
11581.2080078125 1197
11582.333984375 1666
11585.765625 2511
11590.857421875 101
11605.162109375 215
11607.984375 549
11621.568359375 550
11628.27734375 573
11629.166015625 1136
11640.00390625 1199
11645.0693359375 1530
11648.287109375 1581
11711.5234375 1640
11715.7275390625 1688
11732.990234375 1968
11734.2001953125 2526
11734.2470703125 2571
11770.8037109375 2983
11779.181640625 1787
11786.302734375 602
11792.7861328125 1146
11798.224609375 253
11815.158203125 342
11838.3818359375 843
11844.546875 1233
11853.427734375 1335
11855.1396484375 1394
11857.97265625 1737
11858.619140625 1784
11882.5166015625 1950
11892.2890625 2025
11901.1015625 2473
11906.9169921875 2518
11907.1005859375 999
11911.0390625 1056
11919.927734375 1900
11928.69921875 1304
11929.0986328125 1326
11939.462890625 2967
11945.080078125 1329
11955.138671875 50
11955.138671875 318
11968.05078125 389
11976.4736328125 478
11977.109375 491
11985.3798828125 580
11998.2509765625 599
12017.3134765625 890
12030.0361328125 896
12041.689453125 909
12050.1728515625 919
12074.5859375 995
12077.9501953125 1273
12093.8388671875 1342
12096.1484375 1430
12098.77734375 1495
12113.1171875 1568
12113.1171875 1583
12120.826171875 1764
12130.4140625 1774
12149.04296875 2065
12149.337890625 2117
12149.671875 2181
12154.0029296875 2268
12162.41796875 2465
12175.8798828125 2664
12181.328125 2760
12187.5634765625 2764
12195.0595703125 2938
12199.0478515625 2943
12202.529296875 1860
12233.119140625 2880
12242.8193359375 1333
12251.9833984375 2631
12254.330078125 146
12256.87890625 1538
12257.9609375 21
12269.732421875 34
12269.732421875 200
12275.853515625 288
12279.830078125 336
12295.072265625 385
12323.697265625 517
12326.58203125 546
12344.5078125 609
12345.134765625 614
12351.392578125 683
12352.6591796875 686
12388.05859375 769
12401.361328125 1097
12402.3193359375 1221
12420.9677734375 1322
12425.59765625 1359
12431.9794921875 1376
12448.146484375 1686
12456.22265625 1854
12464.5234375 2513
12467.5673828125 2553
12473.044921875 2650
12476.0009765625 2672
12481.8193359375 2911
12487.6533203125 78
12510.0009765625 2713
12511.6240234375 2800
12518.3623046875 2651
12519.056640625 2970
12521.416015625 1045
12523.984375 1068
12533.330078125 2078
12556.9951171875 884
12557.818359375 886
12570.046875 1028
12577.921875 1845
12585.1669921875 1932
12586.71484375 2489
12598.8232421875 90
12600.0 153
12601.05078125 240
12605.365234375 256
12607.2978515625 531
12610.8232421875 644
12617.7666015625 706
12619.0654296875 775
12624.4833984375 1163
12625.6494140625 1483
12634.6240234375 2114
12639.306640625 2379
12641.2275390625 2424
12649.3046875 2433
12656.759765625 2435
12662.06640625 2442
12662.4189453125 2683
12663.78125 2811
12680.24609375 2176
12683.986328125 169
12690.373046875 2207
12695.1787109375 1144
12709.95703125 2180
12711.2119140625 73
12728.62109375 663
12755.0546875 677
12758.7646484375 756
12763.951171875 925
12771.9384765625 927
12794.4189453125 946
12795.2333984375 996
12801.8740234375 1141
12810.9501953125 1202
12816.396484375 1251
12832.5517578125 1457
12841.2421875 1502
12872.275390625 1591
12884.486328125 1733
12887.130859375 1735
12888.1826171875 1919
12893.435546875 1933
12897.6748046875 1955
12912.8369140625 2002
12915.9404296875 2335
12916.580078125 2341
12917.953125 2565
12921.6083984375 2695
12941.8271484375 2763
12944.5234375 2840
12951.89453125 2422
12966.3017578125 1020
12977.193359375 640
12982.703125 59
12991.65625 177
13007.9921875 191
13028.2734375 575
13037.814453125 687
13041.546875 934
13043.2666015625 1119
13043.2666015625 1529
13050.3603515625 1697
13056.1328125 1810
13057.0390625 1831
13060.263671875 2354
13071.197265625 2528
13089.703125 2679
13091.05078125 2712
13093.119140625 2747
13093.4560546875 2809
13094.5087890625 2821
13103.705078125 2842
13117.849609375 2860
13132.052734375 2906
13134.78515625 2994
13167.6796875 186
13168.70703125 223
13173.19140625 1594
13175.984375 410
13177.2431640625 631
13177.6318359375 132
13186.810546875 2576
13190.740234375 1282
13192.1640625 488
13212.9912109375 869
13214.5771484375 2059
13229.6396484375 787
13229.7470703125 904
13238.9736328125 137
13246.4150390625 275
13265.919921875 328
13290.42578125 333
13303.5302734375 392
13306.7275390625 407
13312.9541015625 489
13352.0634765625 680
13385.505859375 1022
13388.30078125 1290
13405.490234375 1358
13414.8671875 1607
13426.0390625 1653
13438.3046875 2024
13440.8662109375 2184
13455.6025390625 2221
13486.935546875 2394
13496.525390625 2427
13518.7275390625 2517
13536.7509765625 2655
13551.1904296875 2704
13561.494140625 2900
13564.2080078125 2946
13567.3486328125 459
13589.1181640625 1408
13590.923828125 1339
13609.62890625 22
13637.244140625 45
13647.5595703125 300
13679.8017578125 812
13680.1826171875 922
13684.8173828125 947
13717.205078125 975
13720.912109375 1001
13723.265625 1095
13750.013671875 1275
13764.3779296875 1664
13772.1630859375 1708
13776.482421875 1763
13776.703125 1766
13783.712890625 1889
13787.283203125 2077
13798.94921875 2082
13811.3046875 2131
13820.833984375 2315
13827.994140625 2317
13830.1708984375 2409
13837.576171875 2608
13843.1044921875 2616
13855.8671875 2649
13860.06640625 2819
13860.06640625 2862
13868.7255859375 1164
13876.4697265625 2213
13881.66796875 1050
13883.2529296875 979
13888.4091796875 1562
13893.4140625 1597
13903.1953125 2334
13910.34375 587
13916.65234375 630
13932.4453125 777
13949.0849609375 1012
13952.4345703125 1064
13954.9833984375 1082
13958.46484375 1462
13965.185546875 1501
13965.849609375 1654
13971.876953125 1800
13979.904296875 2656
13988.0732421875 2884
13992.8525390625 1416
13998.95703125 1575
14013.0498046875 2889
14016.4833984375 445
14099.0537109375 30
14117.828125 2484
14119.158203125 38
14133.66015625 40
14143.58203125 76
14145.1025390625 77
14150.41015625 108
14167.6650390625 164
14169.6845703125 211
14182.1083984375 225
14185.0654296875 376
14193.365234375 437
14197.37109375 510
14206.328125 646
14289.828125 671
14304.4853515625 738
14335.037109375 770
14335.697265625 1434
14354.337890625 1610
14365.62890625 1662
14369.2744140625 1709
14370.7919921875 1998
14383.234375 2166
14395.4208984375 2220
14414.40625 2238
14417.7568359375 2255
14443.814453125 2345
14452.162109375 2510
14454.80078125 2581
14457.689453125 2607
14459.8857421875 2807
14480.392578125 1015
14490.2275390625 1984
14500.7412109375 1258
14501.7265625 2555
14504.6708984375 1147
14509.7431640625 865
14511.572265625 939
14522.005859375 1497
14535.861328125 2630
14537.8974609375 2752
14562.396484375 457
14562.8720703125 309
14568.1015625 316
14638.0107421875 483
14639.2021484375 484
14647.6494140625 633
14657.3798828125 1026
14674.29296875 1036
14693.8251953125 1176
14715.126953125 1423
14749.529296875 1485
14752.912109375 1590
14766.1376953125 1702
14768.09375 1759
14778.53515625 1818
14780.0341796875 1958
14781.12109375 1963
14799.6708984375 1977
14834.4296875 2053
14834.5693359375 2056
14837.1533203125 2125
14846.1201171875 2304
14855.9453125 2356
14859.3798828125 2477
14896.74609375 2533
14899.7412109375 2732
14903.3662109375 2948
14913.9541015625 1601
14931.8916015625 2256
14936.4326171875 2104
14980.1796875 284
15024.2802734375 182
15059.5400390625 916
15067.3037109375 1667
15070.521484375 1852
15087.8193359375 727
15089.626953125 2036
15091.021484375 2772
15092.76171875 130
15115.2099609375 219
15120.2109375 394
15140.1865234375 405
15164.8271484375 634
15178.4189453125 856
15200.541015625 983
15202.638671875 1117
15205.884765625 1386
15209.37109375 1791
15210.4931640625 1991
15290.025390625 2060
15299.7216796875 2215
15323.974609375 2314
15328.470703125 2440
15354.9326171875 2467
15360.3623046875 2618
15403.4169921875 2648
15404.240234375 2694
15430.166015625 1772
15447.64453125 818
15466.40625 2907
15475.6376953125 660
15480.275390625 1168
15483.8681640625 1145
15497.466796875 1476
15498.119140625 1618
15501.681640625 655
15507.94140625 1592
15512.0947265625 2120
15526.4423828125 2557
15560.7275390625 112
15561.4091796875 350
15588.283203125 356
15624.2099609375 448
15668.3798828125 1500
15694.4482421875 1526
15728.1396484375 1587
15742.9794921875 1881
15743.3037109375 1943
15745.1162109375 1962
15811.068359375 1995
15873.521484375 2075
15880.791015625 2118
15886.86328125 2309
15901.5244140625 2418
15924.572265625 2516
15962.880859375 2588
15963.287109375 2605
15968.1220703125 2623
15976.796875 2937
16006.29296875 1005
16006.7138671875 110
16048.55078125 2360
16055.3076171875 121
16076.5576171875 1046
16086.859375 298
16095.0400390625 372
16119.82421875 492
16128.5732421875 752
16128.5732421875 838
16134.5419921875 903
16140.03515625 1034
16142.341796875 1128
16145.2568359375 1187
16148.515625 1437
16149.056640625 1488
16155.0283203125 1534
16196.951171875 1657
16223.603515625 1678
16233.150390625 1824
16245.259765625 1826
16255.0791015625 1941
16269.451171875 1997
16285.45703125 2318
16342.203125 2327
16349.8876953125 2362
16363.95703125 2404
16371.083984375 2453
16384.9375 2458
16388.462890625 2496
16397.18359375 2696
16405.640625 2722
16444.46484375 2796
16446.470703125 2584
16446.470703125 2872
16469.91796875 2589
16485.8828125 2135
16491.662109375 1802
16502.9453125 1853
16504.994140625 1892
16512.8984375 1580
16524.580078125 25
16525.044921875 72
16525.173828125 343
16527.412109375 710
16550.8984375 755
16571.26953125 885
16612.724609375 1683
16616.14453125 1776
16630.04296875 1972
16631.1484375 2047
16638.30078125 2138
16658.505859375 2185
16659.521484375 2344
16670.404296875 2545
16722.02734375 2573
16739.12890625 2855
16739.130859375 2159
16748.98828125 1067
16799.345703125 371
16806.95703125 243
16811.087890625 1301
16811.416015625 311
16836.744140625 426
16857.140625 648
16879.80859375 720
16918.146484375 792
16975.435546875 940
16988.14453125 1006
17012.57421875 1032
17018.12890625 1160
17038.88671875 1189
17043.4140625 2183
17049.23828125 2190
17101.494140625 2301
17123.4140625 1459
17127.85546875 1649
17148.56640625 353
17150.689453125 2706
17175.859375 1511
17219.05859375 1778
17232.6171875 329
17238.171875 731
17274.947265625 1400
17291.576171875 2070
17349.76953125 1480
17357.1640625 1714
17363.609375 249
17373.828125 94
17377.9921875 2823
17401.310546875 471
17405.708984375 473
17419.66796875 747
17419.955078125 915
17429.0546875 921
17435.68359375 993
17441.853515625 1072
17454.685546875 1415
17471.3671875 1541
17474.17578125 1746
17476.978515625 1949
17487.20703125 2079
17565.388671875 2219
17579.9375 2258
17585.884765625 2413
17612.560546875 2628
17618.2734375 2828
17622.283203125 2903
17626.072265625 2996
17662.734375 204
17693.021484375 1247
17749.431640625 1410
17826.876953125 1888
17853.04296875 1214
17855.376953125 1658
17891.470703125 2587
17909.083984375 380
17909.5625 688
17913.681640625 1761
17921.625 66
17922.736328125 127
17946.701171875 179
17949.26953125 855
17976.98046875 1198
17983.595703125 1250
18006.705078125 1507
18017.24609375 1558
18027.916015625 2007
18031.654296875 2092
18075.3359375 2231
18092.79296875 2384
18121.34765625 2457
18168.7109375 2544
18169.79296875 2717
18171.015625 2774
18190.294921875 2794
18198.66015625 2909
18218.185546875 972
18239.4609375 1138
18247.328125 1442
18256.005859375 1027
18270.74609375 622
18273.771484375 417
18336.5625 450
18359.447265625 690
18375.0859375 969
18383.00390625 982
18393.41796875 1040
18398.6015625 1078
18431.2890625 1083
18455.197265625 1382
18465.21875 1391
18473.4453125 1486
18478.310546875 1503
18485.04296875 1547
18504.958984375 1561
18516.85546875 1965
18523.12890625 2026
18549.546875 2066
18595.337890625 2182
18598.0234375 2245
18603.83984375 2460
18607.00390625 2466
18705.333984375 2540
18707.61328125 2593
18731.091796875 2632
18737.369140625 2753
18750.19921875 2759
18767.5234375 2793
18800.568359375 2925
18860.4296875 2152
18881.1953125 762
18916.154296875 2757
18922.84375 37
18924.85546875 1624
18954.626953125 1271
19015.515625 2370
19027.947265625 2895
19053.08984375 2411
19060.416015625 67
19081.86328125 150
19098.591796875 171
19181.509765625 195
19218.36328125 363
19263.330078125 522
19279.59765625 657
19299.94140625 701
19301.9296875 760
19388.900390625 811
19396.259765625 874
19421.974609375 875
19421.974609375 1002
19449.10546875 1007
19474.208984375 1023
19492.861328125 1356
19521.3671875 1378
19529.078125 1489
19612.615234375 1629
19620.3984375 2721
19634.98828125 2032
19804.048828125 2259
20050.8125 771
20054.49609375 1543
20123.69140625 2241
20158.9140625 1964
20200.634765625 1625
20204.369140625 2693
20228.58984375 222
20461.0 258
20480.994140625 281
20483.732421875 506
20556.951171875 582
20575.267578125 724
20610.3046875 879
20626.572265625 1003
20650.154296875 1171
20668.240234375 1182
20676.796875 1588
20683.490234375 1685
20684.78515625 1758
20713.21484375 2300
20721.421875 2310
20825.41796875 2705
20828.775390625 2845
20876.171875 2916
20884.578125 1811
20892.544921875 2701
20904.23046875 421
20942.34375 1440
20964.01171875 2337
20965.513671875 2531
20985.23828125 18
21026.26171875 29
21042.65625 31
21063.95703125 104
21083.25 274
21156.84765625 321
21157.150390625 370
21159.513671875 375
21208.509765625 562
21210.865234375 914
21215.4375 944
21221.09375 1672
21266.564453125 1684
21381.201171875 1825
21395.201171875 1846
21430.662109375 1960
21437.6875 1976
21503.51953125 2006
21511.9296875 2319
21616.921875 2405
21651.2890625 2550
21736.810546875 2606
21740.0 2768
21761.44921875 1081
21949.01171875 1780
21959.478515625 16
22027.140625 28
22041.73828125 125
22271.205078125 212
22370.35546875 265
22543.16796875 295
22564.03125 360
22951.365234375 364
22962.9609375 937
23081.490234375 1077
23202.935546875 1101
23288.47265625 1241
23289.998046875 1243
23447.9296875 1307
23620.248046875 1343
24000.833984375 1404
24254.013671875 1418
24280.322265625 1585
24412.978515625 1719
24446.705078125 1822
24623.5546875 2009
24994.865234375 2164
25014.45703125 2214
25698.96875 2250
26443.693359375 2263
26712.279296875 2342
29376.443359375 2359
32408.94921875 2547
