4266.82763671875 2589
4407.11767578125 2135
4965.5966796875 1802
4989.6064453125 1853
4998.28955078125 1892
5056.16015625 1580
5312.158203125 25
5381.9326171875 72
5429.91552734375 343
5493.7509765625 710
5663.92724609375 755
5705.1025390625 885
5716.95654296875 1683
5999.63916015625 1776
6177.427734375 1972
6270.04150390625 2047
6355.8564453125 2138
6401.521484375 2185
6486.99951171875 2344
6493.3154296875 2545
6522.11181640625 2573
6523.87841796875 2855
6568.44384765625 1446
6655.623046875 87
6679.03173828125 251
6739.49462890625 527
6754.16845703125 529
6839.576171875 625
6851.974609375 641
6876.19384765625 693
6911.720703125 873
6932.48828125 881
6979.0556640625 928
7015.2109375 1133
7029.71875 1283
7062.119140625 1318
7074.0478515625 1346
7081.84375 1417
7269.1376953125 1720
7292.771484375 1987
7321.97509765625 2226
7343.60986328125 2296
7376.958984375 2515
7396.6591796875 2572
7425.0595703125 2669
7619.03271484375 2728
7660.19091796875 2734
7664.12451171875 2746
7685.3720703125 2852
7706.6865234375 2866
7738.974609375 2915
7740.88134765625 2949
7753.2138671875 377
7841.55908203125 2281
7882.365234375 160
7891.00634765625 1
8003.59375 425
8012.9443359375 446
8018.359375 800
8047.5810546875 918
8058.28271484375 953
8147.59228515625 985
8285.009765625 986
8303.6953125 1008
8313.458984375 1043
8313.458984375 1270
8331.91796875 1317
8349.8095703125 1435
8356.62109375 1548
8409.16015625 1606
8409.3935546875 1661
8432.6962890625 1712
8441.7099609375 2010
8454.37890625 2088
8485.5771484375 2365
8517.25 2410
8606.1484375 2414
8629.5986328125 2482
8634.5908203125 2560
8684.2314453125 2781
8737.224609375 2820
8744.67578125 997
8790.787109375 1781
8864.974609375 81
8885.62890625 229
8895.0634765625 440
8918.765625 548
8947.04296875 611
8949.234375 826
8965.54296875 834
8998.576171875 848
9041.96875 871
9064.982421875 893
9066.4609375 1231
9079.3466796875 1256
9093.708984375 1315
9112.2509765625 1458
9140.486328125 1550
9140.876953125 1671
9143.107421875 1711
9159.5107421875 1815
9163.8828125 1893
9175.9248046875 2312
9191.1279296875 2324
9195.6513671875 2385
9204.650390625 2447
9256.953125 2562
9257.9443359375 2610
9264.6201171875 2622
9266.90625 2853
9269.728515625 2924
9283.10546875 2927
9313.82421875 2239
9370.0693359375 1362
9380.384765625 1926
9418.96875 2997
9420.953125 254
9456.869140625 388
9470.3662109375 465
9513.330078125 498
9520.314453125 520
9521.982421875 962
9553.138671875 981
9554.9267578125 1156
9557.0537109375 1652
9569.236328125 2205
9586.6884765625 2339
9587.2099609375 2417
9588.7978515625 2494
9626.4404296875 2687
9696.818359375 1122
9708.0654296875 1670
9716.8251953125 264
9720.923828125 2173
9738.029296875 1646
9768.9453125 2396
9847.8125 49
9848.0068359375 189
9896.1513671875 261
9908.177734375 263
9916.1455078125 430
9916.9267578125 831
9950.8671875 899
9954.9296875 1123
9965.2783203125 1169
9966.486328125 1350
9971.482421875 1405
9995.826171875 1512
9997.2421875 1750
10007.25 1769
10025.8046875 1908
10085.4921875 1966
10100.5458984375 1982
10121.76171875 1993
10123.736328125 2094
10141.7548828125 2126
10152.5205078125 2141
10159.326171875 2171
10185.3818359375 2174
10186.02734375 2177
10200.908203125 2237
10223.296875 2367
10226.216796875 2536
10300.6103515625 2542
10303.2685546875 2582
10355.5791015625 2675
10372.798828125 2703
10386.64453125 1873
10422.294921875 2107
10437.015625 1281
10463.072265625 455
10593.5966796875 470
10600.494140625 902
10607.8818359375 926
10610.7109375 967
10614.267578125 1104
10651.7890625 1225
10657.017578125 1286
10657.9208984375 1506
10701.3564453125 1516
10713.3232421875 1599
10720.33984375 1779
10723.046875 1848
10724.1298828125 1867
10726.3583984375 1883
10728.4775390625 2063
10743.037109375 2210
10751.2626953125 2246
10756.529296875 2285
10758.537109375 2361
10766.443359375 2686
10789.8671875 2700
10796.4853515625 88
10805.044921875 586
10831.5908203125 136
10869.791015625 1471
10874.0419921875 226
10889.01171875 296
10910.865234375 1197
10912.423828125 1666
10928.1015625 2511
10931.681640625 101
10936.2255859375 215
10983.2001953125 549
10988.7060546875 550
10990.4375 573
10992.078125 1136
11001.51953125 1199
11017.6572265625 1530
11039.275390625 1581
11043.76171875 1640
11053.421875 1688
11056.6318359375 1968
11079.5224609375 2526
11079.859375 2571
11106.056640625 2983
11124.1943359375 1787
11141.935546875 602
11150.837890625 1146
11152.29296875 253
11159.3330078125 342
11169.908203125 843
11233.6669921875 1233
11241.0751953125 1335
11250.837890625 1394
11256.314453125 1737
11256.869140625 1784
11258.67578125 1950
11260.013671875 2025
11263.037109375 2473
11270.4033203125 2518
11297.650390625 999
11322.4208984375 1056
11328.1962890625 1900
11337.984375 1304
11378.83984375 1326
11378.83984375 2967
11379.244140625 1329
11395.9013671875 50
11398.357421875 318
11409.646484375 389
11429.5078125 478
11432.5810546875 491
11444.7978515625 580
11462.1171875 599
11491.220703125 890
11492.93359375 896
11529.0517578125 909
11532.19921875 919
11540.5673828125 995
11550.283203125 1273
11551.7900390625 1342
11569.576171875 1430
11572.583984375 1495
11582.7353515625 1568
11583.6328125 1583
11599.2783203125 1764
11604.263671875 1774
11611.3115234375 2065
11622.35546875 2117
11638.873046875 2181
11644.3994140625 2268
11653.419921875 2465
11664.513671875 2664
11666.12890625 2760
11680.1748046875 2764
11690.3388671875 2938
11705.6591796875 2943
11781.7578125 1860
11789.748046875 2880
11808.99609375 1333
11827.5732421875 2631
11827.890625 146
11850.7099609375 1538
11871.517578125 21
11908.44921875 34
11912.1044921875 200
11912.8291015625 288
11924.6083984375 336
11970.9375 385
11975.548828125 517
12001.294921875 546
12015.7314453125 609
12015.9541015625 614
12024.8310546875 683
12035.0068359375 686
12045.095703125 769
12067.544921875 1097
12071.140625 1221
12083.1630859375 1322
12101.119140625 1359
12127.75 1376
12133.8955078125 1686
12153.83984375 1854
12243.615234375 2513
12249.251953125 2553
12293.2197265625 2650
12317.2626953125 2672
12332.638671875 2911
12338.43359375 78
12345.349609375 2713
12352.6318359375 2800
12357.1689453125 2651
12370.23046875 2970
12401.3759765625 1045
12452.388671875 1068
12469.271484375 2078
12477.00390625 884
12493.3564453125 886
12497.994140625 1028
12506.2177734375 1845
12507.88671875 1932
12517.9521484375 2489
12523.298828125 90
12525.404296875 153
12534.23046875 240
12536.509765625 256
12539.505859375 531
12539.861328125 644
12546.9638671875 706
12547.974609375 775
12549.93359375 1163
12567.396484375 1483
12594.9580078125 2114
12611.9140625 2379
12617.849609375 2424
12619.5283203125 2433
12632.80859375 2435
12633.0595703125 2442
12637.103515625 2683
12649.5810546875 2811
12656.9072265625 2176
12686.806640625 169
12709.578125 2207
12738.42578125 1144
12741.5029296875 2180
12774.572265625 73
12785.0810546875 663
12787.50390625 677
12796.4296875 756
12798.724609375 925
12822.814453125 927
12835.025390625 946
12854.5078125 996
12877.775390625 1141
12886.4755859375 1202
12898.681640625 1251
12907.646484375 1457
12913.8857421875 1502
12918.734375 1591
12938.6982421875 1733
12939.513671875 1735
12940.9521484375 1919
12958.1884765625 1933
12963.94140625 1955
13021.8525390625 2002
13024.109375 2335
13046.82421875 2341
13052.220703125 2565
13054.1953125 2695
13054.3037109375 2763
13078.05078125 2840
13086.7236328125 2422
13089.1142578125 1020
13092.9990234375 640
13093.6826171875 59
13094.1806640625 177
13122.4619140625 191
13122.9697265625 575
13163.37890625 687
13247.2607421875 934
13249.033203125 1119
13250.6044921875 1529
13269.7216796875 1697
13289.1533203125 1810
13313.84375 1831
13339.8701171875 2354
13346.046875 2528
13349.251953125 2679
13353.609375 2712
13355.03125 2747
13371.95703125 2809
13389.9189453125 2821
13392.203125 2842
13399.4267578125 2860
13430.326171875 2906
13464.7099609375 2994
13497.951171875 186
13514.033203125 223
13515.5380859375 1594
13517.8466796875 410
13525.220703125 631
13536.830078125 132
13544.33984375 2576
13555.4443359375 1282
13593.5625 488
13601.3603515625 869
13612.8212890625 2059
13614.80859375 787
13620.529296875 904
13624.041015625 137
13638.69140625 275
13662.283203125 328
13672.58984375 333
13680.75390625 392
13686.47265625 407
13688.4296875 489
13689.326171875 680
13691.04296875 1022
13695.84765625 1290
13701.787109375 1358
13722.3740234375 1607
13730.689453125 1653
13741.4443359375 2024
13749.7578125 2184
13774.0927734375 2221
13783.3212890625 2394
13788.130859375 2427
13795.0185546875 2517
13807.0947265625 2655
13809.0546875 2704
13825.052734375 2900
13825.1728515625 2946
13825.1728515625 459
13825.7177734375 1408
13874.107421875 1339
13888.763671875 22
13891.5869140625 45
13925.2529296875 300
13938.2822265625 812
13966.04296875 922
14003.537109375 947
14016.2861328125 975
14027.537109375 1001
14049.21484375 1095
14049.2177734375 1275
14095.271484375 1664
14095.7080078125 1708
14096.373046875 1763
14096.4677734375 1766
14124.9072265625 1889
14130.42578125 2077
14158.443359375 2082
14166.025390625 2131
14171.6806640625 2315
14180.0244140625 2317
14247.5234375 2409
14257.197265625 2608
14269.076171875 2616
14286.52734375 2649
14312.4375 2819
14315.3818359375 2862
14315.517578125 1164
14326.3212890625 2213
14333.455078125 1050
14338.8212890625 979
14346.322265625 1562
14354.3388671875 1597
14367.0107421875 2334
14383.271484375 587
14392.482421875 630
14397.25 777
14505.55859375 1012
14518.951171875 1064
14520.49609375 1082
14531.4990234375 1462
14534.576171875 1501
14536.33984375 1654
14544.14453125 1800
14551.4619140625 2656
14561.9736328125 2884
14566.1162109375 1416
14575.25390625 1575
14613.900390625 2889
14623.72265625 445
14730.306640625 30
14741.5185546875 2484
14750.37890625 38
14755.9755859375 40
14792.89453125 76
14818.6025390625 77
14841.42578125 108
14865.51953125 164
14874.060546875 211
14885.69140625 225
14885.69140625 376
14906.611328125 437
14919.4794921875 510
14925.625 646
14968.759765625 671
14971.71484375 738
14994.3486328125 770
15001.2353515625 1434
15003.861328125 1610
15035.05078125 1662
15042.140625 1709
15043.814453125 1998
15105.458984375 2166
15129.724609375 2220
15149.3369140625 2238
15151.333984375 2255
15153.720703125 2345
15162.2890625 2510
15190.2763671875 2581
15212.658203125 2607
15228.1796875 2807
15229.587890625 1015
15229.587890625 1984
15245.318359375 1258
15266.677734375 2555
15269.873046875 1147
15281.2236328125 865
15281.544921875 939
15332.26953125 1497
15334.8916015625 2630
15340.580078125 2752
15387.041015625 457
15395.78125 309
15407.5771484375 316
15478.388671875 483
15482.0107421875 484
15486.5986328125 633
15502.890625 1026
15514.0537109375 1036
15530.123046875 1176
15536.11328125 1423
15536.82421875 1485
15543.4443359375 1590
15544.056640625 1702
15552.5986328125 1759
15566.3154296875 1818
15570.6787109375 1958
15602.87890625 1963
15614.3076171875 1977
15620.8525390625 2053
15624.4755859375 2056
15656.318359375 2125
15677.91015625 2304
15686.1416015625 2356
15781.892578125 2477
15792.0634765625 2533
15806.4716796875 2732
15824.5703125 2948
15865.943359375 1601
15920.6572265625 2256
15948.181640625 2104
15952.2568359375 284
15961.130859375 182
15977.21484375 916
15990.748046875 1667
16013.4755859375 1852
16084.1142578125 727
16105.115234375 2036
16117.509765625 2772
16128.5615234375 130
16132.19921875 219
16165.361328125 394
16167.31640625 405
16196.8505859375 634
16208.72265625 856
16221.765625 983
16222.5908203125 1117
16224.9521484375 1386
16273.6884765625 1791
16277.5234375 1991
16306.3046875 2060
16317.9482421875 2215
16324.8818359375 2314
16329.2119140625 2440
16329.6806640625 2467
16337.7041015625 2618
16360.427734375 2648
16366.263671875 2694
16394.044921875 1772
16394.625 818
16403.259765625 2907
16417.12109375 660
16438.494140625 1168
16439.81640625 1145
16456.857421875 1476
16465.490234375 1618
16500.857421875 655
16506.5 1592
16518.09765625 2120
16533.8203125 2557
16536.59375 112
16544.2734375 350
16552.498046875 356
16568.7578125 448
16600.130859375 1500
16601.529296875 1526
16653.78515625 1587
16658.443359375 1881
16687.70703125 1943
16700.677734375 1962
16717.271484375 1995
16761.142578125 2075
16773.728515625 2118
16781.02734375 2309
16833.849609375 2418
16835.1328125 2516
16868.265625 2588
16907.55078125 2605
16931.60546875 2623
16960.6484375 2937
17007.615234375 1005
17030.44921875 110
17035.51171875 2360
17042.40234375 121
17077.283203125 1046
17083.228515625 298
17086.24609375 372
17096.478515625 492
17120.189453125 752
17129.375 838
17129.982421875 903
17143.390625 1034
17165.125 1128
17208.53125 1187
17296.93359375 1437
17303.45703125 1488
17352.724609375 1534
17382.1484375 1657
17400.50390625 1678
17406.892578125 1824
17418.25 1826
17437.1484375 1941
17444.162109375 1997
17452.8515625 2318
17487.49609375 2327
17510.44921875 2362
17517.890625 2404
17530.0078125 2453
17557.326171875 2458
17616.361328125 2496
17718.890625 2696
17726.37109375 2722
17735.0 2796
17745.5078125 2584
17803.8515625 2872
17808.71875 2159
17824.185546875 1067
17824.521484375 371
17826.767578125 243
17881.4609375 1301
17928.447265625 311
17966.779296875 426
17978.38671875 648
18062.669921875 720
18071.693359375 792
18074.41015625 940
18075.53515625 1006
18100.287109375 1032
18101.703125 1160
18107.8359375 1189
18108.1484375 2183
18109.59765625 2190
18110.20703125 2301
18169.900390625 1459
18185.552734375 1649
18195.12890625 353
18215.58984375 2706
18275.099609375 1511
18294.43359375 1778
18298.2734375 329
18312.541015625 731
18315.9765625 1400
18321.681640625 2070
18356.1484375 1480
18385.498046875 1714
18391.484375 249
18438.423828125 94
18460.435546875 2823
18471.326171875 471
18511.837890625 473
18512.3671875 747
18514.03515625 915
18517.60546875 921
18560.755859375 993
18586.6796875 1072
18601.203125 1415
18603.634765625 1541
18758.919921875 1746
18760.3671875 1949
18774.056640625 2079
18789.109375 2219
18815.287109375 2258
18819.775390625 2413
18835.484375 2628
18878.876953125 2828
18907.611328125 2903
18922.4375 2996
18924.544921875 204
18931.8828125 1247
18984.1953125 1410
19023.982421875 1888
19024.673828125 1214
19045.75390625 1658
19064.787109375 2587
19180.5859375 380
19221.140625 688
19225.77734375 1761
19229.48046875 66
19275.37109375 127
19301.9296875 179
19405.41015625 855
19437.7734375 1198
19437.7734375 1250
19442.947265625 1507
19456.421875 1558
19460.408203125 2007
19465.23828125 2092
19489.736328125 2231
19505.46875 2384
19511.228515625 2457
19518.654296875 2544
19522.751953125 2717
19527.185546875 2774
19542.474609375 2794
19573.2734375 2909
19583.04296875 972
19600.345703125 1138
19624.521484375 1442
19645.453125 1137
19726.7890625 102
19731.23828125 667
19793.869140625 1935
19821.134765625 2352
19822.2109375 2887
19865.03125 427
19911.9765625 1533
19953.650390625 170
19973.634765625 262
19980.2578125 306
19997.0 596
20060.68359375 805
20066.154296875 849
20092.767578125 850
20100.384765625 965
20107.07421875 976
20131.404296875 1058
20208.87109375 1403
20230.19921875 1645
20238.97265625 1999
20274.34375 2292
20381.63671875 2392
20406.11328125 2403
20482.244140625 2497
20498.15625 2524
20501.15234375 2601
20503.498046875 2652
20519.017578125 2657
20526.203125 2761
20527.62890625 2839
20724.2265625 2939
20739.28125 2984
20748.875 1027
20750.689453125 622
20831.3828125 417
20871.830078125 450
21036.36328125 690
21063.94140625 969
21107.525390625 982
21112.00390625 1040
21143.05859375 1078
21213.796875 1083
21235.5546875 1382
21240.6875 1391
21242.1640625 1486
21266.6953125 1503
21277.095703125 1547
21314.53125 1561
21336.556640625 1965
21355.73828125 2026
21401.1328125 2066
21404.876953125 2182
21406.611328125 2245
21409.904296875 2460
21412.3203125 2466
21456.490234375 2540
21576.580078125 2593
21619.3203125 2632
21696.6484375 2753
21705.994140625 2759
21746.41796875 2793
21758.150390625 2925
21785.640625 2152
21810.21484375 762
21820.3515625 2757
21838.986328125 37
21866.03515625 1624
21912.341796875 1271
21953.685546875 2370
22003.69921875 2895
22078.0703125 2411
22104.837890625 67
22131.61328125 150
22234.265625 171
22322.62109375 195
22466.744140625 363
22487.712890625 522
22487.712890625 657
22532.67578125 701
22538.53125 760
22570.55078125 811
22651.765625 874
22671.62890625 875
22712.326171875 1002
22754.28515625 1007
22775.81640625 1023
22843.80859375 1356
22844.27734375 1378
22858.6015625 1489
22918.740234375 1629
22925.0546875 2721
22945.318359375 2032
22955.953125 2259
22968.28125 771
22994.548828125 1543
23000.638671875 2241
23029.994140625 1964
23056.19140625 1625
23075.15234375 2693
23309.970703125 222
23359.90234375 258
23391.1328125 281
23507.232421875 506
23586.97265625 582
23602.580078125 724
23617.125 879
23660.900390625 1003
23689.650390625 1171
23705.923828125 1182
23707.466796875 1588
23745.40625 1685
23870.73046875 1758
23902.740234375 2300
23910.419921875 2310
23928.5703125 2705
23936.548828125 2845
23990.4140625 2916
24132.42578125 1811
24168.10546875 2701
24306.091796875 421
24332.103515625 1440
24363.861328125 2337
24401.224609375 2531
24468.0703125 18
24506.78515625 29
24744.177734375 31
24866.609375 104
24876.75390625 274
24983.703125 321
25007.287109375 370
25011.599609375 375
25011.599609375 562
25149.615234375 914
25226.99609375 944
25238.669921875 1672
25244.029296875 1684
25531.525390625 1825
25595.2421875 1846
25708.6484375 1960
25768.060546875 1976
25788.96875 2006
25848.966796875 2319
25856.0390625 2405
25917.83203125 2550
25995.193359375 2606
26199.916015625 2768
26231.26953125 1081
26361.15234375 1780
26385.634765625 16
26405.04296875 28
26544.111328125 125
26664.591796875 212
26726.7734375 265
26796.99609375 295
26849.001953125 360
26894.15234375 364
26998.755859375 937
27198.14453125 1077
27237.900390625 1101
27526.03125 1241
27541.65234375 1243
27553.8828125 1307
27818.642578125 1343
27880.248046875 1404
27886.41015625 1418
27912.84375 1585
28900.638671875 1719
28974.287109375 1822
30204.904296875 2009
30289.060546875 2164
30411.87109375 2214
32361.47265625 2250
32719.83984375 2263
32724.5546875 2342
33041.0078125 2359
33097.625 2547
