2469.1572265625 1282
3497.16259765625 488
3534.043212890625 869
3551.22119140625 2059
3560.4091796875 787
3611.2138671875 904
3697.86962890625 137
3788.622802734375 275
3804.68505859375 328
3953.70166015625 333
3986.73095703125 392
4165.23828125 407
4195.9736328125 489
4197.994140625 680
4212.7783203125 1022
4221.7861328125 1290
4230.48046875 1358
4249.42236328125 1607
4295.66064453125 1653
4323.2890625 2024
4356.75390625 2184
4830.97705078125 2221
4914.4423828125 2394
4949.16552734375 2427
4992.7822265625 2517
5010.8251953125 2655
5043.98046875 2704
5046.62109375 2900
5046.7841796875 2946
5066.9609375 459
5122.3720703125 1446
5257.326171875 87
5286.37109375 251
5397.8115234375 527
5514.5458984375 529
5708.36328125 625
5843.0693359375 641
5876.80322265625 693
6073.79638671875 873
6082.2509765625 881
6147.69189453125 928
6160.12939453125 1133
6224.462890625 1283
6339.6875 1318
6342.90185546875 1346
6379.9208984375 1417
6512.22900390625 1720
6548.07861328125 1987
6822.31298828125 2226
6861.673828125 2296
6941.47119140625 2515
6944.8779296875 2572
6951.0107421875 2669
6974.02197265625 2728
7279.88720703125 2734
7308.5498046875 2746
7370.20849609375 2852
7376.77392578125 2866
7449.5263671875 2915
7454.712890625 2949
7461.703125 377
7471.74853515625 2281
7506.78125 160
7548.14697265625 1
7612.212890625 425
7650.04833984375 446
7731.44140625 800
7822.05029296875 918
7848.6103515625 953
8043.17041015625 985
8059.90869140625 986
8103.369140625 1008
8271.0517578125 1043
8288.5751953125 1270
8449.95703125 1317
8551.7861328125 1435
8673.4853515625 1548
8729.0244140625 1606
8743.2626953125 1661
8858.64453125 1712
9003.5595703125 2010
9034.2783203125 2088
9182.9921875 2365
9250.521484375 2410
9279.482421875 2414
9309.640625 2482
9461.794921875 2560
9466.89453125 2781
9608.177734375 2820
9617.37890625 997
9617.37890625 1781
9654.20703125 81
9849.6044921875 229
9913.4208984375 440
10032.85546875 548
10062.67578125 611
10138.248046875 826
10172.6455078125 834
10245.2158203125 848
10275.8193359375 871
10293.4345703125 893
10298.01953125 1231
10320.455078125 1256
10324.5078125 1315
10415.994140625 1458
10481.4501953125 1550
10540.69921875 1671
10556.796875 1711
10569.9404296875 1815
10593.8642578125 1893
10670.7216796875 2312
10687.5791015625 2324
10688.15234375 2385
10715.1796875 2447
10788.8291015625 2562
10854.4140625 2610
10907.40625 2622
11028.587890625 2853
11029.2939453125 2924
11042.1611328125 2927
11059.125 2239
11065.5546875 1362
11086.9580078125 1926
11122.2099609375 2997
11162.01953125 254
11210.115234375 388
11289.083984375 465
11303.0751953125 498
11361.4775390625 520
11406.56640625 962
11444.861328125 981
11471.158203125 1156
11488.0947265625 1652
11535.5771484375 2205
11540.982421875 2339
11575.033203125 2417
11605.9873046875 2494
11631.251953125 2687
11670.0 1122
11687.7021484375 1670
11697.4091796875 264
11769.2548828125 2173
11777.490234375 1646
11784.337890625 2396
11870.572265625 49
11901.1279296875 189
11920.7861328125 261
11949.3681640625 263
11959.408203125 430
11985.19921875 831
12033.9716796875 899
12050.83984375 1123
12098.6044921875 1169
12123.6611328125 1350
12147.453125 1405
12164.833984375 1512
12176.15625 1750
12218.9052734375 1769
12222.755859375 1908
12275.90234375 1966
12312.2119140625 1982
12323.236328125 1993
12383.8896484375 2094
12401.9296875 2126
12459.0615234375 2141
12474.751953125 2171
12519.9052734375 2174
12520.3037109375 2177
12542.74609375 2237
12581.125 2367
12655.291015625 2536
12664.82421875 2542
12697.447265625 2582
12711.6435546875 2675
12725.384765625 2703
12737.1650390625 1873
12747.091796875 2107
12772.9990234375 1281
12816.896484375 455
12819.5361328125 470
12845.6591796875 902
12845.7998046875 926
12848.94921875 967
12873.7216796875 1104
12950.1796875 1225
12974.107421875 1286
12986.4453125 1506
13051.875 1516
13081.5869140625 1599
13092.8984375 1779
13098.0029296875 1848
13100.7724609375 1867
13122.33984375 1883
13157.4873046875 2063
13196.01171875 2210
13209.5888671875 2246
13251.7041015625 2285
13254.03515625 2361
13305.2978515625 2686
13356.037109375 2700
13358.8876953125 88
13398.37109375 586
13504.3193359375 136
13514.111328125 1471
13521.6953125 226
13524.07421875 296
13526.18359375 1197
13609.783203125 1666
13637.134765625 2511
13648.177734375 101
13648.736328125 215
13654.8359375 549
13681.0224609375 550
13689.4970703125 573
13709.7490234375 1136
13728.486328125 1199
13742.587890625 1530
13750.9921875 1581
13752.556640625 1640
13781.625 1688
13798.5458984375 1968
13815.5869140625 2526
13816.556640625 2571
13818.3759765625 2983
13843.7626953125 1787
13873.4560546875 602
13879.734375 1146
13906.6953125 253
14013.2177734375 342
14017.162109375 843
14037.9599609375 1233
14039.3310546875 1335
14095.962890625 1394
14105.630859375 1737
14118.216796875 1784
14152.451171875 1950
14170.455078125 2025
14180.37109375 2473
14190.1328125 2518
14206.8271484375 999
14227.50390625 1056
14234.458984375 1900
14238.6376953125 1304
14246.638671875 1326
14266.513671875 2967
14268.39453125 1329
14281.90234375 50
14290.54296875 318
14354.0703125 389
14390.611328125 478
14413.3232421875 491
14413.560546875 580
14432.6279296875 599
14435.0 890
14443.611328125 896
14446.978515625 909
14465.7734375 919
14489.646484375 995
14531.701171875 1273
14604.8134765625 1342
14611.1123046875 1430
14628.67578125 1495
14636.599609375 1568
14713.0517578125 1583
14714.0625 1764
14728.95703125 1774
14769.1298828125 2065
14834.2431640625 2117
14855.07421875 2181
14878.408203125 2268
14886.9794921875 2465
14890.3095703125 2664
14905.5078125 2760
14910.2021484375 2764
14920.482421875 2938
14931.6005859375 2943
15029.0 1860
15032.7099609375 2880
15056.6298828125 1333
15072.0 2631
15081.275390625 146
15116.2529296875 1538
15118.0205078125 21
15120.5185546875 34
15159.63671875 200
15160.673828125 288
15167.2998046875 336
15189.2548828125 385
15212.2509765625 517
15232.37890625 546
15261.6298828125 609
15285.576171875 614
15319.9140625 683
15325.732421875 686
15331.08984375 769
15347.572265625 1097
15359.9765625 1221
15360.7509765625 1322
15377.6806640625 1359
15381.701171875 1376
15394.4326171875 1686
15409.6162109375 1854
15452.2548828125 2513
15462.71484375 2553
15473.810546875 2650
15491.892578125 2672
15507.9599609375 2911
15522.8076171875 78
15529.1904296875 2713
15537.5341796875 2800
15551.2451171875 2651
15576.59375 2970
15593.865234375 1045
15595.0419921875 1068
15597.57421875 2078
15605.501953125 884
15627.396484375 886
15641.80078125 1028
15645.5830078125 1845
15648.2841796875 1932
15671.201171875 2489
15671.4931640625 90
15678.095703125 153
15704.0380859375 240
15716.16796875 256
15717.1044921875 531
15743.681640625 644
15748.5146484375 706
15766.9765625 775
15770.154296875 1163
15786.041015625 1483
15787.576171875 2114
15828.4521484375 2379
15847.580078125 2424
15848.029296875 2433
15872.9384765625 2435
15903.939453125 2442
15908.8525390625 2683
15929.50390625 2811
15933.794921875 2176
15939.666015625 169
15957.4609375 2207
15970.80859375 1144
15974.0361328125 2180
15977.4765625 73
16016.4169921875 663
16104.8193359375 677
16117.044921875 756
16119.7568359375 925
16127.541015625 927
16129.0517578125 946
16131.498046875 996
16158.599609375 1141
16159.064453125 1202
16234.5166015625 1251
16255.76953125 1457
16270.349609375 1502
16273.294921875 1591
16278.2001953125 1733
16351.8017578125 1735
16354.2041015625 1919
16366.619140625 1933
16397.314453125 1955
16419.21875 2002
16420.763671875 2335
16427.05859375 2341
16435.65234375 2565
16439.71484375 2695
16454.0078125 2763
16473.115234375 2840
16479.390625 2422
16490.013671875 1020
16493.310546875 640
16504.015625 59
16521.57421875 177
16546.89453125 191
16553.46484375 575
16575.98828125 687
16610.439453125 934
16610.5859375 1119
16642.978515625 1529
16660.9375 1697
16664.75390625 1810
16674.60546875 1831
16686.2265625 2354
16706.01953125 2528
16736.904296875 2679
16839.09765625 2712
16864.71484375 2747
16869.078125 2809
16885.578125 2821
16890.7421875 2842
16894.955078125 2860
16906.802734375 2906
16918.09765625 2994
16952.71484375 186
16978.640625 223
17000.7421875 1594
17027.900390625 410
17050.775390625 631
17057.3359375 132
17065.962890625 2576
17080.990234375 1408
17102.146484375 1339
17103.29296875 22
17106.611328125 45
17122.439453125 300
17134.484375 812
17153.8828125 922
17175.916015625 947
17177.791015625 975
17190.28125 1001
17199.95703125 1095
17213.40234375 1275
17216.189453125 1664
17227.83203125 1708
17232.17578125 1763
17262.77734375 1766
17264.20703125 1889
17265.447265625 2077
17270.302734375 2082
17273.87890625 2131
17277.212890625 2315
17291.4140625 2317
17295.849609375 2409
17312.802734375 2608
17325.958984375 2616
17330.935546875 2649
17338.87890625 2819
17339.279296875 2862
17368.837890625 1164
17395.078125 2213
17396.095703125 1050
17413.669921875 979
17422.568359375 1562
17464.35546875 1597
17491.265625 2334
17541.61328125 587
17550.796875 630
17576.4296875 777
17596.8359375 1012
17640.291015625 1064
17668.076171875 1082
17668.076171875 1462
17737.099609375 1501
17747.7421875 1654
17762.81640625 1800
17798.5234375 2656
17807.01953125 2884
17825.451171875 1416
17840.755859375 1575
17847.63671875 2889
17855.509765625 445
17856.669921875 30
17872.845703125 2484
17893.83984375 38
17896.595703125 40
17933.404296875 76
17940.689453125 77
17943.87890625 108
17949.005859375 164
17959.876953125 211
17960.98046875 225
17964.017578125 376
17973.49609375 437
17979.5703125 510
17984.5859375 646
18018.650390625 671
18036.30859375 738
18051.236328125 770
18119.421875 1434
18155.818359375 1610
18180.90625 1662
18181.408203125 1709
18191.939453125 1998
18195.455078125 2166
18197.09375 2220
18222.5234375 2238
18225.451171875 2255
18237.810546875 2345
18250.123046875 2510
18269.791015625 2581
18280.62109375 2607
18282.060546875 2807
18294.216796875 1015
18302.76171875 1984
18319.759765625 1258
18344.27734375 2555
18355.6875 1147
18399.375 865
18418.8046875 939
18438.978515625 1497
18440.962890625 2630
18448.591796875 2752
18450.044921875 457
18462.197265625 309
18466.71484375 316
18471.529296875 483
18473.31640625 484
18522.240234375 633
18552.146484375 1026
18572.95703125 1036
18599.306640625 1176
18604.072265625 1423
18610.52734375 1485
18610.85546875 1590
18657.935546875 1702
18679.34375 1759
18727.140625 1818
18735.306640625 1958
18758.26171875 1963
18760.404296875 1977
18760.748046875 2053
18792.736328125 2056
18818.859375 2125
18845.58203125 2304
18848.021484375 2356
18867.666015625 2477
18877.328125 2533
18910.419921875 2732
18930.388671875 2948
18934.701171875 1601
18960.1484375 2256
18972.474609375 2104
18979.70703125 284
18981.267578125 182
18992.771484375 916
19000.693359375 1667
19058.67578125 1852
19066.693359375 727
19089.66796875 2036
19104.166015625 2772
19109.779296875 130
19119.541015625 219
19123.185546875 394
19129.615234375 405
19141.8671875 634
19175.5 856
19178.546875 983
19196.2265625 1117
19196.541015625 1386
19215.865234375 1791
19229.30859375 1991
19233.453125 2060
19251.078125 2215
19265.8359375 2314
19311.4921875 2440
19353.130859375 2467
19353.84375 2618
19367.013671875 2648
19381.8359375 2694
19383.62109375 1772
19426.87890625 818
19445.630859375 2907
19451.970703125 660
19453.259765625 1168
19463.341796875 1145
19495.267578125 1476
19497.5859375 1618
19504.998046875 655
19527.2734375 1592
19582.458984375 2120
19591.833984375 2557
19595.45703125 112
19616.40234375 350
19617.759765625 356
19635.234375 448
19640.072265625 1500
19658.28125 1526
19691.23046875 1587
19710.25 1881
19713.978515625 1943
19719.353515625 1962
19732.537109375 1995
19780.822265625 2075
19810.7109375 2118
19812.056640625 2309
19816.2578125 2418
19860.5078125 2516
19901.216796875 2588
19904.005859375 2605
19907.5546875 2623
19939.8359375 2937
19956.267578125 1005
19971.591796875 110
19996.3828125 2360
19996.896484375 121
19996.896484375 1046
20001.46484375 298
20019.662109375 372
20022.53125 492
20044.451171875 752
20074.4140625 838
20083.552734375 903
20093.74609375 1034
20112.740234375 1128
20112.740234375 1187
20126.25390625 1437
20134.068359375 1488
20141.900390625 1534
20167.76953125 1657
20173.74609375 1678
20191.25390625 1824
20196.478515625 1826
20224.48046875 1941
20265.556640625 1997
20270.447265625 2318
20287.951171875 2327
20337.990234375 2362
20340.49609375 2404
20366.634765625 2453
20371.134765625 2458
20389.06640625 2496
20392.58984375 2696
20393.033203125 2722
20409.708984375 2796
20415.64453125 2584
20470.74609375 2872
20470.83203125 2589
20504.517578125 2135
20505.4375 1802
20511.8125 1853
20574.837890625 1892
20586.095703125 1580
20599.224609375 25
20634.7421875 72
20637.33203125 343
20678.84375 710
20682.29296875 755
20690.67578125 885
20704.58203125 1683
20758.86328125 1776
20800.05859375 1972
20801.677734375 2047
20824.443359375 2138
20828.8515625 2185
20834.005859375 2344
20852.638671875 2545
20864.08984375 2573
20877.380859375 2855
20884.62890625 2159
20885.828125 1067
20886.517578125 371
20886.736328125 243
20894.572265625 1301
20910.7734375 311
20927.890625 426
20928.17578125 648
20933.291015625 720
20975.16796875 792
20977.28515625 940
20978.791015625 1006
21036.3046875 1032
21039.841796875 1160
21050.216796875 1189
21064.275390625 2183
21081.6953125 2190
21094.5 2301
21109.345703125 1459
21125.521484375 1649
21138.40625 353
21143.748046875 2706
21171.619140625 1511
21179.3671875 1778
21229.033203125 329
21312.4609375 731
21322.337890625 1400
21332.06640625 2070
21401.1171875 1480
21460.025390625 1714
21460.025390625 249
21520.513671875 94
21576.6796875 2823
21579.16015625 471
21593.662109375 473
21600.53125 747
21601.419921875 915
21611.671875 921
21622.966796875 993
21654.15625 1072
21693.837890625 1415
21709.751953125 1541
21740.85546875 1746
21761.416015625 1949
21764.908203125 2079
21810.560546875 2219
21820.7578125 2258
21825.8125 2413
21879.1015625 2628
21885.1015625 2828
21894.25390625 2903
21904.033203125 2996
21952.732421875 204
21983.06640625 1247
21991.568359375 1410
21999.6171875 1888
22002.123046875 1214
22011.14453125 1658
22047.482421875 2587
22110.962890625 380
22163.314453125 688
22185.3671875 1761
22196.2265625 66
22250.89453125 127
22252.779296875 179
22288.53125 855
22327.607421875 1198
22338.208984375 1250
22353.28515625 1507
22357.888671875 1558
22362.556640625 2007
22377.296875 2092
22380.169921875 2231
22443.2421875 2384
22449.234375 2457
22480.603515625 2544
22484.302734375 2717
22509.076171875 2774
22532.400390625 2794
22534.515625 2909
22637.603515625 972
22646.34765625 1138
22662.9609375 1442
22743.5625 1137
22759.037109375 102
22828.712890625 667
22832.427734375 1935
22849.525390625 2352
22857.3359375 2887
22873.28125 427
22877.0859375 1533
22975.421875 170
22985.890625 262
22995.52734375 306
23035.390625 596
23052.310546875 805
23107.47265625 849
23112.166015625 850
23138.890625 965
23157.4375 976
23198.171875 1058
23227.078125 1403
23230.841796875 1645
23244.822265625 1999
23275.1171875 2292
23307.615234375 2392
23351.55078125 2403
23384.33203125 2497
23392.921875 2524
23420.13671875 2601
23420.13671875 2652
23448.6875 2657
23459.755859375 2761
23461.693359375 2839
23491.50390625 2939
23515.0703125 2984
23555.51171875 1027
23563.14453125 622
23600.986328125 417
23601.9140625 450
23678.76171875 690
23717.583984375 969
23806.36328125 982
23870.357421875 1040
23882.59375 1078
23890.19140625 1083
23919.64453125 1382
23930.30859375 1391
23952.353515625 1486
24025.388671875 1503
24052.091796875 1547
24052.126953125 1561
24077.69921875 1965
24090.77734375 2026
24206.76953125 2066
24237.43359375 2182
24239.751953125 2245
24242.34375 2460
24254.572265625 2466
24261.587890625 2540
24358.15625 2593
24363.1328125 2632
24396.828125 2753
24424.087890625 2759
24461.59765625 2793
24529.123046875 2925
24588.908203125 2152
24608.87109375 762
24640.181640625 2757
24647.357421875 37
24659.287109375 1624
24670.759765625 1271
24741.90234375 2370
24755.833984375 2895
24824.697265625 2411
24912.234375 67
24912.78125 150
24935.615234375 171
24941.888671875 195
25021.537109375 363
25030.203125 522
25183.046875 657
25236.400390625 701
25245.33203125 760
25247.646484375 811
25251.919921875 874
25296.51171875 875
25299.0546875 1002
25352.87109375 1007
25432.0703125 1023
25476.330078125 1356
25613.509765625 1378
25613.740234375 1489
25722.3046875 1629
25725.83984375 2721
25745.337890625 2032
25756.01953125 2259
25772.0078125 771
25858.5546875 1543
25997.25 2241
26089.318359375 1964
26089.455078125 1625
26091.443359375 2693
26108.345703125 222
26212.029296875 258
26217.931640625 281
26217.931640625 506
26239.037109375 582
26249.029296875 724
26275.248046875 879
26280.10546875 1003
26495.74609375 1171
26624.779296875 1182
26638.9609375 1588
26747.716796875 1685
26805.541015625 1758
26896.775390625 2300
26966.099609375 2310
27215.3515625 2705
27284.72265625 2845
27428.556640625 2916
27464.697265625 1811
27478.34375 2701
27562.232421875 421
27611.251953125 1440
27673.9140625 2337
27734.849609375 2531
27824.296875 18
27918.64453125 29
28004.453125 31
28021.5625 104
28031.68359375 274
28050.306640625 321
28076.26171875 370
28275.09765625 375
28314.232421875 562
28325.236328125 914
28375.7734375 944
28384.94140625 1672
28600.970703125 1684
29290.5703125 1825
29306.990234375 1846
29361.146484375 1960
29399.287109375 1976
29550.203125 2006
29620.951171875 2319
29707.625 2405
29840.6875 2550
29883.705078125 2606
29888.439453125 2768
29937.87890625 1081
30028.146484375 1780
30038.03125 16
30040.15234375 28
30223.86328125 125
30328.564453125 212
30380.48828125 265
30410.880859375 295
30501.09375 360
30519.763671875 364
30522.103515625 937
30802.986328125 1077
31177.41015625 1101
31366.0703125 1241
31392.69140625 1243
31708.685546875 1307
31710.681640625 1343
31724.40625 1404
31778.38671875 1418
31923.078125 1585
32292.02734375 1719
32326.576171875 1822
32370.724609375 2009
32537.14453125 2164
32802.625 2214
32865.96484375 2250
33113.87109375 2263
33215.94140625 2342
37071.20703125 2359
38930.60546875 2547
