6289.01171875 1781
6466.88623046875 81
6492.1982421875 229
6743.39208984375 440
6780.83349609375 548
6791.13623046875 611
6810.529296875 826
6819.43798828125 834
6833.51806640625 848
6850.60302734375 871
6949.93603515625 893
6968.41064453125 1231
7059.71142578125 1256
7073.45849609375 1315
7165.8544921875 1458
7211.640625 1550
7284.63232421875 1671
7406.0712890625 1711
7415.015625 1815
7451.90380859375 1893
7452.3681640625 2312
7467.103515625 2324
7471.75 2385
7509.5341796875 2447
7514.4345703125 2562
7535.2138671875 2610
7541.74072265625 2622
7632.65478515625 2853
7695.578125 2924
7712.60595703125 2927
7718.55029296875 2239
7732.82421875 1446
7765.17919921875 87
7773.36181640625 251
7795.11083984375 527
7797.6884765625 529
7813.64453125 625
7858.8359375 641
7869.5 693
7939.58984375 873
8003.04638671875 881
8015.43359375 928
8035.791015625 1133
8126.23876953125 1283
8127.12109375 1318
8141.62890625 1346
8146.4619140625 1417
8225.181640625 1720
8227.1083984375 1987
8228.3349609375 2226
8228.3349609375 2296
8237.5927734375 2515
8242.888671875 2572
8260.4365234375 2669
8289.736328125 2728
8360.2548828125 2734
8365.25 2746
8407.36328125 2852
8422.501953125 2866
8424.9267578125 2915
8448.5439453125 2949
8474.22265625 377
8482.919921875 2281
8491.849609375 160
8508.1845703125 1
8509.4736328125 425
8516.765625 446
8575.3671875 800
8581.7529296875 918
8582.1982421875 953
8625.09375 985
8634.0078125 986
8716.412109375 1008
8717.35546875 1043
8734.2021484375 1270
8741.8125 1317
8753.27734375 1435
8759.490234375 1548
8774.7783203125 1606
8775.7607421875 1661
8833.822265625 1712
8858.583984375 2010
8859.7294921875 2088
8861.6708984375 2365
8866.208984375 2410
8877.3955078125 2414
8915.0888671875 2482
8931.36328125 2560
8936.6142578125 2781
8942.02734375 2820
8945.853515625 997
8954.248046875 1362
9007.806640625 1926
9019.490234375 2997
9044.150390625 254
9070.8994140625 388
9086.0654296875 465
9110.7705078125 498
9137.4599609375 520
9151.5107421875 962
9174.6279296875 981
9176.9814453125 1156
9199.7158203125 1652
9200.3974609375 2205
9219.0419921875 2339
9264.890625 2417
9266.5166015625 2494
9275.189453125 2687
9281.5849609375 1122
9288.2158203125 1670
9292.0341796875 264
9310.76171875 2173
9333.1962890625 1646
9367.3994140625 2396
9370.875 49
9381.23828125 189
9387.0224609375 261
9420.0 263
9425.7958984375 430
9490.947265625 831
9511.5107421875 899
9520.4033203125 1123
9523.126953125 1169
9538.65625 1350
9564.5625 1405
9621.3779296875 1512
9635.2568359375 1750
9659.7353515625 1769
9688.12890625 1908
9702.685546875 1966
9710.53125 1982
9735.3525390625 1993
9735.984375 2094
9736.0126953125 2126
9803.1181640625 2141
9816.41015625 2171
9885.69921875 2174
9913.552734375 2177
9914.25390625 2237
9981.927734375 2367
9984.60546875 2536
9987.513671875 2542
9997.2880859375 2582
9997.658203125 2675
10018.4404296875 2703
10024.1513671875 1873
10040.40625 2107
10065.826171875 1281
10065.826171875 455
10083.4853515625 470
10133.333984375 902
10141.986328125 926
10170.0849609375 967
10170.2705078125 1104
10226.486328125 1225
10240.1015625 1286
10264.5205078125 1506
10275.4736328125 1516
10332.564453125 1599
10350.4423828125 1779
10391.421875 1848
10404.21875 1867
10407.470703125 1883
10410.287109375 2063
10420.521484375 2210
10431.775390625 2246
10432.5029296875 2285
10459.8515625 2361
10496.2470703125 2686
10529.251953125 2700
10585.83984375 88
10588.068359375 586
10602.9375 136
10605.3046875 1471
10633.5205078125 226
10681.6162109375 296
10711.2060546875 1197
10719.4453125 1666
10731.3017578125 2511
10739.458984375 101
10742.423828125 215
10745.595703125 549
10746.138671875 550
10748.439453125 573
10787.30078125 1136
10822.5625 1199
10845.6357421875 1530
10846.8701171875 1581
10883.24609375 1640
10885.791015625 1688
10940.2705078125 1968
10975.5791015625 2526
10992.8271484375 2571
11034.6171875 2983
11047.0908203125 1787
11085.041015625 602
11098.9443359375 1146
11121.7490234375 253
11136.6826171875 342
11145.373046875 843
11148.095703125 1233
11152.0166015625 1335
11168.04296875 1394
11179.599609375 1737
11183.4248046875 1784
11188.02734375 1950
11197.638671875 2025
11204.642578125 2473
11214.5546875 2518
11247.44140625 999
11260.3837890625 1056
11284.126953125 1900
11298.779296875 1304
11300.6416015625 1326
11311.466796875 2967
11341.17578125 1329
11360.759765625 50
11389.1943359375 318
11420.9453125 389
11424.98046875 478
11435.9013671875 491
11440.7353515625 580
11478.306640625 599
11479.9091796875 890
11492.3564453125 896
11498.2412109375 909
11506.966796875 919
11536.4619140625 995
11541.328125 1273
11591.4462890625 1342
11598.826171875 1430
11601.7646484375 1495
11611.1982421875 1568
11631.068359375 1583
11632.37890625 1764
11640.3291015625 1774
11647.8662109375 2065
11657.53515625 2117
11661.638671875 2181
11722.466796875 2268
11724.71875 2465
11777.8349609375 2664
11790.435546875 2760
11839.5595703125 2764
11845.5849609375 2938
11871.97265625 2943
11928.203125 1860
11947.1611328125 2880
11964.4169921875 1333
11974.94140625 2631
11994.8369140625 146
11995.158203125 1538
12005.4765625 21
12007.86328125 34
12008.6494140625 200
12011.7578125 288
12015.6708984375 336
12033.06640625 385
12054.6845703125 517
12065.9619140625 546
12070.138671875 609
12085.7880859375 614
12089.703125 683
12106.6103515625 686
12109.1240234375 769
12118.419921875 1097
12190.7294921875 1221
12243.7802734375 1322
12253.4775390625 1359
12260.490234375 1376
12265.90234375 1686
12278.9814453125 1854
12286.23046875 2513
12294.15625 2553
12295.947265625 2650
12305.193359375 2672
12307.3466796875 2911
12329.3310546875 78
12330.8251953125 2713
12351.205078125 2800
12402.970703125 2651
12405.3447265625 2970
12409.2041015625 1045
12436.4541015625 1068
12482.7451171875 2078
12485.7919921875 884
12488.1337890625 886
12491.0537109375 1028
12505.4501953125 1845
12517.5322265625 1932
12525.736328125 2489
12531.8662109375 90
12540.28125 153
12566.1123046875 240
12609.9990234375 256
12613.4296875 531
12613.4296875 644
12613.8076171875 706
12616.3525390625 775
12628.8359375 1163
12671.4453125 1483
12673.9111328125 2114
12704.9990234375 2379
12786.890625 2424
12795.7138671875 2433
12805.6171875 2435
12824.478515625 2442
12841.5126953125 2683
12845.220703125 2811
12872.650390625 2176
12877.048828125 169
12906.3271484375 2207
12992.6171875 1144
13003.4453125 2180
13013.2431640625 73
13015.9375 663
13080.3291015625 677
13092.259765625 756
13103.5712890625 925
13107.0625 927
13116.837890625 946
13119.6650390625 996
13129.708984375 1141
13141.4453125 1202
13163.01953125 1251
13172.1142578125 1457
13193.1533203125 1502
13216.5400390625 1591
13250.931640625 1733
13258.4248046875 1735
13312.60546875 1919
13332.251953125 1933
13335.9267578125 1955
13369.2197265625 2002
13376.318359375 2335
13401.0380859375 2341
13477.9638671875 2565
13489.728515625 2695
13499.5888671875 2763
13550.3994140625 2840
13565.421875 2422
13565.5576171875 1020
13608.677734375 640
13612.4111328125 59
13617.751953125 177
13637.8818359375 191
13643.734375 575
13645.8525390625 687
13647.6123046875 934
13648.17578125 1119
13648.4697265625 1529
13657.9208984375 1697
13691.9912109375 1810
13695.2607421875 1831
13708.23046875 2354
13708.4677734375 2528
13716.412109375 2679
13723.9794921875 2712
13724.662109375 2747
13738.236328125 2809
13835.357421875 2821
13837.033203125 2842
13863.0849609375 2860
13865.98828125 2906
13887.60546875 2994
13901.85546875 186
13902.65625 223
13907.09375 1594
13944.1826171875 410
13949.1513671875 631
13958.330078125 132
13969.1005859375 2576
14010.9306640625 1282
14036.8134765625 488
14050.0400390625 869
14064.1357421875 2059
14101.6376953125 787
14102.087890625 904
14107.447265625 137
14111.3115234375 275
14125.8115234375 328
14140.1328125 333
14162.34765625 392
14187.2197265625 407
14212.0185546875 489
14220.697265625 680
14228.9326171875 1022
14254.58203125 1290
14258.5224609375 1358
14273.5322265625 1607
14290.59375 1653
14295.8359375 2024
14296.5751953125 2184
14300.3095703125 2221
14304.1416015625 2394
14305.3681640625 2427
14308.7470703125 2517
14310.0029296875 2655
14319.2216796875 2704
14367.935546875 2900
14367.9736328125 2946
14380.638671875 459
14380.638671875 1408
14391.4951171875 1339
14403.6181640625 22
14407.5517578125 45
14449.2646484375 300
14455.3330078125 812
14455.7138671875 922
14467.822265625 947
14474.24609375 975
14513.59765625 1001
14543.0361328125 1095
14552.935546875 1275
14556.5888671875 1664
14559.337890625 1708
14565.52734375 1763
14569.3408203125 1766
14575.8388671875 1889
14596.6669921875 2077
14600.431640625 2082
14629.873046875 2131
14653.55859375 2315
14673.021484375 2317
14706.7373046875 2409
14709.546875 2608
14739.810546875 2616
14759.2314453125 2649
14761.40234375 2819
14762.8291015625 2862
14764.0439453125 1164
14778.91015625 2213
14788.17578125 1050
14800.9462890625 979
14811.9169921875 1562
14822.9287109375 1597
14823.55078125 2334
14851.5576171875 587
14870.6064453125 630
14873.74609375 777
14877.583984375 1012
14897.353515625 1064
14972.203125 1082
14977.015625 1462
15000.154296875 1501
15031.1640625 1654
15031.7421875 1800
15055.0068359375 2656
15056.1865234375 2884
15069.109375 1416
15078.16015625 1575
15080.728515625 2889
15088.01953125 445
15093.861328125 30
15107.1162109375 2484
15110.21875 38
15112.4736328125 40
15121.25390625 76
15130.0244140625 77
15144.0478515625 108
15172.322265625 164
15194.796875 211
15195.54296875 225
15213.1728515625 376
15227.3896484375 437
15232.5263671875 510
15238.41796875 646
15253.5830078125 671
15254.4541015625 738
15299.408203125 770
15307.8017578125 1434
15308.7021484375 1610
15309.6708984375 1662
15320.3046875 1709
15328.078125 1998
15332.42578125 2166
15388.888671875 2220
15389.462890625 2238
15394.42578125 2255
15409.3251953125 2345
15410.5869140625 2510
15413.9404296875 2581
15414.5458984375 2607
15415.2802734375 2807
15423.9990234375 1015
15433.3642578125 1984
15459.359375 1258
15461.3017578125 2555
15465.3310546875 1147
15478.111328125 865
15502.6328125 939
15516.21484375 1497
15538.02734375 2630
15571.970703125 2752
15579.1025390625 457
15613.048828125 309
15613.134765625 316
15621.7734375 483
15630.232421875 484
15656.8740234375 633
15670.08984375 1026
15686.333984375 1036
15688.9169921875 1176
15691.0380859375 1423
15709.7236328125 1485
15726.900390625 1590
15731.3681640625 1702
15735.31640625 1759
15741.708984375 1818
15744.1982421875 1958
15756.5625 1963
15767.36328125 1977
15767.36328125 2053
15786.7685546875 2056
15804.001953125 2125
15830.8134765625 2304
15845.296875 2356
15849.3720703125 2477
15887.0478515625 2533
15892.970703125 2732
15901.01171875 2948
15913.6142578125 1601
15935.146484375 2256
15936.1318359375 2104
15938.9296875 284
15942.65234375 182
15943.3798828125 916
15944.74609375 1667
16000.6240234375 1852
16004.9462890625 727
16006.009765625 2036
16008.4423828125 2772
16053.0419921875 130
16078.9033203125 219
16099.9453125 394
16110.6142578125 405
16125.033203125 634
16149.5634765625 856
16166.541015625 983
16189.0166015625 1117
16199.4248046875 1386
16213.314453125 1791
16215.197265625 1991
16220.0087890625 2060
16231.4384765625 2215
16240.3994140625 2314
16250.1591796875 2440
16254.4228515625 2467
16280.087890625 2618
16281.6845703125 2648
16300.6005859375 2694
16304.0 1772
16316.521484375 818
16326.224609375 2907
16343.6796875 660
16344.2412109375 1168
16353.162109375 1145
16357.56640625 1476
16357.82421875 1618
16389.833984375 655
16404.572265625 1592
16417.0546875 2120
16430.091796875 2557
16448.478515625 112
16475.78515625 350
16481.01171875 356
16481.611328125 448
16489.26171875 1500
16499.11328125 1526
16511.69140625 1587
16521.505859375 1881
16541.9140625 1943
16548.337890625 1962
16614.208984375 1995
16615.4140625 2075
16617.927734375 2118
16661.71484375 2309
16705.0625 2418
16709.56640625 2516
16712.0703125 2588
16728.986328125 2605
16747.298828125 2623
16758.5078125 2937
16770.056640625 1005
16778.935546875 110
16821.779296875 2360
16833.720703125 121
16843.435546875 1046
16851.564453125 298
16854.0078125 372
16878.01171875 492
16891.44921875 752
16894.705078125 838
16908.80859375 903
16950.744140625 1034
16960.48046875 1128
16975.130859375 1187
16985.2578125 1437
17013.025390625 1488
17014.126953125 1534
17018.826171875 1657
17044.78125 1678
17049.58984375 1824
17086.638671875 1826
17102.671875 1941
17122.5390625 1997
17136.419921875 2318
17148.048828125 2327
17197.185546875 2362
17201.63671875 2404
17277.427734375 2453
17283.4375 2458
17289.623046875 2496
17315.779296875 2696
17336.85546875 2722
17377.4375 2796
17381.296875 2584
17395.50390625 2872
17416.185546875 2589
17425.0859375 2135
17435.30078125 1802
17441.65625 1853
17460.66796875 1892
17467.63671875 1580
17492.693359375 25
17502.79296875 72
17524.373046875 343
17531.701171875 710
17531.947265625 755
17537.95703125 885
17597.09765625 1683
17602.224609375 1776
17630.57421875 1972
17669.8984375 2047
17701.322265625 2138
17719.662109375 2185
17747.9140625 2344
17757.896484375 2545
17761.33984375 2573
17769.830078125 2855
17770.853515625 2159
17774.5390625 1067
17801.630859375 371
17836.328125 243
17845.95703125 1301
17868.552734375 311
17884.40625 426
17914.69921875 648
17961.716796875 720
17968.3203125 792
17976.9375 940
18006.21875 1006
18033.443359375 1032
18056.302734375 1160
18072.94921875 1189
18094.064453125 2183
18096.228515625 2190
18096.990234375 2301
18097.33203125 1459
18139.73828125 1649
18198.85546875 353
18206.83203125 2706
18236.876953125 1511
18274.779296875 1778
18325.1640625 329
18327.3125 731
18351.181640625 1400
18359.056640625 2070
18402.6328125 1480
18403.01953125 1714
18427.712890625 249
18445.48828125 94
18480.095703125 2823
18554.93359375 471
18567.521484375 473
18572.830078125 747
18586.65625 915
18618.572265625 921
18626.48828125 993
18630.4375 1072
18646.791015625 1415
18647.1484375 1541
18681.5703125 1746
18727.890625 1949
18735.939453125 2079
18739.369140625 2219
18764.630859375 2258
18797.880859375 2413
18810.0390625 2628
18832.12109375 2828
18862.5390625 2903
18874.3671875 2996
18889.833984375 204
18901.0546875 1247
18941.83203125 1410
18950.755859375 1888
18960.09375 1214
19001.34375 1658
19003.57421875 2587
19017.9140625 380
19035.693359375 688
19059.16015625 1761
19064.685546875 66
19065.783203125 127
19067.328125 179
19068.015625 855
19089.88671875 1198
19105.236328125 1250
19128.54296875 1507
19189.14453125 1558
19201.087890625 2007
19227.205078125 2092
19258.140625 2231
19292.58984375 2384
19294.525390625 2457
19298.54296875 2544
19380.205078125 2717
19418.017578125 2774
19428.490234375 2794
19438.84375 2909
19450.91796875 972
19473.166015625 1138
19484.6875 1442
19489.05078125 1137
19494.49609375 102
19512.421875 667
19514.751953125 1935
19529.22265625 2352
19531.6328125 2887
19543.734375 427
19560.763671875 1533
19578.40625 170
19591.236328125 262
19597.517578125 306
19600.267578125 596
19612.76953125 805
19613.095703125 849
19632.765625 850
19635.283203125 965
19642.62890625 976
19690.916015625 1058
19700.375 1403
19771.150390625 1645
19796.310546875 1999
19810.287109375 2292
19827.66015625 2392
19845.060546875 2403
19913.541015625 2497
19982.40625 2524
20048.150390625 2601
20210.740234375 2652
20248.03125 2657
20261.537109375 2761
20273.79296875 2839
20279.14453125 2939
20282.103515625 2984
20283.865234375 1027
20328.158203125 622
20337.8125 417
20349.576171875 450
20364.287109375 690
20368.572265625 969
20428.1875 982
20519.830078125 1040
20554.826171875 1078
20567.298828125 1083
20594.8828125 1382
20628.91015625 1391
20645.173828125 1486
20670.1953125 1503
20683.4296875 1547
20706.3515625 1561
20712.87109375 1965
20807.921875 2026
20812.6015625 2066
20820.5546875 2182
20849.017578125 2245
20892.244140625 2460
20968.765625 2466
21082.041015625 2540
21094.0625 2593
21112.15625 2632
21168.59765625 2753
21181.958984375 2759
21217.306640625 2793
21224.494140625 2925
21304.328125 2152
21308.208984375 762
21310.513671875 2757
21312.3359375 37
21378.65625 1624
21442.39453125 1271
21449.998046875 2370
21460.876953125 2895
21509.3125 2411
21607.826171875 67
21695.328125 150
21764.09375 171
21780.908203125 195
21897.609375 363
21959.099609375 522
21974.505859375 657
22019.609375 701
22060.7890625 760
22061.15625 811
22063.392578125 874
22115.95703125 875
22130.294921875 1002
22227.21875 1007
22244.419921875 1023
22266.333984375 1356
22320.26171875 1378
22324.857421875 1489
22403.427734375 1629
22442.2109375 2721
22483.9765625 2032
22550.033203125 2259
22596.853515625 771
22621.404296875 1543
22725.060546875 2241
22732.44921875 1964
22800.576171875 1625
22857.55078125 2693
22946.619140625 222
23166.60546875 258
23228.828125 281
23255.12109375 506
23336.908203125 582
23342.5234375 724
23369.044921875 879
23384.064453125 1003
23411.234375 1171
23486.193359375 1182
23561.04296875 1588
23573.47265625 1685
23614.291015625 1758
23628.921875 2300
23680.06640625 2310
23704.8125 2705
23716.796875 2845
23721.109375 2916
23721.98046875 1811
23728.3203125 2701
23731.083984375 421
23778.873046875 1440
23787.73828125 2337
23878.70703125 2531
23878.70703125 18
23941.10546875 29
24002.728515625 31
24044.6328125 104
24069.96875 274
24113.009765625 321
24247.9375 370
24540.978515625 375
24543.73828125 562
24604.666015625 914
24615.54296875 944
24630.111328125 1672
25030.9609375 1684
25070.380859375 1825
25112.3984375 1846
25136.544921875 1960
25316.15625 1976
25390.408203125 2006
25450.60546875 2319
25457.67578125 2405
25597.623046875 2550
25658.86328125 2606
25662.337890625 2768
25682.869140625 1081
25703.408203125 1780
25878.794921875 16
25945.46875 28
25947.390625 125
25961.896484375 212
26099.16796875 265
26416.318359375 295
26484.40234375 360
26821.015625 364
26831.677734375 937
27137.984375 1077
27892.185546875 1101
27931.86328125 1241
27990.865234375 1243
28140.53515625 1307
28176.943359375 1343
28557.927734375 1404
28660.99609375 1418
28990.54296875 1585
29009.0859375 1719
29018.447265625 1822
29059.94140625 2009
29108.029296875 2164
29173.1484375 2214
29206.193359375 2250
29926.90234375 2263
30004.86328125 2342
30773.146484375 2359
32712.716796875 2547
