5904.46337890625 2159
6115.5888671875 1067
6429.548828125 371
6777.53955078125 243
7245.751953125 1301
7274.1962890625 311
7353.984375 426
7372.30517578125 648
7405.96044921875 720
7453.90185546875 792
7479.7587890625 940
7518.8349609375 1006
7631.57666015625 1032
7717.7763671875 1160
7769.6845703125 1189
7787.9130859375 2183
7828.9765625 2190
7907.2216796875 2301
7908.1484375 1459
7951.6484375 1649
7960.46240234375 353
8080.2744140625 2706
8084.27392578125 1446
8099.1748046875 87
8113.7958984375 251
8160.41552734375 527
8165.5302734375 529
8199.6337890625 625
8284.455078125 641
8319.0986328125 693
8326.7265625 873
8369.1298828125 881
8428.994140625 928
8438.2900390625 1133
8443.0126953125 1283
8449.369140625 1318
8494.34765625 1346
8561.095703125 1417
8640.7744140625 1720
8641.14453125 1987
8649.8173828125 2226
8662.61328125 2296
8676.931640625 2515
8681.2802734375 2572
8703.7724609375 2669
8713.70703125 2728
8735.787109375 2734
8735.787109375 2746
8770.3984375 2852
8774.9404296875 2866
8808.48828125 2915
8809.69140625 2949
8832.5703125 377
8853.55078125 2281
8868.2646484375 160
8879.1630859375 1
8919.1240234375 425
8926.2998046875 446
8990.654296875 800
9015.7392578125 918
9018.1171875 953
9067.3408203125 985
9087.0830078125 986
9098.7041015625 1008
9101.2177734375 1043
9109.955078125 1270
9137.9033203125 1317
9158.1328125 1435
9172.4287109375 1548
9183.5087890625 1606
9188.9755859375 1661
9191.1298828125 1712
9201.93359375 2010
9204.05859375 2088
9227.9501953125 2365
9229.4296875 2410
9239.7919921875 2414
9248.826171875 2482
9263.59765625 2560
9298.189453125 2781
9322.919921875 2820
9346.951171875 997
9361.314453125 1781
9391.720703125 81
9405.306640625 229
9426.5869140625 440
9441.6591796875 548
9442.3232421875 611
9469.458984375 826
9494.896484375 834
9495.40234375 848
9543.900390625 871
9556.994140625 893
9569.6572265625 1231
9576.4755859375 1256
9579.3232421875 1315
9589.896484375 1458
9593.08203125 1550
9611.2021484375 1671
9616.697265625 1711
9633.7548828125 1815
9637.421875 1893
9657.2333984375 2312
9677.3583984375 2324
9687.947265625 2385
9714.2451171875 2447
9716.705078125 2562
9744.0556640625 2610
9772.720703125 2622
9775.6376953125 2853
9777.96484375 2924
9790.7333984375 2927
9819.7451171875 2239
9853.9052734375 1362
9863.6064453125 1926
9869.111328125 2997
9869.568359375 254
9925.134765625 388
9972.8173828125 465
9992.845703125 498
10022.4501953125 520
10055.072265625 962
10075.0478515625 981
10089.3564453125 1156
10100.9970703125 1652
10153.2900390625 2205
10195.7353515625 2339
10229.796875 2417
10236.3955078125 2494
10241.4873046875 2687
10247.7890625 1122
10279.111328125 1670
10279.78515625 264
10283.583984375 2173
10298.5556640625 1646
10310.1015625 2396
10336.2060546875 49
10344.1826171875 189
10354.2412109375 261
10363.294921875 263
10397.884765625 430
10415.5546875 831
10415.5546875 899
10420.169921875 1123
10432.4169921875 1169
10435.416015625 1350
10451.6982421875 1405
10492.404296875 1512
10497.3017578125 1750
10520.4501953125 1769
10542.759765625 1908
10553.271484375 1966
10576.8544921875 1982
10593.404296875 1993
10600.62109375 2094
10605.876953125 2126
10607.4228515625 2141
10607.6298828125 2171
10608.134765625 2174
10621.3642578125 2177
10628.8623046875 2237
10629.2841796875 2367
10650.654296875 2536
10674.2783203125 2542
10677.8974609375 2582
10692.490234375 2675
10702.833984375 2703
10735.392578125 1873
10746.6494140625 2107
10753.7421875 1281
10772.837890625 455
10790.2978515625 470
10791.14453125 902
10794.99609375 926
10797.4091796875 967
10814.9140625 1104
10831.521484375 1225
10833.287109375 1286
10852.3125 1506
10862.716796875 1516
10875.03125 1599
10896.1787109375 1779
10896.607421875 1848
10931.1591796875 1867
10934.63671875 1883
10942.494140625 2063
10948.447265625 2210
10950.2158203125 2246
10950.693359375 2285
10958.33984375 2361
10958.33984375 2686
10958.5048828125 2700
10970.7919921875 88
10996.4921875 586
10997.5810546875 136
11008.48828125 1471
11009.2431640625 226
11019.353515625 296
11023.4609375 1197
11036.1279296875 1666
11037.0390625 2511
11051.8955078125 101
11058.32421875 215
11061.01953125 549
11070.98046875 550
11096.7109375 573
11165.4033203125 1136
11167.09375 1199
11176.583984375 1530
11177.5234375 1581
11213.3935546875 1640
11215.0712890625 1688
11216.3212890625 1968
11218.5859375 2526
11236.703125 2571
11255.98828125 2983
11257.2197265625 1787
11260.7724609375 602
11276.43359375 1146
11304.8896484375 253
11323.9638671875 342
11329.44921875 843
11330.9560546875 1233
11332.5478515625 1335
11333.2431640625 1394
11333.931640625 1737
11399.603515625 1784
11410.4716796875 1950
11412.3935546875 2025
11456.3544921875 2473
11459.7529296875 2518
11463.4169921875 999
11468.296875 1056
11472.7119140625 1900
11476.283203125 1304
11480.5830078125 1326
11507.1904296875 2967
11523.951171875 1329
11532.0078125 50
11541.90625 318
11572.7646484375 389
11579.8759765625 478
11581.8017578125 491
11603.158203125 580
11617.69921875 599
11620.1435546875 890
11649.40625 896
11658.6123046875 909
11677.9501953125 919
11680.763671875 995
11690.71484375 1273
11696.701171875 1342
11710.2705078125 1430
11718.8388671875 1495
11719.78125 1568
11726.1796875 1583
11731.158203125 1764
11731.9697265625 1774
11733.173828125 2065
11736.693359375 2117
11742.787109375 2181
11747.1708984375 2268
11749.8564453125 2465
11756.7080078125 2664
11785.9501953125 2760
11793.0859375 2764
11802.17578125 2938
11820.439453125 2943
11822.3779296875 1860
11838.962890625 2880
11840.1083984375 1333
11844.5576171875 2631
11847.40625 146
11857.3681640625 1538
11861.673828125 21
11878.2880859375 34
11906.2021484375 200
11924.1162109375 288
11933.6748046875 336
11942.7080078125 385
11949.5361328125 517
11956.1328125 546
11984.484375 609
11994.11328125 614
11995.9375 683
12002.8623046875 686
12006.013671875 769
12010.1064453125 1097
12030.537109375 1221
12050.1708984375 1322
12062.8447265625 1359
12075.515625 1376
12079.3232421875 1686
12098.927734375 1854
12129.01171875 2513
12149.2724609375 2553
12152.1201171875 2650
12161.75 2672
12170.5595703125 2911
12172.9599609375 78
12174.501953125 2713
12192.771484375 2800
12218.7451171875 2651
12225.060546875 2970
12230.9443359375 1045
12237.458984375 1068
12272.3037109375 2078
12275.3037109375 884
12294.9287109375 886
12306.7666015625 1028
12309.9521484375 1845
12311.74609375 1932
12324.9580078125 2489
12329.640625 90
12336.525390625 153
12358.765625 240
12358.9638671875 256
12365.6103515625 531
12403.037109375 644
12403.177734375 706
12409.2685546875 775
12409.306640625 1163
12421.677734375 1483
12423.9921875 2114
12470.5126953125 2379
12488.07421875 2424
12490.51171875 2433
12500.03125 2435
12529.8046875 2442
12545.90234375 2683
12546.388671875 2811
12567.017578125 2176
12571.46875 169
12575.865234375 2207
12601.154296875 1144
12604.521484375 2180
12628.021484375 73
12633.7783203125 663
12640.869140625 677
12667.921875 756
12672.9169921875 925
12674.943359375 927
12676.505859375 946
12685.49609375 996
12686.1328125 1141
12686.3212890625 1202
12687.3876953125 1251
12699.7890625 1457
12708.736328125 1502
12715.13671875 1591
12721.7119140625 1733
12723.130859375 1735
12740.3701171875 1919
12750.3359375 1933
12769.705078125 1955
12775.048828125 2002
12785.3984375 2335
12797.9033203125 2341
12808.16015625 2565
12811.5849609375 2695
12811.607421875 2763
12832.908203125 2840
12833.52734375 2422
12838.603515625 1020
12839.9208984375 640
12847.212890625 59
12873.6083984375 177
12878.0498046875 191
12890.92578125 575
12897.2412109375 687
12907.767578125 934
12915.5 1119
12939.24609375 1529
12946.4658203125 1697
12967.470703125 1810
12984.04296875 1831
12984.548828125 2354
12990.037109375 2528
12994.380859375 2679
12995.4560546875 2712
12998.5751953125 2747
13023.4833984375 2809
13037.3134765625 2821
13048.69140625 2842
13048.7861328125 2860
13056.6455078125 2906
13061.431640625 2994
13070.3662109375 186
13079.3369140625 223
13115.0556640625 1594
13126.771484375 410
13128.7236328125 631
13140.6826171875 132
13167.568359375 2576
13171.6611328125 1282
13174.0576171875 488
13178.6064453125 869
13190.193359375 2059
13196.9638671875 787
13205.91796875 904
13211.953125 137
13215.763671875 275
13218.18359375 328
13219.923828125 333
13228.744140625 392
13235.763671875 407
13236.6875 489
13237.640625 680
13243.158203125 1022
13243.96484375 1290
13250.3310546875 1358
13259.6904296875 1607
13284.0908203125 1653
13286.3330078125 2024
13295.546875 2184
13318.9833984375 2221
13357.09765625 2394
13358.0146484375 2427
13363.40234375 2517
13389.546875 2655
13397.5 2704
13422.0244140625 2900
13460.06640625 2946
13460.06640625 459
13463.158203125 1408
13464.763671875 1339
13471.318359375 22
13478.15234375 45
13480.0205078125 300
13483.02734375 812
13519.33984375 922
13520.3857421875 947
13544.912109375 975
13596.4375 1001
13604.2099609375 1095
13628.9169921875 1275
13643.2138671875 1664
13663.234375 1708
13670.2265625 1763
13674.109375 1766
13676.498046875 1889
13678.3876953125 2077
13680.9501953125 2082
13685.123046875 2131
13699.919921875 2315
13707.2392578125 2317
13718.2607421875 2409
13728.0703125 2608
13739.607421875 2616
13759.2978515625 2649
13760.7734375 2819
13777.5029296875 2862
13782.0771484375 1164
13784.927734375 2213
13794.306640625 1050
13803.3740234375 979
13804.3427734375 1562
13807.619140625 1597
13825.8125 2334
13833.8251953125 587
13853.3359375 630
13860.916015625 777
13869.2392578125 1012
13875.556640625 1064
13877.8466796875 1082
13884.62890625 1462
13950.6064453125 1501
13962.1396484375 1654
13967.7646484375 1800
13971.1123046875 2656
13980.5556640625 2884
13980.728515625 1416
13986.150390625 1575
13986.89453125 2889
13988.96875 445
14003.9912109375 30
14066.4912109375 2484
14069.6884765625 38
14070.130859375 40
14113.2548828125 76
14119.76953125 77
14141.58203125 108
14144.1865234375 164
14191.42578125 211
14204.7197265625 225
14208.6484375 376
14232.984375 437
14269.33984375 510
14278.9267578125 646
14294.541015625 671
14348.443359375 738
14376.197265625 770
14393.6015625 1434
14406.7490234375 1610
14423.025390625 1662
14423.84765625 1709
14445.7958984375 1998
14448.6474609375 2166
14451.37890625 2220
14454.1953125 2238
14468.455078125 2255
14476.1025390625 2345
14478.943359375 2510
14486.6181640625 2581
14499.9501953125 2607
14517.091796875 2807
14526.09375 1015
14560.7021484375 1984
14566.4072265625 1258
14567.978515625 2555
14599.3681640625 1147
14632.537109375 865
14694.66015625 939
14701.173828125 1497
14715.166015625 2630
14718.3017578125 2752
14721.3583984375 457
14736.4248046875 309
14736.6171875 316
14783.5830078125 483
14800.8544921875 484
14835.5810546875 633
14845.5537109375 1026
14846.458984375 1036
14889.126953125 1176
14889.5009765625 1423
14914.8095703125 1485
14915.3486328125 1590
14922.146484375 1702
14924.025390625 1759
14931.4130859375 1818
14961.078125 1958
14964.84765625 1963
15002.6572265625 1977
15014.060546875 2053
15020.5537109375 2056
15128.1884765625 2125
15132.0830078125 2304
15152.4384765625 2356
15162.84375 2477
15177.740234375 2533
15188.9814453125 2732
15213.28515625 2948
15234.6474609375 1601
15244.3349609375 2256
15253.0009765625 2104
15254.83984375 284
15268.5380859375 182
15270.9169921875 916
15272.5732421875 1667
15306.8525390625 1852
15307.6376953125 727
15310.46484375 2036
15323.16796875 2772
15325.759765625 130
15351.75390625 219
15355.1591796875 394
15358.0498046875 405
15378.962890625 634
15403.9794921875 856
15404.6015625 983
15414.1787109375 1117
15423.5634765625 1386
15430.4072265625 1791
15439.798828125 1991
15461.0400390625 2060
15468.099609375 2215
15499.8671875 2314
15549.94140625 2440
15552.80859375 2467
15572.44140625 2618
15593.328125 2648
15593.83203125 2694
15598.080078125 1772
15611.4521484375 818
15630.1728515625 2907
15634.083984375 660
15662.490234375 1168
15669.0537109375 1145
15684.822265625 1476
15688.2734375 1618
15692.6337890625 655
15700.3671875 1592
15719.2490234375 2120
15728.5361328125 2557
15728.9638671875 112
15735.927734375 350
15754.2724609375 356
15759.193359375 448
15760.4658203125 1500
15761.392578125 1526
15773.2412109375 1587
15798.7880859375 1881
15842.572265625 1943
15843.466796875 1962
15843.8203125 1995
15845.3203125 2075
15849.48828125 2118
15895.8251953125 2309
15897.615234375 2418
15928.9814453125 2516
15976.8466796875 2588
15986.6396484375 2605
16018.15625 2623
16034.994140625 2937
16074.1962890625 1005
16094.58203125 110
16109.072265625 2360
16120.3837890625 121
16196.9638671875 1046
16221.99609375 298
16242.69921875 372
16242.69921875 492
16330.2001953125 752
16342.826171875 838
16345.2958984375 903
16369.33984375 1034
16380.224609375 1128
16387.7890625 1187
16431.23828125 1437
16431.896484375 1488
16484.212890625 1534
16488.099609375 1657
16491.5 1678
16493.580078125 1824
16531.423828125 1826
16531.658203125 1941
16580.853515625 1997
16605.3984375 2318
16608.994140625 2327
16613.802734375 2362
16623.57421875 2404
16659.6640625 2453
16709.33984375 2458
16736.65234375 2496
16789.02734375 2696
16795.0625 2722
16796.4296875 2796
16803.296875 2584
16819.337890625 2872
16842.92578125 2589
16844.552734375 2135
16856.28515625 1802
16895.705078125 1853
16940.50390625 1892
16958.8828125 1580
16979.07421875 25
17023.056640625 72
17056.658203125 343
17067.66796875 710
17109.322265625 755
17110.888671875 885
17114.05078125 1683
17115.982421875 1776
17127.298828125 1972
17164.33203125 2047
17200.2421875 2138
17218.826171875 2185
17247.91796875 2344
17266.80859375 2545
17298.552734375 2573
17308.544921875 2855
17349.6875 1511
17397.943359375 1778
17399.60546875 329
17438.673828125 731
17439.998046875 1400
17470.923828125 2070
17481.318359375 1480
17524.25 1714
17525.48828125 249
17553.35546875 94
17556.3203125 2823
17560.6328125 471
17561.19921875 473
17574.478515625 747
17574.478515625 915
17574.96484375 921
17594.33203125 993
17650.013671875 1072
17695.376953125 1415
17715.619140625 1541
17790.841796875 1746
17799.7578125 1949
17803.90234375 2079
17858.978515625 2219
17929.248046875 2258
17939.923828125 2413
17986.29296875 2628
18014.16015625 2828
18036.775390625 2903
18037.568359375 2996
18040.43359375 204
18047.81640625 1247
18091.169921875 1410
18186.703125 1888
18206.322265625 1214
18215.166015625 1658
18287.419921875 2587
18289.2578125 380
18338.11328125 688
18360.421875 1761
18394.78515625 66
18457.22265625 127
18532.39453125 179
18635.861328125 855
18645.115234375 1198
18739.572265625 1250
18783.998046875 1507
18790.240234375 1558
18793.044921875 2007
18802.439453125 2092
18807.017578125 2231
18817.34765625 2384
18822.974609375 2457
18825.32421875 2544
18839.37109375 2717
18864.73828125 2774
18875.138671875 2794
18945.1015625 2909
18958.41015625 972
19014.4609375 1138
19015.30078125 1442
19114.16015625 1137
19117.73828125 102
19117.73828125 667
19125.951171875 1935
19201.529296875 2352
19309.373046875 2887
19320.65625 427
19332.548828125 1533
19343.35546875 170
19351.431640625 262
19438.3359375 306
19514.744140625 596
19549.544921875 805
19572.345703125 849
19584.142578125 850
19631.02734375 965
19673.9921875 976
19676.078125 1058
19681.193359375 1403
19711.953125 1645
19721.888671875 1999
19726.083984375 2292
19733.375 2392
19754.828125 2403
19778.177734375 2497
19779.74609375 2524
19844.44921875 2601
19878.521484375 2652
19911.85546875 2657
19933.09765625 2761
19964.89453125 2839
19989.416015625 2939
20073.998046875 2984
20090.990234375 1027
20100.65234375 622
20103.84765625 417
20152.078125 450
20159.673828125 690
20167.6015625 969
20173.974609375 982
20256.904296875 1040
20267.50390625 1078
20284.634765625 1083
20335.72265625 1382
20338.123046875 1391
20342.1796875 1486
20350.052734375 1503
20390.17578125 1547
20394.384765625 1561
20413.4765625 1965
20413.78515625 2026
20465.595703125 2066
20501.49609375 2182
20565.916015625 2245
20602.259765625 2460
20640.625 2466
20646.4453125 2540
20662.701171875 2593
20664.75390625 2632
20683.09375 2753
20687.65234375 2759
20844.173828125 2793
20869.1875 2925
20899.005859375 2152
20919.658203125 762
21075.671875 2757
21087.55078125 37
21144.033203125 1624
21229.734375 1271
21256.810546875 2370
21271.55078125 2895
21328.080078125 2411
21343.509765625 67
21366.5859375 150
21405.029296875 171
21446.51171875 195
21472.51953125 363
21517.529296875 522
21548.119140625 657
21617.546875 701
21623.849609375 760
21635.568359375 811
21652.396484375 874
21667.369140625 875
21677.517578125 1002
21687.7734375 1007
21753.556640625 1023
21754.41796875 1356
21760.51953125 1378
21772.95703125 1489
21867.279296875 1629
21877.298828125 2721
21887.677734375 2032
21895.798828125 2259
21904.10546875 771
21950.783203125 1543
21965.361328125 2241
22038.724609375 1964
22068.48046875 1625
22132.763671875 2693
22162.171875 222
22170.9375 258
22185.125 281
22245.314453125 506
22299.052734375 582
22506.8203125 724
22550.0859375 879
22621.8828125 1003
22673.0546875 1171
22720.443359375 1182
22732.328125 1588
22752.556640625 1685
22937.9453125 1758
22952.30859375 2300
22956.0 2310
22957.875 2705
23005.599609375 2845
23022.69140625 2916
23049.171875 1811
23052.275390625 2701
23106.34765625 421
23188.0625 1440
23552.76953125 2337
23644.552734375 2531
23658.548828125 18
23681.375 29
23686.533203125 31
23793.400390625 104
23818.873046875 274
23913.79296875 321
23939.986328125 370
23963.025390625 375
23995.46875 562
24012.779296875 914
24147.611328125 944
24384.578125 1672
24545.091796875 1684
24558.94140625 1825
24640.98046875 1846
24642.69921875 1960
24745.7109375 1976
24848.42578125 2006
24985.787109375 2319
24997.197265625 2405
24997.85546875 2550
25320.4765625 2606
25374.642578125 2768
25374.642578125 1081
25413.986328125 1780
25470.80078125 16
25474.396484375 28
25607.923828125 125
25609.115234375 212
25618.560546875 265
25769.2421875 295
25872.123046875 360
25878.33984375 364
25903.625 937
26162.60546875 1077
26219.55078125 1101
26507.8515625 1241
27103.173828125 1243
27186.962890625 1307
27248.8125 1343
27410.052734375 1404
27549.8828125 1418
27571.009765625 1585
28156.169921875 1719
28222.9375 1822
28270.236328125 2009
28651.15625 2164
29638.3125 2214
30435.375 2250
31015.12109375 2263
31487.056640625 2342
32541.16015625 2359
32772.1875 2547
