1525.936279296875 1027
1985.0711669921875 622
2233.486083984375 417
2420.75732421875 450
2644.33251953125 690
2678.14501953125 969
2710.367919921875 982
2757.14013671875 1040
2789.7841796875 1078
2852.974365234375 1083
2871.330078125 1382
3091.8388671875 1391
3310.31689453125 1486
3326.3583984375 1503
3460.44970703125 1547
3576.14501953125 1561
3601.38232421875 1965
3607.35986328125 2026
3738.73681640625 2066
3850.02001953125 2182
3852.023681640625 2245
3881.07421875 2460
3917.855712890625 2466
3927.80859375 2540
3927.80859375 2593
4187.4052734375 2632
4309.9248046875 2753
4422.86962890625 2759
4467.5791015625 2793
4544.95263671875 2925
4545.22900390625 1446
4658.6533203125 87
4779.1845703125 251
4867.31689453125 527
4977.23828125 529
5010.2314453125 625
5051.748046875 641
5116.0126953125 693
5119.3505859375 873
5316.49072265625 881
5364.9228515625 928
5541.27197265625 1133
5684.6064453125 1283
6102.912109375 1318
6122.5791015625 1346
6292.603515625 1417
6439.1123046875 1720
6587.375 1987
6598.98876953125 2226
6602.1982421875 2296
6705.1650390625 2515
6743.62060546875 2572
6798.4033203125 2669
6859.978515625 2728
7000.759765625 2734
7073.484375 2746
7247.7861328125 2852
7354.2099609375 2866
7757.81591796875 2915
8050.25732421875 2949
8178.80419921875 377
8330.3486328125 2281
8445.0517578125 160
8641.306640625 1
8644.18359375 425
8953.9609375 446
9086.4755859375 800
9108.4052734375 918
9136.859375 953
9367.662109375 985
9536.966796875 986
9573.2119140625 1008
9605.564453125 1043
9644.662109375 1270
10036.03515625 1317
10175.373046875 1435
10256.9697265625 1548
10311.1953125 1606
10352.7939453125 1661
10608.1201171875 1712
10721.287109375 2010
10744.572265625 2088
10757.525390625 2365
10795.5126953125 2410
10810.775390625 2414
10814.18359375 2482
10817.533203125 2560
10846.0908203125 2781
10859.0693359375 2820
10873.84375 997
10897.953125 1781
10975.125 81
10996.7109375 229
11058.19921875 440
11100.658203125 548
11103.6845703125 611
11240.212890625 826
11601.103515625 834
11682.9375 848
11685.6494140625 871
11780.658203125 893
11820.921875 1231
11836.3193359375 1256
11938.3232421875 1315
11982.9609375 1458
12016.7197265625 1550
12054.509765625 1671
12078.5859375 1711
12208.458984375 1815
12315.83203125 1893
12447.591796875 2312
12474.400390625 2324
12584.09375 2385
12604.9248046875 2447
12662.466796875 2562
12714.072265625 2610
12815.43359375 2622
12846.634765625 2853
12901.935546875 2924
12941.875 2927
13070.89453125 2239
13095.578125 1362
13119.05859375 1926
13131.9599609375 2997
13132.875 254
13138.5703125 388
13202.6484375 465
13223.0673828125 498
13243.3056640625 520
13322.951171875 962
13574.798828125 981
13686.5908203125 1156
13790.291015625 1652
13975.068359375 2205
14044.115234375 2339
14144.19921875 2417
14156.5263671875 2494
14175.962890625 2687
14238.353515625 1122
14271.185546875 1670
14334.8330078125 264
14430.669921875 2173
14468.2890625 1646
14480.119140625 2396
14505.7451171875 49
14662.19921875 189
14798.755859375 261
14905.0693359375 263
14907.23046875 430
14980.236328125 831
15090.4345703125 899
15123.93359375 1123
15132.3388671875 1169
15145.5078125 1350
15182.693359375 1405
15256.2119140625 1512
15268.28515625 1750
15268.5966796875 1769
15272.0 1908
15333.9931640625 1966
15370.4482421875 1982
15396.1123046875 1993
15407.017578125 2094
15407.4755859375 2126
15470.654296875 2141
15475.525390625 2171
15495.64453125 2174
15609.642578125 2177
15702.8857421875 2237
15712.5380859375 2367
15737.2802734375 2536
15821.2060546875 2542
15861.26171875 2582
15878.923828125 2675
15959.80859375 2703
16215.6533203125 1873
16216.7900390625 2107
16281.73046875 1281
16352.943359375 455
16394.6953125 470
16414.3671875 902
16479.33203125 926
16503.45703125 967
16509.333984375 1104
16528.03515625 1225
16563.626953125 1286
16585.78515625 1506
16634.580078125 1516
16650.46484375 1599
16742.60546875 1779
16794.03515625 1848
16808.427734375 1867
16827.49609375 1883
16872.482421875 2063
16921.068359375 2210
16951.0546875 2246
16986.208984375 2285
17068.728515625 2361
17128.951171875 2686
17155.841796875 2700
17171.861328125 88
17202.759765625 586
17240.984375 136
17257.439453125 1471
17342.666015625 226
17345.87109375 296
17390.59765625 1197
17401.56640625 1666
17416.3125 2511
17432.103515625 101
17456.587890625 215
17490.384765625 549
17505.2265625 550
17513.94140625 573
17519.71484375 1136
17557.103515625 1199
17618.705078125 1530
17629.06640625 1581
17629.1484375 1640
17639.00390625 1688
17639.5546875 1968
17653.212890625 2526
17725.001953125 2571
17732.501953125 2983
17743.57421875 1787
17797.982421875 602
17827.033203125 1146
17833.87890625 253
17944.89453125 342
17946.71484375 843
17974.638671875 1233
17987.763671875 1335
17996.0 1394
18000.318359375 1737
18029.61328125 1784
18036.267578125 1950
18036.267578125 2025
18049.447265625 2473
18057.353515625 2518
18091.47265625 999
18098.49609375 1056
18103.333984375 1900
18116.220703125 1304
18155.3359375 1326
18159.2734375 2967
18172.447265625 1329
18188.009765625 50
18232.017578125 318
18294.876953125 389
18321.841796875 478
18334.458984375 491
18341.865234375 580
18345.41015625 599
18360.666015625 890
18416.42578125 896
18433.775390625 909
18451.861328125 919
18482.357421875 995
18501.88671875 1273
18502.64453125 1342
18509.564453125 1430
18520.880859375 1495
18523.037109375 1568
18564.8046875 1583
18572.388671875 1764
18585.373046875 1774
18597.7890625 2065
18605.189453125 2117
18608.7109375 2181
18620.501953125 2268
18630.673828125 2465
18643.201171875 2664
18677.02734375 2760
18687.310546875 2764
18703.36328125 2938
18704.33984375 2943
18711.435546875 1860
18720.31640625 2880
18740.392578125 1333
18827.328125 2631
18878.05078125 146
18881.70703125 1538
18882.373046875 21
18906.20703125 34
18941.67578125 200
18951.974609375 288
18954.375 336
19033.365234375 385
19111.23046875 517
19117.947265625 546
19119.376953125 609
19134.12109375 614
19154.478515625 683
19156.43359375 686
19171.4609375 769
19230.208984375 1097
19231.04296875 1221
19291.587890625 1322
19307.009765625 1359
19313.177734375 1376
19358.17578125 1686
19363.44921875 1854
19365.73828125 2513
19450.80859375 2553
19495.126953125 2650
19496.822265625 2672
19528.681640625 2911
19538.5546875 78
19543.66015625 2713
19550.572265625 2800
19552.12890625 2651
19589.3984375 2970
19599.88671875 1045
19657.69140625 1068
19660.662109375 2078
19684.90234375 884
19699.306640625 886
19770.4609375 1028
19772.587890625 1845
19774.5 1932
19797.595703125 2489
19804.126953125 90
19814.796875 153
19877.23046875 240
19879.697265625 256
19899.12109375 531
19903.4765625 644
19961.109375 706
19976.38671875 775
19979.03125 1163
19998.2578125 1483
20002.330078125 2114
20005.9921875 2379
20009.0859375 2424
20044.2109375 2433
20054.98046875 2435
20060.1875 2442
20061.572265625 2683
20088.4765625 2811
20102.392578125 2176
20110.669921875 169
20112.28515625 2207
20117.908203125 1144
20118.36328125 2180
20145.08984375 73
20147.029296875 663
20181.90625 677
20182.490234375 756
20182.599609375 925
20186.181640625 927
20190.994140625 946
20202.076171875 996
20216.169921875 1141
20245.822265625 1202
20249.423828125 1251
20254.57421875 1457
20257.326171875 1502
20287.92578125 1591
20310.115234375 1733
20310.626953125 1735
20313.5625 1919
20324.54296875 1933
20344.41796875 1955
20367.849609375 2002
20392.98828125 2335
20392.98828125 2341
20410.91796875 2565
20425.484375 2695
20447.16796875 2763
20468.41796875 2840
20486.8515625 2422
20507.740234375 1020
20519.79296875 640
20541.478515625 59
20544.388671875 177
20549.916015625 191
20561.953125 575
20575.587890625 687
20591.921875 934
20600.3046875 1119
20600.44921875 1529
20602.94140625 1697
20633.189453125 1810
20641.486328125 1831
20669.984375 2354
20694.94921875 2528
20705.986328125 2679
20733.2421875 2712
20736.37109375 2747
20739.44921875 2809
20749.953125 2821
20785.923828125 2842
20789.3046875 2860
20796.267578125 2906
20803.521484375 2994
20808.615234375 186
20812.208984375 223
20812.908203125 1594
20834.330078125 410
20845.115234375 631
20854.908203125 132
20868.392578125 2576
20902.419921875 1282
20903.89453125 488
20992.669921875 869
21009.560546875 2059
21040.55859375 787
21051.65234375 904
21057.357421875 137
21070.982421875 275
21077.15625 328
21078.8359375 333
21091.962890625 392
21120.431640625 407
21130.201171875 489
21135.0234375 680
21150.76171875 1022
21194.57421875 1290
21207.849609375 1358
21223.55859375 1607
21225.009765625 1653
21241.669921875 2024
21244.677734375 2184
21298.271484375 2221
21314.224609375 2394
21325.759765625 2427
21348.228515625 2517
21365.455078125 2655
21367.48828125 2704
21387.607421875 2900
21398.13671875 2946
21401.921875 459
21407.18359375 1408
21425.5546875 1339
21437.98046875 22
21439.453125 45
21448.486328125 300
21468.4296875 812
21477.12109375 922
21480.7109375 947
21575.298828125 975
21612.66015625 1001
21627.0 1095
21639.65234375 1275
21683.580078125 1664
21687.6328125 1708
21717.015625 1763
21744.333984375 1766
21749.18359375 1889
21757.2578125 2077
21777.9140625 2082
21793.58984375 2131
21807.67578125 2315
21808.826171875 2317
21818.02734375 2409
21826.3671875 2608
21841.328125 2616
21847.064453125 2649
21858.91015625 2819
21869.2734375 2862
21874.423828125 1164
21918.0546875 2213
21934.740234375 1050
21964.677734375 979
21988.5625 1562
22010.755859375 1597
22018.927734375 2334
22018.927734375 587
22029.171875 630
22042.005859375 777
22047.140625 1012
22066.71875 1064
22074.798828125 1082
22107.826171875 1462
22108.078125 1501
22128.029296875 1654
22132.892578125 1800
22146.888671875 2656
22150.453125 2884
22178.208984375 1416
22243.953125 1575
22246.453125 2889
22255.93359375 445
22311.14453125 30
22339.994140625 2484
22368.1171875 38
22385.54296875 40
22423.880859375 76
22435.12109375 77
22487.1953125 108
22492.751953125 164
22502.50390625 211
22512.08984375 225
22526.234375 376
22537.671875 437
22545.97265625 510
22546.095703125 646
22616.298828125 671
22636.666015625 738
22641.568359375 770
22671.826171875 1434
22683.87109375 1610
22694.66015625 1662
22732.7890625 1709
22753.07421875 1998
22793.8125 2166
22833.775390625 2220
22882.947265625 2238
22917.59765625 2255
22917.703125 2345
22920.23828125 2510
22931.67578125 2581
22958.98828125 2607
22975.212890625 2807
22979.748046875 1015
23004.212890625 1984
23013.29296875 1258
23039.1875 2555
23053.21875 1147
23060.662109375 865
23088.48046875 939
23100.5390625 1497
23114.513671875 2630
23153.919921875 2752
23179.27734375 457
23212.0078125 309
23231.763671875 316
23270.64453125 483
23336.423828125 484
23337.0546875 633
23350.689453125 1026
23437.5859375 1036
23440.333984375 1176
23450.134765625 1423
23457.734375 1485
23467.099609375 1590
23532.470703125 1702
23533.9375 1759
23557.84375 1818
23585.732421875 1958
23646.42578125 1963
23651.92578125 1977
23671.458984375 2053
23682.87109375 2056
23725.173828125 2125
23737.109375 2304
23765.841796875 2356
23783.0625 2477
23787.638671875 2533
23804.72265625 2732
23848.05859375 2948
23865.837890625 1601
23871.740234375 2256
23895.875 2104
23924.125 284
23948.103515625 182
23963.75390625 916
23973.044921875 1667
23975.458984375 1852
23982.05859375 727
23999.2421875 2036
24028.60546875 2772
24030.828125 130
24064.498046875 219
24064.947265625 394
24066.734375 405
24080.8125 634
24083.16796875 856
24105.03125 983
24142.412109375 1117
24196.896484375 1386
24214.986328125 1791
24257.587890625 1991
24265.51171875 2060
24266.224609375 2215
24284.30859375 2314
24295.28125 2440
24304.30078125 2467
24304.369140625 2618
24344.896484375 2648
24382.880859375 2694
24414.71875 1772
24423.84765625 818
24435.556640625 2907
24436.875 660
24455.048828125 1168
24458.4609375 1145
24461.3671875 1476
24462.3671875 1618
24489.203125 655
24490.916015625 1592
24502.66015625 2120
24508.109375 2557
24579.810546875 112
24596.486328125 350
24598.84375 356
24632.859375 448
24638.21484375 1500
24651.185546875 1526
24656.19921875 1587
24673.83984375 1881
24683.775390625 1943
24701.65625 1962
24712.779296875 1995
24724.138671875 2075
24734.8125 2118
24739.17578125 2309
24820.67578125 2418
24831.482421875 2516
24854.03515625 2588
24861.455078125 2605
24896.11328125 2623
24902.373046875 2937
24926.939453125 1005
24955.658203125 110
24959.197265625 2360
24975.0078125 121
25011.1015625 1046
25015.876953125 298
25030.92578125 372
25082.0078125 492
25085.45703125 752
25091.09375 838
25136.9375 903
25141.25390625 1034
25148.23046875 1128
25180.078125 1187
25193.837890625 1437
25203.359375 1488
25206.01953125 1534
25214.673828125 1657
25251.326171875 1678
25274.234375 1824
25292.76171875 1826
25302.083984375 1941
25316.2265625 1997
25316.755859375 2318
25324.33984375 2327
25350.619140625 2362
25373.62890625 2404
25386.189453125 2453
25388.36328125 2458
25399.720703125 2496
25404.5703125 2696
25417.26953125 2722
25421.1796875 2796
25427.015625 2584
25470.14453125 2872
25515.703125 2589
25539.48046875 2135
25582.126953125 1802
25601.384765625 1853
25612.638671875 1892
25690.03125 1580
25693.763671875 25
25711.9140625 72
25718.525390625 343
25722.25390625 710
25735.107421875 755
25741.064453125 885
25776.828125 1683
25812.35546875 1776
25814.810546875 1972
25820.4453125 2047
25829.10546875 2138
25835.10546875 2185
25837.458984375 2344
25840.01171875 2545
25840.798828125 2573
25840.87890625 2855
25846.6015625 2159
25863.646484375 1067
25883.294921875 371
25914.671875 243
26002.380859375 1301
26055.9140625 311
26064.35546875 426
26065.619140625 648
26079.828125 720
26091.48046875 792
26097.478515625 940
26110.6640625 1006
26116.466796875 1032
26134.6796875 1160
26151.634765625 1189
26168.353515625 2183
26181.185546875 2190
26185.501953125 2301
26187.248046875 1459
26194.96484375 1649
26209.908203125 353
26241.927734375 2706
26263.037109375 1511
26274.2265625 1778
26309.0 329
26335.53515625 731
26347.03515625 1400
26405.38671875 2070
26407.298828125 1480
26430.4375 1714
26454.412109375 249
26476.791015625 94
26496.85546875 2823
26505.708984375 471
26511.166015625 473
26531.287109375 747
26618.43359375 915
26632.12890625 921
26657.125 993
26667.8515625 1072
26707.126953125 1415
26717.33203125 1541
26730.005859375 1746
26730.9296875 1949
26741.65234375 2079
26826.15625 2219
26842.78515625 2258
26871.76953125 2413
26926.0546875 2628
26993.841796875 2828
27057.384765625 2903
27076.6171875 2996
27105.767578125 204
27170.19921875 1247
27171.625 1410
27187.908203125 1888
27211.158203125 1214
27224.59375 1658
27234.00390625 2587
27250.0546875 380
27315.61328125 688
27354.0234375 1761
27391.890625 66
27397.216796875 127
27408.837890625 179
27421.720703125 855
27423.04296875 1198
27443.24609375 1250
27464.80078125 1507
27489.765625 1558
27506.92578125 2007
27530.4765625 2092
27530.4765625 2231
27595.859375 2384
27664.90625 2457
27664.90625 2544
27674.423828125 2717
27711.24609375 2774
27724.87890625 2794
27744.822265625 2909
27768.06640625 972
27779.25390625 1138
27824.759765625 1442
27826.498046875 1137
27827.57421875 102
27837.748046875 667
27845.029296875 1935
27899.27734375 2352
27954.43359375 2887
27955.865234375 427
27983.9453125 1533
28004.421875 170
28005.1171875 262
28005.630859375 306
28030.232421875 596
28035.212890625 805
28095.37109375 849
28096.6953125 850
28104.591796875 965
28126.029296875 976
28132.66015625 1058
28185.64453125 1403
28223.0390625 1645
28240.2578125 1999
28253.02734375 2292
28319.62109375 2392
28361.052734375 2403
28361.052734375 2497
28398.8984375 2524
28420.123046875 2601
28426.60546875 2652
28513.025390625 2657
28552.111328125 2761
28582.267578125 2839
28589.591796875 2939
28591.9140625 2984
28594.234375 2152
28612.712890625 762
28799.0625 2757
28837.28125 37
28843.75 1624
28910.94140625 1271
28977.07421875 2370
28983.49609375 2895
29013.287109375 2411
29033.927734375 67
29252.12109375 150
29252.396484375 171
29307.048828125 195
29314.73046875 363
29318.59765625 522
29337.630859375 657
29390.935546875 701
29406.080078125 760
29513.560546875 811
29574.38671875 874
29619.86328125 875
29665.078125 1002
29667.4921875 1007
29677.541015625 1023
29729.03125 1356
29739.82421875 1378
29852.64453125 1489
29903.94140625 1629
29912.22265625 2721
29913.984375 2032
29920.751953125 2259
29923.794921875 771
30109.291015625 1543
30147.2578125 2241
30166.158203125 1964
30167.03515625 1625
30232.615234375 2693
30303.328125 222
30372.46875 258
30385.81640625 281
30419.26953125 506
30490.759765625 582
30529.03125 724
30536.099609375 879
30611.041015625 1003
30657.18359375 1171
30675.67578125 1182
30763.482421875 1588
30783.9375 1685
30791.8125 1758
30956.70703125 2300
30985.240234375 2310
31015.6484375 2705
31165.3984375 2845
31193.029296875 2916
31193.693359375 1811
31247.3203125 2701
31287.16796875 421
31392.44140625 1440
31413.4609375 2337
31422.78515625 2531
31512.79296875 18
31535.63671875 29
31626.9296875 31
31641.669921875 104
31786.806640625 274
31790.181640625 321
31932.744140625 370
32072.09765625 375
32211.564453125 562
32373.892578125 914
32425.068359375 944
32441.8046875 1672
32447.55078125 1684
32503.380859375 1825
32512.98828125 1846
32526.00390625 1960
32749.833984375 1976
32864.19140625 2006
32965.01953125 2319
33175.39453125 2405
33213.71875 2550
33434.734375 2606
33654.9609375 2768
33673.04296875 1081
33851.63671875 1780
33937.4296875 16
34095.43359375 28
34215.86328125 125
34524.7421875 212
34599.0703125 265
34607.01953125 295
34748.796875 360
34991.19140625 364
35024.796875 937
35178.53125 1077
35238.640625 1101
35426.48046875 1241
35664.84765625 1243
35672.203125 1307
35731.0078125 1343
35769.3125 1404
35926.29296875 1418
36126.2109375 1585
36188.16015625 1719
36656.48046875 1822
36779.78125 2009
36987.734375 2164
36998.19921875 2214
37079.484375 2250
38630.41796875 2263
38653.9609375 2342
40739.4765625 2359
41154.609375 2547
