6479.7958984375 1781
6964.9697265625 81
7945.58056640625 229
8083.271484375 440
8083.7265625 548
8146.7685546875 611
8172.328125 826
8298.478515625 834
8326.3974609375 848
8360.3779296875 871
8386.0869140625 893
8404.1318359375 1231
8404.451171875 1256
8450.2392578125 1315
8550.5234375 1458
8586.5048828125 1550
8599.7333984375 1671
8602.8134765625 1711
8657.71875 1815
8704.35546875 1893
8711.18359375 2312
8752.7890625 2324
8827.052734375 2385
8839.2529296875 2447
8869.318359375 2562
8878.2626953125 2610
8894.6201171875 2622
8915.4345703125 2853
8918.107421875 2924
8942.7197265625 2927
8975.84375 2239
8979.1044921875 1446
8982.1669921875 87
9002.3525390625 251
9007.81640625 527
9013.8984375 529
9060.3154296875 625
9085.9169921875 641
9103.599609375 693
9114.802734375 873
9161.0341796875 881
9178.8515625 928
9203.86328125 1133
9205.607421875 1283
9247.5703125 1318
9261.388671875 1346
9300.4248046875 1417
9332.654296875 1720
9348.9970703125 1987
9356.7294921875 2226
9388.759765625 2296
9415.6787109375 2515
9417.7724609375 2572
9443.5595703125 2669
9452.1220703125 2728
9477.7373046875 2734
9497.2001953125 2746
9498.3388671875 2852
9533.2060546875 2866
9537.9130859375 2915
9548.0791015625 2949
9558.2958984375 377
9586.615234375 2281
9647.8740234375 160
9650.23046875 1
9682.4013671875 425
9692.630859375 446
9710.41796875 800
9734.4423828125 918
9734.9755859375 953
9741.7646484375 985
9750.890625 986
9763.5166015625 1008
9766.6669921875 1043
9803.341796875 1270
9808.669921875 1317
9811.37109375 1435
9819.8525390625 1548
9842.447265625 1606
9851.0673828125 1661
9862.23828125 1712
9870.4326171875 2010
9918.14453125 2088
9924.8076171875 2365
9931.0166015625 2410
9932.212890625 2414
9943.3203125 2482
9945.5009765625 2560
9955.9697265625 2781
9971.2646484375 2820
9986.6455078125 997
10000.3583984375 1362
10020.091796875 1926
10044.8994140625 2997
10069.068359375 254
10071.4443359375 388
10107.1767578125 465
10128.923828125 498
10131.2822265625 520
10132.8232421875 962
10137.12890625 981
10145.720703125 1156
10147.029296875 1652
10172.60546875 2205
10173.3720703125 2339
10219.6396484375 2417
10230.80078125 2494
10284.9453125 2687
10296.6982421875 1122
10304.271484375 1670
10307.658203125 264
10335.4306640625 2173
10352.3505859375 1646
10395.7373046875 2396
10401.94140625 49
10410.9560546875 189
10427.4423828125 261
10434.2451171875 263
10435.8671875 430
10441.1181640625 831
10444.001953125 899
10445.4794921875 1123
10451.0107421875 1169
10458.2880859375 1350
10468.017578125 1405
10476.60546875 1512
10477.7998046875 1750
10480.7060546875 1769
10517.75390625 1908
10550.97265625 1966
10566.884765625 1982
10577.109375 1993
10582.6826171875 2094
10588.646484375 2126
10593.0732421875 2141
10602.873046875 2171
10610.6162109375 2174
10615.64453125 2177
10622.0966796875 2237
10642.8603515625 2367
10644.5400390625 2536
10650.5244140625 2542
10655.77734375 2582
10660.2314453125 2675
10673.11328125 2703
10674.3759765625 1873
10675.8037109375 2107
10733.7646484375 1281
10752.265625 455
10762.0302734375 470
10763.6025390625 902
10766.81640625 926
10769.4658203125 967
10771.2666015625 1104
10786.8447265625 1225
10805.8515625 1286
10823.9521484375 1506
10837.9111328125 1516
10843.1484375 1599
10845.6337890625 1779
10856.583984375 1848
10858.5947265625 1867
10859.08203125 1883
10864.966796875 2063
10869.0546875 2210
10892.5029296875 2246
10897.306640625 2285
10903.9130859375 2361
10908.611328125 2686
10962.634765625 2700
10968.85546875 88
10985.939453125 586
10989.4794921875 136
10990.07421875 1471
10991.5419921875 226
10992.3076171875 296
11014.576171875 1197
11022.955078125 1666
11030.0009765625 2511
11032.001953125 101
11037.828125 215
11044.220703125 549
11065.8671875 550
11069.5224609375 573
11072.9140625 1136
11078.3701171875 1199
11080.4638671875 1530
11089.4755859375 1581
11092.4501953125 1640
11102.998046875 1688
11120.78125 1968
11127.56640625 2526
11127.58203125 2571
11128.4287109375 2983
11152.0869140625 1787
11175.037109375 602
11176.6748046875 1146
11203.236328125 253
11218.212890625 342
11228.7431640625 843
11234.13671875 1233
11261.900390625 1335
11266.2138671875 1394
11271.1474609375 1737
11278.794921875 1784
11279.7822265625 1950
11327.0224609375 2025
11331.46875 2473
11340.1240234375 2518
11342.8251953125 999
11344.8603515625 1056
11345.9677734375 1900
11353.8564453125 1304
11368.453125 1326
11371.6201171875 2967
11375.8818359375 1329
11390.0615234375 50
11390.630859375 318
11412.4423828125 389
11417.2958984375 478
11424.9453125 491
11441.392578125 580
11449.8671875 599
11449.9072265625 890
11458.0126953125 896
11466.3779296875 909
11484.20703125 919
11486.26171875 995
11502.3203125 1273
11520.5048828125 1342
11533.935546875 1430
11535.7880859375 1495
11553.341796875 1568
11558.4931640625 1583
11560.982421875 1764
11579.9326171875 1774
11581.99609375 2065
11587.2021484375 2117
11622.14453125 2181
11626.4404296875 2268
11627.8642578125 2465
11628.0888671875 2664
11647.7978515625 2760
11653.1826171875 2764
11670.2177734375 2938
11670.2392578125 2943
11672.189453125 1860
11708.71484375 2880
11716.09765625 1333
11717.4814453125 2631
11726.8349609375 146
11730.013671875 1538
11732.7978515625 21
11734.4423828125 34
11735.4560546875 200
11738.697265625 288
11741.984375 336
11745.33984375 385
11754.6083984375 517
11755.5830078125 546
11782.416015625 609
11788.349609375 614
11793.0556640625 683
11796.3056640625 686
11804.1923828125 769
11815.072265625 1097
11828.5966796875 1221
11842.5029296875 1322
11850.8955078125 1359
11853.60546875 1376
11875.3642578125 1686
11878.66015625 1854
11879.916015625 2513
11905.8330078125 2553
11908.7861328125 2650
11908.939453125 2672
11913.5732421875 2911
11914.771484375 78
11916.318359375 2713
11916.7333984375 2800
11924.1689453125 2651
11963.056640625 2970
11963.8466796875 1045
11973.865234375 1068
11984.1953125 2078
11993.9599609375 884
12008.599609375 886
12010.021484375 1028
12013.3671875 1845
12016.3330078125 1932
12021.322265625 2489
12027.849609375 90
12028.2451171875 153
12028.4365234375 240
12033.6533203125 256
12039.681640625 531
12039.71875 644
12044.392578125 706
12078.0537109375 775
12085.501953125 1163
12099.72265625 1483
12111.5009765625 2114
12129.7099609375 2379
12132.06640625 2424
12148.9580078125 2433
12149.8291015625 2435
12161.8349609375 2442
12163.0966796875 2683
12164.455078125 2811
12170.064453125 2176
12172.44140625 169
12173.6630859375 2207
12175.8388671875 1144
12175.853515625 2180
12177.9013671875 73
12187.70703125 663
12193.935546875 677
12201.888671875 756
12205.9619140625 925
12207.5 927
12213.5244140625 946
12214.5068359375 996
12219.5361328125 1141
12246.072265625 1202
12246.5693359375 1251
12257.6875 1457
12262.9638671875 1502
12267.525390625 1591
12271.9443359375 1733
12275.767578125 1735
12276.751953125 1919
12291.271484375 1933
12302.0625 1955
12305.6044921875 2002
12308.5947265625 2335
12311.04296875 2341
12311.2255859375 2565
12333.005859375 2695
12335.3505859375 2763
12341.580078125 2840
12349.591796875 2422
12353.474609375 1020
12353.5224609375 640
12356.4892578125 59
12359.787109375 177
12380.8759765625 191
12390.392578125 575
12399.0380859375 687
12413.9638671875 934
12418.67578125 1119
12421.4345703125 1529
12422.4697265625 1697
12426.8994140625 1810
12447.76953125 1831
12465.873046875 2354
12491.826171875 2528
12498.951171875 2679
12501.7568359375 2712
12505.1650390625 2747
12510.810546875 2809
12525.025390625 2821
12527.4833984375 2842
12539.7373046875 2860
12553.0849609375 2906
12567.0458984375 2994
12567.62109375 186
12568.19921875 223
12573.32421875 1594
12575.8759765625 410
12589.345703125 631
12591.7353515625 132
12596.7255859375 2576
12605.91796875 1282
12610.6962890625 488
12620.9501953125 869
12625.5517578125 2059
12628.12109375 787
12629.412109375 904
12634.525390625 137
12641.82421875 275
12642.044921875 328
12643.9814453125 333
12647.212890625 392
12650.146484375 407
12652.2236328125 489
12655.3310546875 680
12670.5615234375 1022
12680.1240234375 1290
12696.0791015625 1358
12697.1416015625 1607
12704.3935546875 1653
12706.41796875 2024
12725.951171875 2184
12734.6513671875 2221
12735.4921875 2394
12736.419921875 2427
12736.45703125 2517
12753.1015625 2655
12755.44921875 2704
12757.853515625 2900
12765.4697265625 2946
12776.4111328125 459
12779.8125 1408
12780.212890625 1339
12794.771484375 22
12800.48046875 45
12807.166015625 300
12807.287109375 812
12809.6923828125 922
12817.9384765625 947
12832.537109375 975
12865.822265625 1001
12871.6953125 1095
12907.31640625 1275
12914.375 1664
12930.068359375 1708
12930.330078125 1763
12936.625 1766
12945.0625 1889
12946.5654296875 2077
12960.576171875 2082
12972.0927734375 2131
12985.091796875 2315
12985.5849609375 2317
12995.234375 2409
13004.53125 2608
13007.91015625 2616
13010.4306640625 2649
13020.2451171875 2819
13020.2734375 2862
13023.689453125 1164
13034.8583984375 2213
13035.3349609375 1050
13037.64453125 979
13052.4404296875 1562
13053.4990234375 1597
13056.7197265625 2334
13062.68359375 587
13066.6640625 630
13072.6376953125 777
13101.76171875 1012
13102.69921875 1064
13113.357421875 1082
13115.3046875 1462
13120.9287109375 1501
13128.0263671875 1654
13132.365234375 1800
13133.220703125 2656
13163.6484375 2884
13170.970703125 1416
13175.54296875 1575
13178.2080078125 2889
13191.0654296875 445
13202.037109375 30
13222.9384765625 2484
13235.609375 38
13239.453125 40
13241.244140625 76
13259.171875 77
13270.9951171875 108
13274.9873046875 164
13277.4873046875 211
13315.44921875 225
13328.6064453125 376
13343.736328125 437
13357.17578125 510
13366.27734375 646
13371.5263671875 671
13400.22265625 738
13403.30859375 770
13405.009765625 1434
13414.03515625 1610
13424.6552734375 1662
13426.251953125 1709
13429.2333984375 1998
13430.2861328125 2166
13444.3916015625 2220
13459.513671875 2238
13483.45703125 2255
13495.865234375 2345
13503.3076171875 2510
13504.8173828125 2581
13509.3984375 2607
13509.5087890625 2807
13513.1943359375 1015
13522.298828125 1984
13525.33203125 1258
13528.1484375 2555
13537.9619140625 1147
13540.3134765625 865
13555.2529296875 939
13563.3515625 1497
13567.13671875 2630
13575.240234375 2752
13579.3798828125 457
13584.2900390625 309
13585.6865234375 316
13589.5400390625 483
13604.5458984375 484
13613.794921875 633
13623.6162109375 1026
13629.1845703125 1036
13634.46484375 1176
13635.376953125 1423
13638.5537109375 1485
13642.6240234375 1590
13646.1982421875 1702
13651.033203125 1759
13656.1455078125 1818
13669.578125 1958
13687.927734375 1963
13696.27734375 1977
13697.451171875 2053
13700.85546875 2056
13701.884765625 2125
13717.35546875 2304
13738.95703125 2356
13747.251953125 2477
13748.3671875 2533
13748.3671875 2732
13760.966796875 2948
13762.326171875 1601
13773.1494140625 2256
13774.01171875 2104
13780.5244140625 284
13788.1982421875 182
13788.7431640625 916
13795.986328125 1667
13803.052734375 1852
13810.89453125 727
13814.7529296875 2036
13833.1640625 2772
13835.2724609375 130
13841.46875 219
13850.859375 394
13874.966796875 405
13893.951171875 634
13901.6201171875 856
13903.5517578125 983
13912.40234375 1117
13912.40234375 1386
13940.8388671875 1791
13944.65625 1991
13951.6845703125 2060
13991.1513671875 2215
14014.0 2314
14014.9921875 2440
14016.203125 2467
14016.27734375 2618
14042.2138671875 2648
14051.244140625 2694
14054.4287109375 1772
14058.0947265625 818
14059.3818359375 2907
14079.44921875 660
14080.1923828125 1168
14081.123046875 1145
14099.75390625 1476
14119.20703125 1618
14130.09375 655
14132.763671875 1592
14136.732421875 2120
14143.7216796875 2557
14146.6103515625 112
14147.7744140625 350
14153.0986328125 356
14159.61328125 448
14161.4296875 1500
14170.7451171875 1526
14171.130859375 1587
14183.419921875 1881
14186.78125 1943
14186.78125 1962
14186.9013671875 1995
14220.0234375 2075
14220.771484375 2118
14227.8515625 2309
14230.41796875 2418
14233.3779296875 2516
14239.5986328125 2588
14252.537109375 2605
14257.119140625 2623
14258.2314453125 2937
14261.7421875 1005
14284.3818359375 110
14285.884765625 2360
14299.884765625 121
14308.3564453125 1046
14311.1484375 298
14313.623046875 372
14328.52734375 492
14342.6044921875 752
14352.318359375 838
14354.140625 903
14362.6640625 1034
14365.2392578125 1128
14369.263671875 1187
14376.3173828125 1437
14387.2265625 1488
14391.20703125 1534
14402.0439453125 1657
14413.3857421875 1678
14414.1513671875 1824
14414.9609375 1826
14429.4423828125 1941
14450.65625 1997
14451.853515625 2318
14452.77734375 2327
14457.67578125 2362
14460.87890625 2404
14472.7734375 2453
14481.7880859375 2458
14482.451171875 2496
14491.908203125 2696
14492.4990234375 2722
14499.2001953125 2796
14512.669921875 2584
14519.3095703125 2872
14521.474609375 2589
14555.845703125 2135
14561.6796875 1802
14564.826171875 1853
14567.59375 1892
14577.98828125 1580
14590.26953125 25
14595.0048828125 72
14608.8349609375 343
14627.291015625 710
14628.6787109375 755
14666.54296875 885
14673.5810546875 1683
14675.4453125 1776
14690.1025390625 1972
14696.7470703125 2047
14706.4375 2138
14707.22265625 2185
14722.7685546875 2344
14732.802734375 2545
14733.4052734375 2573
14733.98828125 2855
14752.3134765625 2159
14756.490234375 1067
14757.5244140625 371
14758.0595703125 243
14774.4658203125 1301
14774.4658203125 311
14778.7216796875 426
14793.5478515625 648
14805.77734375 720
14812.7822265625 792
14823.46875 940
14831.337890625 1006
14843.9951171875 1032
14846.65234375 1160
14862.8935546875 1189
14874.466796875 2183
14877.767578125 2190
14878.111328125 2301
14891.73828125 1459
14893.3125 1649
14898.6708984375 353
14903.63671875 2706
14904.8173828125 1511
14905.755859375 1778
14921.1572265625 329
14923.984375 731
14939.5908203125 1400
14942.142578125 2070
14961.6787109375 1480
14966.8408203125 1714
14980.791015625 249
14984.73046875 94
14997.423828125 2823
15008.2978515625 471
15015.9541015625 473
15018.1015625 747
15046.3125 915
15048.8994140625 921
15053.8310546875 993
15054.630859375 1072
15059.3642578125 1415
15098.2060546875 1541
15112.3408203125 1746
15126.208984375 1949
15146.2265625 2079
15209.0390625 2219
15247.025390625 2258
15247.36328125 2413
15260.7373046875 2628
15263.685546875 2828
15268.8056640625 2903
15281.6591796875 2996
15314.13671875 204
15320.14453125 1247
15330.36328125 1410
15336.6650390625 1888
15359.158203125 1214
15359.158203125 1658
15370.4169921875 2587
15393.2431640625 380
15408.6162109375 688
15409.6103515625 1761
15442.3115234375 66
15519.0 127
15529.05078125 179
15550.9921875 855
15560.8046875 1198
15577.162109375 1250
15596.1884765625 1507
15602.73046875 1558
15632.771484375 2007
15642.216796875 2092
15687.5078125 2231
15690.705078125 2384
15712.5146484375 2457
15736.28515625 2544
15736.6357421875 2717
15740.408203125 2774
15740.966796875 2794
15762.173828125 2909
15764.482421875 972
15772.6630859375 1138
15789.1171875 1442
15793.494140625 1137
15799.802734375 102
15800.5234375 667
15821.505859375 1935
15826.072265625 2352
15842.345703125 2887
15872.4521484375 427
15876.6435546875 1533
15899.7197265625 170
15952.001953125 262
15955.171875 306
15964.31640625 596
15982.6982421875 805
16005.029296875 849
16010.3115234375 850
16010.6123046875 965
16075.12890625 976
16075.25390625 1058
16083.630859375 1403
16102.97265625 1645
16105.771484375 1999
16133.884765625 2292
16138.7529296875 2392
16180.23828125 2403
16180.755859375 2497
16232.568359375 2524
16252.826171875 2601
16282.1533203125 2652
16287.888671875 2657
16313.0576171875 2761
16315.693359375 2839
16333.51171875 2939
16344.3720703125 2984
16357.1025390625 1027
16398.11328125 622
16398.11328125 417
16401.12109375 450
16422.59375 690
16425.703125 969
16439.96875 982
16460.9296875 1040
16522.298828125 1078
16564.06640625 1083
16573.43359375 1382
16588.345703125 1391
16599.728515625 1486
16611.9453125 1503
16652.021484375 1547
16655.314453125 1561
16667.12890625 1965
16705.13671875 2026
16760.90234375 2066
16855.345703125 2182
16880.25390625 2245
16884.32421875 2460
16933.95703125 2466
16936.01953125 2540
16959.798828125 2593
16997.06640625 2632
17005.705078125 2753
17013.80078125 2759
17017.779296875 2793
17029.56640625 2925
17031.869140625 2152
17077.16015625 762
17113.373046875 2757
17139.66015625 37
17189.771484375 1624
17225.87890625 1271
17250.580078125 2370
17250.9296875 2895
17289.2421875 2411
17321.7421875 67
17329.97265625 150
17369.759765625 171
17385.0234375 195
17393.166015625 363
17395.107421875 522
17399.654296875 657
17433.17578125 701
17461.42578125 760
17468.205078125 811
17488.52734375 874
17522.67578125 875
17570.28515625 1002
17581.625 1007
17606.3125 1023
17606.595703125 1356
17645.818359375 1378
17692.78125 1489
17800.275390625 1629
17817.88671875 2721
17829.95703125 2032
17837.751953125 2259
17864.64453125 771
17912.46484375 1543
17928.125 2241
17955.046875 1964
17993.44140625 1625
18010.720703125 2693
18012.0390625 222
18057.390625 258
18081.734375 281
18207.197265625 506
18239.47265625 582
18271.6328125 724
18321.79296875 879
18375.1640625 1003
18396.14453125 1171
18413.341796875 1182
18483.693359375 1588
18514.669921875 1685
18518.24609375 1758
18522.984375 2300
18742.85546875 2310
18763.962890625 2705
18811.0 2845
18862.853515625 2916
19024.7890625 1811
19033.826171875 2701
19046.935546875 421
19131.4921875 1440
19164.53125 2337
19365.84375 2531
19391.0625 18
19412.826171875 29
19431.7109375 31
19532.29296875 104
19651.7265625 274
19690.81640625 321
19725.275390625 370
19839.2109375 375
19840.88671875 562
19868.443359375 914
19898.466796875 944
19965.470703125 1672
20142.234375 1684
20393.35546875 1825
20393.35546875 1846
20736.95703125 1960
20779.283203125 1976
20796.373046875 2006
20808.890625 2319
20961.728515625 2405
21068.26953125 2550
21100.873046875 2606
21146.876953125 2768
21163.4765625 1081
21381.546875 1780
21708.357421875 16
21983.880859375 28
22022.775390625 125
22052.4765625 212
22395.95703125 265
22463.693359375 295
22476.111328125 360
22594.7421875 364
22692.775390625 937
22749.072265625 1077
22819.1640625 1101
22893.15625 1241
23055.67578125 1243
23103.83203125 1307
23232.521484375 1343
23523.029296875 1404
24011.416015625 1418
24544.947265625 1585
25029.123046875 1719
25289.62890625 1822
26857.689453125 2009
26967.49609375 2164
27311.01171875 2214
27454.85546875 2250
27668.23046875 2263
29107.37109375 2342
29522.935546875 2359
30508.857421875 2547
