5994.18505859375 1147
6062.85791015625 865
6139.06982421875 939
6227.103515625 1497
6514.06201171875 2630
6522.115234375 2752
6566.314453125 457
6582.9052734375 309
6641.03515625 316
6763.89111328125 483
6819.4501953125 484
6821.5947265625 633
6859.76513671875 1026
6868.2080078125 1036
6894.36962890625 1176
6909.20654296875 1423
6947.42236328125 1485
6951.1708984375 1590
7073.4794921875 1702
7182.9169921875 1759
7241.51416015625 1818
7274.9267578125 1958
7304.8359375 1963
7365.5986328125 1977
7367.6572265625 2053
7389.5322265625 2056
7466.712890625 2125
7466.712890625 2304
7522.5673828125 2356
7530.9365234375 2477
7540.6015625 2533
7558.28271484375 2732
7567.302734375 2948
7578.56103515625 1601
7589.40966796875 2256
7604.896484375 2104
7611.0986328125 284
7642.31396484375 1446
7667.2216796875 87
7723.28857421875 251
7723.28857421875 527
7777.740234375 529
7938.7099609375 625
7955.7109375 641
7969.724609375 693
7970.13037109375 873
8004.96875 881
8059.93408203125 928
8068.64501953125 1133
8137.712890625 1283
8179.830078125 1318
8190.30615234375 1346
8208.4404296875 1417
8209.2060546875 1720
8218.591796875 1987
8241.55859375 2226
8244.0673828125 2296
8256.732421875 2515
8276.22265625 2572
8281.1201171875 2669
8290.330078125 2728
8309.138671875 2734
8329.7802734375 2746
8332.046875 2852
8341.3447265625 2866
8385.029296875 2915
8402.517578125 2949
8422.099609375 377
8429.0283203125 2281
8454.111328125 160
8512.720703125 1
8514.2861328125 425
8543.90625 446
8544.591796875 800
8579.912109375 918
8588.029296875 953
8592.7763671875 985
8607.4482421875 986
8624.4365234375 1008
8637.8232421875 1043
8641.73046875 1270
8653.6044921875 1317
8659.236328125 1435
8663.671875 1548
8668.455078125 1606
8753.8408203125 1661
8753.94140625 1712
8776.9697265625 2010
8785.9619140625 2088
8881.6318359375 2365
8888.2294921875 2410
8897.8212890625 2414
8951.2724609375 2482
8977.0263671875 2560
8981.8330078125 2781
9029.685546875 2820
9039.4150390625 997
9083.8349609375 1781
9096.0322265625 81
9124.2314453125 229
9125.7333984375 440
9155.4716796875 548
9158.037109375 611
9165.015625 826
9169.5927734375 834
9181.7578125 848
9220.4619140625 871
9226.40625 893
9284.6171875 1231
9288.4921875 1256
9292.9736328125 1315
9300.6728515625 1458
9305.3583984375 1550
9332.26953125 1671
9366.7431640625 1711
9379.08984375 1815
9382.4833984375 1893
9401.78515625 2312
9424.529296875 2324
9439.103515625 2385
9448.4560546875 2447
9457.9365234375 2562
9471.720703125 2610
9473.3671875 2622
9476.8193359375 2853
9483.6640625 2924
9487.021484375 2927
9493.05078125 2239
9561.552734375 1362
9563.6845703125 1926
9585.669921875 2997
9594.7041015625 254
9599.9775390625 388
9601.158203125 465
9615.7529296875 498
9633.3251953125 520
9641.9990234375 962
9650.6259765625 981
9666.6484375 1156
9669.404296875 1652
9678.404296875 2205
9689.3564453125 2339
9706.3193359375 2417
9713.2041015625 2494
9747.1533203125 2687
9750.2177734375 1122
9755.2734375 1670
9764.6015625 264
9765.4267578125 2173
9773.029296875 1646
9773.0615234375 2396
9788.080078125 49
9790.9423828125 189
9792.17578125 261
9798.9697265625 263
9804.6328125 430
9822.7900390625 831
9835.197265625 899
9860.966796875 1123
9865.578125 1169
9875.0166015625 1350
9877.8798828125 1405
9883.6328125 1512
9885.2099609375 1750
9893.814453125 1769
9896.8623046875 1908
9897.58984375 1966
9900.556640625 1982
9901.3671875 1993
9917.5849609375 2094
9920.5283203125 2126
9923.873046875 2141
9937.046875 2171
9955.654296875 2174
9956.8984375 2177
9961.3427734375 2237
9964.720703125 2367
9966.15234375 2536
9974.5439453125 2542
9982.1611328125 2582
9982.994140625 2675
9995.09375 2703
10019.0 1873
10037.287109375 2107
10037.365234375 1281
10044.998046875 455
10058.02734375 470
10061.9150390625 902
10066.32421875 926
10077.8203125 967
10083.6162109375 1104
10106.384765625 1225
10125.42578125 1286
10138.4443359375 1506
10158.16796875 1516
10158.5166015625 1599
10161.369140625 1779
10170.4150390625 1848
10175.4990234375 1867
10177.7392578125 1883
10186.5234375 2063
10194.892578125 2210
10202.0234375 2246
10216.349609375 2285
10219.767578125 2361
10229.9990234375 2686
10239.521484375 2700
10252.8466796875 88
10256.6162109375 586
10275.6708984375 136
10280.76953125 1471
10296.919921875 226
10303.1513671875 296
10308.734375 1197
10327.0947265625 1666
10329.876953125 2511
10353.1103515625 101
10363.3955078125 215
10369.7529296875 549
10371.6220703125 550
10378.3916015625 573
10392.951171875 1136
10394.720703125 1199
10394.9345703125 1530
10402.6728515625 1581
10418.6044921875 1640
10423.1064453125 1688
10444.10546875 1968
10470.35546875 2526
10483.025390625 2571
10488.1376953125 2983
10488.1640625 1787
10489.7587890625 602
10500.142578125 1146
10526.4541015625 253
10529.498046875 342
10548.9599609375 843
10564.6591796875 1233
10588.2744140625 1335
10602.8017578125 1394
10621.3193359375 1737
10624.8388671875 1784
10639.0458984375 1950
10667.9248046875 2025
10673.4560546875 2473
10675.39453125 2518
10680.6279296875 999
10689.236328125 1056
10689.8310546875 1900
10715.5400390625 1304
10734.6328125 1326
10735.388671875 2967
10742.3623046875 1329
10750.3408203125 50
10756.353515625 318
10757.5703125 389
10761.9716796875 478
10763.421875 491
10809.0009765625 580
10815.2607421875 599
10851.142578125 890
10862.7080078125 896
10888.7392578125 909
10893.5478515625 919
10900.1064453125 995
10906.107421875 1273
10913.4853515625 1342
10941.43359375 1430
10946.3271484375 1495
10961.0 1568
10976.751953125 1583
10992.158203125 1764
11000.484375 1774
11003.005859375 2065
11008.2978515625 2117
11011.984375 2181
11019.6171875 2268
11031.5244140625 2465
11048.263671875 2664
11052.7724609375 2760
11073.6123046875 2764
11080.84765625 2938
11083.68359375 2943
11100.2685546875 1860
11104.822265625 2880
11114.689453125 1333
11116.4208984375 2631
11139.294921875 146
11149.478515625 1538
11154.6494140625 21
11156.458984375 34
11169.9267578125 200
11174.734375 288
11177.5419921875 336
11181.3759765625 385
11196.5986328125 517
11199.771484375 546
11208.90234375 609
11224.4130859375 614
11227.1328125 683
11236.7109375 686
11266.9482421875 769
11275.3369140625 1097
11311.212890625 1221
11317.185546875 1322
11334.1689453125 1359
11344.4638671875 1376
11401.6953125 1686
11402.45703125 1854
11409.318359375 2513
11410.2177734375 2553
11427.1767578125 2650
11429.494140625 2672
11436.4248046875 2911
11438.7255859375 78
11444.6669921875 2713
11452.611328125 2800
11453.2412109375 2651
11457.8662109375 2970
11462.748046875 1045
11470.5771484375 1068
11475.013671875 2078
11490.3896484375 884
11496.0693359375 886
11505.2587890625 1028
11508.1748046875 1845
11514.1416015625 1932
11525.7822265625 2489
11530.5546875 90
11536.19921875 153
11538.5146484375 240
11542.5205078125 256
11550.4033203125 531
11552.255859375 644
11563.40234375 706
11590.2763671875 775
11591.4814453125 1163
11595.279296875 1483
11601.4296875 2114
11612.2783203125 2379
11615.5693359375 2424
11626.302734375 2433
11652.7373046875 2435
11667.21484375 2442
11678.146484375 2683
11686.1279296875 2811
11687.5810546875 2176
11702.072265625 169
11705.521484375 2207
11707.1796875 1144
11707.193359375 2180
11707.59375 73
11708.060546875 663
11716.3388671875 677
11717.3408203125 756
11718.6796875 925
11726.837890625 927
11728.0068359375 946
11728.0068359375 996
11735.318359375 1141
11744.2587890625 1202
11751.3623046875 1251
11756.564453125 1457
11761.9892578125 1502
11765.9423828125 1591
11778.1279296875 1733
11782.3193359375 1735
11785.88671875 1919
11794.2265625 1933
11821.109375 1955
11829.6123046875 2002
11839.0947265625 2335
11844.05078125 2341
11850.05859375 2565
11859.556640625 2695
11865.431640625 2763
11867.5771484375 2840
11871.88671875 2422
11872.474609375 1020
11873.4755859375 640
11878.671875 59
11887.5048828125 177
11889.37890625 191
11902.7138671875 575
11908.55859375 687
11922.9482421875 934
11923.2333984375 1119
11933.04296875 1529
11936.0029296875 1697
11940.1953125 1810
11953.833984375 1831
11956.291015625 2354
11959.3896484375 2528
11973.9560546875 2679
11996.1953125 2712
12005.37109375 2747
12021.1953125 2809
12025.1708984375 2821
12040.552734375 2842
12058.228515625 2860
12064.3017578125 2906
12075.412109375 2994
12078.76953125 186
12099.7734375 223
12102.2783203125 1594
12128.318359375 410
12130.009765625 631
12137.1142578125 132
12140.5068359375 2576
12176.1357421875 1282
12180.154296875 488
12194.5751953125 869
12197.767578125 2059
12241.716796875 787
12244.0068359375 904
12248.4775390625 137
12251.5263671875 275
12254.2197265625 328
12256.921875 333
12292.041015625 392
12302.291015625 407
12310.6435546875 489
12330.326171875 680
12330.9580078125 1022
12333.166015625 1290
12356.958984375 1358
12366.697265625 1607
12377.181640625 1653
12397.953125 2024
12428.6494140625 2184
12429.228515625 2221
12456.01953125 2394
12468.623046875 2427
12471.8408203125 2517
12487.1396484375 2655
12498.11328125 2704
12510.34375 2900
12510.9697265625 2946
12512.65234375 459
12538.6943359375 1408
12555.759765625 1339
12558.4375 22
12562.3037109375 45
12577.419921875 300
12581.904296875 812
12587.9599609375 922
12588.123046875 947
12590.04296875 975
12625.2978515625 1001
12626.501953125 1095
12630.14453125 1275
12636.73828125 1664
12637.3115234375 1708
12639.5576171875 1763
12645.171875 1766
12650.1982421875 1889
12657.1865234375 2077
12657.98046875 2082
12659.91015625 2131
12661.9453125 2315
12673.0087890625 2317
12673.517578125 2409
12681.34765625 2608
12688.7216796875 2616
12703.6845703125 2649
12706.87109375 2819
12711.3212890625 2862
12715.5048828125 1164
12717.51953125 2213
12721.337890625 1050
12723.7939453125 979
12804.064453125 1562
12836.341796875 1597
12838.2177734375 2334
12841.2783203125 587
12841.2919921875 630
12842.279296875 777
12859.4951171875 1012
12866.013671875 1064
12870.681640625 1082
12874.177734375 1462
12874.2333984375 1501
12875.3662109375 1654
12880.5087890625 1800
12909.1025390625 2656
12911.326171875 2884
12914.3515625 1416
12919.3037109375 1575
12935.5556640625 2889
12943.3408203125 445
12951.59375 30
12976.939453125 2484
12978.0341796875 38
12980.5078125 40
12992.4990234375 76
13010.951171875 77
13012.03515625 108
13017.849609375 164
13036.9326171875 211
13044.8798828125 225
13055.404296875 376
13063.255859375 437
13063.578125 510
13064.8740234375 646
13087.9453125 671
13097.5166015625 738
13097.6494140625 770
13105.470703125 1434
13117.3564453125 1610
13121.5595703125 1662
13125.5859375 1709
13155.1484375 1998
13156.4560546875 2166
13156.9521484375 2220
13180.8515625 2238
13208.470703125 2255
13209.69921875 2345
13219.80859375 2510
13220.083984375 2581
13238.5927734375 2607
13247.94140625 2807
13253.2109375 1015
13262.130859375 1984
13262.130859375 1258
13262.841796875 2555
13263.9609375 182
13270.001953125 916
13278.32421875 1667
13283.216796875 1852
13304.193359375 727
13316.4697265625 2036
13339.21875 2772
13373.4423828125 130
13394.9296875 219
13403.607421875 394
13414.2470703125 405
13431.3740234375 634
13447.7099609375 856
13447.931640625 983
13461.51171875 1117
13463.458984375 1386
13463.6826171875 1791
13483.0537109375 1991
13492.5693359375 2060
13500.7529296875 2215
13502.689453125 2314
13505.61328125 2440
13505.6650390625 2467
13514.6572265625 2618
13530.1376953125 2648
13530.623046875 2694
13535.0283203125 1772
13583.8828125 818
13590.9794921875 2907
13596.9921875 660
13610.345703125 1168
13640.6328125 1145
13661.998046875 1476
13672.6376953125 1618
13679.232421875 655
13687.3046875 1592
13691.2548828125 2120
13697.4970703125 2557
13700.0244140625 112
13715.556640625 350
13717.9853515625 356
13731.0458984375 448
13735.2060546875 1500
13741.830078125 1526
13770.361328125 1587
13777.947265625 1881
13817.923828125 1943
13826.5078125 1962
13827.21875 1995
13837.5810546875 2075
13842.57421875 2118
13879.802734375 2309
13882.142578125 2418
13894.6904296875 2516
13907.3203125 2588
13932.798828125 2605
13933.205078125 2623
13947.806640625 2937
13947.8720703125 1005
13955.5263671875 110
13964.8427734375 2360
13970.0185546875 121
14025.22265625 1046
14067.083984375 298
14116.0908203125 372
14139.326171875 492
14146.86328125 752
14166.625 838
14167.06640625 903
14170.6640625 1034
14197.763671875 1128
14198.2568359375 1187
14209.615234375 1437
14215.044921875 1488
14241.4853515625 1534
14261.560546875 1657
14276.5029296875 1678
14286.232421875 1824
14303.0361328125 1826
14305.2734375 1941
14313.5556640625 1997
14315.7880859375 2318
14318.15234375 2327
14324.068359375 2362
14325.7412109375 2404
14331.7822265625 2453
14339.298828125 2458
14366.671875 2496
14394.111328125 2696
14400.8642578125 2722
14404.123046875 2796
14409.111328125 2584
14415.2802734375 2872
14441.37109375 2589
14463.892578125 2135
14468.78125 1802
14474.4287109375 1853
14480.44921875 1892
14500.189453125 1580
14528.7314453125 25
14564.2197265625 72
14595.1982421875 343
14609.8798828125 710
14620.0615234375 755
14622.90234375 885
14691.6494140625 1683
14715.3955078125 1776
14724.775390625 1972
14768.3935546875 2047
14793.7470703125 2138
14822.5986328125 2185
14833.77734375 2344
14859.001953125 2545
14873.1728515625 2573
14875.2490234375 2855
14900.2099609375 2159
14908.3525390625 1067
14917.9736328125 371
14935.0078125 243
14936.6435546875 1301
14944.73828125 311
14950.345703125 426
14951.927734375 648
14952.7744140625 720
14974.2509765625 792
14979.580078125 940
14980.6982421875 1006
14985.73828125 1032
15022.625 1160
15057.5693359375 1189
15060.546875 2183
15079.6611328125 2190
15096.486328125 2301
15098.8818359375 1459
15113.76171875 1649
15114.2685546875 353
15114.421875 2706
15128.4609375 1511
15141.9814453125 1778
15153.201171875 329
15161.7109375 731
15162.5078125 1400
15167.884765625 2070
15193.15234375 1480
15208.5166015625 1714
15217.13671875 249
15252.5712890625 94
15298.1748046875 2823
15321.66796875 471
15346.6640625 473
15348.017578125 747
15361.6142578125 915
15389.513671875 921
15406.5419921875 993
15419.873046875 1072
15445.603515625 1415
15446.232421875 1541
15450.40234375 1746
15498.9765625 1949
15532.4287109375 2079
15578.916015625 2219
15594.8681640625 2258
15604.4892578125 2413
15606.9814453125 2628
15619.6904296875 2828
15658.5419921875 2903
15682.35546875 2996
15703.6171875 204
15714.201171875 1247
15717.8388671875 1410
15740.876953125 1888
15755.046875 1214
15774.529296875 1658
15775.0166015625 2587
15810.900390625 380
15846.8095703125 688
15886.5 1761
15888.3955078125 66
15897.5712890625 127
15898.5234375 179
15904.865234375 855
15920.1923828125 1198
15954.3046875 1250
15960.80078125 1507
16053.8017578125 1558
16061.0029296875 2007
16063.7421875 2092
16066.7177734375 2231
16066.7265625 2384
16125.16015625 2457
16154.5751953125 2544
16161.0380859375 2717
16163.5322265625 2774
16174.80859375 2794
16217.83984375 2909
16291.1435546875 972
16300.6533203125 1138
16314.6630859375 1442
16425.755859375 1137
16453.359375 102
16465.765625 667
16475.75 1935
16479.57421875 2352
16507.08203125 2887
16542.53515625 427
16605.447265625 1533
16663.197265625 170
16668.724609375 262
16677.587890625 306
16706.431640625 596
16728.46875 805
16730.08203125 849
16743.916015625 850
16748.73046875 965
16757.06640625 976
16770.306640625 1058
16855.869140625 1403
16861.01171875 1645
16899.896484375 1999
16932.935546875 2292
16955.814453125 2392
16964.369140625 2403
16978.171875 2497
17002.85546875 2524
17021.677734375 2601
17082.580078125 2652
17085.5625 2657
17186.494140625 2761
17191.21484375 2839
17221.5390625 2939
17293.814453125 2984
17476.279296875 1027
17492.908203125 622
17517.6015625 417
17569.4453125 450
17581.4765625 690
17608.568359375 969
17608.69140625 982
17619.78125 1040
17628.798828125 1078
17632.98828125 1083
17665.884765625 1382
17668.001953125 1391
17687.943359375 1486
17688.427734375 1503
17713.447265625 1547
17713.767578125 1561
17792.1953125 1965
17909.263671875 2026
17919.201171875 2066
17921.025390625 2182
17954.482421875 2245
18033.724609375 2460
18048.1953125 2466
18093.77734375 2540
18103.216796875 2593
18199.173828125 2632
18200.6015625 2753
18242.76953125 2759
18332.345703125 2793
18364.892578125 2925
18397.244140625 2152
18414.529296875 762
18475.93359375 2757
18538.146484375 37
18551.8671875 1624
18568.125 1271
18604.853515625 2370
18624.97265625 2895
18668.33203125 2411
18681.703125 67
18731.033203125 150
18732.373046875 171
18895.998046875 195
18909.080078125 363
18975.14453125 522
18983.8046875 657
19006.71484375 701
19143.11328125 760
19143.298828125 811
19146.701171875 874
19191.396484375 875
19250.78125 1002
19250.78125 1007
19274.33203125 1023
19333.212890625 1356
19352.884765625 1378
19382.685546875 1489
19401.359375 1629
19465.232421875 2721
19467.001953125 2032
19548.853515625 2259
19682.345703125 771
19711.62109375 1543
19712.8125 2241
19864.998046875 1964
20043.349609375 1625
20106.3046875 2693
20108.556640625 222
20135.1015625 258
20220.43359375 281
20304.138671875 506
20336.953125 582
20353.396484375 724
20389.736328125 879
20393.4375 1003
20485.79296875 1171
20531.2734375 1182
20550.490234375 1588
20558.314453125 1685
20601.90234375 1758
20605.115234375 2300
20647.94140625 2310
20663.44921875 2705
20728.759765625 2845
20729.337890625 2916
20888.375 1811
20935.08203125 2701
21015.1953125 421
21043.396484375 1440
21206.91015625 2337
21304.02734375 2531
21356.40625 18
21546.712890625 29
21611.35546875 31
21620.603515625 104
21629.578125 274
21629.578125 321
21649.34765625 370
21651.02734375 375
21682.552734375 562
21687.521484375 914
21713.734375 944
21795.205078125 1672
21813.537109375 1684
21838.890625 1825
21875.203125 1846
21907.642578125 1960
21916.87890625 1976
21945.30078125 2006
22045.015625 2319
22080.1953125 2405
22098.51953125 2550
22330.75390625 2606
22511.921875 2768
22519.744140625 1081
22618.55078125 1780
22758.453125 16
22831.109375 28
22868.328125 125
22869.53125 212
22945.6953125 265
22956.220703125 295
23044.537109375 360
23105.3828125 364
23135.171875 937
23365.05078125 1077
23394.201171875 1101
23722.099609375 1241
23927.37890625 1243
24027.404296875 1307
24073.591796875 1343
24470.404296875 1404
25495.453125 1418
25570.0 1585
25576.060546875 1719
25679.7265625 1822
25680.892578125 2009
25762.59765625 2164
25972.8359375 2214
26181.78125 2250
26676.953125 2263
26845.392578125 2342
27122.130859375 2359
29049.828125 2547
