4370.1630859375 2589
4879.0732421875 2135
4953.1953125 1802
4956.4775390625 1853
5135.42236328125 1892
5412.58251953125 1580
5737.845703125 25
5773.93603515625 72
6047.4521484375 343
6131.3095703125 710
6138.890625 755
6609.17919921875 885
6847.2265625 1683
6854.6875 1776
6862.7822265625 1972
6915.8955078125 2047
6943.064453125 2138
7004.818359375 2185
7009.56298828125 2344
7042.8818359375 2545
7056.634765625 2573
7063.6474609375 2855
7284.31689453125 1446
7401.88525390625 87
7406.7666015625 251
7478.09765625 527
7523.7099609375 529
7576.1240234375 625
7598.06494140625 641
7650.228515625 693
7756.68798828125 873
7833.81298828125 881
8019.2451171875 928
8043.29736328125 1133
8102.38037109375 1283
8102.39453125 1318
8134.2568359375 1346
8147.0751953125 1417
8224.423828125 1720
8247.6806640625 1987
8257.091796875 2226
8257.95703125 2296
8303.2119140625 2515
8426.5673828125 2572
8508.837890625 2669
8704.0224609375 2728
8763.9365234375 2734
8803.158203125 2746
8803.716796875 2852
8811.7109375 2866
8827.1044921875 2915
8842.90234375 2949
8952.8935546875 377
9110.5986328125 2281
9113.9814453125 160
9199.126953125 1
9199.87890625 425
9309.740234375 446
9325.54296875 800
9461.541015625 918
9521.96875 953
9525.609375 985
9612.6005859375 986
9612.958984375 1008
9633.576171875 1043
9656.576171875 1270
9656.576171875 1317
9685.279296875 1435
9721.4287109375 1548
9733.65625 1606
9742.7822265625 1661
9753.326171875 1712
9773.875 2010
9838.51953125 2088
9851.16796875 2365
9873.0361328125 2410
9946.1708984375 2414
9980.6201171875 2482
9993.4912109375 2560
10018.4560546875 2781
10151.63671875 2820
10206.7099609375 997
10217.6748046875 1781
10225.5693359375 81
10359.5478515625 229
10368.5927734375 440
10372.849609375 548
10478.32421875 611
10528.5712890625 826
10556.75390625 834
10565.662109375 848
10589.927734375 871
10595.4619140625 893
10604.7998046875 1231
10628.2470703125 1256
10698.5634765625 1315
10699.205078125 1458
10726.8466796875 1550
10744.4443359375 1671
10747.4326171875 1711
10758.875 1815
10787.2734375 1893
10810.060546875 2312
10827.890625 2324
10849.1396484375 2385
10875.4599609375 2447
10907.07421875 2562
10945.416015625 2610
10946.17578125 2622
10959.65625 2853
10961.4169921875 2924
10992.8974609375 2927
11032.91015625 2239
11050.3876953125 1362
11064.5791015625 1926
11065.3681640625 2997
11154.3310546875 254
11179.6142578125 388
11188.380859375 465
11190.2890625 498
11246.56640625 520
11268.6611328125 962
11315.6220703125 981
11352.630859375 1156
11374.5830078125 1652
11376.921875 2205
11380.830078125 2339
11402.30078125 2417
11402.859375 2494
11465.013671875 2687
11476.9638671875 1122
11482.783203125 1670
11501.7177734375 264
11563.154296875 2173
11576.533203125 1646
11626.990234375 2396
11651.0380859375 49
11660.623046875 189
11726.126953125 261
11727.2763671875 263
11727.59765625 430
11732.7958984375 831
11744.53125 899
11781.97265625 1123
11803.0849609375 1169
11830.1123046875 1350
11833.078125 1405
11847.6142578125 1512
11869.2099609375 1750
11885.1279296875 1769
11922.203125 1908
11989.583984375 1966
12008.0732421875 1982
12008.8125 1993
12012.0390625 2094
12018.04296875 2126
12020.607421875 2141
12020.7998046875 2171
12047.7216796875 2174
12052.9765625 2177
12118.5537109375 2237
12120.458984375 2367
12136.0458984375 2536
12192.927734375 2542
12198.4853515625 2582
12204.7412109375 2675
12205.2900390625 2703
12216.7822265625 1873
12229.349609375 2107
12279.4453125 1281
12283.609375 455
12288.4609375 470
12299.232421875 902
12363.388671875 926
12376.6611328125 967
12433.41015625 1104
12445.6494140625 1225
12453.5703125 1286
12475.6953125 1506
12490.0888671875 1516
12491.134765625 1599
12503.2109375 1779
12509.966796875 1848
12518.7724609375 1867
12570.0048828125 1883
12572.5166015625 2063
12575.1669921875 2210
12614.7900390625 2246
12619.4072265625 2285
12626.4912109375 2361
12657.1279296875 2686
12664.427734375 2700
12670.5126953125 88
12679.4306640625 586
12696.4609375 136
12701.5244140625 1471
12734.849609375 226
12748.98828125 296
12750.8623046875 1197
12757.6826171875 1666
12762.4189453125 2511
12801.46484375 101
12814.947265625 215
12831.146484375 549
12832.7734375 550
12842.8447265625 573
12846.505859375 1136
12848.037109375 1199
12853.21875 1530
12872.6494140625 1581
12885.908203125 1640
12938.103515625 1688
12938.92578125 1968
12941.6416015625 2526
12958.0537109375 2571
12958.966796875 2983
12961.1015625 1787
12976.8037109375 602
12977.9453125 1146
12980.6982421875 253
12983.326171875 342
12984.0390625 843
12995.86328125 1233
13012.109375 1335
13048.609375 1394
13057.021484375 1737
13061.912109375 1784
13082.0595703125 1950
13091.22265625 2025
13095.5712890625 2473
13104.8916015625 2518
13148.6015625 999
13159.078125 1056
13161.84375 1900
13167.080078125 1304
13170.7333984375 1326
13177.4736328125 2967
13177.6328125 1329
13183.86328125 50
13206.146484375 318
13210.412109375 389
13211.326171875 478
13228.642578125 491
13236.935546875 580
13242.0498046875 599
13244.1953125 890
13247.19921875 896
13251.341796875 909
13251.69921875 919
13255.201171875 995
13261.240234375 1273
13271.1787109375 1342
13325.91015625 1430
13330.728515625 1495
13352.169921875 1568
13362.44921875 1583
13379.1474609375 1764
13380.396484375 1774
13384.939453125 2065
13386.71875 2117
13393.453125 2181
13396.671875 2268
13410.619140625 2465
13413.9501953125 2664
13429.8564453125 2760
13430.6416015625 2764
13449.6806640625 2938
13473.68359375 2943
13474.1025390625 1860
13500.642578125 2880
13513.8779296875 1333
13522.625 2631
13586.2041015625 146
13588.1357421875 1538
13588.7255859375 21
13596.78515625 34
13602.517578125 200
13632.7802734375 288
13634.1005859375 336
13640.1376953125 385
13654.6474609375 517
13655.951171875 546
13657.068359375 609
13659.560546875 614
13668.484375 683
13675.9423828125 686
13702.181640625 769
13710.1884765625 1097
13711.7978515625 1221
13717.19140625 1322
13720.8056640625 1359
13720.912109375 1376
13751.8857421875 1686
13755.115234375 1854
13758.615234375 2513
13766.4052734375 2553
13766.4052734375 2650
13771.1064453125 2672
13805.8896484375 2911
13806.8017578125 78
13809.146484375 2713
13826.259765625 2800
13826.3828125 2651
13830.267578125 2970
13846.390625 1045
13852.0888671875 1068
13888.3369140625 2078
13922.40625 884
13932.3779296875 886
13935.142578125 1028
13946.740234375 1845
13957.8251953125 1932
13995.0 2489
13995.3076171875 90
14001.7724609375 153
14007.013671875 240
14012.99609375 256
14013.8515625 531
14017.330078125 644
14022.8642578125 706
14034.5107421875 775
14045.287109375 1163
14057.32421875 1483
14057.478515625 2114
14061.3583984375 2379
14066.748046875 2424
14070.85546875 2433
14078.025390625 2435
14081.95703125 2442
14084.669921875 2683
14090.380859375 2811
14093.64453125 2176
14121.7822265625 169
14135.982421875 2207
14165.7275390625 1144
14166.419921875 2180
14170.7685546875 73
14190.0888671875 663
14196.4912109375 677
14213.2763671875 756
14227.1015625 925
14237.83984375 927
14250.7470703125 946
14278.041015625 996
14286.0830078125 1141
14289.0263671875 1202
14308.673828125 1251
14332.5390625 1457
14333.2802734375 1502
14334.51953125 1591
14356.119140625 1733
14360.0380859375 1735
14371.5361328125 1919
14376.9306640625 1933
14390.9072265625 1955
14393.2412109375 2002
14396.7685546875 2335
14397.4912109375 2341
14401.697265625 2565
14405.9228515625 2695
14406.33984375 2763
14416.32421875 2840
14454.84765625 2422
14456.3271484375 1020
14460.6484375 640
14471.126953125 59
14487.025390625 177
14488.419921875 191
14489.1435546875 575
14492.9091796875 687
14495.2861328125 934
14498.1923828125 1119
14505.5888671875 1529
14582.0712890625 1697
14582.4931640625 1810
14588.939453125 1831
14598.8955078125 2354
14600.4599609375 2528
14610.6796875 2679
14622.04296875 2712
14634.8955078125 2747
14636.775390625 2809
14639.185546875 2821
14643.12109375 2842
14652.34765625 2860
14660.4013671875 2906
14700.7080078125 2994
14701.9951171875 186
14715.919921875 223
14717.3056640625 1594
14723.111328125 410
14724.705078125 631
14727.658203125 132
14731.677734375 2576
14744.1708984375 1282
14767.01171875 488
14767.33203125 869
14791.1953125 2059
14800.072265625 787
14806.169921875 904
14822.7294921875 137
14841.3935546875 275
14849.5986328125 328
14862.744140625 333
14865.5283203125 392
14873.7470703125 407
14895.84375 489
14909.384765625 680
14911.4912109375 1022
14928.0 1290
14950.470703125 1358
14952.642578125 1607
14966.4267578125 1653
14977.9873046875 2024
14979.2763671875 2184
14981.9375 2221
14993.0927734375 2394
15001.3037109375 2427
15020.8486328125 2517
15022.125 2655
15029.287109375 2704
15043.3740234375 2900
15046.1884765625 2946
15055.1376953125 459
15063.3134765625 1408
15065.271484375 1339
15076.0693359375 22
15081.125 45
15100.8203125 300
15110.568359375 812
15131.5146484375 922
15132.7529296875 947
15145.7314453125 975
15149.9677734375 1001
15154.6748046875 1095
15157.58984375 1275
15158.3837890625 1664
15196.0576171875 1708
15228.4521484375 1763
15238.525390625 1766
15250.7255859375 1889
15274.9970703125 2077
15285.3515625 2082
15288.044921875 2131
15288.9228515625 2315
15316.21875 2317
15346.96875 2409
15349.810546875 2608
15354.4990234375 2616
15356.611328125 2649
15356.744140625 2819
15367.69921875 2862
15368.76953125 1164
15373.921875 2213
15384.490234375 1050
15387.74609375 979
15424.5078125 1562
15439.732421875 1597
15455.287109375 2334
15458.908203125 587
15463.7294921875 630
15468.326171875 777
15475.90625 1012
15481.4384765625 1064
15484.6953125 1082
15504.484375 1462
15517.486328125 1501
15519.9541015625 1654
15520.1259765625 1800
15532.2646484375 2656
15590.1533203125 2884
15595.666015625 1416
15603.134765625 1575
15644.3994140625 2889
15652.41015625 445
15653.9140625 30
15667.9169921875 2484
15689.4462890625 38
15744.10546875 40
15787.5634765625 76
15792.734375 77
15796.15234375 108
15799.396484375 164
15826.6171875 211
15827.634765625 225
15829.1865234375 376
15835.9443359375 437
15865.9462890625 510
15868.076171875 646
15887.4658203125 671
15887.84765625 738
15903.115234375 770
15914.126953125 1434
15914.310546875 1610
15916.4306640625 1662
15929.8310546875 1709
15934.099609375 1998
15944.033203125 2166
15963.4052734375 2220
15964.42578125 2238
15977.9365234375 2255
15980.8916015625 2345
16001.46484375 2510
16001.57421875 2581
16001.6884765625 2607
16011.6904296875 2807
16030.9521484375 1015
16030.9521484375 1984
16036.6376953125 1258
16046.541015625 2555
16071.38671875 1147
16076.9521484375 865
16086.4580078125 939
16090.2392578125 1497
16091.9921875 2630
16112.083984375 2752
16115.76953125 457
16116.3125 309
16128.56640625 316
16130.625 483
16138.03515625 484
16143.18359375 633
16152.3154296875 1026
16168.0458984375 1036
16182.5 1176
16191.873046875 1423
16202.880859375 1485
16216.4755859375 1590
16221.1083984375 1702
16224.359375 1759
16226.984375 1818
16234.794921875 1958
16241.3935546875 1963
16274.095703125 1977
16312.6796875 2053
16314.740234375 2056
16339.5166015625 2125
16363.2744140625 2304
16431.92578125 2356
16435.783203125 2477
16447.482421875 2533
16462.66796875 2732
16462.66796875 2948
16463.34375 1601
16474.16015625 2256
16477.857421875 2104
16484.46484375 284
16506.73046875 182
16511.853515625 916
16529.42578125 1667
16543.9453125 1852
16596.6328125 727
16626.705078125 2036
16627.68359375 2772
16637.76953125 130
16643.826171875 219
16668.69921875 394
16671.544921875 405
16672.328125 634
16672.759765625 856
16674.30859375 983
16687.392578125 1117
16705.615234375 1386
16710.640625 1791
16719.251953125 1991
16719.724609375 2060
16723.375 2215
16730.080078125 2314
16733.197265625 2440
16742.3984375 2467
16768.228515625 2618
16787.06640625 2648
16794.3828125 2694
16795.36328125 1772
16795.36328125 818
16799.93359375 2907
16806.6875 660
16827.39453125 1168
16870.16796875 1145
16885.8125 1476
16890.46484375 1618
16931.54296875 655
16937.451171875 1592
16948.720703125 2120
16960.087890625 2557
16972.412109375 112
17001.318359375 350
17013.912109375 356
17014.6484375 448
17021.064453125 1500
17030.986328125 1526
17031.7265625 1587
17052.75 1881
17068.275390625 1943
17073.537109375 1962
17076.69921875 1995
17106.412109375 2075
17122.7421875 2118
17132.517578125 2309
17132.70703125 2418
17136.02734375 2516
17151.166015625 2588
17157.138671875 2605
17173.35546875 2623
17173.35546875 2937
17173.49609375 1005
17198.15625 110
17210.005859375 2360
17218.75390625 121
17220.017578125 1046
17223.216796875 298
17223.552734375 372
17226.533203125 492
17239.72265625 752
17244.912109375 838
17264.486328125 903
17269.43359375 1034
17286.083984375 1128
17295.265625 1187
17303.451171875 1437
17303.548828125 1488
17334.8515625 1534
17342.6484375 1657
17371.080078125 1678
17374.365234375 1824
17388.01953125 1826
17390.06640625 1941
17415.283203125 1997
17417.845703125 2318
17420.44921875 2327
17425.759765625 2362
17429.06640625 2404
17446.6484375 2453
17465.34375 2458
17466.703125 2496
17489.28125 2696
17498.248046875 2722
17516.845703125 2796
17525.935546875 2584
17542.091796875 2872
17567.939453125 2159
17583.4921875 1067
17587.849609375 371
17594.44140625 243
17612.234375 1301
17627.568359375 311
17630.77734375 426
17641.04296875 648
17651.720703125 720
17653.66015625 792
17656.240234375 940
17666.64453125 1006
17678.43359375 1032
17694.748046875 1160
17698.396484375 1189
17728.13671875 2183
17729.142578125 2190
17736.994140625 2301
17740.859375 1459
17745.9453125 1649
17764.244140625 353
17767.76953125 2706
17775.4921875 1511
17780.2578125 1778
17789.388671875 329
17790.775390625 731
17797.05078125 1400
17807.55859375 2070
17808.630859375 1480
17821.544921875 1714
17834.0546875 249
17854.662109375 94
17856.23828125 2823
17863.361328125 471
17869.7578125 473
17886.5390625 747
17916.220703125 915
17940.84375 921
17943.578125 993
17947.015625 1072
17980.78515625 1415
17984.40625 1541
17994.521484375 1746
17994.861328125 1949
18025.333984375 2079
18050.30859375 2219
18054.33203125 2258
18119.029296875 2413
18141.5234375 2628
18152.513671875 2828
18162.734375 2903
18178.70703125 2996
18194.12890625 204
18208.009765625 1247
18211.103515625 1410
18211.3828125 1888
18211.408203125 1214
18247.837890625 1658
18259.25 2587
18264.212890625 380
18270.216796875 688
18283.5859375 1761
18288.849609375 66
18290.693359375 127
18300.7578125 179
18318.44921875 855
18320.802734375 1198
18324.234375 1250
18330.958984375 1507
18368.998046875 1558
18369.552734375 2007
18394.626953125 2092
18403.29296875 2231
18406.234375 2384
18411.455078125 2457
18417.05859375 2544
18435.96875 2717
18436.46484375 2774
18448.837890625 2794
18449.52734375 2909
18491.53125 972
18496.845703125 1138
18522.45703125 1442
18549.185546875 1137
18570.63671875 102
18606.5703125 667
18612.458984375 1935
18651.875 2352
18692.3671875 2887
18706.876953125 427
18755.74609375 1533
18756.208984375 170
18766.44140625 262
18775.166015625 306
18783.3359375 596
18790.720703125 805
18790.734375 849
18815.09765625 850
18842.810546875 965
18874.64453125 976
18906.6875 1058
18929.71875 1403
18930.3203125 1645
18945.6875 1999
18964.830078125 2292
18971.96484375 2392
19009.642578125 2403
19014.302734375 2497
19016.388671875 2524
19059.716796875 2601
19082.046875 2652
19088.564453125 2657
19091.47265625 2761
19097.052734375 2839
19103.708984375 2939
19132.9140625 2984
19164.5078125 1027
19169.365234375 622
19186.619140625 417
19189.94140625 450
19193.69140625 690
19218.85546875 969
19229.54296875 982
19234.2578125 1040
19250.32421875 1078
19260.611328125 1083
19294.68359375 1382
19295.66796875 1391
19318.90234375 1486
19334.6953125 1503
19347.00390625 1547
19361.1484375 1561
19450.384765625 1965
19469.271484375 2026
19480.650390625 2066
19481.333984375 2182
19487.666015625 2245
19501.94140625 2460
19505.63671875 2466
19510.60546875 2540
19526.56640625 2593
19555.025390625 2632
19648.771484375 2753
19693.94921875 2759
19705.224609375 2793
19764.8984375 2925
19796.125 2152
19797.8828125 762
19807.673828125 2757
19815.1171875 37
19856.248046875 1624
19866.359375 1271
19890.357421875 2370
19900.111328125 2895
19918.576171875 2411
19926.654296875 67
19941.810546875 150
19985.09375 171
20020.990234375 195
20022.572265625 363
20022.572265625 522
20047.87109375 657
20060.501953125 701
20066.390625 760
20119.21484375 811
20228.646484375 874
20298.96875 875
20328.818359375 1002
20350.625 1007
20405.369140625 1023
20407.072265625 1356
20437.5546875 1378
20481.87890625 1489
20559.33203125 1629
20565.84375 2721
20661.84765625 2032
20699.095703125 2259
20710.462890625 771
20720.2890625 1543
20731.283203125 2241
20764.208984375 1964
20779.43359375 1625
20782.1484375 2693
20794.7421875 222
20797.154296875 258
20800.251953125 281
20807.60546875 506
20815.439453125 582
20850.734375 724
20867.005859375 879
20894.00390625 1003
20895.109375 1171
20935.853515625 1182
20983.341796875 1588
21090.765625 1685
21118.09375 1758
21118.296875 2300
21163.833984375 2310
21181.603515625 2705
21222.095703125 2845
21254.591796875 2916
21264.26171875 1811
21300.4609375 2701
21415.236328125 421
21468.755859375 1440
21509.38671875 2337
21523.943359375 2531
21528.978515625 18
21538.708984375 29
21623.234375 31
21668.4453125 104
21705.671875 274
21863.970703125 321
21909.693359375 370
21999.66015625 375
22069.603515625 562
22206.37890625 914
22482.21875 944
22508.32421875 1672
22656.599609375 1684
22689.40234375 1825
22697.326171875 1846
22744.09765625 1960
22782.423828125 1976
22945.1953125 2006
22953.390625 2319
22954.00390625 2405
22977.744140625 2550
23000.5078125 2606
23036.24609375 2768
23184.9921875 1081
23190.35546875 1780
23514.69140625 16
23533.890625 28
23604.923828125 125
23720.01171875 212
23772.505859375 265
23812.666015625 295
23869.7421875 360
23973.66015625 364
24080.330078125 937
24135.49609375 1077
24135.916015625 1101
24182.28515625 1241
24311.3125 1243
24320.90625 1307
24321.240234375 1343
24443.50390625 1404
24554.2421875 1418
24808.88671875 1585
24880.791015625 1719
25031.908203125 1822
25472.412109375 2009
25588.8203125 2164
25691.490234375 2214
26543.87890625 2250
27289.189453125 2263
30845.78125 2342
32752.57421875 2359
34430.32421875 2547
