1803.058349609375 160
2296.023681640625 1
2770.71435546875 425
3142.94775390625 446
3308.6162109375 800
3591.260498046875 918
3820.0576171875 953
3850.189453125 985
4048.1171875 986
4169.64599609375 1008
4182.216796875 1043
4287.66064453125 1270
4509.55859375 1317
4515.33154296875 1435
4518.3056640625 1548
4540.2841796875 1606
4601.62890625 1661
4638.962890625 1712
4835.6923828125 2010
4868.017578125 2088
4868.017578125 2365
4873.8447265625 2410
4877.09716796875 2414
4929.97802734375 2482
4932.0751953125 2560
4944.91796875 2781
4984.03955078125 2820
5144.283203125 997
5274.17333984375 1446
5356.142578125 87
5490.21435546875 251
5535.82958984375 527
5547.103515625 529
5593.59912109375 625
5617.349609375 641
5903.86328125 693
6197.369140625 873
6279.8583984375 881
6368.79052734375 928
6550.623046875 1133
6550.6630859375 1283
6584.501953125 1318
6627.1787109375 1346
6676.6279296875 1417
6686.91845703125 1720
6704.15087890625 1987
6729.173828125 2226
6747.65087890625 2296
6751.3583984375 2515
6796.7978515625 2572
6840.0947265625 2669
6981.8798828125 2728
7000.087890625 2734
7174.83447265625 2746
7198.4345703125 2852
7202.33984375 2866
7289.0146484375 2915
7292.3349609375 2949
7402.875 377
7411.61865234375 2281
7428.1787109375 1781
7465.99560546875 81
7475.91015625 229
7480.125 440
7504.43603515625 548
7582.09716796875 611
7607.087890625 826
7716.67822265625 834
7758.09814453125 848
7787.42529296875 871
7877.0986328125 893
7893.0849609375 1231
7894.7734375 1256
7913.623046875 1315
7913.623046875 1458
7933.4375 1550
8037.4345703125 1671
8043.14404296875 1711
8057.8310546875 1815
8063.52734375 1893
8069.95849609375 2312
8156.26708984375 2324
8162.5546875 2385
8248.3154296875 2447
8291.552734375 2562
8297.7041015625 2610
8321.6337890625 2622
8335.181640625 2853
8435.224609375 2924
8467.310546875 2927
8469.3876953125 2239
8516.11328125 1362
8561.169921875 1926
8602.197265625 2997
8658.3642578125 254
8670.6806640625 388
8677.78125 465
8726.3603515625 498
8728.5322265625 520
8730.755859375 962
8748.373046875 981
8825.1015625 1156
8900.9658203125 1652
8926.79296875 2205
9037.6416015625 2339
9071.6083984375 2417
9076.4521484375 2494
9109.2841796875 2687
9116.201171875 1122
9136.7236328125 1670
9141.8525390625 264
9160.4296875 2173
9172.388671875 1646
9197.71484375 2396
9227.8642578125 49
9278.384765625 189
9278.869140625 261
9294.583984375 263
9295.9736328125 430
9300.0078125 831
9323.5595703125 899
9326.5908203125 1123
9376.4736328125 1169
9391.7060546875 1350
9427.775390625 1405
9440.73046875 1512
9456.7607421875 1750
9514.6328125 1769
9550.3173828125 1908
9581.0859375 1966
9636.96875 1982
9640.10546875 1993
9641.2900390625 2094
9651.7685546875 2126
9732.650390625 2141
9769.935546875 2171
9774.771484375 2174
9775.7080078125 2177
9788.134765625 2237
9823.7451171875 2367
9829.85546875 2536
9842.9140625 2542
9894.6953125 2582
9929.228515625 2675
9952.6630859375 2703
9954.1142578125 1873
10019.271484375 2107
10019.9375 1281
10022.107421875 455
10106.005859375 470
10148.55078125 902
10197.82421875 926
10201.134765625 967
10268.375 1104
10281.744140625 1225
10283.267578125 1286
10291.486328125 1506
10299.814453125 1516
10302.345703125 1599
10422.908203125 1779
10450.1103515625 1848
10458.728515625 1867
10464.19140625 1883
10522.5712890625 2063
10526.4296875 2210
10644.923828125 2246
10646.943359375 2285
10707.2783203125 2361
10708.12109375 2686
10712.8720703125 2700
10721.4453125 88
10728.08984375 586
10728.1748046875 136
10765.2197265625 1471
10823.7109375 226
10826.69140625 296
10852.9765625 1197
10852.9765625 1666
10935.814453125 2511
10948.5849609375 101
10975.4541015625 215
10998.7734375 549
11005.4208984375 550
11010.603515625 573
11193.51953125 1136
11237.904296875 1199
11253.5078125 1530
11344.24609375 1581
11345.00390625 1640
11382.3310546875 1688
11418.060546875 1968
11455.2978515625 2526
11460.166015625 2571
11471.544921875 2983
11474.306640625 1787
11515.75 602
11549.3505859375 1146
11560.5390625 253
11564.58984375 342
11606.267578125 843
11625.869140625 1233
11640.14453125 1335
11649.638671875 1394
11660.109375 1737
11669.435546875 1784
11721.8203125 1950
11725.1044921875 2025
11767.2421875 2473
11790.24609375 2518
11805.259765625 999
11815.701171875 1056
11819.044921875 1900
11921.8837890625 1304
11994.4833984375 1326
12014.99609375 2967
12016.525390625 1329
12017.6708984375 50
12043.087890625 318
12098.0634765625 389
12114.5166015625 478
12123.064453125 491
12132.3291015625 580
12151.3720703125 599
12151.4404296875 890
12153.4736328125 896
12154.8134765625 909
12184.2880859375 919
12199.216796875 995
12218.4951171875 1273
12221.310546875 1342
12244.26171875 1430
12244.7861328125 1495
12251.94921875 1568
12257.4677734375 1583
12283.486328125 1764
12284.64453125 1774
12302.921875 2065
12374.537109375 2117
12375.3330078125 2181
12376.869140625 2268
12387.3857421875 2465
12394.65234375 2664
12448.7509765625 2760
12452.64453125 2764
12475.7236328125 2938
12501.9814453125 2943
12503.8857421875 1860
12530.4345703125 2880
12571.849609375 1333
12573.759765625 2631
12592.919921875 146
12613.109375 1538
12640.14453125 21
12647.5400390625 34
12656.0703125 200
12660.478515625 288
12670.517578125 336
12714.1640625 385
12733.6552734375 517
12740.0 546
12776.921875 609
12779.439453125 614
12809.259765625 683
12809.662109375 686
12821.794921875 769
12835.689453125 1097
12837.3017578125 1221
12882.171875 1322
12893.8408203125 1359
12895.259765625 1376
12907.775390625 1686
12908.98828125 1854
12938.990234375 2513
12948.4033203125 2553
12954.0927734375 2650
12965.083984375 2672
12984.9345703125 2911
12998.8837890625 78
13019.94921875 2713
13020.6025390625 2800
13024.9453125 2651
13076.255859375 2970
13081.041015625 1045
13083.9609375 1068
13094.4951171875 2078
13122.5419921875 884
13130.1533203125 886
13136.9765625 1028
13145.5166015625 1845
13168.3515625 1932
13181.302734375 2489
13204.818359375 90
13216.65234375 153
13254.390625 240
13254.4228515625 256
13274.29296875 531
13292.23828125 644
13293.8095703125 706
13305.4677734375 775
13330.86328125 1163
13336.5546875 1483
13351.6396484375 2114
13355.486328125 2379
13378.484375 2424
13391.3310546875 2433
13400.4111328125 2435
13404.646484375 2442
13422.3203125 2683
13471.5771484375 2811
13487.7197265625 2176
13493.009765625 169
13502.9482421875 2207
13518.0390625 1144
13526.0546875 2180
13526.0546875 73
13532.359375 663
13535.181640625 677
13536.73046875 756
13538.560546875 925
13552.6162109375 927
13570.328125 946
13574.88671875 996
13585.3125 1141
13593.0390625 1202
13627.787109375 1251
13630.052734375 1457
13669.119140625 1502
13676.8916015625 1591
13689.0703125 1733
13696.564453125 1735
13701.1337890625 1919
13711.91015625 1933
13717.986328125 1955
13755.8564453125 2002
13843.794921875 2335
13847.373046875 2341
13848.25390625 2565
13863.818359375 2695
13867.205078125 2763
13882.8583984375 2840
13896.05859375 2422
13917.291015625 1020
13943.0888671875 640
13959.76171875 59
13965.2138671875 177
14011.5498046875 191
14012.7744140625 575
14027.544921875 687
14049.556640625 934
14060.8759765625 1119
14062.9921875 1529
14082.2041015625 1697
14094.4248046875 1810
14094.4248046875 1831
14111.578125 2354
14119.2119140625 2528
14139.3359375 2679
14150.052734375 2712
14173.806640625 2747
14177.80078125 2809
14184.3125 2821
14190.1494140625 2842
14207.4443359375 2860
14211.896484375 2906
14212.00390625 2994
14227.00390625 186
14291.3125 223
14354.3193359375 1594
14356.5546875 410
14362.2890625 631
14369.1513671875 132
14389.08984375 2576
14389.796875 1282
14390.064453125 488
14390.478515625 869
14399.521484375 2059
14410.3203125 787
14413.095703125 904
14425.228515625 137
14436.234375 275
14438.0830078125 328
14456.544921875 333
14477.978515625 392
14483.5703125 407
14500.2451171875 489
14510.580078125 680
14512.34765625 1022
14518.2734375 1290
14525.5126953125 1358
14539.470703125 1607
14550.345703125 1653
14562.3525390625 2024
14564.7509765625 2184
14570.892578125 2221
14584.2431640625 2394
14600.16015625 2427
14606.267578125 2517
14619.0400390625 2655
14621.5556640625 2704
14637.89453125 2900
14679.56640625 2946
14700.6953125 459
14706.013671875 1408
14733.0107421875 1339
14748.0927734375 22
14754.732421875 45
14777.5185546875 300
14804.9189453125 812
14807.8251953125 922
14845.953125 947
14853.51171875 975
14879.4296875 1001
14887.29296875 1095
14901.37109375 1275
14904.1044921875 1664
14911.8544921875 1708
14913.14453125 1763
14914.0029296875 1766
14915.0458984375 1889
14926.6689453125 2077
14933.3056640625 2082
14938.20703125 2131
14986.6396484375 2315
14988.041015625 2317
14991.140625 2409
14991.982421875 2608
14994.46875 2616
15042.005859375 2649
15057.830078125 2819
15060.39453125 2862
15066.384765625 1164
15067.87890625 2213
15073.328125 1050
15075.69140625 979
15121.2998046875 1562
15173.6689453125 1597
15182.220703125 2334
15194.55078125 587
15261.2421875 630
15282.412109375 777
15301.7861328125 1012
15306.466796875 1064
15310.2421875 1082
15314.7353515625 1462
15322.6162109375 1501
15328.5283203125 1654
15343.96484375 1800
15352.6357421875 2656
15355.5830078125 2884
15366.9736328125 1416
15367.888671875 1575
15380.904296875 2889
15392.47265625 445
15402.92578125 30
15415.671875 2484
15441.96875 38
15454.853515625 40
15460.908203125 76
15505.048828125 77
15523.7919921875 108
15544.9140625 164
15563.4990234375 211
15568.6533203125 225
15580.515625 376
15584.310546875 437
15620.74609375 510
15628.7587890625 646
15630.5859375 671
15675.0537109375 738
15694.75390625 770
15710.12890625 1434
15781.7265625 1610
15782.05859375 1662
15793.0439453125 1709
15824.580078125 1998
15826.4501953125 2166
15828.5595703125 2220
15828.5595703125 2238
15833.0791015625 2255
15843.5966796875 2345
15849.451171875 2510
15859.8671875 2581
15875.7548828125 2607
15884.291015625 2807
15885.1591796875 1015
15895.9208984375 1984
15914.8154296875 1258
15933.384765625 2555
15937.732421875 1147
15943.6416015625 865
15947.177734375 939
15950.359375 1497
15954.474609375 2630
15969.796875 2752
15972.7822265625 457
15992.07421875 309
15996.146484375 316
16002.8271484375 483
16007.0361328125 484
16007.181640625 633
16011.4375 1026
16012.5322265625 1036
16018.6728515625 1176
16034.4541015625 1423
16043.91015625 1485
16051.927734375 1590
16065.8935546875 1702
16066.884765625 1759
16078.46484375 1818
16086.3056640625 1958
16105.3095703125 1963
16112.166015625 1977
16142.265625 2053
16148.068359375 2056
16161.1279296875 2125
16170.474609375 2304
16174.2939453125 2356
16197.76953125 2477
16257.91796875 2533
16260.16015625 2732
16265.2099609375 2948
16265.4140625 1601
16266.109375 2256
16270.16015625 2104
16274.66796875 284
16281.5 182
16289.5703125 916
16298.0283203125 1667
16305.953125 1852
16311.189453125 727
16318.43359375 2036
16345.458984375 2772
16360.107421875 130
16375.326171875 219
16419.3671875 394
16437.38671875 405
16441.24609375 634
16445.1328125 856
16445.73828125 983
16460.810546875 1117
16461.3046875 1386
16465.76171875 1791
16484.98828125 1991
16490.572265625 2060
16503.220703125 2215
16508.1015625 2314
16528.69921875 2440
16539.822265625 2467
16606.01171875 2618
16607.76953125 2648
16628.36328125 2694
16637.10546875 1772
16652.5859375 818
16660.08203125 2907
16664.71484375 660
16666.982421875 1168
16680.916015625 1145
16698.40625 1476
16711.38671875 1618
16724.48046875 655
16742.642578125 1592
16744.255859375 2120
16756.80078125 2557
16758.11328125 112
16773.236328125 350
16781.630859375 356
16786.615234375 448
16817.392578125 1500
16832.833984375 1526
16833.82421875 1587
16834.845703125 1881
16847.7421875 1943
16863.115234375 1962
16863.677734375 1995
16864.287109375 2075
16875.294921875 2118
16888.1953125 2309
16893.42578125 2418
16907.333984375 2516
16938.724609375 2588
16961.16796875 2605
16999.8359375 2623
17010.365234375 2937
17035.07421875 1005
17035.31640625 110
17042.8671875 2360
17049.978515625 121
17062.427734375 1046
17079.2578125 298
17094.123046875 372
17117.107421875 492
17128.068359375 752
17134.408203125 838
17134.609375 903
17139.291015625 1034
17157.994140625 1128
17160.13671875 1187
17164.556640625 1437
17187.669921875 1488
17199.728515625 1534
17218.33203125 1657
17231.390625 1678
17261.84765625 1824
17268.669921875 1826
17269.28515625 1941
17276.873046875 1997
17289.08203125 2318
17341.982421875 2327
17360.09765625 2362
17367.291015625 2404
17368.34765625 2453
17373.1328125 2458
17377.396484375 2496
17378.4609375 2696
17386.583984375 2722
17431.48828125 2796
17478.8984375 2584
17485.30078125 2872
17488.2890625 2589
17490.458984375 2135
17540.04296875 1802
17546.20703125 1853
17554.48046875 1892
17568.2109375 1580
17590.302734375 25
17600.95703125 72
17618.66015625 343
17626.896484375 710
17642.740234375 755
17657.2890625 885
17660.46875 1683
17661.314453125 1776
17665.69140625 1972
17669.041015625 2047
17672.2421875 2138
17690.505859375 2185
17701.1171875 2344
17723.1171875 2545
17741.185546875 2573
17748.0625 2855
17784.88671875 2159
17792.69921875 1067
17825.287109375 371
17842.978515625 243
17842.978515625 1301
17917.501953125 311
17941.283203125 426
17941.529296875 648
17969.111328125 720
17978.658203125 792
17986.076171875 940
17987.75 1006
17991.28515625 1032
18000.93359375 1160
18013.90625 1189
18023.431640625 2183
18026.4609375 2190
18030.91796875 2301
18065.41796875 1459
18096.45703125 1649
18123.5234375 353
18184.486328125 2706
18184.69140625 1511
18230.08203125 1778
18232.2890625 329
18237.875 731
18274.638671875 1400
18299.640625 2070
18318.00390625 1480
18330.109375 1714
18338.830078125 249
18368.12890625 94
18371.05859375 2823
18372.845703125 471
18374.62109375 473
18375.796875 747
18419.921875 915
18436.26171875 921
18443.21484375 993
18454.865234375 1072
18455.33984375 1415
18475.7421875 1541
18484.20703125 1746
18494.404296875 1949
18518.861328125 2079
18543.564453125 2219
18548.66796875 2258
18551.908203125 2413
18584.921875 2628
18611.34375 2828
18631.572265625 2903
18644.26953125 2996
18646.17578125 204
18679.236328125 1247
18691.833984375 1410
18712.94921875 1888
18723.396484375 1214
18723.59765625 1658
18741.025390625 2587
18756.4140625 380
18761.5390625 688
18800.95703125 1761
18803.7890625 66
18826.25 127
18843.599609375 179
18852.765625 855
18855.046875 1198
18866.310546875 1250
18870.880859375 1507
18873.98828125 1558
18880.689453125 2007
18884.33984375 2092
18888.533203125 2231
18892.306640625 2384
18892.76953125 2457
18894.9453125 2544
18945.5078125 2717
18950.91015625 2774
18960.337890625 2794
18963.01171875 2909
18995.814453125 972
18998.58984375 1138
19016.69921875 1442
19032.8046875 1137
19052.06640625 102
19088.919921875 667
19093.5703125 1935
19095.474609375 2352
19107.50390625 2887
19109.068359375 427
19166.966796875 1533
19181.810546875 170
19204.27734375 262
19212.388671875 306
19248.419921875 596
19291.56640625 805
19321.4296875 849
19338.48828125 850
19364.900390625 965
19368.31640625 976
19424.765625 1058
19450.060546875 1403
19485.46875 1645
19504.49609375 1999
19507.10546875 2292
19507.779296875 2392
19531.435546875 2403
19548.810546875 2497
19549.314453125 2524
19552.224609375 2601
19587.404296875 2652
19595.533203125 2657
19598.06640625 2761
19601.376953125 2839
19628.09765625 2939
19645.044921875 2984
19659.50390625 1027
19686.177734375 622
19711.666015625 417
19720.83203125 450
19733.693359375 690
19770.18359375 969
19771.484375 982
19796.279296875 1040
19816.90625 1078
19828.703125 1083
19840.708984375 1382
19843.658203125 1391
19916.09375 1486
19946.435546875 1503
19973.76171875 1547
19992.18359375 1561
20084.36328125 1965
20148.005859375 2026
20166.333984375 2066
20179.1015625 2182
20196.73046875 2245
20236.85546875 2460
20262.0078125 2466
20288.875 2540
20293.42578125 2593
20378.515625 2632
20425.30078125 2753
20512.419921875 2759
20565.263671875 2793
20594.44140625 2925
20630.05078125 2152
20725.6796875 762
20735.94140625 2757
20757.33203125 37
20969.08984375 1624
21000.55859375 1271
21077.134765625 2370
21124.4296875 2895
21130.166015625 2411
21211.068359375 67
21223.37890625 150
21304.126953125 171
21381.009765625 195
21473.0234375 363
21477.72265625 522
21496.603515625 657
21514.953125 701
21541.5390625 760
21595.693359375 811
21648.72265625 874
21659.716796875 875
21665.189453125 1002
21704.82421875 1007
21715.005859375 1023
21752.380859375 1356
21794.203125 1378
21799.576171875 1489
21825.64453125 1629
21879.525390625 2721
21982.732421875 2032
21992.068359375 2259
22014.5546875 771
22066.994140625 1543
22077.484375 2241
22129.4765625 1964
22141.953125 1625
22205.439453125 2693
22214.14453125 222
22220.74609375 258
22254.4765625 281
22360.1796875 506
22443.978515625 582
22526.515625 724
22531.134765625 879
22582.48828125 1003
22657.873046875 1171
22721.20703125 1182
22773.83203125 1588
22821.3203125 1685
22831.39453125 1758
22845.01953125 2300
22846.56640625 2310
22855.1015625 2705
22878.603515625 2845
22906.28515625 2916
22909.89453125 1811
22915.892578125 2701
22931.716796875 421
22946.20703125 1440
22956.470703125 2337
22991.376953125 2531
23028.9765625 18
23185.265625 29
23275.84375 31
23388.7265625 104
23433.0234375 274
23458.271484375 321
23478.107421875 370
23715.54296875 375
23846.841796875 562
24104.58203125 914
24130.91015625 944
24155.673828125 1672
24163.001953125 1684
24175.140625 1825
24212.78515625 1846
24358.078125 1960
24626.2265625 1976
24742.818359375 2006
24804.869140625 2319
24873.369140625 2405
24935.904296875 2550
25073.13671875 2606
25074.14453125 2768
25429.84375 1081
25446.39453125 1780
25496.41015625 16
25594.310546875 28
25793.52734375 125
25968.43359375 212
25972.4140625 265
25979.14453125 295
26085.3671875 360
26168.1015625 364
26338.181640625 937
26383.884765625 1077
26669.2734375 1101
26701.701171875 1241
26993.8671875 1243
28294.93359375 1307
28421.71875 1343
28664.642578125 1404
28861.5 1418
29680.43359375 1585
29764.02734375 1719
29842.658203125 1822
30487.212890625 2009
30711.484375 2164
30723.53515625 2214
30946.7421875 2250
31026.76953125 2263
31298.3359375 2342
31582.7421875 2359
34396.26953125 2547
