5667.32373046875 1282
5722.5546875 488
5825.94091796875 869
5890.9072265625 2059
6174.7802734375 787
6492.0888671875 904
6515.63720703125 137
6617.4970703125 275
6685.50732421875 328
6763.884765625 333
6866.19970703125 392
6918.8896484375 407
6963.806640625 489
6977.44775390625 680
7012.6201171875 1022
7088.62109375 1290
7146.4404296875 1358
7178.59912109375 1607
7221.537109375 1653
7229.17626953125 2024
7234.8095703125 2184
7236.00927734375 2221
7278.72265625 2394
7295.3671875 2427
7316.31591796875 2517
7330.04296875 2655
7398.40185546875 2704
7416.97802734375 2900
7452.18017578125 2946
7490.47412109375 459
7528.87939453125 1446
7603.6513671875 87
7643.75048828125 251
7651.80322265625 527
7704.27197265625 529
7742.40673828125 625
7746.8056640625 641
7850.06640625 693
7851.47119140625 873
7875.162109375 881
7876.32470703125 928
7895.75244140625 1133
7931.91064453125 1283
7967.08740234375 1318
7998.27978515625 1346
8035.84619140625 1417
8048.0751953125 1720
8062.01220703125 1987
8068.56298828125 2226
8087.5966796875 2296
8100.97314453125 2515
8102.0966796875 2572
8109.6533203125 2669
8112.0947265625 2728
8146.6689453125 2734
8155.33642578125 2746
8159.734375 2852
8183.9765625 2866
8187.19140625 2915
8198.3193359375 2949
8214.8740234375 377
8221.96875 2281
8243.0166015625 160
8253.6376953125 1
8263.0322265625 425
8268.1279296875 446
8279.072265625 800
8304.5205078125 918
8305.71875 953
8330.9052734375 985
8334.6005859375 986
8349.9248046875 1008
8350.154296875 1043
8446.22265625 1270
8448.361328125 1317
8468.2626953125 1435
8486.8623046875 1548
8540.4189453125 1606
8559.076171875 1661
8560.962890625 1712
8584.65625 2010
8615.5595703125 2088
8621.212890625 2365
8634.556640625 2410
8656.3115234375 2414
8681.9365234375 2482
8717.8134765625 2560
8762.4921875 2781
8783.7412109375 2820
8792.0185546875 997
8792.1513671875 1781
8797.0703125 81
8799.517578125 229
8809.4658203125 440
8814.5625 548
8827.951171875 611
8846.6181640625 826
8864.828125 834
8869.8662109375 848
8890.4267578125 871
8897.1259765625 893
8915.669921875 1231
8928.5908203125 1256
8934.21875 1315
8946.94921875 1458
8992.5283203125 1550
8994.0341796875 1671
8996.662109375 1711
8999.9814453125 1815
9009.71875 1893
9019.625 2312
9028.900390625 2324
9029.0625 2385
9029.89453125 2447
9034.00390625 2562
9035.1181640625 2610
9063.1328125 2622
9073.708984375 2853
9079.388671875 2924
9102.0654296875 2927
9143.7216796875 2239
9174.087890625 1362
9188.796875 1926
9189.8818359375 2997
9210.732421875 254
9212.263671875 388
9229.595703125 465
9236.609375 498
9248.751953125 520
9249.7998046875 962
9259.4814453125 981
9272.251953125 1156
9311.4755859375 1652
9312.0419921875 2205
9316.6591796875 2339
9324.51953125 2417
9326.6640625 2494
9335.3330078125 2687
9337.095703125 1122
9340.5302734375 1670
9362.69921875 264
9389.46875 2173
9396.521484375 1646
9399.3818359375 2396
9407.7666015625 49
9414.01171875 189
9417.62109375 261
9436.7333984375 263
9472.5166015625 430
9497.28125 831
9501.1064453125 899
9513.4560546875 1123
9546.5068359375 1169
9585.6259765625 1350
9586.58984375 1405
9589.79296875 1512
9634.6005859375 1750
9651.8046875 1769
9666.630859375 1908
9677.328125 1966
9683.28125 1982
9700.5537109375 1993
9708.947265625 2094
9722.5361328125 2126
9731.40234375 2141
9750.5791015625 2171
9762.1884765625 2174
9762.2216796875 2177
9764.3330078125 2237
9764.3330078125 2367
9787.001953125 2536
9788.1484375 2542
9797.841796875 2582
9807.60546875 2675
9809.1806640625 2703
9825.2197265625 1873
9875.134765625 2107
9909.3291015625 1281
9915.5595703125 455
9936.0859375 470
9937.47265625 902
9949.1943359375 926
9958.009765625 967
9964.4453125 1104
10015.9853515625 1225
10029.365234375 1286
10037.4560546875 1506
10051.8125 1516
10052.2783203125 1599
10059.5625 1779
10062.84765625 1848
10077.1435546875 1867
10083.7607421875 1883
10085.79296875 2063
10106.4638671875 2210
10109.4794921875 2246
10132.9443359375 2285
10137.5869140625 2361
10157.1162109375 2686
10191.6533203125 2700
10218.560546875 88
10220.2158203125 586
10225.69921875 136
10226.2431640625 1471
10227.3876953125 226
10228.46875 296
10234.8818359375 1197
10258.1533203125 1666
10267.876953125 2511
10267.876953125 101
10288.34765625 215
10299.1298828125 549
10301.9775390625 550
10316.4990234375 573
10318.1435546875 1136
10327.931640625 1199
10335.76171875 1530
10336.35546875 1581
10359.177734375 1640
10395.1875 1688
10424.72265625 1968
10425.310546875 2526
10428.1640625 2571
10428.5361328125 2983
10444.2177734375 1787
10452.40234375 602
10463.994140625 1146
10472.3095703125 253
10476.2890625 342
10492.3935546875 843
10498.076171875 1233
10536.6708984375 1335
10542.3955078125 1394
10579.4580078125 1737
10583.8994140625 1784
10594.5068359375 1950
10603.8203125 2025
10608.0078125 2473
10632.0302734375 2518
10643.880859375 999
10660.021484375 1056
10666.005859375 1900
10670.173828125 1304
10672.94921875 1326
10681.0458984375 2967
10694.119140625 1329
10715.30078125 50
10725.0791015625 318
10728.3173828125 389
10760.857421875 478
10782.2451171875 491
10786.666015625 580
10814.7119140625 599
10823.2431640625 890
10853.666015625 896
10866.466796875 909
10881.181640625 919
10896.7978515625 995
10904.984375 1273
10905.6064453125 1342
10945.3056640625 1430
10959.390625 1495
10980.2490234375 1568
10985.3857421875 1583
11003.58984375 1764
11019.8271484375 1774
11023.3603515625 2065
11026.3447265625 2117
11058.4140625 2181
11064.0078125 2268
11099.8037109375 2465
11121.220703125 2664
11165.0869140625 2760
11177.0078125 2764
11177.9599609375 2938
11192.064453125 2943
11232.888671875 1860
11238.4765625 2880
11245.4951171875 1333
11267.3837890625 2631
11280.427734375 146
11286.6904296875 1538
11298.765625 21
11300.1123046875 34
11309.595703125 200
11323.4951171875 288
11323.9794921875 336
11349.619140625 385
11351.5869140625 517
11438.1298828125 546
11472.43359375 609
11486.837890625 614
11488.240234375 683
11498.380859375 686
11499.3310546875 769
11504.4541015625 1097
11508.009765625 1221
11512.1806640625 1322
11514.3369140625 1359
11520.890625 1376
11525.6201171875 1686
11532.962890625 1854
11549.0546875 2513
11561.8154296875 2553
11576.025390625 2650
11576.6064453125 2672
11578.6083984375 2911
11582.4501953125 78
11585.890625 2713
11605.34765625 2800
11612.712890625 2651
11625.3916015625 2970
11632.5322265625 1045
11658.84765625 1068
11698.6875 2078
11709.271484375 884
11745.859375 886
11756.091796875 1028
11769.8681640625 1845
11791.951171875 1932
11795.8798828125 2489
11805.3369140625 90
11815.8251953125 153
11833.1884765625 240
11837.3818359375 256
11837.5361328125 531
11845.326171875 644
11854.2099609375 706
11855.7568359375 775
11860.490234375 1163
11897.896484375 1483
11930.044921875 2114
11934.779296875 2379
11945.94921875 2424
11958.8671875 2433
11958.9423828125 2435
11971.8720703125 2442
11976.953125 2683
11981.1279296875 2811
11982.3232421875 2176
12037.0263671875 169
12042.470703125 2207
12048.927734375 1144
12048.927734375 2180
12053.3212890625 73
12086.33984375 663
12096.8408203125 677
12096.912109375 756
12115.0068359375 925
12126.708984375 927
12146.787109375 946
12159.8037109375 996
12162.2314453125 1141
12166.8056640625 1202
12169.0556640625 1251
12170.4052734375 1457
12209.9482421875 1502
12213.244140625 1591
12246.376953125 1733
12281.59765625 1735
12295.35546875 1919
12300.953125 1933
12316.546875 1955
12325.2529296875 2002
12341.2900390625 2335
12349.689453125 2341
12362.8837890625 2565
12382.177734375 2695
12407.9951171875 2763
12418.1611328125 2840
12432.029296875 2422
12437.73046875 1020
12470.001953125 640
12507.060546875 59
12509.36328125 177
12532.146484375 191
12565.81640625 575
12584.283203125 687
12591.0556640625 934
12616.9306640625 1119
12617.96875 1529
12653.7783203125 1697
12663.166015625 1810
12684.3095703125 1831
12686.017578125 2354
12714.6611328125 2528
12729.6962890625 2679
12747.44140625 2712
12754.0517578125 2747
12763.7587890625 2809
12803.2265625 2821
12817.5869140625 2842
12818.203125 2860
12834.5712890625 2906
12865.513671875 2994
12869.3056640625 186
12907.2158203125 223
12923.7685546875 1594
12930.962890625 410
12948.484375 631
12961.8203125 132
12968.9794921875 2576
12972.8544921875 1408
12977.376953125 1339
12992.744140625 22
13011.076171875 45
13032.6884765625 300
13033.3203125 812
13052.0732421875 922
13069.8046875 947
13072.751953125 975
13125.39453125 1001
13159.9306640625 1095
13163.4130859375 1275
13180.98828125 1664
13186.765625 1708
13189.1171875 1763
13196.8310546875 1766
13214.0302734375 1889
13226.341796875 2077
13229.22265625 2082
13276.3349609375 2131
13283.21484375 2315
13310.8525390625 2317
13339.7919921875 2409
13352.2177734375 2608
13359.1220703125 2616
13366.326171875 2649
13394.2197265625 2819
13400.6083984375 2862
13401.818359375 1164
13426.140625 2213
13439.6220703125 1050
13453.0380859375 979
13464.8447265625 1562
13471.2900390625 1597
13473.0546875 2334
13498.97265625 587
13508.26171875 630
13511.0615234375 777
13563.6572265625 1012
13569.740234375 1064
13582.6845703125 1082
13625.6630859375 1462
13627.7060546875 1501
13645.056640625 1654
13646.896484375 1800
13646.896484375 2656
13646.896484375 2884
13651.8408203125 1416
13651.8408203125 1575
13658.00390625 2889
13665.30078125 445
13669.4072265625 30
13669.9970703125 2484
13694.2705078125 38
13699.876953125 40
13706.4228515625 76
13709.3291015625 77
13731.939453125 108
13733.478515625 164
13735.6181640625 211
13740.0693359375 225
13775.638671875 376
13780.5908203125 437
13781.7958984375 510
13785.9814453125 646
13786.9013671875 671
13794.13671875 738
13795.7841796875 770
13814.35546875 1434
13814.35546875 1610
13845.7255859375 1662
13861.990234375 1709
13924.01953125 1998
13942.6181640625 2166
13947.583984375 2220
13949.6494140625 2238
13955.2783203125 2255
14044.0185546875 2345
14051.3681640625 2510
14062.6650390625 2581
14073.810546875 2607
14090.7939453125 2807
14156.5947265625 1015
14171.2431640625 1984
14181.494140625 1258
14188.2802734375 2555
14211.9140625 1147
14217.16796875 865
14237.552734375 939
14241.177734375 1497
14268.5 2630
14307.0087890625 2752
14314.16015625 457
14321.154296875 309
14345.939453125 316
14359.3994140625 483
14363.193359375 484
14386.9052734375 633
14388.16796875 1026
14417.109375 1036
14428.763671875 1176
14428.9306640625 1423
14488.5400390625 1485
14495.181640625 1590
14498.328125 1702
14529.181640625 1759
14546.2900390625 1818
14554.6337890625 1958
14554.73046875 1963
14566.9501953125 1977
14578.013671875 2053
14580.0322265625 2056
14586.4755859375 2125
14599.4736328125 2304
14636.6552734375 2356
14642.916015625 2477
14644.51953125 2533
14647.2666015625 2732
14655.0390625 2948
14668.7685546875 1601
14678.169921875 2256
14700.8740234375 2104
14706.9677734375 284
14733.71484375 182
14740.44140625 916
14742.7568359375 1667
14759.22265625 1852
14760.595703125 727
14761.576171875 2036
14771.0068359375 2772
14773.1005859375 130
14775.9619140625 219
14781.61328125 394
14784.1259765625 405
14816.27734375 634
14823.39453125 856
14831.3740234375 983
14859.3671875 1117
14862.8828125 1386
14878.7734375 1791
14885.0654296875 1991
14889.8056640625 2060
14893.4482421875 2215
14953.3486328125 2314
14977.068359375 2440
15008.103515625 2467
15008.8642578125 2618
15012.380859375 2648
15023.7041015625 2694
15036.134765625 1772
15039.0126953125 818
15053.908203125 2907
15056.865234375 660
15075.5615234375 1168
15077.0107421875 1145
15106.4287109375 1476
15120.431640625 1618
15124.01953125 655
15129.427734375 1592
15132.8701171875 2120
15137.8212890625 2557
15141.435546875 112
15158.7001953125 350
15159.33203125 356
15208.1171875 448
15216.6298828125 1500
15219.9189453125 1526
15243.447265625 1587
15253.2294921875 1881
15253.9462890625 1943
15272.564453125 1962
15319.9794921875 1995
15351.318359375 2075
15383.03125 2118
15383.4697265625 2309
15384.1220703125 2418
15421.7763671875 2516
15424.9853515625 2588
15435.6181640625 2605
15440.072265625 2623
15468.708984375 2937
15493.3388671875 1005
15511.986328125 110
15516.9912109375 2360
15570.689453125 121
15575.6298828125 1046
15654.4404296875 298
15659.9423828125 372
15692.1826171875 492
15714.234375 752
15721.8466796875 838
15788.8564453125 903
15796.0419921875 1034
15833.0966796875 1128
15843.99609375 1187
15905.5908203125 1437
15906.9033203125 1488
15910.55859375 1534
15916.236328125 1657
15938.3466796875 1678
15957.0029296875 1824
15963.0341796875 1826
15966.1103515625 1941
15967.5869140625 1997
15971.966796875 2318
16013.3193359375 2327
16020.541015625 2362
16038.33203125 2404
16044.0537109375 2453
16047.7412109375 2458
16048.23828125 2496
16059.1484375 2696
16081.3193359375 2722
16098.0390625 2796
16099.0693359375 2584
16181.966796875 2872
16217.251953125 2589
16220.560546875 2135
16238.2568359375 1802
16255.951171875 1853
16264.0654296875 1892
16284.361328125 1580
16311.896484375 25
16318.0625 72
16328.3408203125 343
16344.8076171875 710
16393.51953125 755
16397.333984375 885
16442.439453125 1683
16458.9921875 1776
16516.962890625 1972
16523.521484375 2047
16534.73046875 2138
16538.98828125 2185
16544.541015625 2344
16552.142578125 2545
16580.119140625 2573
16605.33984375 2855
16611.58984375 2159
16617.583984375 1067
16626.33984375 371
16632.03125 243
16638.224609375 1301
16646.1640625 311
16650.490234375 426
16656.404296875 648
16680.130859375 720
16723.302734375 792
16738.7578125 940
16784.796875 1006
16793.076171875 1032
16798.294921875 1160
16801.86328125 1189
16851.119140625 2183
16855.076171875 2190
16865.6171875 2301
16891.20703125 1459
16893.30078125 1649
16914.6953125 353
16935.525390625 2706
16982.228515625 1511
16998.771484375 1778
17005.84765625 329
17027.9296875 731
17032.171875 1400
17033.25 2070
17039.998046875 1480
17041.740234375 1714
17057.37890625 249
17063.97265625 94
17067.814453125 2823
17083.4921875 471
17125.591796875 473
17135.76171875 747
17137.2421875 915
17161.232421875 921
17176.265625 993
17214.70703125 1072
17266.671875 1415
17278.53125 1541
17307.974609375 1746
17313.34765625 1949
17314.517578125 2079
17345.16796875 2219
17397.560546875 2258
17478.712890625 2413
17492.01953125 2628
17509.591796875 2828
17519.640625 2903
17538.310546875 2996
17575.51953125 204
17601.990234375 1247
17607.201171875 1410
17698.03515625 1888
17709.08203125 1214
17711.46875 1658
17725.82421875 2587
17749.30078125 380
17753.849609375 688
17770.87109375 1761
17801.431640625 66
17814.904296875 127
17876.287109375 179
17918.166015625 855
17950.75390625 1198
17966.8984375 1250
17981.951171875 1507
17992.56640625 1558
18010.67578125 2007
18014.2421875 2092
18015.99609375 2231
18017.87890625 2384
18104.412109375 2457
18116.87890625 2544
18130.4375 2717
18143.3125 2774
18143.876953125 2794
18193.34375 2909
18212.537109375 972
18223.10546875 1138
18248.51953125 1442
18285.59375 1137
18288.25 102
18304.501953125 667
18330.041015625 1935
18366.037109375 2352
18385.005859375 2887
18418.97265625 427
18428.36328125 1533
18447.16796875 170
18447.6328125 262
18450.17578125 306
18482.71875 596
18483.05859375 805
18567.60546875 849
18579.521484375 850
18586.171875 965
18655.326171875 976
18678.81640625 1058
18689.333984375 1403
18699.833984375 1645
18747.912109375 1999
18752.169921875 2292
18790.32421875 2392
18805.919921875 2403
18831.2578125 2497
18843.083984375 2524
18855.052734375 2601
18855.375 2652
18877.662109375 2657
18896.478515625 2761
18915.17578125 2839
18967.6328125 2939
19035.564453125 2984
19043.146484375 1027
19087.990234375 622
19090.4140625 417
19167.505859375 450
19212.408203125 690
19242.79296875 969
19252.2578125 982
19256.880859375 1040
19306.2265625 1078
19330.134765625 1083
19343.44921875 1382
19351.314453125 1391
19403.46484375 1486
19422.302734375 1503
19424.625 1547
19450.55859375 1561
19455.986328125 1965
19580.470703125 2026
19589.6328125 2066
19651.689453125 2182
19676.00390625 2245
19725.59765625 2460
19748.474609375 2466
19789.724609375 2540
19807.2578125 2593
19819.548828125 2632
19853.76953125 2753
19876.4609375 2759
19887.67578125 2793
19922.173828125 2925
19933.2734375 2152
19945.453125 762
19952.673828125 2757
19954.7734375 37
19998.931640625 1624
20120.62109375 1271
20208.830078125 2370
20210.19921875 2895
20230.609375 2411
20302.42578125 67
20326.748046875 150
20340.673828125 171
20354.1484375 195
20396.75 363
20410.927734375 522
20418.361328125 657
20458.505859375 701
20466.677734375 760
20493.453125 811
20560.3671875 874
20573.240234375 875
20629.453125 1002
20630.048828125 1007
20787.392578125 1023
20787.392578125 1356
20833.53515625 1378
20870.119140625 1489
20875.41015625 1629
20877.48046875 2721
20877.830078125 2032
20878.6640625 2259
20939.32421875 771
20997.2109375 1543
21006.001953125 2241
21057.484375 1964
21084.494140625 1625
21109.802734375 2693
21114.328125 222
21154.775390625 258
21160.939453125 281
21286.97265625 506
21317.57421875 582
21321.951171875 724
21415.810546875 879
21424.78125 1003
21464.126953125 1171
21489.240234375 1182
21607.0234375 1588
21633.341796875 1685
21659.04296875 1758
21663.8359375 2300
21668.87890625 2310
21752.865234375 2705
21825.802734375 2845
21868.662109375 2916
21898.29296875 1811
21980.2109375 2701
22089.96484375 421
22136.86328125 1440
22137.353515625 2337
22155.49609375 2531
22173.9140625 18
22174.2421875 29
22191.0234375 31
22218.01171875 104
22230.869140625 274
22257.564453125 321
22288.5703125 370
22292.966796875 375
22350.384765625 562
22368.333984375 914
22368.38671875 944
22423.2265625 1672
22542.849609375 1684
22594.005859375 1825
22695.099609375 1846
22781.869140625 1960
22831.474609375 1976
22836.154296875 2006
22921.947265625 2319
22936.810546875 2405
23013.76953125 2550
23017.40234375 2606
23087.138671875 2768
23245.517578125 1081
23302.166015625 1780
23319.958984375 16
23383.70703125 28
23407.615234375 125
23508.09765625 212
23577.189453125 265
23619.005859375 295
23908.455078125 360
24017.9375 364
24194.76171875 937
24346.28515625 1077
24572.681640625 1101
24576.1875 1241
24578.8671875 1243
24719.0390625 1307
25201.39453125 1343
25204.455078125 1404
25381.185546875 1418
25442.0859375 1585
25468.693359375 1719
25501.9140625 1822
25555.64453125 2009
25710.08203125 2164
25877.564453125 2214
25989.8125 2250
26205.01171875 2263
29332.794921875 2342
30179.4609375 2359
31062.78515625 2547
