2177.25732421875 1329
2241.65283203125 50
2243.34814453125 318
2383.87548828125 389
2725.75732421875 478
2731.8876953125 491
2790.527587890625 580
2851.791015625 599
2906.048828125 890
2981.77392578125 896
3001.98583984375 909
3004.2353515625 919
3007.88818359375 995
3171.6728515625 1273
3274.50927734375 1342
3508.515625 1430
3685.24072265625 1495
3689.255126953125 1568
3796.9619140625 1583
3976.447509765625 1764
4089.48974609375 1774
4364.966796875 2065
4373.19921875 2117
4478.3095703125 2181
4482.5361328125 2268
4595.03369140625 2465
4596.24755859375 2664
4757.3984375 2760
4836.4169921875 2764
4854.7314453125 2938
5025.27880859375 2943
5080.689453125 1860
5112.73681640625 2880
5169.7216796875 1446
5201.89453125 87
5206.5029296875 251
5226.0546875 527
5239.35009765625 529
5245.09814453125 625
5268.03955078125 641
5271.16162109375 693
5276.01171875 873
5325.8837890625 881
5583.5498046875 928
5668.46826171875 1133
5785.51123046875 1283
5854.935546875 1318
6027.154296875 1346
6033.6025390625 1417
6093.236328125 1720
6146.82421875 1987
6187.5966796875 2226
6267.10888671875 2296
6428.01611328125 2515
6588.984375 2572
6590.77294921875 2669
6624.16650390625 2728
6710.130859375 2734
6710.78564453125 2746
6776.5673828125 2852
6914.052734375 2866
6968.3603515625 2915
6991.48779296875 2949
7056.14794921875 377
7085.68212890625 2281
7088.07275390625 160
7096.41845703125 1
7125.8203125 425
7155.5595703125 446
7192.85498046875 800
7307.72314453125 918
7335.72314453125 953
7388.470703125 985
7530.5771484375 986
7532.9951171875 1008
7540.1064453125 1043
7544.369140625 1270
7645.12451171875 1317
7688.2509765625 1435
7726.5576171875 1548
7743.2314453125 1606
7918.4111328125 1661
7968.9501953125 1712
7974.6787109375 2010
8018.9873046875 2088
8082.0859375 2365
8160.85791015625 2410
8174.48828125 2414
8213.125 2482
8246.3408203125 2560
8268.3095703125 2781
8379.2919921875 2820
8388.080078125 997
8434.9677734375 1781
8436.421875 81
8452.654296875 229
8453.63671875 440
8509.123046875 548
8615.7548828125 611
8623.2255859375 826
8656.9716796875 834
8661.1171875 848
8675.19921875 871
8703.00390625 893
8739.23046875 1231
8745.345703125 1256
8772.220703125 1315
8796.40625 1458
8817.0322265625 1550
8875.443359375 1671
8877.6474609375 1711
8883.1083984375 1815
8883.275390625 1893
8891.994140625 2312
8897.462890625 2324
8902.8369140625 2385
8940.6787109375 2447
8948.9326171875 2562
8951.9638671875 2610
9009.3095703125 2622
9022.3798828125 2853
9136.310546875 2924
9145.546875 2927
9185.365234375 2239
9203.0390625 1362
9234.474609375 1926
9237.4248046875 2997
9246.1171875 254
9246.1171875 388
9248.953125 465
9277.208984375 498
9381.529296875 520
9422.5654296875 962
9545.79296875 981
9549.568359375 1156
9617.53515625 1652
9636.9150390625 2205
9656.00390625 2339
9714.1650390625 2417
9726.5419921875 2494
9727.552734375 2687
9744.6337890625 1122
9750.9052734375 1670
9763.2734375 264
9763.689453125 2173
9787.869140625 1646
9849.9306640625 2396
9954.087890625 49
9985.326171875 189
10045.123046875 261
10050.1259765625 263
10073.490234375 430
10117.953125 831
10142.923828125 899
10196.94921875 1123
10219.841796875 1169
10228.1826171875 1350
10281.55859375 1405
10355.392578125 1512
10360.9638671875 1750
10385.7177734375 1769
10426.93359375 1908
10459.5546875 1966
10460.5078125 1982
10481.068359375 1993
10487.453125 2094
10505.9541015625 2126
10513.0751953125 2141
10517.6611328125 2171
10532.373046875 2174
10552.890625 2177
10562.4287109375 2237
10570.353515625 2367
10630.056640625 2536
10632.1494140625 2542
10641.7744140625 2582
10667.8134765625 2675
10668.0107421875 2703
10673.94140625 1873
10682.6953125 2107
10704.2421875 1281
10713.7236328125 455
10731.3486328125 470
10735.7333984375 902
10736.2392578125 926
10747.6103515625 967
10772.28125 1104
10818.3427734375 1225
10828.3974609375 1286
10828.6787109375 1506
10835.7294921875 1516
10844.9052734375 1599
10860.1259765625 1779
10873.380859375 1848
10893.001953125 1867
10916.19140625 1883
10935.3076171875 2063
10942.8291015625 2210
10984.9833984375 2246
10996.59765625 2285
11003.716796875 2361
11009.41796875 2686
11109.841796875 2700
11128.8388671875 88
11143.201171875 586
11147.4599609375 136
11157.1650390625 1471
11180.0849609375 226
11211.4306640625 296
11253.3759765625 1197
11258.48046875 1666
11261.82421875 2511
11286.94921875 101
11295.408203125 215
11326.7421875 549
11327.2041015625 550
11351.078125 573
11355.9130859375 1136
11413.0361328125 1199
11441.02734375 1530
11443.09375 1581
11458.2568359375 1640
11561.7958984375 1688
11600.2958984375 1968
11683.1064453125 2526
11700.2900390625 2571
11725.4091796875 2983
11729.3388671875 1787
11734.734375 602
11745.005859375 1146
11751.0927734375 253
11770.455078125 342
11808.171875 843
11814.404296875 1233
11821.5810546875 1335
11832.556640625 1394
11838.1640625 1737
11839.708984375 1784
11841.6328125 1950
11842.8896484375 2025
11844.6162109375 2473
11877.0556640625 2518
11983.9638671875 999
11984.5771484375 1056
12005.6015625 1900
12016.63671875 1304
12017.5654296875 1326
12020.513671875 2967
12027.6552734375 1333
12046.6923828125 2631
12078.435546875 146
12088.595703125 1538
12105.0322265625 21
12110.630859375 34
12112.056640625 200
12128.26953125 288
12135.2275390625 336
12145.3125 385
12146.365234375 517
12150.2421875 546
12153.4169921875 609
12156.1845703125 614
12159.345703125 683
12164.9326171875 686
12184.97265625 769
12205.21484375 1097
12207.6572265625 1221
12210.3583984375 1322
12221.84375 1359
12222.583984375 1376
12260.9755859375 1686
12292.2236328125 1854
12293.79296875 2513
12341.9365234375 2553
12361.6015625 2650
12378.59765625 2672
12381.18359375 2911
12381.814453125 78
12438.046875 2713
12438.30859375 2800
12458.5380859375 2651
12477.431640625 2970
12489.1474609375 1045
12490.998046875 1068
12540.0087890625 2078
12545.583984375 884
12546.3173828125 886
12552.1923828125 1028
12553.1708984375 1845
12557.1240234375 1932
12565.78125 2489
12575.34375 90
12575.34375 153
12610.9384765625 240
12612.29296875 256
12618.6064453125 531
12630.12890625 644
12637.4375 706
12642.08984375 775
12688.2734375 1163
12688.9765625 1483
12706.859375 2114
12716.041015625 2379
12729.03125 2424
12730.806640625 2433
12740.9765625 2435
12757.0234375 2442
12774.8095703125 2683
12803.3896484375 2811
12814.322265625 2176
12816.966796875 169
12817.2763671875 2207
12822.53515625 1144
12823.220703125 2180
12845.951171875 73
12855.4404296875 663
12882.77734375 677
12892.6015625 756
12906.8857421875 925
12922.396484375 927
12949.6416015625 946
12950.0498046875 996
12961.9404296875 1141
12970.71484375 1202
12984.6376953125 1251
13012.08984375 1457
13017.5693359375 1502
13020.3408203125 1591
13028.580078125 1733
13045.716796875 1735
13067.8134765625 1919
13086.998046875 1933
13103.048828125 1955
13107.8310546875 2002
13117.0859375 2335
13122.525390625 2341
13124.400390625 2565
13127.0576171875 2695
13128.7314453125 2763
13136.919921875 2840
13144.2734375 2422
13144.3486328125 1020
13149.341796875 640
13216.18359375 59
13232.3798828125 177
13251.001953125 191
13252.09765625 575
13259.2978515625 687
13267.740234375 934
13277.900390625 1119
13285.677734375 1529
13287.3291015625 1697
13320.6708984375 1810
13322.2734375 1831
13340.9736328125 2354
13350.2490234375 2528
13360.12109375 2679
13382.748046875 2712
13382.748046875 2747
13393.9794921875 2809
13403.2216796875 2821
13429.966796875 2842
13455.2080078125 2860
13472.4228515625 2906
13505.552734375 2994
13523.59375 186
13526.5068359375 223
13564.046875 1594
13564.857421875 410
13572.0751953125 631
13577.3271484375 132
13608.185546875 2576
13652.5947265625 1282
13654.0224609375 488
13679.9833984375 869
13687.5712890625 2059
13728.1796875 787
13736.662109375 904
13800.474609375 137
13812.4892578125 275
13860.9306640625 328
13866.9931640625 333
13887.177734375 392
13899.7529296875 407
13908.9267578125 489
13915.0849609375 680
13915.6494140625 1022
13933.0400390625 1290
13951.837890625 1358
13953.787109375 1607
13957.9912109375 1653
13963.798828125 2024
13965.7236328125 2184
14033.2548828125 2221
14064.0576171875 2394
14066.3017578125 2427
14073.4208984375 2517
14080.1806640625 2655
14112.8798828125 2704
14142.078125 2900
14155.4091796875 2946
14185.9033203125 459
14226.408203125 1408
14233.373046875 1339
14244.1083984375 22
14251.0244140625 45
14273.958984375 300
14285.447265625 812
14305.572265625 922
14307.1474609375 947
14323.3154296875 975
14324.4599609375 1001
14332.6708984375 1095
14333.318359375 1275
14335.1513671875 1664
14350.662109375 1708
14354.4951171875 1763
14354.4951171875 1766
14361.0009765625 1889
14370.974609375 2077
14417.4296875 2082
14432.978515625 2131
14445.236328125 2315
14474.5244140625 2317
14485.16015625 2409
14488.599609375 2608
14499.138671875 2616
14515.2646484375 2649
14524.4404296875 2819
14535.1630859375 2862
14547.4951171875 1164
14558.32421875 2213
14564.6923828125 1050
14569.7841796875 979
14578.1982421875 1562
14603.353515625 1597
14617.478515625 2334
14631.435546875 587
14633.90234375 630
14634.228515625 777
14636.6279296875 1012
14655.5966796875 1064
14678.7177734375 1082
14682.3203125 1462
14688.4951171875 1501
14698.7685546875 1654
14698.90234375 1800
14710.431640625 2656
14718.6787109375 2884
14722.9052734375 1416
14722.9375 1575
14731.638671875 2889
14767.4287109375 445
14769.17578125 30
14787.2119140625 2484
14812.6376953125 38
14828.1796875 40
14833.72265625 76
14834.8037109375 77
14862.8134765625 108
14864.5400390625 164
14888.8916015625 211
14904.2216796875 225
14917.5478515625 376
14934.607421875 437
14943.796875 510
15013.119140625 646
15040.197265625 671
15041.9716796875 738
15042.6240234375 770
15075.34765625 1434
15091.119140625 1610
15095.7802734375 1662
15104.4658203125 1709
15106.07421875 1998
15113.3173828125 2166
15113.861328125 2220
15138.525390625 2238
15161.7177734375 2255
15164.10546875 2345
15176.8232421875 2510
15179.685546875 2581
15183.875 2607
15221.2734375 2807
15232.6826171875 1015
15238.7880859375 1984
15238.7880859375 1258
15239.005859375 2555
15266.4716796875 1147
15268.4501953125 865
15271.6611328125 939
15309.453125 1497
15320.037109375 2630
15322.23828125 2752
15329.2080078125 457
15345.8486328125 309
15349.1533203125 316
15349.4189453125 483
15357.2099609375 484
15362.24609375 633
15405.994140625 1026
15407.49609375 1036
15408.15234375 1176
15420.2470703125 1423
15458.470703125 1485
15460.6591796875 1590
15470.7978515625 1702
15492.9921875 1759
15516.1044921875 1818
15516.9560546875 1958
15524.791015625 1963
15527.361328125 1977
15532.509765625 2053
15570.197265625 2056
15598.3974609375 2125
15606.087890625 2304
15614.333984375 2356
15632.494140625 2477
15648.548828125 2533
15670.078125 2732
15681.9228515625 2948
15691.1513671875 1601
15691.734375 2256
15697.1767578125 2104
15697.1767578125 284
15712.703125 182
15748.193359375 916
15775.8388671875 1667
15794.810546875 1852
15797.775390625 727
15801.1416015625 2036
15840.134765625 2772
15840.2802734375 130
15843.4609375 219
15853.9716796875 394
15855.0068359375 405
15878.857421875 634
15878.966796875 856
15881.5732421875 983
15892.5283203125 1117
15893.712890625 1386
15899.3173828125 1791
15904.1337890625 1991
15913.6220703125 2060
15916.322265625 2215
15945.3115234375 2314
15946.80859375 2440
15964.650390625 2467
15980.580078125 2618
15994.724609375 2648
16010.0859375 2694
16020.8759765625 1772
16035.40625 818
16074.1201171875 2907
16077.23828125 660
16108.1552734375 1168
16112.14453125 1145
16125.3759765625 1476
16131.177734375 1618
16152.060546875 655
16153.326171875 1592
16154.64453125 2120
16160.5986328125 2557
16186.9052734375 112
16188.3349609375 350
16195.5732421875 356
16219.515625 448
16222.181640625 1500
16230.2236328125 1526
16240.2060546875 1587
16272.34765625 1881
16305.8671875 1943
16317.642578125 1962
16327.2509765625 1995
16342.96484375 2075
16364.90234375 2118
16370.4248046875 2309
16397.71875 2418
16405.662109375 2516
16414.5078125 2588
16415.30078125 2605
16417.140625 2623
16418.994140625 2937
16428.2109375 1005
16436.39453125 110
16439.01171875 2360
16440.4765625 121
16456.8125 1046
16513.685546875 298
16538.1171875 372
16561.416015625 492
16578.0703125 752
16583.640625 838
16611.130859375 903
16621.267578125 1034
16634.240234375 1128
16662.63671875 1187
16669.572265625 1437
16683.828125 1488
16686.76171875 1534
16687.486328125 1657
16688.150390625 1678
16694.490234375 1824
16694.80859375 1826
16702.29296875 1941
16702.29296875 1997
16707.126953125 2318
16713.3984375 2327
16739.67578125 2362
16747.296875 2404
16752.15234375 2453
16756.470703125 2458
16779.31640625 2496
16787.474609375 2696
16789.90234375 2722
16801.185546875 2796
16802.072265625 2584
16809.984375 2872
16811.095703125 2589
16812.525390625 2135
16826.15234375 1802
16831.90625 1853
16834.708984375 1892
16846.6796875 1580
16856.8359375 25
16887.4921875 72
16898.70703125 343
16924.171875 710
16943.548828125 755
16967.064453125 885
16975.451171875 1683
17023.8984375 1776
17029.078125 1972
17049.138671875 2047
17051.033203125 2138
17062.251953125 2185
17076.328125 2344
17077.115234375 2545
17081.76171875 2573
17088.578125 2855
17090.48828125 2159
17096.9140625 1067
17103.31640625 371
17131.732421875 243
17147.369140625 1301
17160.451171875 311
17161.580078125 426
17168.28125 648
17169.0 720
17176.91796875 792
17187.9296875 940
17191.287109375 1006
17221.947265625 1032
17225.1328125 1160
17249.02734375 1189
17252.509765625 2183
17283.51171875 2190
17301.6171875 2301
17303.6953125 1459
17304.232421875 1649
17324.66015625 353
17327.064453125 2706
17329.18359375 1511
17354.681640625 1778
17356.73046875 329
17392.388671875 731
17408.044921875 1400
17431.865234375 2070
17433.38671875 1480
17443.376953125 1714
17452.142578125 249
17456.20703125 94
17472.271484375 2823
17475.697265625 471
17486.201171875 473
17492.525390625 747
17506.662109375 915
17521.904296875 921
17527.94921875 993
17580.701171875 1072
17585.4140625 1415
17605.310546875 1541
17659.509765625 1746
17698.53515625 1949
17765.25 2079
17782.896484375 2219
17787.009765625 2258
17794.1875 2413
17799.056640625 2628
17833.197265625 2828
17844.91796875 2903
17872.580078125 2996
17901.455078125 204
17905.759765625 1247
17911.671875 1410
17930.76953125 1888
17957.607421875 1214
17981.263671875 1658
17998.54296875 2587
18036.998046875 380
18046.31640625 688
18077.248046875 1761
18096.4375 66
18136.787109375 127
18157.51953125 179
18177.046875 855
18226.03515625 1198
18234.35546875 1250
18331.7265625 1507
18372.4140625 1558
18372.98828125 2007
18426.037109375 2092
18451.822265625 2231
18468.958984375 2384
18469.869140625 2457
18527.859375 2544
18533.9609375 2717
18548.27734375 2774
18584.056640625 2794
18587.94921875 2909
18600.998046875 972
18614.66015625 1138
18616.638671875 1442
18667.2578125 1137
18679.23828125 102
18681.87109375 667
18694.302734375 1935
18697.154296875 2352
18710.365234375 2887
18711.740234375 427
18724.193359375 1533
18726.0390625 170
18751.84765625 262
18770.591796875 306
18777.806640625 596
18793.33984375 805
18800.70703125 849
18824.412109375 850
18830.794921875 965
18836.51171875 976
18840.2421875 1058
18861.51171875 1403
18883.19921875 1645
18883.19921875 1999
18886.025390625 2292
18895.232421875 2392
18895.61328125 2403
18926.052734375 2497
18927.326171875 2524
18954.2890625 2601
18966.029296875 2652
18980.826171875 2657
19064.353515625 2761
19091.638671875 2839
19101.158203125 2939
19113.806640625 2984
19152.41015625 1027
19176.33984375 622
19251.2734375 417
19281.71875 450
19289.337890625 690
19302.947265625 969
19313.15234375 982
19364.78125 1040
19373.318359375 1078
19385.14453125 1083
19424.841796875 1382
19432.80859375 1391
19443.890625 1486
19445.10546875 1503
19458.59375 1547
19469.728515625 1561
19470.96875 1965
19478.126953125 2026
19478.66796875 2066
19479.74609375 2182
19481.5078125 2245
19493.490234375 2460
19532.62109375 2466
19552.03515625 2540
19571.8046875 2593
19580.6015625 2632
19582.638671875 2753
19590.263671875 2759
19622.044921875 2793
19630.03125 2925
19632.08984375 2152
19733.4765625 762
19766.86328125 2757
19773.98046875 37
19780.80078125 1624
19794.736328125 1271
19794.763671875 2370
19796.794921875 2895
19808.375 2411
19827.2734375 67
19866.16796875 150
19933.626953125 171
19948.8984375 195
19973.0625 363
19993.748046875 522
20029.630859375 657
20033.14453125 701
20036.44921875 760
20090.228515625 811
20111.923828125 874
20114.94140625 875
20166.96484375 1002
20175.71875 1007
20215.8828125 1023
20249.904296875 1356
20270.64453125 1378
20282.568359375 1489
20321.474609375 1629
20353.5 2721
20385.7734375 2032
20445.0546875 2259
20461.560546875 771
20554.34765625 1543
20577.302734375 2241
20619.748046875 1964
20626.224609375 1625
20634.76953125 2693
20638.017578125 222
20696.775390625 258
20702.82421875 281
20728.798828125 506
20858.67578125 582
20971.60546875 724
20978.619140625 879
20984.599609375 1003
21078.607421875 1171
21268.953125 1182
21353.623046875 1588
21362.462890625 1685
21377.162109375 1758
21393.615234375 2300
21408.43359375 2310
21416.5546875 2705
21429.24609375 2845
21437.345703125 2916
21469.029296875 1811
21491.865234375 2701
21603.201171875 421
21656.09765625 1440
21707.234375 2337
21750.7265625 2531
21795.5 18
21851.400390625 29
21854.8125 31
21857.166015625 104
21861.4921875 274
21864.826171875 321
21905.392578125 370
21933.392578125 375
21953.712890625 562
21971.892578125 914
22073.26171875 944
22200.56640625 1672
22370.18359375 1684
22391.466796875 1825
22410.642578125 1846
22425.728515625 1960
22454.03125 1976
22535.12890625 2006
22666.451171875 2319
22678.955078125 2405
22985.8359375 2550
23001.650390625 2606
23026.962890625 2768
23125.1328125 1081
23131.552734375 1780
23420.82421875 16
23455.265625 28
23462.927734375 125
23511.435546875 212
23589.23828125 265
23662.9453125 295
23830.048828125 360
23900.115234375 364
23974.236328125 937
24150.912109375 1077
24241.25 1101
24460.921875 1241
24755.185546875 1243
24964.076171875 1307
25001.41015625 1343
25053.6171875 1404
25059.123046875 1418
25078.904296875 1585
25262.0234375 1719
25502.427734375 1822
25746.951171875 2009
25855.916015625 2164
25953.21484375 2214
26127.447265625 2250
28442.37890625 2263
28771.583984375 2342
28819.1015625 2359
32354.48828125 2547
