580.0563354492188 1811
1178.367919921875 2701
1452.988525390625 421
1753.98876953125 1440
1820.5938720703125 2337
1938.2625732421875 2531
2110.875732421875 18
2118.59765625 29
2188.38232421875 31
2198.447509765625 104
2306.562744140625 274
2605.1875 321
2714.665771484375 370
2878.860595703125 375
2966.8310546875 562
3202.37109375 914
3264.28857421875 944
3320.518798828125 1672
3389.55078125 1684
3498.338134765625 1825
3804.59423828125 1846
3825.246826171875 1960
3901.078857421875 1976
4068.21875 2006
4116.68701171875 2319
4157.0625 2405
4288.12890625 2550
4337.072265625 2606
4362.5859375 2768
4424.15673828125 1446
4519.99951171875 87
4627.41748046875 251
4653.4873046875 527
4726.72802734375 529
5061.3447265625 625
5064.62939453125 641
5133.23095703125 693
5208.5205078125 873
5241.890625 881
5265.2529296875 928
5339.30029296875 1133
5420.412109375 1283
5583.7763671875 1318
5629.46728515625 1346
5675.2490234375 1417
5694.1689453125 1720
5949.17431640625 1987
5962.5458984375 2226
5965.59375 2296
5984.14306640625 2515
6030.7216796875 2572
6106.98046875 2669
6161.03662109375 2728
6248.9453125 2734
6415.2744140625 2746
6449.56298828125 2852
6669.14599609375 2866
6741.4931640625 2915
6939.45703125 2949
6968.07568359375 377
7054.27978515625 2281
7255.9052734375 160
7293.615234375 1
7306.9130859375 425
7330.72265625 446
7422.84130859375 800
7439.8818359375 918
7482.33544921875 953
7549.0419921875 985
7889.6083984375 986
7890.564453125 1008
7927.68408203125 1043
7963.5263671875 1270
8028.11083984375 1317
8070.46875 1435
8109.873046875 1548
8122.384765625 1606
8124.29833984375 1661
8267.0380859375 1712
8458.533203125 2010
8524.54296875 2088
8545.712890625 2365
8652.173828125 2410
8666.412109375 2414
8840.1005859375 2482
8923.0703125 2560
8971.095703125 2781
9156.216796875 2820
9270.6728515625 997
9382.0849609375 1781
9429.6005859375 81
9462.7568359375 229
9471.1728515625 440
9529.6591796875 548
9619.2255859375 611
9626.779296875 826
9891.6533203125 834
10035.1875 848
10093.7724609375 871
10113.1025390625 893
10163.677734375 1231
10171.849609375 1256
10182.599609375 1315
10260.45703125 1458
10268.5498046875 1550
10272.689453125 1671
10354.3916015625 1711
10486.4716796875 1815
10547.765625 1893
10865.1494140625 2312
10980.447265625 2324
10984.451171875 2385
11046.0791015625 2447
11105.498046875 2562
11146.9140625 2610
11261.490234375 2622
11313.140625 2853
11373.5478515625 2924
11599.287109375 2927
11736.078125 2239
11740.9296875 1362
11743.89453125 1926
11747.7568359375 2997
11754.1904296875 254
11783.76171875 388
11792.6962890625 465
11799.6044921875 498
11828.4287109375 520
11851.7060546875 962
11919.71484375 981
11941.15234375 1156
11944.220703125 1652
12050.212890625 2205
12105.05859375 2339
12185.5673828125 2417
12219.1689453125 2494
12228.7578125 2687
12255.9619140625 1122
12295.5341796875 1670
12314.736328125 264
12316.30078125 2173
12322.62890625 1646
12329.244140625 2396
12495.787109375 49
12511.013671875 189
12518.03125 261
12599.4384765625 263
12613.03515625 430
12615.486328125 831
12628.96875 899
12633.2265625 1123
12639.05078125 1169
12716.1455078125 1350
12744.669921875 1405
12776.453125 1512
12797.935546875 1750
12808.5146484375 1769
12865.8720703125 1908
12883.9765625 1966
12894.173828125 1982
12947.833984375 1993
12951.00390625 2094
12993.2490234375 2126
13029.5869140625 2141
13029.625 2171
13051.0400390625 2174
13064.138671875 2177
13128.9443359375 2237
13166.279296875 2367
13235.806640625 2536
13240.5087890625 2542
13261.390625 2582
13286.5703125 2675
13344.73046875 2703
13346.56640625 1873
13362.2421875 2107
13408.34765625 1281
13415.34765625 455
13417.9462890625 470
13444.83984375 902
13524.0810546875 926
13688.3779296875 967
13694.9375 1104
13714.978515625 1225
13742.232421875 1286
13772.7099609375 1506
13803.546875 1516
13819.298828125 1599
13838.6083984375 1779
13840.35546875 1848
13859.11328125 1867
13911.5546875 1883
13919.9873046875 2063
13941.08984375 2210
13972.5458984375 2246
13987.7216796875 2285
13998.9111328125 2361
14171.4248046875 2686
14173.82421875 2700
14190.1025390625 88
14203.45703125 586
14237.9169921875 136
14280.7314453125 1471
14441.748046875 226
14446.095703125 296
14487.875 1197
14567.83203125 1666
14577.23046875 2511
14624.638671875 101
14658.298828125 215
14728.044921875 549
14730.3212890625 550
14744.146484375 573
14798.5966796875 1136
14816.072265625 1199
14818.2880859375 1530
14824.158203125 1581
14834.49609375 1640
14848.4560546875 1688
14976.533203125 1968
15031.7373046875 2526
15035.052734375 2571
15054.16015625 2983
15081.6884765625 1787
15129.2685546875 602
15140.7021484375 1146
15162.0546875 253
15166.787109375 342
15200.1279296875 843
15207.947265625 1233
15219.8974609375 1335
15271.8564453125 1394
15286.9921875 1737
15289.1162109375 1784
15289.9365234375 1950
15325.3583984375 2025
15379.64453125 2473
15384.431640625 2518
15387.080078125 999
15397.853515625 1056
15427.43359375 1900
15489.4521484375 1304
15492.4892578125 1326
15506.6904296875 2967
15508.30859375 1329
15527.796875 50
15529.3525390625 318
15546.61328125 389
15551.1337890625 478
15565.5146484375 491
15599.3681640625 580
15631.79296875 599
15644.7001953125 890
15664.767578125 896
15667.615234375 909
15694.318359375 919
15728.88671875 995
15746.4228515625 1273
15754.23828125 1342
15762.123046875 1430
15777.6572265625 1495
15786.92578125 1568
15826.3994140625 1583
15876.00390625 1764
15882.337890625 1774
15995.58203125 2065
16017.4365234375 2117
16060.6708984375 2181
16122.900390625 2268
16124.630859375 2465
16142.0234375 2664
16148.78515625 2760
16190.5810546875 2764
16205.1982421875 2938
16214.60546875 2943
16217.3037109375 1860
16262.45703125 2880
16268.23046875 1333
16273.80078125 2631
16365.9599609375 146
16379.56640625 1538
16379.6171875 21
16441.673828125 34
16477.5546875 200
16481.0859375 288
16587.072265625 336
16598.296875 385
16621.73046875 517
16622.57421875 546
16666.890625 609
16678.68359375 614
16694.841796875 683
16707.03515625 686
16720.19140625 769
16735.1484375 1097
16769.08203125 1221
16793.1953125 1322
16813.9453125 1359
16819.16796875 1376
16823.9921875 1686
16831.939453125 1854
16859.01171875 2513
16862.365234375 2553
16868.12890625 2650
16911.05078125 2672
16920.482421875 2911
16926.576171875 78
16968.05078125 2713
16998.052734375 2800
17047.35546875 2651
17064.90234375 2970
17071.58203125 1045
17107.125 1068
17125.22265625 2078
17140.330078125 884
17150.650390625 886
17156.5546875 1028
17177.736328125 1845
17198.8828125 1932
17269.27734375 2489
17277.640625 90
17279.1171875 153
17307.59375 240
17344.271484375 256
17426.751953125 531
17432.82421875 644
17453.548828125 706
17468.4609375 775
17481.498046875 1163
17495.935546875 1483
17507.720703125 2114
17512.37890625 2379
17516.052734375 2424
17555.458984375 2433
17587.61328125 2435
17603.318359375 2442
17617.2421875 2683
17651.142578125 2811
17657.150390625 2176
17687.04296875 169
17715.41796875 2207
17732.47265625 1144
17732.47265625 2180
17774.05078125 73
17790.408203125 663
17792.8828125 677
17814.119140625 756
17841.271484375 925
17847.0625 927
17862.98046875 946
17892.13671875 996
17896.63671875 1141
17897.376953125 1202
17916.208984375 1251
17927.22265625 1457
17936.259765625 1502
17968.220703125 1591
18009.83984375 1733
18048.103515625 1735
18051.697265625 1919
18057.3671875 1933
18061.765625 1955
18065.140625 2002
18069.318359375 2335
18075.796875 2341
18094.14453125 2565
18100.50390625 2695
18107.599609375 2763
18182.69140625 2840
18183.34375 2422
18189.697265625 1020
18192.92578125 640
18229.349609375 59
18270.298828125 177
18291.140625 191
18305.19140625 575
18316.29296875 687
18335.9765625 934
18337.443359375 1119
18345.505859375 1529
18385.310546875 1697
18399.994140625 1810
18421.357421875 1831
18428.71484375 2354
18428.80859375 2528
18436.455078125 2679
18454.03125 2712
18467.474609375 2747
18470.287109375 2809
18476.16015625 2821
18482.818359375 2842
18492.78515625 2860
18500.5078125 2906
18513.28125 2994
18535.55078125 186
18583.583984375 223
18593.876953125 1594
18597.6484375 410
18603.609375 631
18631.03125 132
18632.833984375 2576
18646.619140625 1282
18650.736328125 488
18651.369140625 869
18655.732421875 2059
18655.732421875 787
18662.904296875 904
18668.87890625 137
18672.134765625 275
18674.5390625 328
18689.19921875 333
18691.935546875 392
18713.5859375 407
18761.599609375 489
18777.9921875 680
18786.814453125 1022
18787.890625 1290
18790.8125 1358
18792.23046875 1607
18821.779296875 1653
18858.23828125 2024
18898.6015625 2184
18936.912109375 2221
18945.8984375 2394
18957.126953125 2427
18978.689453125 2517
19006.197265625 2655
19013.125 2704
19023.53125 2900
19083.40234375 2946
19085.990234375 459
19122.740234375 1408
19177.599609375 1339
19229.73046875 22
19233.794921875 45
19247.50390625 300
19279.759765625 812
19312.083984375 922
19329.828125 947
19336.544921875 975
19343.65234375 1001
19396.4296875 1095
19419.400390625 1275
19424.033203125 1664
19430.81640625 1708
19472.8515625 1763
19475.73828125 1766
19493.78515625 1889
19504.775390625 2077
19556.775390625 2082
19566.125 2131
19576.5390625 2315
19578.125 2317
19586.115234375 2409
19636.599609375 2608
19662.984375 2616
19708.5078125 2649
19714.791015625 2819
19728.08203125 2862
19729.748046875 1164
19732.591796875 2213
19768.41796875 1050
19774.2578125 979
19784.505859375 1562
19790.564453125 1597
19801.052734375 2334
19830.791015625 587
19851.09375 630
19852.041015625 777
19854.234375 1012
19855.453125 1064
19868.830078125 1082
19878.3671875 1462
19893.09375 1501
19894.603515625 1654
19897.873046875 1800
19920.17578125 2656
19924.83984375 2884
19927.763671875 1416
19940.546875 1575
19944.796875 2889
19961.85546875 445
20018.9375 30
20028.734375 2484
20033.486328125 38
20046.5703125 40
20074.515625 76
20106.123046875 77
20110.31640625 108
20137.150390625 164
20166.845703125 211
20190.537109375 225
20221.3515625 376
20265.892578125 437
20275.1796875 510
20279.462890625 646
20303.515625 671
20310.92578125 738
20316.333984375 770
20347.111328125 1434
20365.052734375 1610
20441.556640625 1662
20472.529296875 1709
20478.197265625 1998
20507.509765625 2166
20532.30859375 2220
20558.029296875 2238
20561.60546875 2255
20568.76953125 2345
20578.599609375 2510
20619.2265625 2581
20621.716796875 2607
20633.44140625 2807
20647.0703125 1015
20648.4765625 1984
20649.373046875 1258
20681.146484375 2555
20698.44921875 1147
20699.544921875 865
20714.4765625 939
20723.041015625 1497
20751.482421875 2630
20756.361328125 2752
20762.001953125 457
20764.01171875 309
20783.830078125 316
20808.892578125 483
20830.048828125 484
20831.744140625 633
20841.63671875 1026
20850.125 1036
20855.75 1176
20856.40625 1423
20866.90234375 1485
20894.3046875 1590
20930.130859375 1702
20933.041015625 1759
20961.20703125 1818
20972.75 1958
21024.041015625 1963
21051.5625 1977
21062.302734375 2053
21084.818359375 2056
21113.90234375 2125
21119.572265625 2304
21132.326171875 2356
21137.40234375 2477
21141.625 2533
21153.193359375 2732
21209.513671875 2948
21225.302734375 1601
21231.42578125 2256
21241.8515625 2104
21242.2578125 284
21248.49609375 182
21258.611328125 916
21260.416015625 1667
21263.923828125 1852
21264.8828125 727
21269.783203125 2036
21346.74609375 2772
21362.681640625 130
21368.11328125 219
21378.625 394
21383.369140625 405
21393.64453125 634
21405.9140625 856
21424.716796875 983
21433.76171875 1117
21447.806640625 1386
21458.755859375 1791
21512.712890625 1991
21538.255859375 2060
21549.2890625 2215
21573.83984375 2314
21592.927734375 2440
21593.599609375 2467
21606.912109375 2618
21612.79296875 2648
21628.36328125 2694
21640.57421875 1772
21689.2109375 818
21691.2734375 2907
21714.08984375 660
21714.3515625 1168
21731.583984375 1145
21733.013671875 1476
21737.32421875 1618
21741.98046875 655
21746.134765625 1592
21759.734375 2120
21789.3359375 2557
21794.10546875 112
21798.5 350
21830.6015625 356
21837.8828125 448
21842.22265625 1500
21867.3359375 1526
21868.087890625 1587
21888.2265625 1881
21900.90625 1943
21913.59375 1962
21913.59375 1995
21920.765625 2075
21923.5234375 2118
21926.642578125 2309
21927.45703125 2418
21977.14453125 2516
22070.181640625 2588
22100.21484375 2605
22120.666015625 2623
22126.75390625 2937
22132.59375 1005
22157.2890625 110
22169.54296875 2360
22181.1640625 121
22190.20703125 1046
22217.7734375 298
22241.587890625 372
22243.783203125 492
22246.912109375 752
22250.515625 838
22266.162109375 903
22268.357421875 1034
22281.8828125 1128
22287.79296875 1187
22315.041015625 1437
22343.490234375 1488
22360.923828125 1534
22395.55078125 1657
22397.43359375 1678
22402.4453125 1824
22422.18359375 1826
22425.4375 1941
22446.302734375 1997
22465.287109375 2318
22467.224609375 2327
22468.96875 2362
22480.453125 2404
22493.068359375 2453
22509.830078125 2458
22510.44921875 2496
22518.986328125 2696
22538.412109375 2722
22558.21875 2796
22587.96875 2584
22600.216796875 2872
22601.9453125 2589
22605.92578125 2135
22650.345703125 1802
22705.154296875 1853
22708.625 1892
22714.7265625 1580
22718.626953125 25
22749.55078125 72
22787.896484375 343
22792.599609375 710
22797.771484375 755
22822.92578125 885
22831.5390625 1683
22859.783203125 1776
22859.783203125 1972
22862.423828125 2047
22879.330078125 2138
22880.890625 2185
22902.041015625 2344
22931.490234375 2545
22944.671875 2573
22969.919921875 2855
23033.13671875 2159
23044.134765625 1067
23044.359375 371
23055.0625 243
23070.6484375 1301
23094.376953125 311
23105.287109375 426
23105.287109375 648
23137.732421875 720
23184.953125 792
23189.37890625 940
23198.8515625 1006
23199.779296875 1032
23202.701171875 1160
23213.61328125 1189
23242.5703125 2183
23265.8671875 2190
23281.095703125 2301
23327.197265625 1459
23335.46875 1649
23336.427734375 353
23343.5 2706
23365.310546875 1511
23378.265625 1778
23396.650390625 329
23398.65234375 731
23411.728515625 1400
23429.1328125 2070
23452.2109375 1480
23457.861328125 1714
23458.900390625 249
23464.10546875 94
23464.6875 2823
23474.802734375 471
23484.37109375 473
23525.787109375 747
23557.99609375 915
23571.5625 921
23673.39453125 993
23705.99609375 1072
23719.314453125 1415
23720.8046875 1541
23731.93359375 1746
23764.14453125 1949
23794.51953125 2079
23802.0234375 2219
23826.75 2258
23831.87109375 2413
23869.283203125 2628
23892.876953125 2828
23918.546875 2903
23923.107421875 2996
23934.52734375 204
23943.1875 1247
23953.572265625 1410
23963.775390625 1888
23987.943359375 1214
24040.80078125 1658
24047.42578125 2587
24056.43359375 380
24168.025390625 688
24180.8203125 1761
24186.01953125 66
24187.91796875 127
24189.5546875 179
24197.91015625 855
24248.607421875 1198
24301.140625 1250
24438.85546875 1507
24445.794921875 1558
24450.88671875 2007
24451.779296875 2092
24457.908203125 2231
24492.072265625 2384
24499.013671875 2457
24568.6875 2544
24583.080078125 2717
24610.24609375 2774
24622.568359375 2794
24662.109375 2909
24669.158203125 972
24724.384765625 1138
24778.4765625 1442
24778.4765625 1137
24782.373046875 102
24791.2109375 667
24797.36328125 1935
24811.06640625 2352
24890.7109375 2887
24910.2578125 427
24968.8671875 1533
25013.35546875 170
25017.1171875 262
25043.6640625 306
25068.65625 596
25232.484375 805
25285.564453125 849
25315.6953125 850
25316.072265625 965
25339.751953125 976
25363.9296875 1058
25435.728515625 1403
25471.890625 1645
25490.291015625 1999
25516.9375 2292
25545.62109375 2392
25625.109375 2403
25646.84375 2497
25657.94140625 2524
25725.2890625 2601
25732.9296875 2652
25759.166015625 2657
25805.111328125 2761
25856.08984375 2839
25876.25390625 2939
25914.384765625 2984
25971.736328125 1027
25991.275390625 622
26040.015625 417
26065.12890625 450
26117.603515625 690
26172.552734375 969
26186.3515625 982
26210.193359375 1040
26253.087890625 1078
26343.619140625 1083
26389.982421875 1382
26402.99609375 1391
26410.640625 1486
26432.9765625 1503
26496.6796875 1547
26556.0234375 1561
26582.70703125 1965
26602.015625 2026
26652.787109375 2066
26671.14453125 2182
26692.986328125 2245
26769.7265625 2460
26778.001953125 2466
26857.62109375 2540
26887.8671875 2593
26887.8671875 2632
27040.1796875 2753
27063.169921875 2759
27084.216796875 2793
27119.5234375 2925
27167.916015625 2152
27183.40234375 762
27218.0625 2757
27328.802734375 37
27329.80078125 1624
27347.888671875 1271
27436.99609375 2370
27438.908203125 2895
27470.462890625 2411
27477.154296875 67
27664.703125 150
27682.17578125 171
27682.802734375 195
27753.32421875 363
27881.703125 522
27903.05859375 657
27904.3046875 701
28226.873046875 760
28324.671875 811
28342.486328125 874
28379.37890625 875
28420.2890625 1002
28429.4609375 1007
28450.1875 1023
28642.990234375 1356
28723.19921875 1378
28809.376953125 1489
28836.625 1629
28840.884765625 2721
28905.935546875 2032
28997.5625 2259
29263.271484375 771
29264.453125 1543
29518.98828125 2241
29565.865234375 1964
29687.0546875 1625
29687.244140625 2693
29955.900390625 222
30036.3671875 258
30271.763671875 281
30475.294921875 506
30576.666015625 582
30607.9765625 724
30779.005859375 879
30787.482421875 1003
30888.490234375 1171
30911.705078125 1182
31082.41015625 1588
31097.392578125 1685
31221.8046875 1758
31342.740234375 2300
31396.212890625 2310
31563.03125 2705
31566.431640625 2845
31619.421875 2916
31803.451171875 1081
31835.81640625 1780
32064.9375 16
32070.162109375 28
32342.404296875 125
32371.630859375 212
32419.42578125 265
32526.931640625 295
33114.921875 360
33196.5625 364
33275.9296875 937
33295.94140625 1077
33558.85546875 1101
34090.609375 1241
34450.48828125 1243
34495.47265625 1307
34552.37109375 1343
34768.9453125 1404
35136.52734375 1418
35213.265625 1585
35216.11328125 1719
35940.0078125 1822
35958.94921875 2009
36080.95703125 2164
36324.9375 2214
37351.203125 2250
37657.4296875 2263
37886.29296875 2342
37930.28125 2359
38154.421875 2547
