365.3312683105469 1446
1830.30908203125 87
2013.6356201171875 251
2188.113525390625 527
2535.764404296875 529
2613.45947265625 625
2728.78076171875 641
2779.94677734375 693
2861.52099609375 873
3063.711181640625 881
3077.00927734375 928
3153.7880859375 1133
3411.0673828125 1283
3478.40234375 1318
3501.004150390625 1346
3521.4189453125 1417
3813.583984375 1720
3920.47265625 1987
3958.8359375 2226
4040.0478515625 2296
4074.33642578125 2515
4100.71240234375 2572
4174.9921875 2669
4241.68212890625 2728
4287.712890625 2734
4315.00927734375 2746
4336.22216796875 2852
4373.25927734375 2866
4437.849609375 2915
4553.283203125 2949
4577.13330078125 377
4582.64111328125 2281
4628.099609375 160
4764.603515625 1
4886.6650390625 425
4911.65625 446
4924.08349609375 800
4937.9599609375 918
4941.59130859375 953
4954.5712890625 985
4977.0625 986
4989.2568359375 1008
5006.7587890625 1043
5010.7841796875 1270
5041.8818359375 1317
5056.2626953125 1435
5084.3857421875 1548
5086.6611328125 1606
5117.06396484375 1661
5125.3779296875 1712
5229.4296875 2010
5252.31640625 2088
5373.0830078125 2365
5413.802734375 2410
5510.04345703125 2414
5575.14697265625 2482
5598.22412109375 2560
5637.11328125 2781
5721.47998046875 2820
5731.146484375 997
5910.1494140625 1781
5990.1845703125 81
6009.625 229
6016.99951171875 440
6019.046875 548
6163.228515625 611
6209.7890625 826
6304.7978515625 834
6310.3515625 848
6319.10986328125 871
6347.7353515625 893
6393.01171875 1231
6421.5869140625 1256
6434.84521484375 1315
6470.0126953125 1458
6478.00048828125 1550
6496.59130859375 1671
6560.00390625 1711
6688.7373046875 1815
6708.8369140625 1893
6783.58544921875 2312
6858.5126953125 2324
6876.17724609375 2385
6933.43017578125 2447
6952.4951171875 2562
6961.0126953125 2610
7081.65087890625 2622
7138.80419921875 2853
7178.83203125 2924
7184.0556640625 2927
7187.2275390625 2239
7275.05419921875 1362
7296.24609375 1926
7309.6728515625 2997
7324.6884765625 254
7390.40234375 388
7408.69482421875 465
7464.77001953125 498
7521.87109375 520
7625.32421875 962
7653.12255859375 981
7686.6845703125 1156
7821.8818359375 1652
7832.2421875 2205
7919.19921875 2339
8000.3818359375 2417
8073.2802734375 2494
8303.177734375 2687
8304.521484375 1122
8332.462890625 1670
8356.6767578125 264
8371.5302734375 2173
8436.552734375 1646
8647.328125 2396
8660.5703125 49
8760.66015625 189
8837.423828125 261
8838.1982421875 263
8859.2041015625 430
8918.76171875 831
9001.7744140625 899
9013.146484375 1123
9018.7109375 1169
9071.7666015625 1350
9196.36328125 1405
9223.2177734375 1512
9276.7421875 1750
9351.712890625 1769
9361.70703125 1908
9367.8447265625 1966
9527.11328125 1982
9554.6484375 1993
9597.6650390625 2094
9666.9453125 2126
9695.919921875 2141
9715.1015625 2171
9741.017578125 2174
9835.8779296875 2177
9875.0751953125 2237
9974.0439453125 2367
9978.544921875 2536
10045.4404296875 2542
10063.1513671875 2582
10083.119140625 2675
10099.736328125 2703
10135.1640625 1873
10190.208984375 2107
10200.8076171875 1281
10259.2890625 455
10338.64453125 470
10359.576171875 902
10516.59375 926
10540.6826171875 967
10548.2236328125 1104
10578.2998046875 1225
10585.7568359375 1286
10698.79296875 1506
10769.107421875 1516
10818.40234375 1599
10882.7197265625 1779
10922.7626953125 1848
10932.7041015625 1867
10997.806640625 1883
11032.1708984375 2063
11080.3974609375 2210
11099.8955078125 2246
11202.0712890625 2285
11207.181640625 2361
11227.14453125 2686
11265.2578125 2700
11266.0556640625 88
11340.474609375 586
11373.958984375 136
11382.16796875 1471
11403.4794921875 226
11478.423828125 296
11480.791015625 1197
11499.095703125 1666
11561.5185546875 2511
11580.82421875 101
11605.349609375 215
11635.9052734375 549
11639.52734375 550
11649.7666015625 573
11650.052734375 1136
11661.17578125 1199
11689.94140625 1530
11738.9560546875 1581
11767.8671875 1640
11779.6650390625 1688
11781.873046875 1968
11797.775390625 2526
11813.71875 2571
11819.3388671875 2983
11835.3359375 1787
11846.8701171875 602
11958.677734375 1146
11963.2421875 253
11979.58984375 342
12021.609375 843
12034.7626953125 1233
12037.6240234375 1335
12067.4384765625 1394
12094.65625 1737
12133.43359375 1784
12133.43359375 1950
12164.0009765625 2025
12203.5009765625 2473
12211.1083984375 2518
12283.685546875 999
12323.283203125 1056
12329.32421875 1900
12339.751953125 1304
12367.44921875 1326
12449.1005859375 2967
12473.1845703125 1329
12480.478515625 50
12543.8515625 318
12548.5634765625 389
12553.291015625 478
12626.361328125 491
12631.9345703125 580
12657.376953125 599
12672.8193359375 890
12737.5791015625 896
12753.2548828125 909
12763.5009765625 919
12779.1357421875 995
12819.673828125 1273
12844.8916015625 1342
12853.8203125 1430
12887.357421875 1495
12897.375 1568
12909.482421875 1583
12931.814453125 1764
12951.7646484375 1774
12964.8701171875 2065
12971.771484375 2117
12972.74609375 2181
12988.34765625 2268
12997.30078125 2465
13024.7333984375 2664
13045.572265625 2760
13074.572265625 2764
13074.9267578125 2938
13105.8388671875 2943
13108.26171875 1860
13114.0205078125 2880
13185.61328125 1333
13221.291015625 2631
13231.380859375 146
13241.8564453125 1538
13280.666015625 21
13303.4794921875 34
13353.134765625 200
13365.26171875 288
13370.0205078125 336
13371.841796875 385
13422.3203125 517
13442.9140625 546
13448.9208984375 609
13462.412109375 614
13474.193359375 683
13495.73046875 686
13499.24609375 769
13514.7705078125 1097
13519.0849609375 1221
13535.013671875 1322
13554.115234375 1359
13579.962890625 1376
13603.6484375 1686
13615.9287109375 1854
13634.09375 2513
13635.3466796875 2553
13655.248046875 2650
13655.7431640625 2672
13685.8095703125 2911
13734.5078125 78
13749.5634765625 2713
13753.25390625 2800
13765.3544921875 2651
13789.91796875 2970
13800.1103515625 1045
13841.162109375 1068
13859.9462890625 2078
13870.5107421875 884
13871.3876953125 886
13876.875 1028
13905.685546875 1845
13939.6494140625 1932
13988.0205078125 2489
14016.830078125 90
14052.1845703125 153
14057.7509765625 240
14075.9541015625 256
14079.47265625 531
14103.78125 644
14204.109375 706
14206.8544921875 775
14224.796875 1163
14237.240234375 1483
14241.998046875 2114
14243.947265625 2379
14244.931640625 2424
14271.775390625 2433
14282.37890625 2435
14284.0029296875 2442
14308.6484375 2683
14308.8828125 2811
14372.5947265625 2176
14376.2978515625 169
14400.3515625 2207
14407.2861328125 1144
14420.173828125 2180
14423.546875 73
14429.2890625 663
14515.595703125 677
14573.91796875 756
14584.5576171875 925
14607.501953125 927
14615.7861328125 946
14622.873046875 996
14630.55078125 1141
14641.94140625 1202
14652.3076171875 1251
14655.408203125 1457
14665.74609375 1502
14677.705078125 1591
14695.9150390625 1733
14726.1796875 1735
14730.3359375 1919
14739.564453125 1933
14751.8974609375 1955
14752.236328125 2002
14826.822265625 2335
14860.0908203125 2341
14884.2529296875 2565
14901.658203125 2695
14913.8828125 2763
14945.1279296875 2840
14959.8779296875 2422
14997.8310546875 1020
15022.2294921875 640
15022.271484375 59
15054.91796875 177
15056.4541015625 191
15059.958984375 575
15067.5986328125 687
15086.2802734375 934
15099.3564453125 1119
15112.2529296875 1529
15122.3330078125 1697
15155.318359375 1810
15160.3359375 1831
15195.4873046875 2354
15219.443359375 2528
15237.8271484375 2679
15245.314453125 2712
15250.541015625 2747
15255.6328125 2809
15265.4775390625 2821
15285.4658203125 2842
15288.962890625 2860
15308.67578125 2906
15312.7607421875 2994
15358.98828125 186
15379.216796875 223
15394.7421875 1594
15412.5107421875 410
15413.8935546875 631
15420.8828125 132
15445.5830078125 2576
15457.423828125 1282
15485.994140625 488
15489.94140625 869
15492.373046875 2059
15501.806640625 787
15511.533203125 904
15514.15625 137
15516.5166015625 275
15522.83203125 328
15524.041015625 333
15528.375 392
15540.791015625 407
15551.126953125 489
15556.9326171875 680
15582.0322265625 1022
15591.041015625 1290
15636.50390625 1358
15661.296875 1607
15663.7939453125 1653
15667.9365234375 2024
15674.13671875 2184
15678.6064453125 2221
15679.3486328125 2394
15690.6474609375 2427
15695.853515625 2517
15696.841796875 2655
15696.841796875 2704
15712.53125 2900
15717.24609375 2946
15733.18359375 459
15740.1328125 1408
15746.8876953125 1339
15753.16015625 22
15756.5966796875 45
15791.55859375 300
15797.0791015625 812
15797.525390625 922
15805.322265625 947
15837.5703125 975
15845.1376953125 1001
15869.154296875 1095
15886.91015625 1275
15903.056640625 1664
15915.2958984375 1708
15930.0185546875 1763
15950.29296875 1766
15969.1884765625 1889
15983.3701171875 2077
15990.1796875 2082
15993.4130859375 2131
16013.443359375 2315
16023.5810546875 2317
16064.2802734375 2409
16091.3740234375 2608
16131.7197265625 2616
16136.2021484375 2649
16137.91015625 2819
16145.4814453125 2862
16157.89453125 1164
16167.0107421875 2213
16202.029296875 1050
16209.5859375 979
16210.1689453125 1562
16240.275390625 1597
16246.103515625 2334
16249.580078125 587
16252.318359375 630
16267.2265625 777
16272.2783203125 1012
16301.2734375 1064
16304.3193359375 1082
16311.1552734375 1462
16335.29296875 1501
16336.037109375 1654
16350.3251953125 1800
16358.3681640625 2656
16360.6708984375 2884
16366.974609375 1416
16386.607421875 1575
16394.01171875 2889
16411.44921875 445
16419.40625 30
16421.533203125 2484
16437.41796875 38
16477.783203125 40
16487.853515625 76
16494.10546875 77
16495.373046875 108
16503.4609375 164
16511.154296875 211
16516.935546875 225
16566.001953125 376
16569.32421875 437
16572.494140625 510
16573.62109375 646
16578.3359375 671
16590.548828125 738
16600.03125 770
16611.83984375 1434
16621.78515625 1610
16633.58203125 1662
16644.734375 1709
16647.076171875 1998
16675.923828125 2166
16677.904296875 2220
16711.61328125 2238
16711.861328125 2255
16717.533203125 2345
16735.927734375 2510
16740.607421875 2581
16749.68359375 2607
16760.29296875 2807
16781.544921875 1015
16783.919921875 1984
16788.1953125 1258
16792.298828125 2555
16801.728515625 1147
16803.505859375 865
16804.337890625 939
16825.51171875 1497
16836.71484375 2630
16842.783203125 2752
16857.58203125 457
16863.3125 309
16864.970703125 316
16878.892578125 483
16892.14453125 484
16918.568359375 633
16932.703125 1026
16933.185546875 1036
16945.181640625 1176
16951.134765625 1423
16963.45703125 1485
16981.71875 1590
16995.5 1702
17014.32421875 1759
17026.509765625 1818
17040.28515625 1958
17051.853515625 1963
17052.474609375 1977
17080.798828125 2053
17091.46484375 2056
17118.6640625 2125
17123.103515625 2304
17130.10546875 2356
17132.671875 2477
17146.017578125 2533
17159.896484375 2732
17168.79296875 2948
17175.03515625 1601
17177.447265625 2256
17194.26953125 2104
17202.533203125 284
17202.61328125 182
17215.462890625 916
17227.970703125 1667
17237.5703125 1852
17282.734375 727
17297.81640625 2036
17301.5078125 2772
17327.6328125 130
17338.037109375 219
17341.009765625 394
17344.029296875 405
17365.31640625 634
17382.013671875 856
17401.953125 983
17404.755859375 1117
17424.697265625 1386
17425.841796875 1791
17426.09375 1991
17470.34375 2060
17475.88671875 2215
17475.88671875 2314
17478.0859375 2440
17548.0234375 2467
17559.5546875 2618
17575.029296875 2648
17596.447265625 2694
17598.978515625 1772
17611.05078125 818
17629.126953125 2907
17652.53515625 660
17662.859375 1168
17686.466796875 1145
17695.33203125 1476
17718.453125 1618
17743.259765625 655
17748.390625 1592
17757.693359375 2120
17757.919921875 2557
17771.48828125 112
17780.16796875 350
17782.12890625 356
17845.673828125 448
17846.1484375 1500
17851.27734375 1526
17868.654296875 1587
17879.587890625 1881
17895.28125 1943
17927.5 1962
17937.078125 1995
17965.017578125 2075
17989.0234375 2118
17998.013671875 2309
18018.607421875 2418
18045.900390625 2516
18077.0546875 2588
18080.07421875 2605
18084.1796875 2623
18091.41015625 2937
18114.091796875 1005
18163.48046875 110
18166.54296875 2360
18186.583984375 121
18206.845703125 1046
18219.333984375 298
18241.34375 372
18249.24609375 492
18252.587890625 752
18260.37890625 838
18267.5546875 903
18287.41015625 1034
18289.783203125 1128
18293.3203125 1187
18297.03125 1437
18313.705078125 1488
18338.818359375 1534
18339.7734375 1657
18344.296875 1678
18347.078125 1824
18372.359375 1826
18377.625 1941
18394.328125 1997
18417.728515625 2318
18419.07421875 2327
18442.75 2362
18451.189453125 2404
18452.5625 2453
18462.224609375 2458
18476.91015625 2496
18477.90234375 2696
18523.330078125 2722
18532.544921875 2796
18535.12890625 2584
18535.779296875 2872
18537.31640625 2589
18542.40234375 2135
18542.544921875 1802
18547.330078125 1853
18550.91015625 1892
18613.705078125 1580
18614.37109375 25
18628.017578125 72
18638.888671875 343
18642.626953125 710
18668.587890625 755
18687.625 885
18695.224609375 1683
18743.470703125 1776
18751.96484375 1972
18763.763671875 2047
18777.96875 2138
18784.4453125 2185
18785.607421875 2344
18792.833984375 2545
18801.302734375 2573
18801.693359375 2855
18804.40234375 2159
18809.732421875 1067
18813.505859375 371
18823.962890625 243
18824.1796875 1301
18834.333984375 311
18862.306640625 426
18880.3125 648
18881.701171875 720
18892.376953125 792
18928.50390625 940
18937.2265625 1006
18959.3203125 1032
18980.044921875 1160
18995.638671875 1189
19009.423828125 2183
19009.423828125 2190
19034.65234375 2301
19053.05859375 1459
19111.53515625 1649
19112.46484375 353
19118.5703125 2706
19120.2578125 1511
19127.20703125 1778
19143.421875 329
19144.46484375 731
19155.11328125 1400
19161.927734375 2070
19175.484375 1480
19189.50390625 1714
19210.875 249
19214.02734375 94
19235.310546875 2823
19236.134765625 471
19259.85546875 473
19268.734375 747
19275.029296875 915
19275.869140625 921
19282.44140625 993
19298.41796875 1072
19299.05078125 1415
19306.38671875 1541
19308.6640625 1746
19340.53125 1949
19354.224609375 2079
19364.33203125 2219
19369.61328125 2258
19373.052734375 2413
19412.029296875 2628
19412.80078125 2828
19412.80078125 2903
19415.603515625 2996
19430.87890625 204
19438.966796875 1247
19441.919921875 1410
19449.81640625 1888
19458.44921875 1214
19482.537109375 1658
19483.703125 2587
19504.998046875 380
19524.228515625 688
19527.060546875 1761
19547.388671875 66
19551.453125 127
19603.587890625 179
19628.93359375 855
19677.68359375 1198
19682.07421875 1250
19693.828125 1507
19696.0234375 1558
19728.9765625 2007
19750.96875 2092
19767.009765625 2231
19778.0078125 2384
19796.201171875 2457
19843.205078125 2544
19873.609375 2717
19891.474609375 2774
19895.451171875 2794
19901.203125 2909
19913.294921875 972
19916.9375 1138
19969.548828125 1442
19981.984375 1137
20014.26953125 102
20037.078125 667
20040.513671875 1935
20043.36328125 2352
20062.240234375 2887
20087.09765625 427
20118.251953125 1533
20130.908203125 170
20137.3203125 262
20149.865234375 306
20169.087890625 596
20295.765625 805
20296.744140625 849
20300.267578125 850
20300.31640625 965
20301.255859375 976
20303.125 1058
20381.783203125 1403
20387.421875 1645
20432.767578125 1999
20450.55078125 2292
20451.44921875 2392
20463.27734375 2403
20494.82421875 2497
20499.93359375 2524
20501.306640625 2601
20509.1015625 2652
20511.814453125 2657
20524.2578125 2761
20525.978515625 2839
20534.84765625 2939
20572.96484375 2984
20576.568359375 1027
20592.123046875 622
20592.171875 417
20601.625 450
20667.197265625 690
20673.107421875 969
20676.00390625 982
20686.373046875 1040
20704.376953125 1078
20716.171875 1083
20757.634765625 1382
20764.046875 1391
20839.505859375 1486
20842.20703125 1503
20843.97265625 1547
20857.46875 1561
20858.1171875 1965
20896.072265625 2026
20910.568359375 2066
20918.06640625 2182
20940.240234375 2245
20946.427734375 2460
21005.140625 2466
21059.58984375 2540
21069.833984375 2593
21072.970703125 2632
21147.306640625 2753
21155.404296875 2759
21171.142578125 2793
21175.84765625 2925
21179.6328125 2152
21227.708984375 762
21230.05078125 2757
21259.30078125 37
21284.611328125 1624
21287.677734375 1271
21306.802734375 2370
21381.22265625 2895
21388.904296875 2411
21399.115234375 67
21414.86328125 150
21470.5078125 171
21496.49609375 195
21544.6953125 363
21575.97265625 522
21657.572265625 657
21658.69140625 701
21658.69140625 760
21667.708984375 811
21715.529296875 874
21739.845703125 875
21759.0703125 1002
21779.75 1007
21799.677734375 1023
21861.068359375 1356
21864.015625 1378
21879.041015625 1489
21945.423828125 1629
21958.0078125 2721
21958.298828125 2032
21988.841796875 2259
22162.076171875 771
22171.3359375 1543
22188.490234375 2241
22203.5390625 1964
22207.087890625 1625
22207.91015625 2693
22235.4609375 222
22248.525390625 258
22302.845703125 281
22305.314453125 506
22391.98828125 582
22498.306640625 724
22518.61328125 879
22558.935546875 1003
22600.26171875 1171
22612.75 1182
22653.806640625 1588
22662.166015625 1685
22699.884765625 1758
22700.4453125 2300
22706.765625 2310
22732.494140625 2705
22854.1796875 2845
22863.939453125 2916
22878.373046875 1811
22936.220703125 2701
23058.7421875 421
23113.412109375 1440
23144.896484375 2337
23198.734375 2531
23265.6171875 18
23434.125 29
23434.125 31
23494.5546875 104
23526.98828125 274
23693.34375 321
23702.22265625 370
23809.13671875 375
23851.01171875 562
23871.98828125 914
23888.244140625 944
23975.5 1672
23983.7890625 1684
24000.021484375 1825
24028.58203125 1846
24098.25390625 1960
24132.51171875 1976
24245.42578125 2006
24258.138671875 2319
24514.498046875 2405
24543.5078125 2550
24579.50390625 2606
24617.796875 2768
24624.2265625 1081
24651.595703125 1780
24670.068359375 16
24897.185546875 28
24970.365234375 125
25167.833984375 212
25277.29296875 265
25409.828125 295
25523.955078125 360
25809.671875 364
25960.99609375 937
25993.1328125 1077
25993.4921875 1101
26281.05078125 1241
26362.26953125 1243
26395.552734375 1307
26531.341796875 1343
26627.31640625 1404
26733.125 1418
27083.80078125 1585
27455.283203125 1719
27718.4453125 1822
28250.115234375 2009
28787.4765625 2164
29181.12890625 2214
29309.287109375 2250
30569.875 2263
31931.486328125 2342
33732.30078125 2359
34248.36328125 2547
