4134.5888671875 1282
4448.57568359375 488
4508.34228515625 869
4540.65771484375 2059
4709.75244140625 787
4722.490234375 904
4947.10693359375 137
5033.97119140625 275
5073.8173828125 328
5092.724609375 333
5255.09375 392
5321.71044921875 407
5346.7509765625 489
5405.46337890625 680
5489.65576171875 1022
5635.060546875 1290
5697.12646484375 1358
5697.12646484375 1607
5722.08544921875 1653
5780.29541015625 2024
5839.736328125 2184
5867.662109375 2221
5920.04931640625 2394
5922.50390625 2427
5986.97607421875 2517
6132.251953125 2655
6140.611328125 2704
6173.26220703125 2900
6273.26123046875 2946
6313.1025390625 459
6330.6318359375 1446
6415.7197265625 87
6420.8857421875 251
6491.81640625 527
6498.9873046875 529
6525.8193359375 625
6549.01708984375 641
6593.2783203125 693
6638.83056640625 873
6640.88427734375 881
6690.35546875 928
6696.6630859375 1133
6724.044921875 1283
6782.52978515625 1318
6822.65673828125 1346
6992.75830078125 1417
7029.60888671875 1720
7225.2451171875 1987
7262.9658203125 2226
7301.21142578125 2296
7358.99609375 2515
7395.63427734375 2572
7405.4365234375 2669
7408.916015625 2728
7415.0185546875 2734
7422.3623046875 2746
7458.11572265625 2852
7513.955078125 2866
7603.837890625 2915
7655.18505859375 2949
7696.35205078125 377
7818.052734375 2281
7840.78857421875 160
7868.78662109375 1
7878.3544921875 425
7938.880859375 446
8019.2216796875 800
8155.90087890625 918
8287.310546875 953
8293.013671875 985
8304.484375 986
8317.6591796875 1008
8323.6640625 1043
8352.787109375 1270
8399.4716796875 1317
8463.33203125 1435
8511.0888671875 1548
8561.4150390625 1606
8572.861328125 1661
8602.57421875 1712
8662.287109375 2010
8671.66015625 2088
8687.787109375 2365
8727.203125 2410
8740.2265625 2414
8793.755859375 2482
8817.25 2560
8826.90234375 2781
8859.001953125 2820
8937.076171875 997
8948.623046875 1781
8960.0888671875 81
8981.04296875 229
9025.0546875 440
9069.4833984375 548
9092.4951171875 611
9120.3564453125 826
9159.958984375 834
9242.2080078125 848
9289.0224609375 871
9300.1259765625 893
9381.14453125 1231
9390.07421875 1256
9420.833984375 1315
9451.716796875 1458
9472.2392578125 1550
9485.916015625 1671
9487.0048828125 1711
9505.7705078125 1815
9526.625 1893
9532.2294921875 2312
9553.1533203125 2324
9574.712890625 2385
9594.79296875 2447
9609.685546875 2562
9634.466796875 2610
9705.671875 2622
9705.798828125 2853
9786.427734375 2924
9805.310546875 2927
9815.8359375 2239
9835.4775390625 1362
9948.8681640625 1926
9950.07421875 2997
9957.095703125 254
9961.9638671875 388
9999.1845703125 465
10052.017578125 498
10104.64453125 520
10104.736328125 962
10109.2744140625 981
10146.8134765625 1156
10247.0732421875 1652
10252.2490234375 2205
10256.7451171875 2339
10271.29296875 2417
10340.349609375 2494
10366.134765625 2687
10452.888671875 1122
10490.138671875 1670
10604.6025390625 264
10620.4228515625 2173
10757.474609375 1646
10790.4052734375 2396
10795.1650390625 49
10839.7763671875 189
10860.255859375 261
10862.70703125 263
10864.076171875 430
10868.34375 831
10965.8193359375 899
10999.2802734375 1123
11046.8671875 1169
11055.076171875 1350
11057.65625 1405
11065.3173828125 1512
11085.146484375 1750
11095.8583984375 1769
11161.9892578125 1908
11165.025390625 1966
11194.4765625 1982
11215.7939453125 1993
11227.5869140625 2094
11238.52734375 2126
11320.466796875 2141
11346.4609375 2171
11350.4287109375 2174
11358.9140625 2177
11361.701171875 2237
11379.0693359375 2367
11394.400390625 2536
11400.673828125 2542
11449.078125 2582
11475.4951171875 2675
11510.28515625 2703
11524.640625 1873
11528.033203125 2107
11534.0009765625 1281
11539.78515625 455
11572.236328125 470
11579.4736328125 902
11600.0556640625 926
11692.0537109375 967
11743.5439453125 1104
11777.501953125 1225
11792.9853515625 1286
11820.583984375 1506
11897.08984375 1516
11925.263671875 1599
11929.8154296875 1779
11973.8173828125 1848
12021.7568359375 1867
12043.583984375 1883
12077.7587890625 2063
12084.548828125 2210
12094.48828125 2246
12094.5908203125 2285
12102.779296875 2361
12123.3818359375 2686
12127.1328125 2700
12139.7138671875 88
12181.8134765625 586
12187.818359375 136
12189.630859375 1471
12197.03515625 226
12205.1572265625 296
12214.54296875 1197
12221.7451171875 1666
12242.52734375 2511
12266.5703125 101
12269.1005859375 215
12304.037109375 549
12326.6806640625 550
12339.55078125 573
12346.9150390625 1136
12354.71875 1199
12375.1025390625 1530
12394.9443359375 1581
12449.18359375 1640
12469.05078125 1688
12488.7021484375 1968
12489.732421875 2526
12491.927734375 2571
12543.654296875 2983
12544.142578125 1787
12558.4609375 602
12568.21875 1146
12572.58203125 253
12594.5166015625 342
12600.5458984375 843
12615.9658203125 1233
12622.4814453125 1335
12692.1015625 1394
12710.5712890625 1737
12718.939453125 1784
12805.4150390625 1950
12808.234375 2025
12810.126953125 2473
12851.0615234375 2518
12864.8564453125 999
12871.8623046875 1056
12912.2119140625 1900
12934.0146484375 1304
12952.2880859375 1326
12967.46484375 2967
12970.7138671875 1329
13009.8359375 50
13022.626953125 318
13045.5009765625 389
13049.533203125 478
13056.9443359375 491
13059.109375 580
13074.3212890625 599
13075.5458984375 890
13100.79296875 896
13114.21484375 909
13140.296875 919
13143.578125 995
13143.673828125 1273
13144.83203125 1342
13167.7080078125 1430
13171.009765625 1495
13182.2841796875 1568
13207.4375 1583
13212.8671875 1764
13260.27734375 1774
13301.0673828125 2065
13317.7978515625 2117
13338.94140625 2181
13428.826171875 2268
13437.578125 2465
13440.2197265625 2664
13460.6943359375 2760
13483.798828125 2764
13488.9306640625 2938
13515.77734375 2943
13541.609375 1860
13547.205078125 2880
13600.4873046875 1333
13643.494140625 2631
13655.486328125 146
13663.7373046875 1538
13670.5361328125 21
13672.517578125 34
13725.7041015625 200
13728.4951171875 288
13731.345703125 336
13779.3408203125 385
13806.3115234375 517
13821.560546875 546
13825.583984375 609
13830.7900390625 614
13855.302734375 683
13885.7861328125 686
13889.11328125 769
13903.2431640625 1097
13904.6767578125 1221
13905.4853515625 1322
13907.103515625 1359
13928.0146484375 1376
13930.0224609375 1686
13935.751953125 1854
13950.5205078125 2513
13965.365234375 2553
13977.8876953125 2650
13983.9443359375 2672
13991.6826171875 2911
14017.05859375 78
14023.6943359375 2713
14026.8779296875 2800
14033.34375 2651
14061.392578125 2970
14069.607421875 1045
14080.04296875 1068
14082.4619140625 2078
14086.73828125 884
14117.2099609375 886
14123.2578125 1028
14142.2158203125 1845
14155.9208984375 1932
14166.376953125 2489
14206.138671875 90
14210.3603515625 153
14212.541015625 240
14237.966796875 256
14243.7392578125 531
14274.2490234375 644
14286.296875 706
14291.1220703125 775
14322.091796875 1163
14327.40625 1483
14336.416015625 2114
14354.4814453125 2379
14364.791015625 2424
14387.685546875 2433
14408.4951171875 2435
14432.322265625 2442
14458.015625 2683
14470.37109375 2811
14483.625 2176
14510.681640625 169
14515.9345703125 2207
14527.2255859375 1144
14534.626953125 2180
14548.611328125 73
14591.3125 663
14592.9833984375 677
14602.791015625 756
14626.6005859375 925
14647.1376953125 927
14647.3916015625 946
14678.4140625 996
14711.87109375 1141
14732.724609375 1202
14735.369140625 1251
14757.732421875 1457
14767.2412109375 1502
14770.6474609375 1591
14807.5224609375 1733
14810.80859375 1735
14834.35546875 1919
14840.20703125 1933
14844.5400390625 1955
14859.015625 2002
14861.1943359375 2335
14894.3818359375 2341
14905.26953125 2565
14942.3544921875 2695
14945.3759765625 2763
14965.017578125 2840
14970.55078125 2422
14975.7119140625 1020
14987.8515625 640
15003.5595703125 59
15015.73828125 177
15023.255859375 191
15063.6796875 575
15100.796875 687
15137.1083984375 934
15146.0927734375 1119
15146.4462890625 1529
15160.3466796875 1697
15192.9990234375 1810
15196.9443359375 1831
15197.2607421875 2354
15201.392578125 2528
15229.5947265625 2679
15231.5166015625 2712
15239.0048828125 2747
15239.0361328125 2809
15239.0361328125 2821
15244.373046875 2842
15263.8505859375 2860
15273.708984375 2906
15279.255859375 2994
15320.734375 186
15321.921875 223
15392.376953125 1594
15405.4248046875 410
15406.529296875 631
15409.2919921875 132
15417.6044921875 2576
15419.1748046875 1408
15466.90234375 1339
15479.4453125 22
15490.6533203125 45
15493.763671875 300
15531.041015625 812
15545.904296875 922
15573.4228515625 947
15582.419921875 975
15587.482421875 1001
15593.595703125 1095
15597.212890625 1275
15608.8203125 1664
15665.1767578125 1708
15671.3564453125 1763
15703.33203125 1766
15703.7265625 1889
15717.63671875 2077
15726.763671875 2082
15752.5986328125 2131
15765.544921875 2315
15768.013671875 2317
15770.876953125 2409
15778.0126953125 2608
15803.01171875 2616
15804.5244140625 2649
15810.59375 2819
15812.974609375 2862
15851.0732421875 1164
15863.1220703125 2213
15871.291015625 1050
15881.62890625 979
15884.248046875 1562
15898.4306640625 1597
15911.27734375 2334
15933.82421875 587
15972.2890625 630
15982.1435546875 777
16007.63671875 1012
16020.904296875 1064
16032.2255859375 1082
16042.09375 1462
16077.173828125 1501
16082.83203125 1654
16116.9794921875 1800
16186.978515625 2656
16219.8251953125 2884
16222.697265625 1416
16225.330078125 1575
16225.68359375 2889
16282.130859375 445
16294.7998046875 30
16303.943359375 2484
16327.9111328125 38
16351.18359375 40
16385.689453125 76
16401.04296875 77
16433.265625 108
16436.861328125 164
16459.20703125 211
16459.48046875 225
16462.408203125 376
16464.72265625 437
16479.923828125 510
16493.505859375 646
16512.015625 671
16515.0703125 738
16517.033203125 770
16518.01953125 1434
16526.859375 1610
16527.68359375 1662
16528.85546875 1709
16530.30859375 1998
16542.251953125 2166
16556.2421875 2220
16570.638671875 2238
16608.953125 2255
16632.0546875 2345
16656.3515625 2510
16686.5546875 2581
16694.82421875 2607
16722.69921875 2807
16747.09375 1015
16747.41796875 1984
16789.056640625 1258
16799.525390625 2555
16818.75 1147
16832.7734375 865
16852.97265625 939
16878.34375 1497
16904.306640625 2630
16907.419921875 2752
16914.029296875 457
16934.392578125 309
16937.962890625 316
16942.39453125 483
16961.41796875 484
17045.98828125 633
17097.552734375 1026
17098.689453125 1036
17109.255859375 1176
17137.80859375 1423
17157.205078125 1485
17162.97265625 1590
17169.18359375 1702
17171.380859375 1759
17178.787109375 1818
17236.873046875 1958
17250.12890625 1963
17253.41796875 1977
17261.201171875 2053
17275.544921875 2056
17281.9609375 2125
17287.759765625 2304
17288.630859375 2356
17299.455078125 2477
17318.09765625 2533
17322.21484375 2732
17330.69921875 2948
17341.66796875 1601
17399.64453125 2256
17412.595703125 2104
17431.513671875 284
17481.095703125 182
17482.158203125 916
17489.27734375 1667
17499.08984375 1852
17552.93359375 727
17581.08984375 2036
17581.232421875 2772
17591.859375 130
17595.119140625 219
17614.916015625 394
17622.83984375 405
17640.705078125 634
17645.0390625 856
17664.74609375 983
17672.671875 1117
17710.751953125 1386
17714.529296875 1791
17727.787109375 1991
17782.9140625 2060
17793.6171875 2215
17812.396484375 2314
17832.392578125 2440
17834.431640625 2467
17874.22265625 2618
17875.119140625 2648
17981.0078125 2694
18000.478515625 1772
18006.50390625 818
18051.53125 2907
18068.650390625 660
18069.75 1168
18099.236328125 1145
18109.990234375 1476
18112.294921875 1618
18130.966796875 655
18133.974609375 1592
18144.208984375 2120
18150.494140625 2557
18150.671875 112
18154.91015625 350
18179.32421875 356
18189.369140625 448
18212.86328125 1500
18225.4921875 1526
18248.125 1587
18248.564453125 1881
18258.466796875 1943
18263.8359375 1962
18284.6328125 1995
18284.78515625 2075
18306.3359375 2118
18348.81640625 2309
18356.44921875 2418
18360.28515625 2516
18372.525390625 2588
18381.06640625 2605
18419.44921875 2623
18427.921875 2937
18432.423828125 1005
18455.470703125 110
18507.017578125 2360
18522.408203125 121
18553.013671875 1046
18553.33203125 298
18559.03125 372
18579.125 492
18582.8515625 752
18606.5625 838
18629.451171875 903
18629.451171875 1034
18639.8359375 1128
18708.375 1187
18762.08203125 1437
18765.556640625 1488
18791.529296875 1534
18796.216796875 1657
18811.521484375 1678
18825.490234375 1824
18844.0625 1826
18893.099609375 1941
18914.068359375 1997
18934.12109375 2318
18970.609375 2327
18978.470703125 2362
18982.25 2404
18983.06640625 2453
18985.166015625 2458
18985.166015625 2496
19029.576171875 2696
19030.197265625 2722
19036.896484375 2796
19045.0546875 2584
19051.685546875 2872
19052.625 2589
19097.33984375 2135
19159.890625 1802
19262.779296875 1853
19272.625 1892
19312.7734375 1580
19350.1953125 25
19378.091796875 72
19400.671875 343
19461.5 710
19473.92578125 755
19520.009765625 885
19551.35546875 1683
19556.34375 1776
19562.19140625 1972
19594.109375 2047
19619.40234375 2138
19634.4609375 2185
19639.7734375 2344
19685.875 2545
19743.251953125 2573
19773.1328125 2855
19794.9453125 2159
19825.94921875 1067
19837.271484375 371
19839.060546875 243
19851.291015625 1301
19860.90625 311
19881.671875 426
19904.845703125 648
19915.8984375 720
19966.5390625 792
20083.90234375 940
20177.154296875 1006
20179.20703125 1032
20222.796875 1160
20223.70703125 1189
20237.833984375 2183
20274.4765625 2190
20276.318359375 2301
20283.478515625 1459
20295.328125 1649
20296.421875 353
20306.767578125 2706
20308.962890625 1511
20315.3671875 1778
20337.2578125 329
20337.873046875 731
20420.978515625 1400
20425.916015625 2070
20428.671875 1480
20465.5859375 1714
20475.98828125 249
20509.671875 94
20516.21484375 2823
20517.95703125 471
20525.150390625 473
20556.228515625 747
20574.181640625 915
20633.55859375 921
20662.72265625 993
20676.2109375 1072
20709.916015625 1415
20799.17578125 1541
20852.49609375 1746
20875.06640625 1949
20875.06640625 2079
20889.248046875 2219
20925.548828125 2258
20956.951171875 2413
20986.7890625 2628
20994.078125 2828
20995.060546875 2903
21040.62890625 2996
21045.275390625 204
21056.91796875 1247
21062.09375 1410
21089.630859375 1888
21097.689453125 1214
21141.943359375 1658
21205.3046875 2587
21269.46875 380
21269.998046875 688
21286.271484375 1761
21304.96875 66
21320.462890625 127
21386.716796875 179
21418.18359375 855
21458.76171875 1198
21465.013671875 1250
21478.609375 1507
21502.853515625 1558
21519.0 2007
21524.75390625 2092
21594.095703125 2231
21601.919921875 2384
21648.798828125 2457
21656.693359375 2544
21707.64453125 2717
21709.7421875 2774
21771.458984375 2794
21822.375 2909
21848.828125 972
21863.392578125 1138
21883.6640625 1442
21914.10546875 1137
21933.591796875 102
21958.732421875 667
21958.732421875 1935
21987.072265625 2352
21999.966796875 2887
22000.201171875 427
22026.150390625 1533
22039.17578125 170
22043.400390625 262
22157.0859375 306
22158.484375 596
22258.43359375 805
22278.103515625 849
22392.779296875 850
22405.31640625 965
22430.896484375 976
22456.30078125 1058
22459.779296875 1403
22480.8984375 1645
22486.689453125 1999
22561.779296875 2292
22582.03515625 2392
22588.814453125 2403
22639.669921875 2497
22651.111328125 2524
22684.01953125 2601
22687.322265625 2652
22713.015625 2657
22735.490234375 2761
22767.65234375 2839
22840.416015625 2939
22840.443359375 2984
22851.8671875 1027
22911.205078125 622
22929.98828125 417
23004.6328125 450
23005.15625 690
23023.1875 969
23074.748046875 982
23084.353515625 1040
23094.1484375 1078
23159.451171875 1083
23172.265625 1382
23183.59375 1391
23282.765625 1486
23324.11328125 1503
23404.1484375 1547
23424.9453125 1561
23443.400390625 1965
23444.666015625 2026
23462.205078125 2066
23500.9296875 2182
23523.1015625 2245
23531.111328125 2460
23539.13671875 2466
23573.22265625 2540
23667.701171875 2593
23683.0078125 2632
23707.853515625 2753
23721.076171875 2759
23729.224609375 2793
23801.064453125 2925
23883.720703125 2152
23890.529296875 762
24071.892578125 2757
24096.10546875 37
24143.181640625 1624
24146.740234375 1271
24160.162109375 2370
24249.078125 2895
24274.896484375 2411
24451.88671875 67
24485.859375 150
24495.783203125 171
24607.552734375 195
24640.267578125 363
24693.9296875 522
24711.275390625 657
24712.150390625 701
24738.87890625 760
24825.751953125 811
24893.287109375 874
24901.939453125 875
24993.525390625 1002
25062.1015625 1007
25084.2421875 1023
25120.681640625 1356
25155.359375 1378
25182.98046875 1489
25210.828125 1629
25263.427734375 2721
25284.625 2032
25295.125 2259
25297.14453125 771
25377.30859375 1543
25381.67578125 2241
25399.62109375 1964
25492.9140625 1625
25511.4921875 2693
25547.3828125 222
25556.578125 258
25602.484375 281
25666.568359375 506
25673.638671875 582
25683.123046875 724
25789.44921875 879
25849.396484375 1003
25853.783203125 1171
25892.755859375 1182
26021.05859375 1588
26039.88671875 1685
26069.400390625 1758
26088.0078125 2300
26206.626953125 2310
26260.099609375 2705
26264.41015625 2845
26342.34765625 2916
26345.62109375 1811
26417.83984375 2701
26488.013671875 421
26494.880859375 1440
26605.935546875 2337
26775.015625 2531
26796.4765625 18
26817.310546875 29
26820.96484375 31
26938.443359375 104
26968.80859375 274
26971.24609375 321
26980.806640625 370
27132.37109375 375
27202.73046875 562
27242.810546875 914
27258.501953125 944
27286.9453125 1672
27299.396484375 1684
27435.80078125 1825
27457.404296875 1846
27840.3984375 1960
27962.5078125 1976
28018.716796875 2006
28059.7109375 2319
28143.9296875 2405
28170.798828125 2550
28767.974609375 2606
28868.55859375 2768
28907.560546875 1081
28932.6171875 1780
29102.27734375 16
29297.958984375 28
29298.349609375 125
29583.49609375 212
29968.91015625 265
30002.123046875 295
30428.0859375 360
30692.197265625 364
30727.455078125 937
31134.0625 1077
31290.06640625 1101
31341.671875 1241
31530.673828125 1243
31538.123046875 1307
31607.3046875 1343
31616.876953125 1404
31689.56640625 1418
31725.794921875 1585
31754.296875 1719
32291.859375 1822
32602.27734375 2009
32675.5 2164
32701.64453125 2214
32915.2734375 2250
33166.0390625 2263
33263.66015625 2342
34911.6953125 2359
37227.35546875 2547
