4090.476806640625 1333
4668.60302734375 2631
4862.33203125 146
4971.23291015625 1538
5026.71533203125 21
5041.875 34
5119.5380859375 200
5175.33154296875 288
5207.79296875 336
5295.32861328125 385
5323.0986328125 517
5564.63037109375 546
5631.30126953125 609
5703.6005859375 614
5817.67578125 683
5827.72412109375 686
5838.66845703125 769
5844.2177734375 1097
5860.8701171875 1221
5869.845703125 1322
5907.4658203125 1359
5911.61328125 1376
5949.95263671875 1686
5977.10595703125 1854
6008.84765625 2513
6044.8896484375 2553
6112.92578125 2650
6112.92578125 2672
6189.03271484375 2911
6203.10791015625 78
6212.8330078125 2713
6244.08544921875 2800
6349.80322265625 2651
6370.49755859375 2970
6430.9248046875 1045
6438.34619140625 1068
6506.5048828125 1446
6568.47216796875 87
6604.287109375 251
6606.783203125 527
6610.22509765625 529
6747.10009765625 625
6751.9658203125 641
6841.27734375 693
6865.3291015625 873
6883.5234375 881
6921.435546875 928
6958.9873046875 1133
6978.17626953125 1283
6984.6416015625 1318
7145.267578125 1346
7159.966796875 1417
7190.72900390625 1720
7193.90234375 1987
7213.68603515625 2226
7240.9970703125 2296
7295.013671875 2515
7300.32958984375 2572
7377.49169921875 2669
7403.943359375 2728
7411.44677734375 2734
7496.8203125 2746
7532.56884765625 2852
7551.12890625 2866
7586.923828125 2915
7678.72119140625 2949
7740.3466796875 377
7774.345703125 2281
7821.0087890625 160
7832.1240234375 1
7868.7294921875 425
7923.208984375 446
7924.3779296875 800
7947.3017578125 918
7993.76220703125 953
8059.05615234375 985
8078.98583984375 986
8080.83056640625 1008
8082.02197265625 1043
8085.3525390625 1270
8092.36669921875 1317
8096.58984375 1435
8116.5966796875 1548
8130.408203125 1606
8142.630859375 1661
8157.21435546875 1712
8207.583984375 2010
8210.88671875 2088
8224.0673828125 2365
8230.98828125 2410
8306.1240234375 2414
8353.7841796875 2482
8362.23828125 2560
8368.224609375 2781
8397.15234375 2820
8420.6591796875 997
8468.4375 1781
8479.833984375 81
8490.146484375 229
8494.0869140625 440
8526.0869140625 548
8565.1640625 611
8576.0751953125 826
8588.802734375 834
8611.51171875 848
8618.958984375 871
8667.880859375 893
8744.7333984375 1231
8750.998046875 1256
8771.8623046875 1315
8774.19921875 1458
8775.4462890625 1550
8786.6669921875 1671
8814.9794921875 1711
8859.462890625 1815
8904.3759765625 1893
8909.0185546875 2312
8912.525390625 2324
9021.81640625 2385
9038.248046875 2447
9038.248046875 2562
9044.8525390625 2610
9045.5830078125 2622
9047.3525390625 2853
9053.2392578125 2924
9069.087890625 2927
9127.74609375 2239
9171.134765625 1362
9242.8203125 1926
9293.689453125 2997
9317.005859375 254
9357.5244140625 388
9384.556640625 465
9396.0400390625 498
9423.7470703125 520
9462.3642578125 962
9489.126953125 981
9492.5849609375 1156
9498.7890625 1652
9532.275390625 2205
9665.13671875 2339
9684.171875 2417
9684.771484375 2494
9694.375 2687
9728.3359375 1122
9730.611328125 1670
9743.189453125 264
9759.701171875 2173
9775.0087890625 1646
9777.2578125 2396
9787.76171875 49
9791.3388671875 189
9791.9833984375 261
9809.31640625 263
9815.634765625 430
9829.2685546875 831
9837.3671875 899
9890.3984375 1123
9899.4951171875 1169
9911.5107421875 1350
9916.755859375 1405
9925.287109375 1512
9967.328125 1750
10006.853515625 1769
10022.515625 1908
10034.65234375 1966
10042.51953125 1982
10066.2978515625 1993
10155.0419921875 2094
10165.416015625 2126
10186.1474609375 2141
10189.376953125 2171
10193.4658203125 2174
10199.40234375 2177
10204.6875 2237
10212.8017578125 2367
10213.51953125 2536
10215.4541015625 2542
10231.107421875 2582
10246.630859375 2675
10287.4375 2703
10293.138671875 1873
10300.5576171875 2107
10317.0458984375 1281
10339.6494140625 455
10345.623046875 470
10376.716796875 902
10378.3125 926
10385.3076171875 967
10397.97265625 1104
10444.6875 1225
10484.279296875 1286
10486.615234375 1506
10491.3046875 1516
10501.5859375 1599
10531.1630859375 1779
10544.4140625 1848
10575.5517578125 1867
10582.8505859375 1883
10582.8505859375 2063
10648.5537109375 2210
10711.4267578125 2246
10712.966796875 2285
10724.197265625 2361
10752.5732421875 2686
10756.2646484375 2700
10770.2939453125 88
10770.90625 586
10781.828125 136
10782.97265625 1471
10807.0771484375 226
10808.3359375 296
10811.650390625 1197
10826.7861328125 1666
10831.0322265625 2511
10839.26171875 101
10854.001953125 215
10856.994140625 549
10882.5673828125 550
10905.8623046875 573
10914.994140625 1136
10920.9853515625 1199
10952.958984375 1530
10956.130859375 1581
10980.1494140625 1640
11059.6982421875 1688
11063.287109375 1968
11083.998046875 2526
11111.513671875 2571
11114.36328125 2983
11137.31640625 1787
11158.5830078125 602
11178.73828125 1146
11188.26953125 253
11196.375 342
11216.9794921875 843
11220.7587890625 1233
11252.86328125 1335
11276.029296875 1394
11296.2919921875 1737
11297.5556640625 1784
11298.69921875 1950
11301.99609375 2025
11344.5869140625 2473
11357.9970703125 2518
11383.791015625 999
11446.748046875 1056
11475.373046875 1900
11481.91796875 1304
11540.5771484375 1326
11541.689453125 2967
11556.283203125 1329
11573.5400390625 50
11593.470703125 318
11597.4619140625 389
11603.7451171875 478
11606.1826171875 491
11617.400390625 580
11696.447265625 599
11709.0078125 890
11721.5380859375 896
11737.53125 909
11742.513671875 919
11797.5244140625 995
11804.8544921875 1273
11805.2421875 1342
11886.0068359375 1430
11919.693359375 1495
11923.267578125 1568
11927.3759765625 1583
11973.4072265625 1764
11983.935546875 1774
12038.5009765625 2065
12044.3916015625 2117
12103.2109375 2181
12112.6875 2268
12212.55078125 2465
12215.6806640625 2664
12219.806640625 2760
12230.2119140625 2764
12271.572265625 2938
12282.75 2943
12290.859375 1860
12291.7734375 2880
12309.5390625 2078
12311.02734375 884
12355.04296875 886
12368.326171875 1028
12369.29296875 1845
12405.25 1932
12412.138671875 2489
12476.935546875 90
12523.708984375 153
12529.814453125 240
12538.9384765625 256
12572.2744140625 531
12574.2841796875 644
12591.2958984375 706
12606.82421875 775
12610.087890625 1163
12612.833984375 1483
12621.1005859375 2114
12636.0361328125 2379
12640.3662109375 2424
12678.08203125 2433
12736.4892578125 2435
12751.373046875 2442
12802.2060546875 2683
12809.94140625 2811
12835.3388671875 2176
12846.5810546875 169
12858.853515625 2207
12876.4462890625 1144
12918.388671875 2180
12924.7763671875 73
12944.9453125 663
12955.34375 677
12961.77734375 756
12963.0322265625 925
12971.21875 927
12984.650390625 946
12991.361328125 996
12996.6572265625 1141
13019.525390625 1202
13036.8798828125 1251
13053.23828125 1457
13078.0947265625 1502
13086.5126953125 1591
13109.064453125 1733
13121.220703125 1735
13141.4541015625 1919
13156.095703125 1933
13160.8310546875 1955
13175.591796875 2002
13237.9248046875 2335
13240.6865234375 2341
13271.9755859375 2565
13279.1513671875 2695
13297.0146484375 2763
13304.22265625 2840
13313.53125 2422
13328.05078125 1020
13348.1328125 640
13373.673828125 59
13419.8466796875 177
13467.205078125 191
13473.27734375 575
13484.572265625 687
13561.4755859375 934
13570.5244140625 1119
13622.9951171875 1529
13647.888671875 1697
13651.2548828125 1810
13704.7744140625 1831
13722.38671875 2354
13722.765625 2528
13735.5478515625 2679
13747.8798828125 2712
13752.3974609375 2747
13753.7802734375 2809
13816.87109375 2821
13831.23828125 2842
13834.5322265625 2860
13848.4755859375 2906
13849.6552734375 2994
13855.9287109375 186
13864.986328125 223
13870.2373046875 1594
13880.5234375 410
13909.044921875 631
13916.43359375 132
13979.0634765625 2576
14026.3212890625 1282
14034.205078125 488
14044.38671875 869
14079.0322265625 2059
14095.57421875 787
14107.490234375 904
14115.6689453125 137
14126.701171875 275
14128.224609375 328
14164.61328125 333
14167.0751953125 392
14193.951171875 407
14235.6943359375 489
14240.2041015625 680
14283.0830078125 1022
14283.4306640625 1290
14338.1337890625 1358
14340.4619140625 1607
14347.830078125 1653
14400.7998046875 2024
14409.142578125 2184
14422.5947265625 2221
14450.5009765625 2394
14457.6953125 2427
14468.7705078125 2517
14488.544921875 2655
14490.005859375 2704
14503.037109375 2900
14508.673828125 2946
14526.828125 459
14531.953125 1408
14534.1083984375 1339
14588.9755859375 22
14599.50390625 45
14628.173828125 300
14638.7314453125 812
14644.18359375 922
14645.875 947
14696.361328125 975
14701.6259765625 1001
14718.193359375 1095
14762.4609375 1275
14767.5927734375 1664
14775.0625 1708
14777.6044921875 1763
14797.84375 1766
14814.716796875 1889
14818.279296875 2077
14818.421875 2082
14841.478515625 2131
14843.583984375 2315
14846.9111328125 2317
14873.556640625 2409
14881.912109375 2608
14909.3349609375 2616
14914.865234375 2649
14969.9609375 2819
14986.4189453125 2862
14989.7958984375 1164
14993.7509765625 2213
15006.4375 1050
15012.7138671875 979
15058.6640625 1562
15094.8896484375 1597
15137.0166015625 2334
15137.2265625 587
15137.2275390625 630
15143.76171875 777
15152.0458984375 1012
15191.9140625 1064
15268.6962890625 1082
15292.939453125 1462
15302.4765625 1501
15324.7880859375 1654
15404.0439453125 1800
15404.0439453125 2656
15407.255859375 2884
15441.21875 1416
15480.1083984375 1575
15503.1201171875 2889
15515.900390625 445
15517.44921875 30
15563.37890625 2484
15566.919921875 38
15575.595703125 40
15579.9189453125 76
15605.7734375 77
15652.7861328125 108
15663.2998046875 164
15672.4091796875 211
15719.216796875 225
15719.7158203125 376
15760.8935546875 437
15767.51953125 510
15775.169921875 646
15809.3427734375 671
15813.7802734375 738
15828.6708984375 770
15907.232421875 1434
15950.126953125 1610
15973.1630859375 1662
15978.8076171875 1709
15995.2080078125 1998
16000.7255859375 2166
16005.587890625 2220
16020.67578125 2238
16022.8564453125 2255
16042.044921875 2345
16140.7373046875 2510
16161.31640625 2581
16168.5107421875 2607
16169.546875 2807
16174.2705078125 1015
16182.5087890625 1984
16187.779296875 1258
16223.2666015625 2555
16246.5615234375 1147
16307.5185546875 865
16317.2392578125 939
16320.2724609375 1497
16340.4150390625 2630
16375.263671875 2752
16376.23046875 457
16473.533203125 309
16490.75390625 316
16511.02734375 483
16544.3203125 484
16544.95703125 633
16572.154296875 1026
16613.861328125 1036
16617.755859375 1176
16641.33203125 1423
16655.39453125 1485
16704.046875 1590
16718.599609375 1702
16731.970703125 1759
16738.421875 1818
16742.21484375 1958
16742.58984375 1963
16812.65625 1977
16820.3515625 2053
16821.10546875 2056
16821.427734375 2125
16828.666015625 2304
16828.791015625 2356
16830.5078125 2477
16834.34375 2533
16863.548828125 2732
16887.32421875 2948
16952.88671875 1601
16954.283203125 2256
16969.271484375 2104
16985.4140625 284
17002.462890625 182
17071.830078125 916
17074.287109375 1667
17092.658203125 1852
17097.42578125 727
17151.4921875 2036
17207.375 2772
17207.375 130
17249.34375 219
17264.6328125 394
17268.501953125 405
17275.3125 634
17283.779296875 856
17298.201171875 983
17315.48046875 1117
17317.044921875 1386
17345.7890625 1791
17398.7578125 1991
17438.26171875 2060
17456.296875 2215
17464.9921875 2314
17478.73046875 2440
17493.0625 2467
17499.416015625 2618
17526.96875 2648
17544.38671875 2694
17557.859375 1772
17608.17578125 818
17635.03515625 2907
17646.142578125 660
17700.091796875 1168
17702.775390625 1145
17714.609375 1476
17773.712890625 1618
17789.6640625 655
17796.880859375 1592
17804.900390625 2120
17823.97265625 2557
17826.11328125 112
17840.046875 350
17852.646484375 356
17865.42578125 448
17900.126953125 1500
17982.228515625 1526
18006.33203125 1587
18013.69140625 1881
18022.810546875 1943
18153.69921875 1962
18163.546875 1995
18207.708984375 2075
18251.14453125 2118
18266.275390625 2309
18285.83203125 2418
18294.123046875 2516
18307.208984375 2588
18309.037109375 2605
18319.6484375 2623
18321.498046875 2937
18322.212890625 1005
18325.970703125 110
18333.716796875 2360
18340.228515625 121
18341.759765625 1046
18350.255859375 298
18360.654296875 372
18366.431640625 492
18381.662109375 752
18389.30859375 838
18414.8046875 903
18422.953125 1034
18432.072265625 1128
18452.078125 1187
18459.822265625 1437
18464.99609375 1488
18470.474609375 1534
18502.619140625 1657
18557.232421875 1678
18563.328125 1824
18574.6015625 1826
18578.6171875 1941
18606.5703125 1997
18609.25 2318
18643.771484375 2327
18663.81640625 2362
18673.197265625 2404
18752.59765625 2453
18756.14453125 2458
18769.427734375 2496
18789.42578125 2696
18793.552734375 2722
18800.10546875 2796
18831.34765625 2584
18852.201171875 2872
18918.08203125 2589
18919.7734375 2135
18923.81640625 1802
18945.05859375 1853
18954.5703125 1892
18954.73046875 1580
19005.26953125 25
19010.302734375 72
19055.875 343
19077.921875 710
19095.134765625 755
19122.435546875 885
19191.61328125 1683
19210.771484375 1776
19220.869140625 1972
19233.970703125 2047
19235.443359375 2138
19256.017578125 2185
19260.28125 2344
19276.982421875 2545
19283.09375 2573
19288.3671875 2855
19304.16015625 2159
19320.513671875 1067
19320.513671875 371
19364.47265625 243
19369.849609375 1301
19372.705078125 311
19464.7109375 426
19467.99609375 648
19497.982421875 720
19501.875 792
19595.568359375 940
19621.576171875 1006
19637.4140625 1032
19680.208984375 1160
19701.7109375 1189
19709.71875 2183
19725.607421875 2190
19749.251953125 2301
19754.27734375 1459
19772.1171875 1649
19790.1328125 353
19840.634765625 2706
19845.025390625 1511
19861.939453125 1778
19895.9140625 329
19953.109375 731
19991.2421875 1400
20000.4296875 2070
20010.912109375 1480
20049.9921875 1714
20050.625 249
20056.763671875 94
20057.3359375 2823
20118.7421875 471
20129.919921875 473
20174.791015625 747
20227.107421875 915
20230.26171875 921
20249.353515625 993
20325.962890625 1072
20334.171875 1415
20345.7265625 1541
20419.078125 1746
20435.462890625 1949
20448.658203125 2079
20486.98828125 2219
20514.34765625 2258
20518.82421875 2413
20570.265625 2628
20586.681640625 2828
20620.580078125 2903
20711.58203125 2996
20712.6484375 204
20745.298828125 1247
20836.435546875 1410
20932.51171875 1888
20932.73046875 1214
20946.3515625 1658
21013.982421875 2587
21065.31640625 380
21102.46484375 688
21161.580078125 1761
21177.875 66
21213.126953125 127
21233.45703125 179
21294.88671875 855
21308.91015625 1198
21417.873046875 1250
21535.375 1507
21568.1640625 1558
21686.654296875 2007
21703.28515625 2092
21704.951171875 2231
21730.150390625 2384
21766.02734375 2457
21773.43359375 2544
21785.46875 2717
21819.9296875 2774
21857.71875 2794
21879.484375 2909
21893.591796875 972
21906.41796875 1138
21945.85546875 1442
21966.98828125 1137
22022.423828125 102
22090.578125 667
22124.080078125 1935
22136.47265625 2352
22198.41015625 2887
22207.251953125 427
22300.587890625 1533
22373.34765625 170
22430.6875 262
22510.50390625 306
22528.828125 596
22590.119140625 805
22593.1640625 849
22603.123046875 850
22671.02734375 965
22673.44140625 976
22689.47265625 1058
22731.611328125 1403
22789.19140625 1645
22797.080078125 1999
22831.384765625 2292
22874.736328125 2392
22878.8671875 2403
22967.021484375 2497
22986.861328125 2524
22987.724609375 2601
22992.181640625 2652
23034.10546875 2657
23064.564453125 2761
23066.427734375 2839
23082.263671875 2939
23188.5859375 2984
23205.28125 1027
23222.5625 622
23368.736328125 417
23379.115234375 450
23423.650390625 690
23450.90625 969
23504.33203125 982
23542.490234375 1040
23554.1875 1078
23554.376953125 1083
23567.927734375 1382
23624.994140625 1391
23676.3125 1486
23695.14453125 1503
23761.73828125 1547
23808.32421875 1561
23889.85546875 1965
24013.0078125 2026
24054.47265625 2066
24065.373046875 2182
24088.869140625 2245
24116.26953125 2460
24126.97265625 2466
24148.42578125 2540
24163.51171875 2593
24194.6015625 2632
24201.380859375 2753
24214.578125 2759
24307.767578125 2793
24312.0 2925
24366.521484375 2152
24373.06640625 762
24395.361328125 2757
24416.025390625 37
24456.685546875 1624
24584.83203125 1271
24777.02734375 2370
24812.59765625 2895
24912.41015625 2411
24941.509765625 67
24957.99609375 150
25007.3359375 171
25078.705078125 195
25107.216796875 363
25167.888671875 522
25185.2578125 657
25226.3125 701
25267.2890625 760
25269.73828125 811
25368.548828125 874
25387.3515625 875
25439.669921875 1002
25439.7890625 1007
25482.234375 1023
25499.533203125 1356
25565.1875 1378
25601.318359375 1489
25618.408203125 1629
25761.09765625 2721
25800.4453125 2032
25847.509765625 2259
25864.654296875 771
25875.3671875 1543
25882.978515625 2241
25901.4765625 1964
25968.87109375 1625
26068.52734375 2693
26133.55078125 222
26213.20703125 258
26249.537109375 281
26279.189453125 506
26290.150390625 582
26323.673828125 724
26343.052734375 879
26362.357421875 1003
26437.947265625 1171
26546.646484375 1182
26592.849609375 1588
26620.15234375 1685
26638.23828125 1758
26692.951171875 2300
26732.8671875 2310
26787.03125 2705
26787.271484375 2845
26804.265625 2916
26967.404296875 1811
26967.404296875 2701
27030.974609375 421
27113.013671875 1440
27170.24609375 2337
27193.9375 2531
27329.3671875 18
27347.296875 29
27349.3125 31
27364.775390625 104
27465.728515625 274
27591.365234375 321
27632.275390625 370
27638.74609375 375
27780.09765625 562
27987.76953125 914
28006.671875 944
28049.279296875 1672
28070.70703125 1684
28155.150390625 1825
28156.82421875 1846
28342.935546875 1960
28402.677734375 1976
28452.44140625 2006
28617.03125 2319
28620.83984375 2405
28767.5859375 2550
28930.66796875 2606
28966.58984375 2768
28993.375 1081
29039.42578125 1780
29039.42578125 16
29078.982421875 28
29278.85546875 125
29470.296875 212
29538.53515625 265
29541.443359375 295
29572.916015625 360
29780.24609375 364
29900.10546875 937
29920.80859375 1077
30026.716796875 1101
30188.9453125 1241
30231.283203125 1243
30404.173828125 1307
30682.8203125 1343
30697.572265625 1404
30720.560546875 1418
30805.9375 1585
31618.111328125 1719
31973.044921875 1822
32163.42578125 2009
32566.5625 2164
32569.328125 2214
33800.7421875 2250
34210.90625 2263
35425.03515625 2342
35580.3203125 2359
36303.62890625 2547
