1223.981689453125 1446
1534.420166015625 87
1757.1109619140625 251
2274.371826171875 527
2514.80517578125 529
2615.4931640625 625
2658.94287109375 641
3057.39013671875 693
3103.26904296875 873
3146.90576171875 881
3148.91162109375 928
3357.230224609375 1133
3366.79638671875 1283
3427.1748046875 1318
3502.7431640625 1346
3508.12939453125 1417
3546.57568359375 1720
3666.178955078125 1987
3677.54931640625 2226
3757.65380859375 2296
3880.389404296875 2515
3890.87451171875 2572
4007.76025390625 2669
4087.013671875 2728
4087.0810546875 2734
4096.6689453125 2746
4258.66015625 2852
4346.00732421875 2866
4382.828125 2915
4406.55615234375 2949
4414.02392578125 377
4420.6103515625 2281
4446.0439453125 160
4469.9560546875 1
4488.673828125 425
4504.3408203125 446
4543.91650390625 800
4553.9775390625 918
4572.50830078125 953
4574.46728515625 985
4604.1474609375 986
4628.2060546875 1008
4634.41845703125 1043
4686.904296875 1270
4717.990234375 1317
4773.86767578125 1435
4779.3701171875 1548
4813.03857421875 1606
4873.41943359375 1661
4877.302734375 1712
4904.85546875 2010
4956.53515625 2088
5037.0126953125 2365
5074.12890625 2410
5159.4833984375 2414
5191.4892578125 2482
5280.5859375 2560
5288.7802734375 2781
5325.205078125 2820
5342.98095703125 997
5355.865234375 1781
5582.1953125 81
5599.4384765625 229
5678.1806640625 440
5723.5517578125 548
5770.7314453125 611
5811.62890625 826
5934.0673828125 834
5999.9375 848
6031.185546875 871
6060.5615234375 893
6077.123046875 1231
6135.2666015625 1256
6149.2861328125 1315
6190.37109375 1458
6248.419921875 1550
6285.7080078125 1671
6356.921875 1711
6359.193359375 1815
6362.19677734375 1893
6386.669921875 2312
6396.439453125 2324
6426.033203125 2385
6436.572265625 2447
6477.587890625 2562
6501.32861328125 2610
6532.7685546875 2622
6580.63037109375 2853
6591.43603515625 2924
6601.1845703125 2927
6609.45947265625 2239
6616.771484375 1362
6625.078125 1926
6662.3232421875 2997
6845.68701171875 254
6854.6787109375 388
6858.81640625 465
6866.126953125 498
6966.447265625 520
6993.4091796875 962
7021.5869140625 981
7031.55078125 1156
7058.466796875 1652
7067.28759765625 2205
7144.822265625 2339
7271.453125 2417
7286.54296875 2494
7388.392578125 2687
7420.078125 1122
7543.27685546875 1670
7576.23046875 264
7586.7158203125 2173
7940.5166015625 1646
7981.30224609375 2396
8008.8037109375 49
8014.548828125 189
8044.08203125 261
8052.50439453125 263
8068.21044921875 430
8092.4130859375 831
8131.29638671875 899
8147.849609375 1123
8219.8974609375 1169
8227.8291015625 1350
8243.8447265625 1405
8426.705078125 1512
8429.2705078125 1750
8437.8955078125 1769
8464.39453125 1908
8492.3017578125 1966
8508.3056640625 1982
8575.1103515625 1993
8616.73828125 2094
8632.724609375 2126
8634.17578125 2141
8720.2265625 2171
8727.8525390625 2174
8846.4814453125 2177
8852.25 2237
8877.5048828125 2367
8917.9658203125 2536
8928.7998046875 2542
8951.953125 2582
8959.8115234375 2675
8979.71875 2703
9027.7578125 1873
9028.59375 2107
9048.6767578125 1281
9075.9208984375 455
9120.857421875 470
9121.94140625 902
9127.2294921875 926
9222.49609375 967
9233.6533203125 1104
9250.51953125 1225
9272.236328125 1286
9311.6318359375 1506
9374.705078125 1516
9402.7763671875 1599
9407.2265625 1779
9461.3984375 1848
9548.7294921875 1867
9602.599609375 1883
9619.3056640625 2063
9620.2255859375 2210
9731.1904296875 2246
9769.203125 2285
9784.9775390625 2361
9786.8359375 2686
9850.5458984375 2700
9874.2412109375 88
9874.2412109375 586
9899.505859375 136
9969.470703125 1471
9986.1298828125 226
10013.4951171875 296
10033.533203125 1197
10058.470703125 1666
10189.283203125 2511
10190.625 101
10232.5078125 215
10301.1669921875 549
10324.8173828125 550
10362.46875 573
10398.6171875 1136
10398.619140625 1199
10405.2177734375 1530
10418.001953125 1581
10433.3349609375 1640
10448.828125 1688
10452.09765625 1968
10505.6396484375 2526
10560.5361328125 2571
10619.9287109375 2983
10653.1796875 1787
10682.7900390625 602
10734.94921875 1146
10746.400390625 253
10803.625 342
10828.2060546875 843
10855.521484375 1233
10888.1220703125 1335
10893.599609375 1394
10902.234375 1737
10916.234375 1784
10956.830078125 1950
10967.03515625 2025
10979.7119140625 2473
10984.6787109375 2518
10998.3984375 999
11009.9208984375 1056
11031.6552734375 1900
11051.58203125 1304
11077.0673828125 1326
11079.7041015625 2967
11115.8818359375 1329
11124.890625 50
11193.21484375 318
11195.7607421875 389
11207.40625 478
11214.25 491
11249.974609375 580
11272.07421875 599
11288.7861328125 890
11293.1015625 896
11306.6513671875 909
11308.2685546875 919
11319.5634765625 995
11320.25 1273
11387.82421875 1342
11410.9228515625 1430
11443.0234375 1495
11455.0673828125 1568
11524.9365234375 1583
11577.4677734375 1764
11601.384765625 1774
11608.2744140625 2065
11629.783203125 2117
11632.240234375 2181
11640.6748046875 2268
11709.435546875 2465
11713.21484375 2664
11724.4072265625 2760
11733.7685546875 2764
11740.984375 2938
11744.3427734375 2943
11764.8681640625 1860
11786.013671875 2880
11808.8212890625 1333
11820.451171875 2631
11828.0947265625 146
11830.9521484375 1538
11840.62109375 21
11846.4326171875 34
11856.677734375 200
11875.412109375 288
11913.841796875 336
12057.51953125 385
12085.6494140625 517
12091.2646484375 546
12100.8818359375 609
12109.8046875 614
12161.2021484375 683
12205.3623046875 686
12215.5791015625 769
12220.7353515625 1097
12221.7607421875 1221
12242.083984375 1322
12244.2783203125 1359
12252.1923828125 1376
12271.876953125 1686
12273.083984375 1854
12290.685546875 2513
12308.13671875 2553
12328.9501953125 2650
12371.9169921875 2672
12373.5087890625 2911
12374.0478515625 78
12374.9755859375 2713
12425.4150390625 2800
12435.78125 2651
12477.3193359375 2970
12494.623046875 1045
12497.0341796875 1068
12513.4404296875 2078
12520.1591796875 884
12529.53125 886
12533.056640625 1028
12569.5 1845
12572.8818359375 1932
12588.4296875 2489
12590.1962890625 90
12593.5263671875 153
12608.9287109375 240
12610.470703125 256
12611.9462890625 531
12628.822265625 644
12634.123046875 706
12644.3818359375 775
12710.53515625 1163
12733.8115234375 1483
12736.2099609375 2114
12757.4345703125 2379
12772.892578125 2424
12794.7216796875 2433
12804.0322265625 2435
12828.29296875 2442
12842.9716796875 2683
12849.08203125 2811
12863.3251953125 2176
12871.2265625 169
12881.6396484375 2207
12929.234375 1144
12967.2919921875 2180
12999.0712890625 73
13003.5234375 663
13036.5576171875 677
13040.431640625 756
13054.40625 925
13057.0791015625 927
13082.470703125 946
13134.25 996
13149.6298828125 1141
13151.3974609375 1202
13163.9912109375 1251
13185.9326171875 1457
13200.0498046875 1502
13201.3330078125 1591
13206.1640625 1733
13232.724609375 1735
13233.1396484375 1919
13233.869140625 1933
13280.2958984375 1955
13299.1357421875 2002
13299.5537109375 2335
13329.783203125 2341
13332.0888671875 2565
13358.8388671875 2695
13361.6953125 2763
13427.78515625 2840
13438.220703125 2422
13456.08203125 1020
13509.552734375 640
13527.6171875 59
13536.939453125 177
13574.556640625 191
13610.92578125 575
13623.1865234375 687
13638.4482421875 934
13642.1728515625 1119
13654.5458984375 1529
13667.2587890625 1697
13667.9521484375 1810
13684.5458984375 1831
13692.4150390625 2354
13697.93359375 2528
13715.7216796875 2679
13723.154296875 2712
13723.828125 2747
13731.9326171875 2809
13805.82421875 2821
13815.8115234375 2842
13863.9208984375 2860
13865.9365234375 2906
13889.8427734375 2994
13911.91015625 186
13942.8310546875 223
13942.8310546875 1594
13949.0546875 410
13956.6513671875 631
13959.5546875 132
13961.103515625 2576
13989.703125 1282
14009.572265625 488
14011.0673828125 869
14016.634765625 2059
14020.880859375 787
14028.580078125 904
14037.390625 137
14049.08203125 275
14058.7412109375 328
14079.890625 333
14087.267578125 392
14090.6083984375 407
14092.5615234375 489
14098.2314453125 680
14118.3056640625 1022
14126.85546875 1290
14135.240234375 1358
14149.2197265625 1607
14178.37109375 1653
14192.916015625 2024
14236.263671875 2184
14249.56640625 2221
14269.068359375 2394
14270.8310546875 2427
14271.625 2517
14293.0888671875 2655
14298.6396484375 2704
14344.27734375 2900
14365.4697265625 2946
14373.1494140625 459
14375.4375 1408
14433.1904296875 1339
14456.98046875 22
14494.431640625 45
14498.4638671875 300
14504.62890625 812
14543.0732421875 922
14560.2314453125 947
14562.1650390625 975
14585.8271484375 1001
14602.732421875 1095
14619.892578125 1275
14643.5107421875 1664
14645.0732421875 1708
14665.689453125 1763
14673.2138671875 1766
14688.171875 1889
14714.548828125 2077
14737.01171875 2082
14737.8037109375 2131
14753.529296875 2315
14773.6494140625 2317
14775.8681640625 2409
14778.82421875 2608
14779.5478515625 2616
14824.109375 2649
14835.8076171875 2819
14855.7421875 2862
14861.517578125 1164
14874.951171875 2213
14877.94921875 1050
14904.28515625 979
14918.2373046875 1562
14925.5849609375 1597
14932.3525390625 2334
14975.0927734375 587
14997.87109375 630
15006.333984375 777
15023.2568359375 1012
15026.1865234375 1064
15044.4794921875 1082
15044.94921875 1462
15064.4072265625 1501
15065.1376953125 1654
15101.1826171875 1800
15111.4560546875 2656
15121.00390625 2884
15153.74609375 1416
15199.48046875 1575
15204.322265625 2889
15204.8544921875 445
15234.654296875 30
15247.669921875 2484
15256.5400390625 38
15267.6728515625 40
15307.224609375 76
15309.0400390625 77
15320.22265625 108
15349.62109375 164
15350.9462890625 211
15357.51953125 225
15373.1474609375 376
15375.021484375 437
15401.755859375 510
15413.6025390625 646
15417.5693359375 671
15423.9892578125 738
15451.654296875 770
15494.83203125 1434
15497.5732421875 1610
15504.0751953125 1662
15504.37109375 1709
15515.3486328125 1998
15515.625 2166
15529.892578125 2220
15541.451171875 2238
15547.4140625 2255
15553.5126953125 2345
15562.90234375 2510
15585.009765625 2581
15613.2861328125 2607
15616.4111328125 2807
15618.8955078125 1015
15626.109375 1984
15642.0654296875 1258
15667.201171875 2555
15717.962890625 1147
15736.4560546875 865
15742.888671875 939
15751.77734375 1497
15755.8056640625 2630
15760.853515625 2752
15783.142578125 457
15792.5205078125 309
15793.7890625 316
15825.865234375 483
15851.185546875 484
15854.625 633
15873.95703125 1026
15893.197265625 1036
15894.328125 1176
15912.2705078125 1423
15960.2060546875 1485
15974.1484375 1590
15979.5205078125 1702
15983.0341796875 1759
15983.41015625 1818
16030.732421875 1958
16054.92578125 1963
16054.9912109375 1977
16059.119140625 2053
16084.95703125 2056
16092.0009765625 2125
16100.603515625 2304
16122.0185546875 2356
16135.4716796875 2477
16162.8154296875 2533
16192.94140625 2732
16193.0107421875 2948
16196.4296875 1601
16205.021484375 2256
16237.072265625 2104
16238.58984375 284
16244.13671875 182
16247.84765625 916
16280.2578125 1667
16284.896484375 1852
16285.8486328125 727
16289.623046875 2036
16297.7421875 2772
16338.939453125 130
16364.77734375 219
16375.7890625 394
16391.51171875 405
16391.658203125 634
16423.029296875 856
16426.6953125 983
16434.759765625 1117
16435.306640625 1386
16455.85546875 1791
16472.421875 1991
16497.669921875 2060
16592.09765625 2215
16596.68359375 2314
16598.033203125 2440
16600.154296875 2467
16601.095703125 2618
16619.4609375 2648
16634.279296875 2694
16637.96875 1772
16648.806640625 818
16660.416015625 2907
16686.1640625 660
16739.41796875 1168
16773.564453125 1145
16780.783203125 1476
16801.755859375 1618
16826.3984375 655
16842.9453125 1592
16864.234375 2120
16877.01171875 2557
16882.0703125 112
16884.328125 350
16898.2265625 356
16905.09375 448
16940.392578125 1500
16961.4140625 1526
16963.76171875 1587
17001.515625 1881
17012.921875 1943
17026.0625 1962
17061.296875 1995
17071.111328125 2075
17083.138671875 2118
17181.962890625 2309
17199.7890625 2418
17217.482421875 2516
17217.8046875 2588
17281.546875 2605
17284.806640625 2623
17288.61328125 2937
17303.015625 1005
17303.107421875 110
17326.623046875 2360
17329.486328125 121
17330.125 1046
17351.208984375 298
17354.171875 372
17354.970703125 492
17410.0 752
17412.837890625 838
17419.12109375 903
17424.0859375 1034
17427.3515625 1128
17436.14453125 1187
17463.51171875 1437
17464.48828125 1488
17464.513671875 1534
17467.548828125 1657
17469.458984375 1678
17478.095703125 1824
17480.642578125 1826
17482.783203125 1941
17507.65234375 1997
17515.08984375 2318
17517.939453125 2327
17542.572265625 2362
17543.943359375 2404
17565.14453125 2453
17566.49609375 2458
17578.828125 2496
17578.853515625 2696
17585.3671875 2722
17601.51953125 2796
17635.6953125 2584
17648.283203125 2872
17657.759765625 2589
17672.685546875 2135
17695.521484375 1802
17723.95703125 1853
17728.6796875 1892
17751.533203125 1580
17751.6875 25
17795.71484375 72
17840.21484375 343
17859.013671875 710
17883.107421875 755
17891.095703125 885
17891.095703125 1683
17896.541015625 1776
17919.23828125 1972
17928.986328125 2047
17930.056640625 2138
17932.564453125 2185
17976.2734375 2344
17991.6015625 2545
18010.37109375 2573
18011.755859375 2855
18016.103515625 2159
18025.228515625 1067
18091.6640625 371
18132.81640625 243
18149.08984375 1301
18154.849609375 311
18157.140625 426
18159.58203125 648
18205.869140625 720
18216.65625 792
18222.021484375 940
18232.255859375 1006
18302.486328125 1032
18304.71484375 1160
18329.599609375 1189
18333.859375 2183
18340.65234375 2190
18341.353515625 2301
18346.744140625 1459
18365.849609375 1649
18404.208984375 353
18419.099609375 2706
18419.099609375 1511
18452.5078125 1778
18453.7109375 329
18474.009765625 731
18475.998046875 1400
18486.6484375 2070
18490.669921875 1480
18566.349609375 1714
18582.77734375 249
18618.1953125 94
18648.529296875 2823
18653.58984375 471
18669.33203125 473
18678.009765625 747
18688.04296875 915
18710.04296875 921
18710.04296875 993
18721.240234375 1072
18727.7109375 1415
18744.3828125 1541
18780.875 1746
18785.6875 1949
18809.833984375 2079
18823.5625 2219
18851.4375 2258
18879.28125 2413
18884.369140625 2628
18919.5546875 2828
18930.9765625 2903
18982.900390625 2996
18987.44140625 204
19031.724609375 1247
19054.44140625 1410
19054.69140625 1888
19070.515625 1214
19071.765625 1658
19079.951171875 2587
19098.484375 380
19100.591796875 688
19107.39453125 1761
19148.365234375 66
19171.5703125 127
19183.59765625 179
19193.05078125 855
19225.015625 1198
19231.572265625 1250
19258.326171875 1507
19274.376953125 1558
19287.4140625 2007
19312.986328125 2092
19322.416015625 2231
19325.72265625 2384
19326.70703125 2457
19362.34765625 2544
19388.30859375 2717
19410.716796875 2774
19419.20703125 2794
19428.837890625 2909
19438.96484375 972
19467.228515625 1138
19493.51953125 1442
19538.5546875 1137
19616.90625 102
19660.833984375 667
19675.138671875 1935
19704.802734375 2352
19758.96875 2887
19769.943359375 427
19812.08984375 1533
19849.234375 170
19851.943359375 262
19853.224609375 306
19857.40625 596
19858.443359375 805
19869.662109375 849
19936.11328125 850
19945.267578125 965
19973.68359375 976
19975.23046875 1058
19976.734375 1403
19990.572265625 1645
19990.6015625 1999
19996.2890625 2292
20018.263671875 2392
20031.845703125 2403
20046.623046875 2497
20051.857421875 2524
20129.1875 2601
20138.40625 2652
20151.939453125 2657
20204.80859375 2761
20243.84375 2839
20268.09375 2939
20280.97265625 2984
20308.248046875 1027
20369.421875 622
20471.736328125 417
20489.67578125 450
20511.9375 690
20530.1953125 969
20536.609375 982
20557.55859375 1040
20577.435546875 1078
20582.16015625 1083
20698.578125 1382
20717.705078125 1391
20738.98046875 1486
20766.8828125 1503
20781.64453125 1547
20819.23046875 1561
21051.412109375 1965
21079.833984375 2026
21116.955078125 2066
21127.77734375 2182
21197.75 2245
21199.408203125 2460
21228.2265625 2466
21251.9296875 2540
21284.4140625 2593
21306.87109375 2632
21337.4609375 2753
21358.18359375 2759
21358.18359375 2793
21358.5546875 2925
21383.4375 2152
21383.9140625 762
21408.955078125 2757
21408.955078125 37
21414.794921875 1624
21424.015625 1271
21436.208984375 2370
21456.62890625 2895
21538.603515625 2411
21596.796875 67
21612.615234375 150
21629.0390625 171
21680.46484375 195
21689.236328125 363
21717.857421875 522
21740.572265625 657
21759.341796875 701
21796.326171875 760
21844.193359375 811
21845.916015625 874
21850.80859375 875
21887.677734375 1002
21911.048828125 1007
21939.662109375 1023
21959.49609375 1356
22017.83984375 1378
22059.244140625 1489
22089.92578125 1629
22109.3046875 2721
22224.1953125 2032
22279.08984375 2259
22284.541015625 771
22289.423828125 1543
22315.935546875 2241
22335.171875 1964
22386.48828125 1625
22414.4375 2693
22458.404296875 222
22478.95703125 258
22543.17578125 281
22558.05859375 506
22566.466796875 582
22570.7421875 724
22618.375 879
22674.947265625 1003
22730.96484375 1171
22748.779296875 1182
22773.68359375 1588
22806.109375 1685
22954.451171875 1758
22993.697265625 2300
23001.91015625 2310
23047.244140625 2705
23058.2109375 2845
23132.5078125 2916
23136.5546875 1811
23200.89453125 2701
23269.818359375 421
23298.552734375 1440
23391.89453125 2337
23397.49609375 2531
23477.93359375 18
23479.275390625 29
23483.08984375 31
23576.9765625 104
23586.2734375 274
23586.671875 321
23633.92578125 370
23693.08203125 375
23720.455078125 562
23766.423828125 914
23813.14453125 944
23830.0703125 1672
24018.07421875 1684
24021.296875 1825
24232.59375 1846
24244.12109375 1960
24259.212890625 1976
24279.810546875 2006
24387.193359375 2319
24398.2578125 2405
24422.1484375 2550
24474.416015625 2606
24474.416015625 2768
24607.970703125 1081
24624.50390625 1780
24891.59375 16
24894.3671875 28
24970.595703125 125
25050.080078125 212
25059.212890625 265
25158.7265625 295
25190.267578125 360
25190.724609375 364
25203.59375 937
25266.986328125 1077
25802.74609375 1101
25812.25 1241
26182.384765625 1243
26528.3125 1307
26590.939453125 1343
26607.5234375 1404
26714.453125 1418
26828.1484375 1585
27121.607421875 1719
27163.875 1822
27561.015625 2009
28499.751953125 2164
28743.955078125 2214
29243.099609375 2250
29274.431640625 2263
30215.625 2342
31173.7578125 2359
32138.91796875 2547
