1734.0987548828125 1020
2181.927490234375 640
2466.211669921875 59
2476.71533203125 177
2639.43212890625 191
2676.70947265625 575
3393.359130859375 687
3394.95654296875 934
3584.98095703125 1119
3852.05029296875 1529
4187.4677734375 1697
4248.09130859375 1810
4362.52294921875 1831
4466.8466796875 2354
4504.33447265625 2528
4603.7294921875 2679
4723.0263671875 2712
4729.5517578125 2747
5126.45361328125 2809
5163.921875 2821
5575.80029296875 2842
5627.16650390625 2860
5702.6435546875 2906
5704.32275390625 2994
6344.236328125 186
6433.4619140625 223
6867.0341796875 1594
7128.06298828125 410
7193.19873046875 631
7232.7060546875 132
7406.798828125 2576
7674.427734375 1446
7764.701171875 87
7788.3916015625 251
8097.9150390625 527
8109.904296875 529
8348.1484375 625
8468.5205078125 641
8495.296875 693
8805.1494140625 873
8875.7421875 881
9039.2578125 928
9052.369140625 1133
9137.2099609375 1283
9159.01953125 1318
9207.8359375 1346
9209.1474609375 1417
9209.1474609375 1720
9257.193359375 1987
9272.7109375 2226
9407.4677734375 2296
9494.919921875 2515
9538.4248046875 2572
9705.607421875 2669
9708.7451171875 2728
9728.98046875 2734
9876.291015625 2746
9980.50390625 2852
10045.2861328125 2866
10092.2470703125 2915
10116.873046875 2949
10507.2177734375 377
10648.7841796875 2281
10730.509765625 160
10847.912109375 1
10956.705078125 425
10960.970703125 446
11056.009765625 800
11075.806640625 918
11090.6982421875 953
11151.267578125 985
11214.8408203125 986
11377.625 1008
11445.642578125 1043
11454.6640625 1270
11705.9189453125 1317
11721.3291015625 1435
11721.4736328125 1548
11779.60546875 1606
11854.615234375 1661
11905.7666015625 1712
12085.3583984375 2010
12108.30078125 2088
12191.439453125 2365
12199.6650390625 2410
12372.0107421875 2414
12529.880859375 2482
12560.740234375 2560
12560.740234375 2781
12584.265625 2820
12752.1640625 997
12752.396484375 1781
12762.453125 81
12823.92578125 229
12825.53515625 440
12961.4462890625 548
12963.73828125 611
13031.111328125 826
13073.3125 834
13097.2578125 848
13287.9287109375 871
13341.6357421875 893
13434.490234375 1231
13493.5771484375 1256
13525.60546875 1315
13529.0615234375 1458
13567.23828125 1550
13591.0556640625 1671
13607.5888671875 1711
13739.63671875 1815
13763.2978515625 1893
13825.6845703125 2312
13985.3271484375 2324
13996.26171875 2385
13997.189453125 2447
14025.927734375 2562
14026.369140625 2610
14075.12890625 2622
14091.6435546875 2853
14145.470703125 2924
14147.23828125 2927
14147.4013671875 2239
14163.2080078125 1362
14179.3701171875 1926
14201.298828125 2997
14264.18359375 254
14336.923828125 388
14389.986328125 465
14432.529296875 498
14443.53125 520
14589.814453125 962
14596.09765625 981
14614.8515625 1156
14630.2685546875 1652
14666.9482421875 2205
14748.45703125 2339
14750.169921875 2417
14757.244140625 2494
14772.91015625 2687
14774.240234375 1122
14790.84375 1670
14853.6484375 264
14903.65625 2173
14908.3203125 1646
14926.57421875 2396
14928.515625 49
14945.3671875 189
14970.2060546875 261
15007.158203125 263
15092.6337890625 430
15124.1953125 831
15167.3662109375 899
15215.990234375 1123
15260.34375 1169
15277.513671875 1350
15308.955078125 1405
15315.712890625 1512
15320.4453125 1750
15333.8369140625 1769
15416.921875 1908
15464.849609375 1966
15486.095703125 1982
15487.6591796875 1993
15532.4970703125 2094
15576.1552734375 2126
15582.490234375 2141
15611.88671875 2171
15612.134765625 2174
15618.595703125 2177
15640.568359375 2237
15661.4296875 2367
15673.751953125 2536
15684.484375 2542
15700.6396484375 2582
15732.4658203125 2675
15756.017578125 2703
15777.09375 1873
15852.3134765625 2107
15923.5244140625 1281
15969.875 455
15977.7939453125 470
16000.826171875 902
16021.94921875 926
16022.44140625 967
16042.873046875 1104
16051.435546875 1225
16056.1572265625 1286
16065.75 1506
16077.9189453125 1516
16111.580078125 1599
16175.2099609375 1779
16200.35546875 1848
16234.791015625 1867
16241.236328125 1883
16242.677734375 2063
16254.18359375 2210
16285.4453125 2246
16298.498046875 2285
16311.1328125 2361
16334.783203125 2686
16346.123046875 2700
16354.61328125 88
16383.8525390625 586
16396.4765625 136
16406.07421875 1471
16409.1640625 226
16415.875 296
16420.705078125 1197
16443.869140625 1666
16448.8671875 2511
16455.259765625 101
16510.36328125 215
16576.185546875 549
16629.361328125 550
16662.025390625 573
16671.234375 1136
16688.177734375 1199
16787.3828125 1530
16837.443359375 1581
16838.443359375 1640
16850.69140625 1688
16861.54296875 1968
16882.35546875 2526
16882.6328125 2571
16902.353515625 2983
16961.572265625 1787
16984.759765625 602
17007.849609375 1146
17013.123046875 253
17051.28125 342
17055.708984375 843
17062.45703125 1233
17068.5703125 1335
17079.10546875 1394
17095.13671875 1737
17104.6796875 1784
17113.15234375 1950
17152.765625 2025
17160.21875 2473
17183.546875 2518
17220.015625 999
17229.58984375 1056
17240.166015625 1900
17242.076171875 1304
17246.357421875 1326
17256.09765625 2967
17293.369140625 1329
17295.99609375 50
17302.58203125 318
17310.8984375 389
17314.7890625 478
17321.23828125 491
17356.703125 580
17366.5078125 599
17392.68359375 890
17406.59375 896
17407.439453125 909
17412.44140625 919
17438.896484375 995
17444.130859375 1273
17447.931640625 1342
17487.150390625 1430
17488.248046875 1495
17497.009765625 1568
17507.4921875 1583
17517.015625 1764
17528.771484375 1774
17542.318359375 2065
17551.595703125 2117
17553.8046875 2181
17578.07421875 2268
17588.5234375 2465
17605.345703125 2664
17606.4609375 2760
17651.37109375 2764
17665.37109375 2938
17670.603515625 2943
17671.669921875 1860
17675.86328125 2880
17677.109375 1333
17702.677734375 2631
17703.484375 146
17718.83203125 1538
17739.67578125 21
17754.56640625 34
17857.212890625 200
17868.79296875 288
17912.13671875 336
17924.185546875 385
17930.8125 517
17940.42578125 546
17943.29296875 609
17944.90625 614
17964.169921875 683
17971.546875 686
17974.15625 769
17980.8515625 1097
17984.744140625 1221
18002.671875 1322
18023.90234375 1359
18081.748046875 1376
18113.33203125 1686
18118.20703125 1854
18121.5078125 2513
18131.5234375 2553
18131.970703125 2650
18140.392578125 2672
18148.337890625 2911
18171.23046875 78
18178.25390625 2713
18183.763671875 2800
18226.6484375 2651
18229.880859375 2970
18240.19921875 1045
18256.82421875 1068
18259.572265625 2078
18262.87109375 884
18272.685546875 886
18323.298828125 1028
18329.869140625 1845
18343.298828125 1932
18343.66796875 2489
18369.474609375 90
18378.216796875 153
18381.234375 240
18420.3046875 256
18439.978515625 531
18440.13671875 644
18449.947265625 706
18450.873046875 775
18453.234375 1163
18467.24609375 1483
18483.853515625 2114
18503.447265625 2379
18532.984375 2424
18543.71875 2433
18551.30859375 2435
18553.5 2442
18565.234375 2683
18573.90234375 2811
18600.28515625 2176
18611.1875 169
18613.23828125 2207
18627.9140625 1144
18637.517578125 2180
18653.4453125 73
18682.421875 663
18705.443359375 677
18715.787109375 756
18723.927734375 925
18752.33984375 927
18807.955078125 946
18862.91015625 996
18889.3359375 1141
18908.970703125 1202
18915.26171875 1251
18944.5859375 1457
18945.015625 1502
18955.62890625 1591
18956.482421875 1733
18957.32421875 1735
18960.376953125 1919
18965.66015625 1933
18970.87890625 1955
19017.197265625 2002
19022.59375 2335
19034.560546875 2341
19063.9453125 2565
19065.888671875 2695
19073.1875 2763
19091.94921875 2840
19118.9609375 2422
19165.796875 1282
19169.83984375 488
19215.607421875 869
19233.7734375 2059
19247.28515625 787
19253.53515625 904
19290.24609375 137
19300.224609375 275
19318.37109375 328
19321.607421875 333
19323.78515625 392
19326.572265625 407
19330.34375 489
19344.34765625 680
19351.828125 1022
19358.78125 1290
19366.052734375 1358
19379.09375 1607
19393.103515625 1653
19394.888671875 2024
19403.673828125 2184
19409.505859375 2221
19458.6953125 2394
19464.556640625 2427
19500.240234375 2517
19505.27734375 2655
19510.169921875 2704
19513.97265625 2900
19517.4375 2946
19517.6875 459
19518.09375 1408
19520.724609375 1339
19534.791015625 22
19547.375 45
19548.630859375 300
19558.537109375 812
19559.609375 922
19570.01953125 947
19578.5234375 975
19581.859375 1001
19621.95703125 1095
19662.62890625 1275
19666.4375 1664
19679.21875 1708
19690.470703125 1763
19704.39453125 1766
19707.58203125 1889
19737.3359375 2077
19744.642578125 2082
19752.48828125 2131
19756.599609375 2315
19770.27734375 2317
19771.015625 2409
19787.7421875 2608
19788.876953125 2616
19804.521484375 2649
19834.939453125 2819
19837.39453125 2862
19840.185546875 1164
19847.306640625 2213
19851.099609375 1050
19854.755859375 979
19860.69921875 1562
19875.125 1597
19875.986328125 2334
19905.5859375 587
19947.68359375 630
19948.3046875 777
19962.73828125 1012
19980.576171875 1064
19999.9609375 1082
20002.15625 1462
20006.76171875 1501
20077.78125 1654
20096.560546875 1800
20100.380859375 2656
20108.875 2884
20135.529296875 1416
20140.154296875 1575
20144.701171875 2889
20150.921875 445
20153.064453125 30
20156.888671875 2484
20164.26171875 38
20171.59765625 40
20186.212890625 76
20198.51953125 77
20201.06640625 108
20204.296875 164
20236.1953125 211
20240.580078125 225
20262.2265625 376
20291.41796875 437
20296.779296875 510
20297.15625 646
20298.287109375 671
20356.099609375 738
20379.958984375 770
20380.19921875 1434
20410.919921875 1610
20412.57421875 1662
20428.271484375 1709
20456.333984375 1998
20474.876953125 2166
20489.13671875 2220
20489.75 2238
20525.130859375 2255
20525.23046875 2345
20528.951171875 2510
20532.78125 2581
20554.50390625 2607
20567.880859375 2807
20568.091796875 1015
20576.880859375 1984
20587.220703125 1258
20592.8515625 2555
20619.02734375 1147
20647.357421875 865
20654.67578125 939
20680.84765625 1497
20681.880859375 2630
20689.259765625 2752
20694.33203125 457
20725.689453125 309
20741.908203125 316
20747.357421875 483
20779.23046875 484
20793.294921875 633
20799.314453125 1026
20799.982421875 1036
20814.20703125 1176
20828.736328125 1423
20858.72265625 1485
20864.353515625 1590
20874.453125 1702
20880.783203125 1759
20895.33984375 1818
20906.619140625 1958
20928.86328125 1963
20936.216796875 1977
20962.501953125 2053
20987.587890625 2056
21016.19921875 2125
21026.873046875 2304
21033.72265625 2356
21074.240234375 2477
21082.322265625 2533
21082.884765625 2732
21095.40234375 2948
21101.796875 1601
21147.83984375 2256
21187.197265625 2104
21190.572265625 284
21204.17578125 182
21214.5859375 916
21225.650390625 1667
21250.033203125 1852
21251.34375 727
21295.6015625 2036
21306.64453125 2772
21314.33984375 130
21319.51953125 219
21332.25 394
21337.5546875 405
21341.2734375 634
21347.5625 856
21353.49609375 983
21356.1484375 1117
21357.4765625 1386
21375.154296875 1791
21384.287109375 1991
21394.6328125 2060
21397.619140625 2215
21399.6015625 2314
21400.5234375 2440
21479.787109375 2467
21482.72265625 2618
21521.115234375 2648
21534.83984375 2694
21543.39453125 1772
21547.787109375 818
21553.916015625 2907
21575.70703125 660
21584.416015625 1168
21639.75 1145
21662.8671875 1476
21665.19921875 1618
21675.548828125 655
21683.658203125 1592
21684.6171875 2120
21696.541015625 2557
21737.376953125 112
21740.498046875 350
21773.3828125 356
21790.65234375 448
21812.22265625 1500
21832.0078125 1526
21838.970703125 1587
21856.16796875 1881
21859.671875 1943
21878.494140625 1962
21883.591796875 1995
21905.345703125 2075
21936.873046875 2118
21937.23828125 2309
21942.91015625 2418
21958.59375 2516
21969.998046875 2588
21979.916015625 2605
21982.3046875 2623
22002.71484375 2937
22023.611328125 1005
22064.3984375 110
22083.80859375 2360
22089.251953125 121
22104.427734375 1046
22113.53125 298
22125.486328125 372
22126.1328125 492
22136.337890625 752
22159.498046875 838
22164.232421875 903
22164.232421875 1034
22169.75 1128
22172.697265625 1187
22172.859375 1437
22178.265625 1488
22180.3671875 1534
22201.083984375 1657
22201.64453125 1678
22233.6640625 1824
22245.1953125 1826
22263.888671875 1941
22291.072265625 1997
22325.537109375 2318
22336.091796875 2327
22342.015625 2362
22346.46484375 2404
22361.484375 2453
22363.55859375 2458
22373.669921875 2496
22385.392578125 2696
22434.197265625 2722
22434.2109375 2796
22457.783203125 2584
22460.544921875 2872
22463.357421875 2589
22466.3828125 2135
22519.392578125 1802
22543.447265625 1853
22546.986328125 1892
22547.146484375 1580
22548.453125 25
22555.689453125 72
22557.615234375 343
22573.845703125 710
22587.908203125 755
22592.400390625 885
22595.970703125 1683
22666.474609375 1776
22670.8515625 1972
22700.306640625 2047
22705.55078125 2138
22760.74609375 2185
22764.18359375 2344
22782.021484375 2545
22796.65625 2573
22819.3828125 2855
22829.9453125 2159
22831.708984375 1067
22916.318359375 371
22935.3359375 243
22936.25 1301
22949.095703125 311
22974.076171875 426
22984.0546875 648
22990.126953125 720
23023.859375 792
23027.6640625 940
23029.154296875 1006
23039.046875 1032
23061.146484375 1160
23065.6796875 1189
23065.705078125 2183
23070.16796875 2190
23081.8828125 2301
23084.080078125 1459
23093.3984375 1649
23106.912109375 353
23138.306640625 2706
23148.470703125 1511
23155.5703125 1778
23168.064453125 329
23236.041015625 731
23287.025390625 1400
23288.521484375 2070
23333.404296875 1480
23334.884765625 1714
23334.9609375 249
23337.6875 94
23352.767578125 2823
23355.16015625 471
23383.794921875 473
23390.44140625 747
23400.333984375 915
23400.333984375 921
23407.984375 993
23427.185546875 1072
23441.974609375 1415
23447.783203125 1541
23457.443359375 1746
23471.28125 1949
23477.091796875 2079
23491.79296875 2219
23495.912109375 2258
23496.8984375 2413
23523.17578125 2628
23524.78515625 2828
23560.341796875 2903
23583.921875 2996
23584.134765625 204
23588.3046875 1247
23635.3125 1410
23646.876953125 1888
23654.517578125 1214
23680.17578125 1658
23697.2109375 2587
23703.275390625 380
23718.31640625 688
23722.56640625 1761
23729.40234375 66
23738.55859375 127
23794.150390625 179
23807.28515625 855
23815.9140625 1198
23818.595703125 1250
23870.849609375 1507
23887.119140625 1558
23921.798828125 2007
23939.869140625 2092
23954.517578125 2231
23957.982421875 2384
23961.814453125 2457
23976.1796875 2544
24002.4453125 2717
24003.58203125 2774
24049.16796875 2794
24057.28125 2909
24092.8984375 972
24133.712890625 1138
24136.3828125 1442
24144.474609375 1137
24147.23828125 102
24155.42578125 667
24168.6171875 1935
24184.890625 2352
24191.61328125 2887
24205.626953125 427
24208.154296875 1533
24214.59765625 170
24219.859375 262
24225.70703125 306
24240.98046875 596
24246.69921875 805
24253.00390625 849
24258.603515625 850
24263.46875 965
24264.369140625 976
24295.994140625 1058
24316.458984375 1403
24342.41796875 1645
24466.7890625 1999
24487.875 2292
24501.32421875 2392
24518.9453125 2403
24603.013671875 2497
24607.353515625 2524
24615.955078125 2601
24636.751953125 2652
24685.849609375 2657
24690.095703125 2761
24720.376953125 2839
24725.896484375 2939
24735.83203125 2984
24737.333984375 1027
24750.99609375 622
24755.857421875 417
24815.703125 450
24866.529296875 690
24872.369140625 969
24932.544921875 982
24938.47265625 1040
24951.107421875 1078
24951.990234375 1083
25006.41015625 1382
25020.46875 1391
25039.80859375 1486
25042.9921875 1503
25098.341796875 1547
25148.890625 1561
25162.99609375 1965
25164.9140625 2026
25189.421875 2066
25248.833984375 2182
25250.05078125 2245
25254.37109375 2460
25255.40625 2466
25259.0703125 2540
25264.580078125 2593
25278.16015625 2632
25288.20703125 2753
25326.62890625 2759
25338.55859375 2793
25347.73828125 2925
25353.146484375 2152
25429.994140625 762
25461.375 2757
25507.556640625 37
25597.25 1624
25602.89453125 1271
25615.267578125 2370
25624.99609375 2895
25662.2890625 2411
25714.169921875 67
25731.994140625 150
25829.51171875 171
25859.376953125 195
25859.58203125 363
25908.9375 522
26020.4609375 657
26023.671875 701
26034.130859375 760
26050.923828125 811
26239.939453125 874
26277.69140625 875
26296.25 1002
26350.517578125 1007
26363.068359375 1023
26392.091796875 1356
26428.861328125 1378
26449.83984375 1489
26456.2578125 1629
26456.2578125 2721
26463.69140625 2032
26463.783203125 2259
26510.748046875 771
26520.6640625 1543
26551.154296875 2241
26615.072265625 1964
26671.201171875 1625
26685.78125 2693
26754.216796875 222
26786.294921875 258
26827.533203125 281
26887.01953125 506
26920.208984375 582
26932.056640625 724
26941.267578125 879
26947.208984375 1003
27035.833984375 1171
27104.26171875 1182
27116.595703125 1588
27131.916015625 1685
27163.234375 1758
27251.529296875 2300
27323.40234375 2310
27417.6171875 2705
27453.1796875 2845
27491.33203125 2916
27511.51953125 1811
27537.951171875 2701
27577.42578125 421
27587.69140625 1440
27637.279296875 2337
27643.40234375 2531
27684.150390625 18
27733.130859375 29
27763.498046875 31
27783.3671875 104
27863.646484375 274
27869.22265625 321
27875.669921875 370
27977.294921875 375
27977.294921875 562
28030.7734375 914
28372.181640625 944
28390.740234375 1672
28570.78515625 1684
28591.267578125 1825
28756.29296875 1846
28785.2890625 1960
28795.30859375 1976
28855.181640625 2006
29152.6171875 2319
29213.27734375 2405
29376.181640625 2550
29440.42578125 2606
29449.8203125 2768
29467.466796875 1081
29557.7109375 1780
29849.0390625 16
29871.115234375 28
30054.599609375 125
30133.26953125 212
30317.33203125 265
30370.2265625 295
30729.140625 360
31064.150390625 364
31176.53515625 937
31466.83203125 1077
31759.888671875 1101
31927.408203125 1241
32008.900390625 1243
32154.755859375 1307
32393.306640625 1343
32458.005859375 1404
32582.6953125 1418
33487.94921875 1585
33601.49609375 1719
33730.5234375 1822
34175.5234375 2009
34618.2734375 2164
34686.6640625 2214
34751.25390625 2250
36938.62109375 2263
37258.671875 2342
40851.30859375 2359
41514.30078125 2547
