5618.48046875 1511
5933.2978515625 1778
6231.2294921875 329
6321.890625 731
6494.73291015625 1400
6535.5419921875 2070
6572.5107421875 1480
6644.55126953125 1714
6663.53125 249
6697.0888671875 94
6703.900390625 2823
6752.8056640625 471
6769.2958984375 473
6819.0478515625 747
6857.53466796875 915
6865.36962890625 921
6897.2744140625 993
6907.8349609375 1072
6909.369140625 1415
6920.81201171875 1541
6976.08984375 1746
6990.37109375 1949
7021.5673828125 2079
7037.3564453125 2219
7061.39013671875 2258
7080.40576171875 2413
7089.4931640625 2628
7145.95947265625 2828
7198.1044921875 2903
7198.306640625 2996
7202.240234375 1446
7207.666015625 87
7220.79150390625 251
7240.3984375 527
7299.5869140625 529
7354.619140625 625
7384.9521484375 641
7386.2451171875 693
7386.2451171875 873
7405.7705078125 881
7444.9287109375 928
7481.2431640625 1133
7487.1201171875 1283
7516.18115234375 1318
7581.76806640625 1346
7596.41796875 1417
7599.3681640625 1720
7599.96533203125 1987
7627.8525390625 2226
7661.66650390625 2296
7744.39208984375 2515
7758.916015625 2572
7776.42431640625 2669
7806.7001953125 2728
7808.78076171875 2734
7850.94140625 2746
7855.2099609375 2852
7855.91943359375 2866
7860.7177734375 2915
7865.37109375 2949
7888.85205078125 377
7953.447265625 2281
7955.1611328125 160
7962.119140625 1
7995.9375 425
8014.185546875 446
8030.80322265625 800
8032.9638671875 918
8050.0234375 953
8077.4853515625 985
8099.20068359375 986
8142.5458984375 1008
8166.5986328125 1043
8223.8662109375 1270
8265.150390625 1317
8310.5439453125 1435
8319.96875 1548
8341.8232421875 1606
8345.3017578125 1661
8369.486328125 1712
8371.875 2010
8385.8623046875 2088
8402.669921875 2365
8419.2763671875 2410
8450.1376953125 2414
8488.369140625 2482
8559.5107421875 2560
8561.2939453125 2781
8562.2900390625 2820
8583.408203125 997
8587.7353515625 1781
8609.8330078125 81
8628.5576171875 229
8634.814453125 440
8637.763671875 548
8647.9541015625 611
8675.33203125 826
8691.513671875 834
8725.6533203125 848
8725.6533203125 871
8738.44140625 893
8741.4921875 1231
8747.1416015625 1256
8772.2529296875 1315
8778.5947265625 1458
8794.8408203125 1550
8839.4091796875 1671
8890.8759765625 1711
8895.0693359375 1815
8900.197265625 1893
8911.5673828125 2312
8920.3330078125 2324
8954.5546875 2385
8989.3349609375 2447
9012.4296875 2562
9054.021484375 2610
9081.7177734375 2622
9095.8994140625 2853
9103.013671875 2924
9145.5712890625 2927
9145.724609375 2239
9173.9560546875 1362
9180.24609375 1926
9188.9462890625 2997
9205.13671875 254
9240.59765625 388
9253.681640625 465
9272.603515625 498
9318.2587890625 520
9319.3662109375 962
9339.7060546875 981
9342.064453125 1156
9348.310546875 1652
9352.60546875 2205
9389.80078125 2339
9414.12890625 2417
9419.3408203125 2494
9490.697265625 2687
9493.564453125 1122
9539.056640625 1670
9554.013671875 264
9555.0908203125 2173
9564.1640625 1646
9584.0 2396
9606.078125 49
9618.22265625 189
9621.01953125 261
9623.24609375 263
9626.6640625 430
9643.5458984375 831
9652.9482421875 899
9678.5712890625 1123
9682.5458984375 1169
9708.59375 1350
9731.90625 1405
9754.435546875 1512
9781.9775390625 1750
9794.1826171875 1769
9799.451171875 1908
9839.0283203125 1966
9867.5751953125 1982
9874.126953125 1993
9884.830078125 2094
9904.9296875 2126
9962.21875 2141
9975.95703125 2171
9992.927734375 2174
10004.0263671875 2177
10029.62109375 2237
10050.322265625 2367
10052.8720703125 2536
10055.95703125 2542
10067.8876953125 2582
10096.5703125 2675
10106.890625 2703
10172.9248046875 1873
10187.25390625 2107
10196.052734375 1281
10200.2255859375 455
10222.7607421875 470
10223.265625 902
10223.3232421875 926
10223.5576171875 967
10224.4462890625 1104
10265.078125 1225
10266.904296875 1286
10270.078125 1506
10280.703125 1516
10325.3828125 1599
10343.431640625 1779
10373.4736328125 1848
10407.927734375 1867
10425.3125 1883
10453.8359375 2063
10476.521484375 2210
10477.392578125 2246
10481.0927734375 2285
10487.3671875 2361
10489.712890625 2686
10508.1181640625 2700
10516.154296875 88
10525.83984375 586
10542.75390625 136
10548.04296875 1471
10559.619140625 226
10561.16796875 296
10570.98046875 1197
10573.87890625 1666
10577.5654296875 2511
10579.8271484375 101
10621.15234375 215
10648.5634765625 549
10659.94140625 550
10692.7548828125 573
10694.3515625 1136
10696.150390625 1199
10697.3359375 1530
10700.80859375 1581
10705.478515625 1640
10722.201171875 1688
10774.4794921875 1968
10780.455078125 2526
10801.9130859375 2571
10812.6376953125 2983
10834.67578125 1787
10875.154296875 602
10921.267578125 1146
10922.4658203125 253
10930.0625 342
10937.0810546875 843
10946.244140625 1233
10953.3671875 1335
10995.546875 1394
11005.16015625 1737
11015.7568359375 1784
11020.890625 1950
11023.5009765625 2025
11038.28515625 2473
11092.794921875 2518
11093.5654296875 999
11111.5087890625 1056
11111.7265625 1900
11185.51953125 1304
11195.6748046875 1326
11208.3837890625 2967
11243.556640625 1329
11247.421875 50
11248.9873046875 318
11256.9580078125 389
11276.1005859375 478
11280.431640625 491
11295.0986328125 580
11302.2841796875 599
11312.294921875 890
11330.513671875 896
11343.4228515625 909
11361.294921875 919
11364.298828125 995
11387.091796875 1273
11390.1015625 1342
11415.1357421875 1430
11420.322265625 1495
11437.66796875 1568
11437.7041015625 1583
11440.5927734375 1764
11449.2841796875 1774
11460.802734375 2065
11468.91015625 2117
11489.83984375 2181
11517.166015625 2268
11542.8759765625 2465
11545.1787109375 2664
11565.009765625 2760
11565.9365234375 2764
11582.4091796875 2938
11584.8349609375 2943
11592.181640625 1860
11593.833984375 2880
11597.1767578125 1333
11632.5478515625 2631
11633.193359375 146
11637.92578125 1538
11653.7138671875 21
11660.3994140625 34
11661.021484375 200
11661.91015625 288
11672.3212890625 336
11722.697265625 385
11730.978515625 517
11750.6533203125 546
11774.732421875 609
11777.1455078125 614
11782.7451171875 683
11790.0498046875 686
11792.87890625 769
11801.05078125 1097
11811.947265625 1221
11818.7568359375 1322
11847.89453125 1359
11852.396484375 1376
11853.837890625 1686
11893.5771484375 1854
11900.7783203125 2513
11900.7783203125 2553
11916.70703125 2650
11955.8876953125 2672
11998.49609375 2911
12006.751953125 78
12007.982421875 2713
12011.556640625 2800
12031.369140625 2651
12063.7138671875 2970
12071.28125 1045
12092.80859375 1068
12111.630859375 2078
12122.12109375 884
12125.9599609375 886
12127.630859375 1028
12135.1640625 1845
12178.2470703125 1932
12195.0859375 2489
12195.9638671875 90
12207.8515625 153
12224.8037109375 240
12232.02734375 256
12264.134765625 531
12275.36328125 644
12284.35546875 706
12291.6103515625 775
12296.7060546875 1163
12320.466796875 1483
12337.861328125 2114
12349.7919921875 2379
12359.306640625 2424
12365.5 2433
12373.904296875 2435
12376.947265625 2442
12386.9609375 2683
12421.7001953125 2811
12437.1962890625 2176
12440.49609375 169
12459.4111328125 2207
12482.4990234375 1144
12482.5390625 2180
12489.2451171875 73
12506.8134765625 663
12512.7216796875 677
12545.806640625 756
12549.9521484375 925
12567.353515625 927
12579.72265625 946
12598.53125 996
12646.8134765625 1141
12653.8623046875 1202
12672.224609375 1251
12681.013671875 1457
12690.880859375 1502
12693.0400390625 1591
12698.046875 1733
12704.9462890625 1735
12738.234375 1919
12744.2109375 1933
12755.8388671875 1955
12765.36328125 2002
12778.95703125 2335
12794.05859375 2341
12801.439453125 2565
12803.9130859375 2695
12809.076171875 2763
12820.3173828125 2840
12820.9541015625 2422
12828.16015625 1020
12828.544921875 640
12862.88671875 59
12899.4501953125 177
12904.43359375 191
12911.841796875 575
12914.8916015625 687
12916.572265625 934
12916.89453125 1119
12927.69140625 1529
12928.087890625 1697
12948.7646484375 1810
12959.134765625 1831
12976.5810546875 2354
12991.6142578125 2528
13004.35546875 2679
13006.181640625 2712
13007.6611328125 2747
13024.23046875 2809
13027.9296875 2821
13045.7626953125 2842
13060.845703125 2860
13063.6650390625 2906
13068.5283203125 2994
13072.2421875 186
13084.658203125 223
13124.5185546875 1594
13145.05078125 410
13150.154296875 631
13193.93359375 132
13205.3125 2576
13229.4697265625 1282
13230.7021484375 488
13244.447265625 869
13260.607421875 2059
13303.0185546875 787
13342.5556640625 904
13345.294921875 137
13365.251953125 275
13366.0390625 328
13369.689453125 333
13401.7705078125 392
13423.34375 407
13426.8515625 489
13427.447265625 680
13434.4609375 1022
13439.533203125 1290
13443.80078125 1358
13463.134765625 1607
13474.009765625 1653
13475.36328125 2024
13476.82421875 2184
13486.291015625 2221
13486.6015625 2394
13513.19140625 2427
13529.015625 2517
13532.9853515625 2655
13550.52734375 2704
13565.044921875 2900
13581.6728515625 2946
13588.8515625 459
13591.005859375 1408
13594.22265625 1339
13594.3642578125 22
13621.912109375 45
13667.046875 300
13710.0234375 812
13711.544921875 922
13741.626953125 947
13749.599609375 975
13803.853515625 1001
13818.8701171875 1095
13829.1103515625 1275
13839.7998046875 1664
13841.3935546875 1708
13887.234375 1763
13917.70703125 1766
13922.27734375 1889
13930.5 2077
13938.2373046875 2082
13945.9033203125 2131
13960.6943359375 2315
13981.443359375 2317
13990.3388671875 2409
13997.130859375 2608
14018.8125 2616
14045.2265625 2649
14046.103515625 2819
14055.4521484375 2862
14088.0849609375 1164
14088.2734375 2213
14088.2861328125 1050
14134.6826171875 979
14134.798828125 1562
14180.3671875 1597
14181.708984375 2334
14203.0029296875 587
14203.5283203125 630
14205.73828125 777
14213.9169921875 1012
14218.384765625 1064
14222.6455078125 1082
14224.7021484375 1462
14225.5244140625 1501
14243.421875 1654
14252.1787109375 1800
14257.455078125 2656
14263.04296875 2884
14328.8876953125 1416
14335.6171875 1575
14361.57421875 2889
14372.3154296875 445
14386.7578125 30
14420.5634765625 2484
14422.30859375 38
14429.5166015625 40
14430.9580078125 76
14432.50390625 77
14437.087890625 108
14454.443359375 164
14468.908203125 211
14469.2861328125 225
14487.3720703125 376
14488.7978515625 437
14496.6572265625 510
14497.13671875 646
14499.6396484375 671
14504.515625 738
14532.81640625 770
14552.599609375 1434
14555.0517578125 1610
14581.271484375 1662
14591.517578125 1709
14594.845703125 1998
14619.7763671875 2166
14636.361328125 2220
14639.474609375 2238
14652.140625 2255
14657.6748046875 2345
14657.69140625 2510
14687.251953125 2581
14692.0078125 2607
14707.7509765625 2807
14710.326171875 1015
14712.4091796875 1984
14726.091796875 1258
14732.05859375 2555
14743.6513671875 1147
14760.0009765625 865
14773.103515625 939
14779.7392578125 1497
14796.955078125 2630
14814.8427734375 2752
14820.935546875 457
14854.3046875 309
14855.25390625 316
14861.7998046875 483
14887.939453125 484
14925.794921875 633
14933.6015625 1026
14936.626953125 1036
14937.7265625 1176
14948.0078125 1423
14958.1484375 1485
14965.7177734375 1590
14966.55078125 1702
14969.98828125 1759
14977.1396484375 1818
15002.1767578125 1958
15012.4052734375 1963
15067.265625 1977
15085.0107421875 2053
15093.466796875 2056
15096.4296875 2125
15121.8291015625 2304
15123.486328125 2356
15137.89453125 2477
15158.4931640625 2533
15164.79296875 2732
15166.4345703125 2948
15178.138671875 1601
15182.33203125 2256
15205.2919921875 2104
15229.4189453125 284
15231.3525390625 182
15256.8701171875 916
15265.3974609375 1667
15277.3212890625 1852
15281.3876953125 727
15325.0302734375 2036
15332.955078125 2772
15358.3369140625 130
15366.244140625 219
15397.2919921875 394
15435.21875 405
15443.07421875 634
15445.126953125 856
15449.1337890625 983
15449.8798828125 1117
15501.58984375 1386
15502.5068359375 1791
15557.5908203125 1991
15560.353515625 2060
15578.310546875 2215
15604.9423828125 2314
15618.216796875 2440
15638.3076171875 2467
15656.9482421875 2618
15663.23828125 2648
15664.3349609375 2694
15664.73046875 1772
15688.6396484375 818
15690.935546875 2907
15703.6494140625 660
15704.4169921875 1168
15757.494140625 1145
15776.509765625 1476
15792.8857421875 1618
15807.15234375 655
15814.9453125 1592
15846.421875 2120
15876.7431640625 2557
15876.8046875 112
15897.6396484375 350
15897.6474609375 356
15907.8017578125 448
15933.751953125 1500
15977.16015625 1526
15979.7685546875 1587
15979.7685546875 1881
15992.533203125 1943
16054.603515625 1962
16072.458984375 1995
16072.5966796875 2075
16147.41796875 2118
16170.203125 2309
16175.37109375 2418
16200.4716796875 2516
16202.8037109375 2588
16251.884765625 2605
16263.03125 2623
16268.91015625 2937
16277.4541015625 1005
16340.15625 110
16344.45703125 2360
16352.8330078125 121
16367.21875 1046
16385.90625 298
16386.51953125 372
16425.400390625 492
16426.67578125 752
16447.50390625 838
16480.703125 903
16499.80078125 1034
16538.607421875 1128
16565.2109375 1187
16588.126953125 1437
16600.0078125 1488
16613.296875 1534
16615.451171875 1657
16673.04296875 1678
16680.369140625 1824
16692.248046875 1826
16700.59375 1941
16702.82421875 1997
16723.025390625 2318
16736.25390625 2327
16761.857421875 2362
16775.4375 2404
16780.21484375 2453
16782.080078125 2458
16801.35546875 2496
16845.60546875 2696
16932.921875 2722
16954.74609375 2796
16957.51953125 2584
16965.234375 2872
17002.599609375 2589
17050.84375 2135
17057.138671875 1802
17070.3828125 1853
17088.2109375 1892
17103.939453125 1580
17127.873046875 25
17134.255859375 72
17151.189453125 343
17156.181640625 710
17159.900390625 755
17171.6796875 885
17174.33203125 1683
17181.98046875 1776
17182.361328125 1972
17185.59375 2047
17217.08203125 2138
17218.95703125 2185
17262.076171875 2344
17291.369140625 2545
17298.966796875 2573
17306.94921875 2855
17321.830078125 2159
17325.744140625 1067
17335.654296875 371
17347.34375 243
17363.474609375 1301
17365.87109375 311
17409.8203125 426
17426.6875 648
17484.578125 720
17503.01171875 792
17517.74609375 940
17541.822265625 1006
17574.515625 1032
17577.970703125 1160
17585.734375 1189
17589.306640625 2183
17608.130859375 2190
17609.65234375 2301
17633.548828125 1459
17636.408203125 1649
17650.228515625 353
17679.24609375 2706
17689.177734375 204
17702.03125 1247
17723.20703125 1410
17725.4375 1888
17746.791015625 1214
17762.44140625 1658
17766.50390625 2587
17772.57421875 380
17798.138671875 688
17836.462890625 1761
17850.943359375 66
17891.189453125 127
17892.62109375 179
17914.548828125 855
17948.83203125 1198
17952.716796875 1250
17956.16015625 1507
17999.525390625 1558
18021.044921875 2007
18032.34765625 2092
18043.87109375 2231
18055.7890625 2384
18057.8125 2457
18062.939453125 2544
18124.224609375 2717
18221.5078125 2774
18325.1328125 2794
18345.669921875 2909
18380.330078125 972
18403.541015625 1138
18413.513671875 1442
18426.423828125 1137
18441.17578125 102
18445.02734375 667
18474.361328125 1935
18491.38671875 2352
18491.38671875 2887
18499.56640625 427
18500.2890625 1533
18536.994140625 170
18575.0859375 262
18599.37890625 306
18607.849609375 596
18620.5859375 805
18621.09375 849
18640.94921875 850
18659.232421875 965
18671.205078125 976
18699.2265625 1058
18702.111328125 1403
18712.564453125 1645
18712.564453125 1999
18775.318359375 2292
18783.05078125 2392
18816.474609375 2403
18834.0 2497
18872.484375 2524
18918.412109375 2601
18935.072265625 2652
19020.513671875 2657
19024.580078125 2761
19100.1875 2839
19102.775390625 2939
19205.41015625 2984
19242.943359375 1027
19300.015625 622
19339.447265625 417
19343.884765625 450
19360.91796875 690
19370.4453125 969
19390.2265625 982
19395.69921875 1040
19398.79296875 1078
19417.3125 1083
19426.26171875 1382
19446.00390625 1391
19468.22265625 1486
19494.5859375 1503
19505.341796875 1547
19513.046875 1561
19517.287109375 1965
19522.587890625 2026
19525.8984375 2066
19529.443359375 2182
19580.62890625 2245
19636.041015625 2460
19709.267578125 2466
19731.025390625 2540
19740.251953125 2593
19760.17578125 2632
19791.203125 2753
19875.22265625 2759
19886.8046875 2793
19926.615234375 2925
19935.58203125 2152
19937.78125 762
19952.8671875 2757
19972.978515625 37
20008.02734375 1624
20047.146484375 1271
20093.533203125 2370
20149.06640625 2895
20197.126953125 2411
20205.69921875 67
20238.951171875 150
20280.720703125 171
20280.798828125 195
20283.67578125 363
20293.974609375 522
20298.98046875 657
20301.916015625 701
20324.49609375 760
20402.212890625 811
20461.146484375 874
20466.310546875 875
20529.796875 1002
20623.306640625 1007
20625.064453125 1023
20631.140625 1356
20667.818359375 1378
20691.9453125 1489
20879.40625 1629
20940.40234375 2721
20950.71875 2032
21042.13671875 2259
21049.88671875 771
21070.173828125 1543
21081.0703125 2241
21091.154296875 1964
21115.90234375 1625
21185.62890625 2693
21185.654296875 222
21199.310546875 258
21199.689453125 281
21275.845703125 506
21279.8828125 582
21356.798828125 724
21375.796875 879
21468.220703125 1003
21488.685546875 1171
21552.263671875 1182
21575.708984375 1588
21676.9453125 1685
21717.67578125 1758
21784.4453125 2300
21794.6484375 2310
21803.787109375 2705
21840.9375 2845
21960.32421875 2916
21965.736328125 1811
21991.9375 2701
22049.03125 421
22080.7734375 1440
22177.974609375 2337
22238.677734375 2531
22272.58984375 18
22342.59375 29
22356.0546875 31
22372.53515625 104
22381.34765625 274
22400.705078125 321
22441.361328125 370
22488.015625 375
22573.072265625 562
22814.876953125 914
22967.896484375 944
22978.83984375 1672
23000.791015625 1684
23048.431640625 1825
23127.87109375 1846
23179.474609375 1960
23460.59375 1976
23491.0703125 2006
23529.0546875 2319
23634.322265625 2405
23806.341796875 2550
23835.123046875 2606
23995.28125 2768
24058.09375 1081
24076.65625 1780
24176.65625 16
24253.037109375 28
24341.986328125 125
24404.669921875 212
24431.41015625 265
24699.08203125 295
24853.8515625 360
24879.279296875 364
25070.76953125 937
25189.2890625 1077
25499.2109375 1101
25614.009765625 1241
25736.322265625 1243
25781.203125 1307
25863.05078125 1343
25920.041015625 1404
25953.26171875 1418
26093.859375 1585
26450.62890625 1719
26465.017578125 1822
26821.84765625 2009
27087.30859375 2164
27183.037109375 2214
27251.07421875 2250
27487.232421875 2263
27797.01171875 2342
29337.34765625 2359
33341.1953125 2547
