6746.3466796875 204
6882.404296875 1247
6993.4111328125 1410
7011.47607421875 1888
7150.19287109375 1214
7308.77587890625 1658
7314.64208984375 2587
7349.10498046875 380
7443.1708984375 688
7476.638671875 1761
7479.130859375 66
7480.74267578125 127
7686.01513671875 179
7701.92919921875 855
7709.8994140625 1198
7743.71728515625 1250
7762.9423828125 1507
7804.560546875 1558
7813.3134765625 2007
7832.94091796875 2092
7850.181640625 2231
7860.5517578125 2384
7910.916015625 2457
7925.5791015625 2544
7958.16845703125 2717
7965.51220703125 2774
7998.88525390625 2794
8053.7041015625 2909
8059.9853515625 972
8122.16943359375 1138
8175.5205078125 1442
8195.021484375 1446
8209.0849609375 87
8218.873046875 251
8228.5517578125 527
8234.2490234375 529
8268.333984375 625
8356.27734375 641
8357.4091796875 693
8444.82421875 873
8454.0390625 881
8477.5546875 928
8518.5419921875 1133
8606.6171875 1283
8611.5634765625 1318
8613.9228515625 1346
8621.3828125 1417
8688.939453125 1720
8708.625 1987
8723.041015625 2226
8812.677734375 2296
8898.11328125 2515
8955.2734375 2572
8978.0 2669
9000.45703125 2728
9012.939453125 2734
9036.8974609375 2746
9080.12890625 2852
9139.640625 2866
9223.90625 2915
9300.359375 2949
9334.8212890625 377
9370.853515625 2281
9410.978515625 160
9435.451171875 1
9449.173828125 425
9476.3759765625 446
9492.5048828125 800
9522.892578125 918
9570.640625 953
9608.1171875 985
9620.744140625 986
9627.7587890625 1008
9631.900390625 1043
9632.45703125 1270
9719.2431640625 1317
9727.7802734375 1435
9746.0048828125 1548
9794.6103515625 1606
9814.345703125 1661
9814.345703125 1712
9820.759765625 2010
9831.51171875 2088
9876.470703125 2365
9893.76171875 2410
9899.572265625 2414
9909.603515625 2482
9910.4814453125 2560
9923.396484375 2781
9941.6748046875 2820
9983.220703125 997
9999.150390625 1781
10002.1826171875 81
10029.134765625 229
10032.1650390625 440
10041.91796875 548
10061.388671875 611
10066.4326171875 826
10077.451171875 834
10091.626953125 848
10092.8837890625 871
10101.5625 893
10128.87890625 1231
10153.9072265625 1256
10157.5478515625 1315
10163.458984375 1458
10164.9345703125 1550
10177.8486328125 1671
10191.076171875 1711
10274.1201171875 1815
10276.9697265625 1893
10291.9443359375 2312
10311.5771484375 2324
10317.41015625 2385
10339.2080078125 2447
10374.59375 2562
10377.888671875 2610
10387.986328125 2622
10408.482421875 2853
10423.5751953125 2924
10427.87109375 2927
10468.265625 2239
10468.8046875 1362
10493.6103515625 1926
10500.435546875 2997
10502.1689453125 254
10506.1181640625 388
10529.83984375 465
10571.8388671875 498
10575.296875 520
10587.787109375 962
10604.453125 981
10617.751953125 1156
10617.943359375 1652
10706.31640625 2205
10793.55078125 2339
10795.71484375 2417
10859.845703125 2494
10876.408203125 2687
10887.146484375 1122
10891.3125 1670
10898.59375 264
10926.798828125 2173
10927.65625 1646
10932.923828125 2396
10940.9169921875 49
10953.2919921875 189
10993.345703125 261
11006.7373046875 263
11015.580078125 430
11021.353515625 831
11022.8125 899
11026.5009765625 1123
11044.3505859375 1169
11079.0048828125 1350
11086.8642578125 1405
11099.1572265625 1512
11123.4091796875 1750
11129.6201171875 1769
11136.0400390625 1908
11138.7578125 1966
11199.279296875 1982
11225.138671875 1993
11225.388671875 2094
11231.0791015625 2126
11246.048828125 2141
11246.294921875 2171
11273.6806640625 2174
11291.5068359375 2177
11327.2822265625 2237
11332.4443359375 2367
11375.90625 2536
11390.8818359375 2542
11410.8515625 2582
11410.8515625 2675
11421.5830078125 2703
11422.7265625 1873
11440.248046875 2107
11486.74609375 1281
11488.71875 455
11494.5537109375 470
11510.53515625 902
11526.515625 926
11543.681640625 967
11549.732421875 1104
11568.58984375 1225
11586.55859375 1286
11588.7802734375 1506
11592.1279296875 1516
11614.01171875 1599
11616.7080078125 1779
11649.212890625 1848
11673.99609375 1867
11691.6328125 1883
11742.193359375 2063
11753.1513671875 2210
11763.4853515625 2246
11769.6904296875 2285
11820.5947265625 2361
11828.3818359375 2686
11862.8134765625 2700
11884.27734375 88
11890.150390625 586
11893.779296875 136
11926.5283203125 1471
11937.2119140625 226
11942.685546875 296
11949.1748046875 1197
11965.884765625 1666
11967.41796875 2511
11968.3125 101
11984.4560546875 215
11984.4560546875 549
12004.8046875 550
12016.2021484375 573
12017.251953125 1136
12019.5595703125 1199
12019.7841796875 1530
12039.9814453125 1581
12059.732421875 1640
12070.8759765625 1688
12082.7216796875 1968
12087.3935546875 2526
12102.9091796875 2571
12143.689453125 2983
12149.57421875 1787
12152.8115234375 602
12201.0791015625 1146
12218.052734375 253
12243.978515625 342
12283.017578125 843
12288.7998046875 1233
12313.2421875 1335
12317.3525390625 1394
12317.3525390625 1737
12318.5205078125 1784
12322.53125 1950
12330.9296875 2025
12331.3720703125 2473
12332.1572265625 2518
12360.048828125 999
12394.7509765625 1056
12407.740234375 1900
12415.5517578125 1304
12447.552734375 1326
12448.2578125 2967
12459.291015625 1329
12481.3251953125 50
12491.2763671875 318
12495.6572265625 389
12535.29296875 478
12536.9326171875 491
12541.833984375 580
12551.1845703125 599
12564.4873046875 890
12569.20703125 896
12599.1435546875 909
12628.041015625 919
12629.79296875 995
12632.1728515625 1273
12641.701171875 1342
12671.8779296875 1430
12676.322265625 1495
12717.3310546875 1568
12744.58203125 1583
12774.640625 1764
12774.640625 1774
12798.357421875 2065
12824.8388671875 2117
12838.4150390625 2181
12838.7197265625 2268
12848.9189453125 2465
12853.091796875 2664
12858.859375 2760
12866.08203125 2764
12869.06640625 2938
12869.4775390625 2943
12887.734375 1860
12905.1923828125 2880
12907.8095703125 1333
12908.126953125 2631
12924.587890625 146
12927.115234375 1538
12931.7568359375 21
12936.1591796875 34
12942.9873046875 200
12973.2666015625 288
12973.478515625 336
12983.0791015625 385
12986.060546875 517
12986.96875 546
12999.107421875 609
13041.0322265625 614
13047.791015625 683
13073.01171875 686
13101.056640625 769
13102.640625 1097
13119.4755859375 1221
13139.568359375 1322
13154.1201171875 1359
13156.5078125 1376
13162.8408203125 1686
13167.982421875 1854
13193.9677734375 2513
13238.43359375 2553
13245.208984375 2650
13281.9306640625 2672
13285.671875 2911
13312.0625 78
13313.2763671875 2713
13313.9580078125 2800
13314.1474609375 2651
13323.82421875 2970
13323.82421875 1045
13352.359375 1068
13369.064453125 2078
13371.662109375 884
13390.0849609375 886
13390.7607421875 1028
13391.9951171875 1845
13413.517578125 1932
13415.271484375 2489
13423.453125 90
13424.6015625 153
13435.1669921875 240
13451.2607421875 256
13459.443359375 531
13459.75390625 644
13466.859375 706
13468.08984375 775
13477.1396484375 1163
13479.421875 1483
13490.078125 2114
13501.58203125 2379
13508.048828125 2424
13522.9931640625 2433
13550.01171875 2435
13560.5517578125 2442
13565.92578125 2683
13592.82421875 2811
13596.7763671875 2176
13619.4697265625 169
13637.3271484375 2207
13642.2880859375 1144
13663.9462890625 2180
13686.7900390625 73
13689.8935546875 663
13716.125 677
13731.169921875 756
13738.171875 925
13750.5 927
13752.5322265625 946
13755.994140625 996
13802.740234375 1141
13807.955078125 1202
13834.6640625 1251
13838.46875 1457
13858.875 1502
13862.52734375 1591
13867.93359375 1733
13869.78515625 1735
13879.5546875 1919
13880.369140625 1933
13882.505859375 1955
13883.33203125 2002
13885.44140625 2335
13888.123046875 2341
13889.48046875 2565
13940.5771484375 2695
13948.818359375 2763
13963.822265625 2840
13975.177734375 2422
13988.2236328125 1020
13997.326171875 640
13998.0078125 59
14018.599609375 177
14030.7900390625 191
14040.5654296875 575
14042.4306640625 687
14052.6005859375 934
14063.91015625 1119
14067.828125 1529
14067.896484375 1697
14077.8369140625 1810
14084.416015625 1831
14085.783203125 2354
14112.6142578125 2528
14133.423828125 2679
14144.296875 2712
14170.9443359375 2747
14175.7900390625 2809
14183.5048828125 2821
14184.736328125 2842
14190.876953125 2860
14192.130859375 2906
14192.583984375 2994
14200.935546875 186
14204.4462890625 223
14204.6025390625 1594
14211.3046875 410
14220.9794921875 631
14223.92578125 132
14225.435546875 2576
14234.337890625 1282
14235.6953125 488
14237.20703125 869
14239.1181640625 2059
14241.8076171875 787
14295.3154296875 904
14295.51953125 137
14314.0673828125 275
14314.0673828125 328
14314.0673828125 333
14314.0673828125 392
14330.8017578125 407
14372.6572265625 489
14389.82421875 680
14400.5341796875 1022
14407.205078125 1290
14443.26953125 1358
14460.568359375 1607
14489.44140625 1653
14491.2373046875 2024
14491.8603515625 2184
14493.935546875 2221
14495.951171875 2394
14509.876953125 2427
14528.9521484375 2517
14533.431640625 2655
14546.41796875 2704
14572.6806640625 2900
14581.5185546875 2946
14598.181640625 459
14609.9296875 1408
14616.728515625 1339
14651.3134765625 22
14664.7421875 45
14675.857421875 300
14689.26171875 812
14726.9326171875 922
14738.2607421875 947
14738.4345703125 975
14747.353515625 1001
14750.671875 1095
14765.5234375 1275
14783.2568359375 1664
14788.859375 1708
14791.8408203125 1763
14792.41796875 1766
14799.6806640625 1889
14805.16015625 2077
14809.11328125 2082
14813.3330078125 2131
14836.1689453125 2315
14859.873046875 2317
14862.0634765625 2409
14887.0517578125 2608
14898.57421875 2616
14909.2177734375 2649
14918.64453125 2819
14927.4345703125 2862
14966.8232421875 1164
14983.982421875 2213
14984.037109375 1050
14997.6396484375 979
15018.28125 1562
15044.697265625 1597
15048.443359375 2334
15059.28125 587
15062.3662109375 630
15071.2314453125 777
15077.1767578125 1012
15087.2275390625 1064
15095.1669921875 1082
15100.53515625 1462
15115.2470703125 1501
15121.220703125 1654
15124.3359375 1800
15142.8671875 2656
15155.3544921875 2884
15155.3544921875 1416
15186.91015625 1575
15191.380859375 2889
15201.720703125 445
15216.802734375 30
15227.0283203125 2484
15246.8818359375 38
15261.470703125 40
15268.3447265625 76
15273.244140625 77
15289.634765625 108
15339.5859375 164
15340.341796875 211
15348.169921875 225
15388.806640625 376
15391.6787109375 437
15405.90625 510
15435.521484375 646
15446.73046875 671
15459.3759765625 738
15481.384765625 770
15491.0009765625 1434
15500.9677734375 1610
15531.10546875 1662
15531.6064453125 1709
15545.607421875 1998
15552.427734375 2166
15561.833984375 2220
15562.236328125 2238
15570.146484375 2255
15585.658203125 2345
15588.83203125 2510
15605.056640625 2581
15607.91015625 2607
15610.0556640625 2807
15645.798828125 1015
15666.775390625 1984
15671.720703125 1258
15681.5859375 2555
15691.794921875 1147
15703.810546875 865
15710.4580078125 939
15721.68359375 1497
15723.21875 2630
15748.3369140625 2752
15749.505859375 457
15760.6552734375 309
15808.287109375 316
15815.4208984375 483
15820.873046875 484
15823.6171875 633
15829.875 1026
15862.7783203125 1036
15865.2919921875 1176
15890.0224609375 1423
15891.4658203125 1485
15928.41796875 1590
15957.259765625 1702
15958.6904296875 1759
16038.505859375 1818
16055.181640625 1958
16073.224609375 1963
16080.25390625 1977
16082.845703125 2053
16088.302734375 2056
16107.251953125 2125
16122.4619140625 2304
16133.07421875 2356
16138.947265625 2477
16140.052734375 2533
16153.267578125 2732
16173.53125 2948
16192.0400390625 1601
16202.32421875 2256
16202.53515625 2104
16210.796875 284
16225.91015625 182
16228.330078125 916
16228.650390625 1667
16246.5224609375 1852
16272.515625 727
16278.998046875 2036
16288.9716796875 2772
16293.8251953125 130
16296.6201171875 219
16307.5595703125 394
16408.171875 405
16439.271484375 634
16442.40625 856
16442.82421875 983
16457.794921875 1117
16461.5703125 1386
16461.716796875 1791
16465.48828125 1991
16468.98828125 2060
16473.232421875 2215
16475.490234375 2314
16478.72265625 2440
16492.46484375 2467
16522.193359375 2618
16525.080078125 2648
16526.61328125 2694
16530.08203125 1772
16538.302734375 818
16539.15625 2907
16584.29296875 660
16586.521484375 1168
16594.44140625 1145
16599.740234375 1476
16602.630859375 1618
16623.53515625 655
16672.63671875 1592
16687.513671875 2120
16688.8125 2557
16701.439453125 112
16720.55859375 350
16736.568359375 356
16744.341796875 448
16758.599609375 1500
16758.826171875 1526
16784.234375 1587
16796.421875 1881
16817.91015625 1943
16860.400390625 1962
16898.9765625 1995
16913.765625 2075
16919.712890625 2118
16920.07421875 2309
16921.36328125 2418
16925.556640625 2516
16952.77734375 2588
16971.4453125 2605
16976.779296875 2623
16987.623046875 2937
16988.974609375 1005
16990.62109375 110
16995.654296875 2360
16995.84765625 121
17002.677734375 1046
17075.234375 298
17081.1015625 372
17102.01171875 492
17112.69140625 752
17123.349609375 838
17141.318359375 903
17142.552734375 1034
17164.05859375 1128
17179.537109375 1187
17224.4140625 1437
17312.83203125 1488
17347.607421875 1534
17357.873046875 1657
17359.587890625 1678
17360.306640625 1824
17374.806640625 1826
17383.931640625 1941
17387.14453125 1997
17395.498046875 2318
17409.55078125 2327
17412.087890625 2362
17436.197265625 2404
17439.6953125 2453
17447.626953125 2458
17458.916015625 2496
17498.001953125 2696
17512.396484375 2722
17571.359375 2796
17585.154296875 2584
17599.365234375 2872
17602.5703125 2589
17611.18359375 2135
17638.72265625 1802
17659.890625 1853
17680.046875 1892
17681.431640625 1580
17689.125 25
17714.62890625 72
17715.302734375 343
17730.71875 710
17739.578125 755
17745.947265625 885
17751.357421875 1683
17752.23828125 1776
17757.943359375 1972
17761.40234375 2047
17762.6875 2138
17789.07421875 2185
17830.078125 2344
17832.52734375 2545
17866.84765625 2573
17873.037109375 2855
17873.048828125 2159
17879.724609375 1067
17885.95703125 371
17897.669921875 243
17901.98828125 1301
17913.916015625 311
17916.119140625 426
17945.19921875 648
18027.37890625 720
18053.421875 792
18062.326171875 940
18066.390625 1006
18086.931640625 1032
18097.126953125 1160
18145.28515625 1189
18193.265625 2183
18217.05078125 2190
18217.181640625 2301
18223.705078125 1459
18243.74609375 1649
18252.6328125 353
18277.78125 2706
18282.490234375 1511
18286.240234375 1778
18315.361328125 329
18317.28125 731
18320.703125 1400
18358.955078125 2070
18395.521484375 1480
18402.69140625 1714
18429.40625 249
18483.53125 94
18519.462890625 2823
18534.11328125 471
18561.66796875 473
18577.828125 747
18585.55078125 915
18595.314453125 921
18601.345703125 993
18610.078125 1072
18613.4921875 1415
18613.51953125 1541
18615.197265625 1746
18662.388671875 1949
18673.91015625 2079
18684.791015625 2219
18689.150390625 2258
18694.11328125 2413
18699.20703125 2628
18711.888671875 2828
18713.19921875 2903
18765.8125 2996
18787.35546875 1137
18792.826171875 102
18794.66015625 667
18816.01171875 1935
18822.279296875 2352
18822.291015625 2887
18825.234375 427
18827.05859375 1533
18851.33984375 170
18852.572265625 262
18883.98828125 306
18899.951171875 596
18936.220703125 805
18956.154296875 849
19012.71484375 850
19024.498046875 965
19026.39453125 976
19026.646484375 1058
19032.310546875 1403
19065.001953125 1645
19086.123046875 1999
19125.55859375 2292
19125.640625 2392
19150.1015625 2403
19173.48828125 2497
19205.8125 2524
19219.001953125 2601
19228.3203125 2652
19246.841796875 2657
19247.1875 2761
19253.67578125 2839
19283.40234375 2939
19384.90625 2984
19404.64453125 1027
19408.69140625 622
19413.556640625 417
19415.396484375 450
19417.13671875 690
19449.640625 969
19460.115234375 982
19470.025390625 1040
19477.599609375 1078
19493.06640625 1083
19495.404296875 1382
19500.40625 1391
19551.126953125 1486
19575.59375 1503
19584.375 1547
19598.0 1561
19605.00390625 1965
19606.861328125 2026
19613.921875 2066
19614.1171875 2182
19616.916015625 2245
19654.56640625 2460
19670.791015625 2466
19683.25390625 2540
19746.11328125 2593
19791.541015625 2632
19816.32421875 2753
19834.6640625 2759
19863.880859375 2793
19924.810546875 2925
19927.55859375 2152
19931.37109375 762
19956.791015625 2757
19975.5234375 37
20029.6171875 1624
20033.58203125 1271
20053.2578125 2370
20074.05078125 2895
20089.59375 2411
20125.98828125 67
20200.345703125 150
20201.201171875 171
20287.87890625 195
20291.736328125 363
20322.376953125 522
20324.4453125 657
20340.86328125 701
20478.1640625 760
20496.5 811
20515.359375 874
20529.5703125 875
20547.486328125 1002
20555.3203125 1007
20570.970703125 1023
20600.326171875 1356
20620.001953125 1378
20756.212890625 1489
20774.345703125 1629
20791.125 2721
20832.01953125 2032
20840.833984375 2259
20899.4453125 771
20946.087890625 1543
20998.9140625 2241
21050.19921875 1964
21228.515625 1625
21240.669921875 2693
21289.76171875 222
21290.720703125 258
21326.580078125 281
21355.802734375 506
21358.654296875 582
21361.740234375 724
21378.892578125 879
21413.611328125 1003
21499.30859375 1171
21520.779296875 1182
21561.44921875 1588
21626.80859375 1685
21645.576171875 1758
21724.166015625 2300
21766.599609375 2310
21806.4453125 2705
21810.548828125 2845
21932.66796875 2916
21933.794921875 1811
21933.982421875 2701
21951.275390625 421
22082.5625 1440
22109.873046875 2337
22146.037109375 2531
22169.921875 18
22334.1640625 29
22348.2265625 31
22431.20703125 104
22585.44921875 274
22598.626953125 321
22641.205078125 370
22722.513671875 375
22738.916015625 562
22750.40625 914
22825.22265625 944
22997.453125 1672
23010.91796875 1684
23118.146484375 1825
23167.177734375 1846
23263.4140625 1960
23441.435546875 1976
23479.69140625 2006
23510.828125 2319
23526.806640625 2405
23761.33203125 2550
23859.96875 2606
23893.9765625 2768
24232.73828125 1081
24353.896484375 1780
24465.634765625 16
24565.40625 28
24602.01171875 125
25109.240234375 212
25139.44140625 265
25442.71875 295
25637.099609375 360
25804.072265625 364
25814.84375 937
25817.5390625 1077
25817.5390625 1101
25820.421875 1241
26378.53125 1243
26531.826171875 1307
26622.046875 1343
26907.494140625 1404
26943.15234375 1418
27188.78515625 1585
27271.52734375 1719
27291.20703125 1822
27341.029296875 2009
27454.6328125 2164
28066.0234375 2214
28373.541015625 2250
29169.00390625 2263
30124.29296875 2342
30142.685546875 2359
32103.390625 2547
