1757.798583984375 1281
2285.623779296875 455
2367.156494140625 470
2499.3212890625 902
2829.54052734375 926
3040.21923828125 967
3070.694580078125 1104
3087.4560546875 1225
3143.0556640625 1286
3191.56298828125 1506
3233.05859375 1516
3280.625 1599
3436.11328125 1779
3484.2626953125 1848
3547.572998046875 1867
3624.197509765625 1883
3633.275146484375 2063
3695.7041015625 2210
3766.091064453125 2246
3790.18994140625 2285
3815.323486328125 2361
3985.00390625 2686
4071.668701171875 2700
4236.46240234375 88
4267.34619140625 586
4270.076171875 136
4326.21337890625 1471
4443.0986328125 226
4519.1767578125 296
4560.59423828125 1197
4564.00537109375 1666
4598.96728515625 1446
4617.6611328125 87
4691.20703125 251
4721.34130859375 527
4751.35009765625 529
5023.14599609375 625
5229.6767578125 641
5436.0966796875 693
5502.67236328125 873
5554.7431640625 881
5697.6015625 928
5901.03369140625 1133
5906.87646484375 1283
5918.4248046875 1318
6179.7265625 1346
6235.6123046875 1417
6251.1240234375 1720
6295.5966796875 1987
6464.1328125 2226
6535.400390625 2296
6560.04345703125 2515
6748.71044921875 2572
7141.34814453125 2669
7210.779296875 2728
7276.67333984375 2734
7335.75390625 2746
7502.8232421875 2852
7584.41650390625 2866
7645.568359375 2915
7690.93798828125 2949
7721.09423828125 377
7721.84228515625 2281
7735.8876953125 160
7780.2412109375 1
8037.3984375 425
8082.03955078125 446
8252.7578125 800
8284.7509765625 918
8356.8212890625 953
8388.369140625 985
8515.8984375 986
8599.6435546875 1008
8728.7919921875 1043
8806.771484375 1270
8808.8427734375 1317
8825.2119140625 1435
8861.767578125 1548
8862.2587890625 1606
9045.833984375 1661
9178.3740234375 1712
9234.82421875 2010
9471.78515625 2088
9712.1953125 2365
9735.396484375 2410
9774.5009765625 2414
9787.25390625 2482
9864.9814453125 2560
10008.2275390625 2781
10011.279296875 2820
10012.404296875 997
10075.1328125 1781
10161.4423828125 81
10168.3857421875 229
10371.9267578125 440
10425.5927734375 548
10452.0859375 611
10459.5927734375 826
10637.412109375 834
10769.0791015625 848
10776.0400390625 871
10832.93359375 893
10918.798828125 1231
10922.45703125 1256
10960.1396484375 1315
10961.4501953125 1458
10967.3095703125 1550
10974.4052734375 1671
10974.4052734375 1711
11068.87109375 1815
11099.0498046875 1893
11163.9326171875 2312
11168.2119140625 2324
11169.9677734375 2385
11203.791015625 2447
11248.044921875 2562
11307.548828125 2610
11405.779296875 2622
11424.203125 2853
11453.4638671875 2924
11456.7314453125 2927
11475.13671875 2239
11512.017578125 1362
11515.8974609375 1926
11547.166015625 2997
11583.98046875 254
11587.15625 388
11640.783203125 465
11644.5986328125 498
11649.271484375 520
11654.12890625 962
11752.173828125 981
11762.306640625 1156
11908.5888671875 1652
11925.03125 2205
11928.0673828125 2339
11928.908203125 2417
11966.4765625 2494
11994.97265625 2687
11999.2822265625 1122
12113.9404296875 1670
12121.7197265625 264
12125.7744140625 2173
12142.21484375 1646
12176.8046875 2396
12214.064453125 49
12228.3271484375 189
12234.591796875 261
12247.248046875 263
12251.4228515625 430
12277.990234375 831
12341.8544921875 899
12342.9287109375 1123
12392.2939453125 1169
12415.4716796875 1350
12436.25 1405
12459.546875 1512
12467.46875 1750
12524.123046875 1769
12608.126953125 1908
12680.2705078125 1966
12701.1123046875 1982
12704.4189453125 1993
12735.662109375 2094
12748.328125 2126
12805.0478515625 2141
12880.7314453125 2171
12895.875 2174
12922.642578125 2177
12938.0654296875 2237
12958.86328125 2367
13021.564453125 2536
13026.412109375 2542
13035.65625 2582
13037.4892578125 2675
13065.44140625 2703
13075.4609375 1873
13077.48828125 2107
13128.2529296875 2511
13141.193359375 101
13150.73046875 215
13153.3388671875 549
13190.576171875 550
13215.22265625 573
13223.361328125 1136
13223.765625 1199
13249.177734375 1530
13258.7939453125 1581
13262.193359375 1640
13268.2822265625 1688
13327.9765625 1968
13355.6953125 2526
13361.328125 2571
13408.765625 2983
13530.8427734375 1787
13558.07421875 602
13561.919921875 1146
13575.97265625 253
13579.45703125 342
13580.8681640625 843
13589.560546875 1233
13602.888671875 1335
13613.0126953125 1394
13613.3115234375 1737
13638.33203125 1784
13638.72265625 1950
13644.3623046875 2025
13645.16796875 2473
13682.619140625 2518
13698.44140625 999
13714.7626953125 1056
13733.560546875 1900
13766.8701171875 1304
13796.025390625 1326
13798.876953125 2967
13813.416015625 1329
13852.44921875 50
13902.6826171875 318
13912.556640625 389
13942.810546875 478
13947.134765625 491
13953.130859375 580
13966.44140625 599
14003.814453125 890
14036.662109375 896
14063.689453125 909
14089.970703125 919
14102.826171875 995
14118.638671875 1273
14150.77734375 1342
14152.8564453125 1430
14181.91796875 1495
14187.1708984375 1568
14188.634765625 1583
14201.2744140625 1764
14206.26953125 1774
14229.802734375 2065
14263.3046875 2117
14293.2421875 2181
14302.19921875 2268
14304.69921875 2465
14316.6494140625 2664
14331.8095703125 2760
14339.6953125 2764
14340.02734375 2938
14347.76171875 2943
14347.76171875 1860
14381.2607421875 2880
14396.2734375 1333
14406.94140625 2631
14438.6904296875 146
14468.8515625 1538
14492.396484375 21
14518.6357421875 34
14521.2275390625 200
14525.4453125 288
14569.7509765625 336
14571.5625 385
14574.6025390625 517
14587.533203125 546
14587.9482421875 609
14593.06640625 614
14594.5439453125 683
14602.271484375 686
14606.4951171875 769
14612.681640625 1097
14617.8837890625 1221
14638.267578125 1322
14644.9365234375 1359
14673.384765625 1376
14684.4384765625 1686
14686.9189453125 1854
14703.486328125 2513
14723.978515625 2553
14754.6865234375 2650
14763.5556640625 2672
14784.3818359375 2911
14789.177734375 78
14816.529296875 2713
14826.328125 2800
14831.5419921875 2651
14850.974609375 2970
14852.892578125 1045
14857.90625 1068
14868.8115234375 2078
14873.7265625 884
14887.1376953125 886
14898.9931640625 1028
14899.212890625 1845
14904.7802734375 1932
14971.7431640625 2489
14979.1728515625 90
14982.4912109375 153
14983.8115234375 240
15005.4853515625 256
15009.6396484375 531
15032.3125 644
15034.71875 706
15039.07421875 775
15063.6767578125 1163
15088.6533203125 1483
15101.31640625 2114
15111.2421875 2379
15118.095703125 2424
15120.60546875 2433
15125.4072265625 2435
15137.6865234375 2442
15153.6923828125 2683
15161.32421875 2811
15161.47265625 2176
15183.451171875 169
15199.31640625 2207
15227.697265625 1144
15242.6220703125 2180
15250.177734375 73
15265.0166015625 663
15298.228515625 677
15310.064453125 756
15334.84765625 925
15338.4189453125 927
15348.294921875 946
15354.3857421875 996
15358.787109375 1141
15359.099609375 1202
15361.380859375 1251
15381.689453125 1457
15402.955078125 1502
15408.16015625 1591
15408.75 1733
15415.4296875 1735
15431.072265625 1919
15478.3564453125 1933
15479.708984375 1955
15489.1064453125 2002
15499.0517578125 2335
15499.3798828125 2341
15501.00390625 2565
15507.0341796875 2695
15530.421875 2763
15538.048828125 2840
15577.458984375 2422
15582.6357421875 1020
15584.2685546875 640
15622.2900390625 59
15623.498046875 177
15626.017578125 191
15647.4287109375 575
15652.998046875 687
15660.650390625 934
15676.6044921875 1119
15692.9951171875 1529
15707.55859375 1697
15710.2734375 1810
15715.162109375 1831
15758.87890625 2354
15766.0107421875 2528
15776.509765625 2679
15818.26171875 2712
15818.884765625 2747
15876.0146484375 2809
15903.48828125 2821
15916.3623046875 2842
15934.3134765625 2860
15940.4296875 2906
15940.4677734375 2994
15948.3505859375 186
15949.91796875 223
15952.759765625 1594
15956.0078125 410
15963.9306640625 631
15967.134765625 132
16007.068359375 2576
16020.2978515625 1282
16026.3046875 488
16027.65234375 869
16039.80078125 2059
16050.048828125 787
16054.5 904
16058.58203125 137
16074.240234375 275
16079.2978515625 328
16082.443359375 333
16086.427734375 392
16133.599609375 407
16139.0712890625 489
16178.111328125 680
16195.048828125 1022
16197.912109375 1290
16208.7265625 1358
16223.86328125 1607
16229.5166015625 1653
16229.70703125 2024
16233.62890625 2184
16234.2470703125 2221
16238.1201171875 2394
16244.806640625 2427
16248.4453125 2517
16273.412109375 2655
16277.064453125 2704
16303.0009765625 2900
16310.2578125 2946
16328.66015625 459
16333.701171875 1408
16333.974609375 1339
16338.2158203125 22
16354.87109375 45
16356.994140625 300
16366.990234375 812
16377.1552734375 922
16381.5283203125 947
16385.62109375 975
16385.82421875 1001
16395.046875 1095
16409.625 1275
16411.205078125 1664
16414.29296875 1708
16421.072265625 1763
16428.25390625 1766
16436.5546875 1889
16448.60546875 2077
16457.662109375 2082
16468.328125 2131
16514.01953125 2315
16541.197265625 2317
16550.62109375 2409
16558.94140625 2608
16564.31640625 2616
16565.099609375 2649
16572.0234375 2819
16576.080078125 2862
16578.24609375 1164
16584.3046875 2213
16590.7890625 1050
16591.765625 979
16616.20703125 1562
16637.759765625 1597
16660.609375 2334
16677.666015625 587
16680.11328125 630
16680.99609375 777
16695.69140625 1012
16702.91015625 1064
16710.193359375 1082
16710.380859375 1462
16717.880859375 1501
16725.130859375 1654
16725.849609375 1800
16737.896484375 2656
16760.89453125 2884
16785.216796875 1416
16797.5703125 1575
16813.697265625 2889
16833.83203125 445
16834.54296875 30
16845.271484375 2484
16848.29296875 38
16854.458984375 40
16855.833984375 76
16857.716796875 77
16867.982421875 108
16888.126953125 164
16891.62109375 211
16943.087890625 225
16978.033203125 376
16995.05859375 437
17001.283203125 510
17015.0078125 646
17052.302734375 671
17056.349609375 738
17059.28515625 770
17091.4453125 1434
17097.28515625 1610
17104.470703125 1662
17105.025390625 1709
17147.57421875 1998
17152.80859375 2166
17168.25390625 2220
17172.037109375 2238
17178.892578125 2255
17178.892578125 2345
17187.625 2510
17192.13671875 2581
17204.935546875 2607
17209.919921875 2807
17210.45703125 1015
17232.328125 1984
17250.38671875 1258
17261.77734375 2555
17262.134765625 1147
17265.00390625 865
17268.2421875 939
17278.548828125 1497
17279.9296875 2630
17288.4140625 2752
17313.888671875 457
17317.70703125 309
17324.44921875 316
17339.07421875 483
17354.623046875 484
17354.693359375 633
17363.2265625 1026
17364.828125 1036
17374.005859375 1176
17375.06640625 1423
17399.76171875 1485
17409.994140625 1590
17423.59765625 1702
17429.82421875 1759
17452.54296875 1818
17475.232421875 1958
17506.546875 1963
17525.302734375 1977
17535.138671875 2053
17535.326171875 2056
17535.81640625 2125
17542.21484375 2304
17545.064453125 2356
17574.560546875 2477
17595.791015625 2533
17602.859375 2732
17630.12890625 2948
17649.00390625 1601
17653.9375 2256
17682.142578125 2104
17690.3203125 284
17696.478515625 182
17697.0078125 916
17701.609375 1667
17702.76953125 1852
17722.498046875 727
17733.88671875 2036
17764.2734375 2772
17769.88671875 130
17789.537109375 219
17797.89453125 394
17812.79296875 405
17828.998046875 634
17838.7109375 856
17869.7890625 983
17893.76171875 1117
17898.19921875 1386
17919.3046875 1791
17919.544921875 1991
17934.146484375 2060
17938.0390625 2215
17939.076171875 2314
17945.48046875 2440
17947.041015625 2467
17984.9140625 2618
17984.94921875 2648
18000.3046875 2694
18000.96484375 1772
18001.0546875 818
18029.98046875 2907
18041.466796875 660
18045.712890625 1168
18049.3984375 1145
18052.802734375 1476
18055.68359375 1618
18082.236328125 655
18092.50390625 1592
18092.806640625 2120
18116.357421875 2557
18122.158203125 112
18130.779296875 350
18134.099609375 356
18151.1640625 448
18154.26171875 1500
18154.486328125 1526
18156.64453125 1587
18187.08203125 1881
18190.79296875 1943
18206.80078125 1962
18211.55859375 1995
18221.0546875 2075
18226.908203125 2118
18231.2890625 2309
18242.125 2418
18253.955078125 2516
18255.005859375 2588
18269.880859375 2605
18270.640625 2623
18309.525390625 2937
18312.83203125 1005
18318.24609375 110
18331.16796875 2360
18332.255859375 121
18342.578125 1046
18345.552734375 298
18353.345703125 372
18391.0859375 492
18393.345703125 752
18414.498046875 838
18417.8125 903
18432.55078125 1034
18433.353515625 1128
18457.748046875 1187
18490.4765625 1437
18503.89453125 1488
18505.109375 1534
18509.369140625 1657
18535.796875 1678
18584.71875 1824
18586.15234375 1826
18603.30859375 1941
18626.54296875 1997
18637.7421875 2318
18641.080078125 2327
18665.525390625 2362
18666.337890625 2404
18674.32421875 2453
18677.3046875 2458
18678.541015625 2496
18693.484375 2696
18697.146484375 2722
18697.271484375 2796
18707.50390625 2584
18724.283203125 2872
18736.53515625 2589
18743.205078125 2135
18752.55859375 1802
18760.3359375 1853
18788.990234375 1892
18799.669921875 1580
18813.796875 25
18814.560546875 72
18824.294921875 343
18834.66796875 710
18844.626953125 755
18849.330078125 885
18859.609375 1683
18887.857421875 1776
18889.765625 1972
18902.572265625 2047
18915.48828125 2138
18920.484375 2185
18924.953125 2344
18934.994140625 2545
18934.994140625 2573
18946.90625 2855
18948.533203125 2159
18960.173828125 1067
18961.880859375 371
18985.6171875 243
18990.521484375 1301
18998.63671875 311
19000.1953125 426
19006.560546875 648
19008.029296875 720
19016.2734375 792
19019.91015625 940
19039.25 1006
19052.130859375 1032
19070.845703125 1160
19097.416015625 1189
19104.78515625 2183
19108.1171875 2190
19130.798828125 2301
19150.9375 1459
19151.2265625 1649
19165.2734375 353
19172.173828125 2706
19172.173828125 1511
19180.990234375 1778
19206.423828125 329
19212.083984375 731
19225.734375 1400
19232.55078125 2070
19233.3984375 1480
19236.66796875 1714
19242.2265625 249
19247.451171875 94
19264.607421875 2823
19269.123046875 471
19285.822265625 473
19288.310546875 747
19290.2109375 915
19293.21875 921
19329.32421875 993
19336.0234375 1072
19339.43359375 1415
19342.3984375 1541
19369.689453125 1746
19374.58984375 1949
19379.541015625 2079
19386.828125 2219
19387.263671875 2258
19395.857421875 2413
19421.974609375 2628
19425.7890625 2828
19465.720703125 2903
19507.828125 2996
19532.580078125 204
19540.8515625 1247
19557.265625 1410
19576.7109375 1888
19589.154296875 1214
19596.69140625 1658
19613.2109375 2587
19620.6953125 380
19633.634765625 688
19664.43359375 1761
19723.3125 66
19743.7265625 127
19768.2109375 179
19780.5078125 855
19803.7109375 1198
19825.201171875 1250
19832.240234375 1507
19869.19921875 1558
19886.697265625 2007
19895.16015625 2092
19914.8125 2231
19922.85546875 2384
19923.8671875 2457
19925.6796875 2544
19931.609375 2717
19964.703125 2774
19974.419921875 2794
19985.31640625 2909
19990.673828125 972
19994.828125 1138
20011.37890625 1442
20037.115234375 1137
20086.42578125 102
20091.59765625 667
20133.74609375 1935
20134.677734375 2352
20154.9296875 2887
20156.3515625 427
20165.90234375 1533
20172.865234375 170
20174.451171875 262
20198.77734375 306
20246.59375 596
20249.52734375 805
20300.326171875 849
20308.171875 850
20332.248046875 965
20428.16796875 976
20451.91796875 1058
20471.29296875 1403
20476.369140625 1645
20480.25390625 1999
20483.982421875 2292
20507.970703125 2392
20520.931640625 2403
20523.78515625 2497
20534.55078125 2524
20545.80859375 2601
20602.0859375 2652
20632.93359375 2657
20654.455078125 2761
20688.029296875 2839
20705.560546875 2939
20723.333984375 2984
20723.333984375 1027
20752.626953125 622
20758.62109375 417
20769.62109375 450
20776.65234375 690
20805.3046875 969
20808.619140625 982
20822.181640625 1040
20847.109375 1078
20863.9375 1083
20904.140625 1382
21001.041015625 1391
21002.384765625 1486
21017.673828125 1503
21027.3046875 1547
21042.33984375 1561
21061.7890625 1965
21076.037109375 2026
21136.5078125 2066
21144.34765625 2182
21165.82421875 2245
21175.056640625 2460
21207.296875 2466
21219.396484375 2540
21242.791015625 2593
21294.8984375 2632
21297.513671875 2753
21308.728515625 2759
21340.69140625 2793
21359.05078125 2925
21415.87890625 2152
21419.15625 762
21469.923828125 2757
21476.63671875 37
21502.859375 1624
21519.75390625 1271
21528.005859375 2370
21574.806640625 2895
21665.1015625 2411
21698.953125 67
21775.240234375 150
21814.3515625 171
21825.474609375 195
21842.314453125 363
21847.3046875 522
21857.013671875 657
21900.42578125 701
21949.830078125 760
21985.8984375 811
21997.03125 874
22062.400390625 875
22079.30859375 1002
22083.583984375 1007
22092.515625 1023
22139.16015625 1356
22151.724609375 1378
22169.361328125 1489
22241.3046875 1629
22248.197265625 2721
22326.74609375 2032
22336.11328125 2259
22363.14453125 771
22374.70703125 1543
22377.99609375 2241
22378.580078125 1964
22400.41015625 1625
22444.30078125 2693
22468.787109375 222
22474.32421875 258
22541.5703125 281
22569.0703125 506
22641.404296875 582
22654.775390625 724
22760.80078125 879
22786.22265625 1003
22788.80859375 1171
22822.24609375 1182
22850.69921875 1588
22860.640625 1685
22953.52734375 1758
22981.03125 2300
23280.794921875 2310
23319.330078125 2705
23343.57421875 2845
23471.970703125 2916
23490.12109375 1811
23513.291015625 2701
23595.05078125 421
23630.3828125 1440
23673.33203125 2337
23992.10546875 2531
24001.4453125 18
24217.501953125 29
24328.06640625 31
24391.1640625 104
24437.69921875 274
24460.326171875 321
24507.5859375 370
24530.7421875 375
24802.91015625 562
24806.3125 914
24848.916015625 944
24925.505859375 1672
25126.75390625 1684
25155.671875 1825
25179.12109375 1846
25203.154296875 1960
25211.708984375 1976
25227.99609375 2006
25234.302734375 2319
25287.119140625 2405
25418.6015625 2550
25804.7421875 2606
25868.47265625 2768
26040.755859375 1081
26042.5859375 1780
26177.294921875 16
26253.150390625 28
26296.783203125 125
26354.833984375 212
26374.2109375 265
26389.265625 295
26474.5390625 360
26606.322265625 364
26649.349609375 937
26832.6953125 1077
27127.572265625 1101
27225.09765625 1241
27240.88671875 1243
27703.87109375 1307
28195.7578125 1343
28359.1875 1404
28421.8671875 1418
28500.61328125 1585
28738.66015625 1719
28979.02734375 1822
29229.041015625 2009
29268.0859375 2164
29346.103515625 2214
29599.974609375 2250
29616.529296875 2263
29693.103515625 2342
30134.05078125 2359
32757.466796875 2547
