1833.2073974609375 1646
2045.800048828125 2396
2262.009033203125 49
2298.990478515625 189
2313.2080078125 261
2460.705810546875 263
2535.125244140625 430
2847.073486328125 831
3063.326171875 899
3089.51025390625 1123
3202.459716796875 1169
3330.48583984375 1350
3343.1689453125 1405
3361.554443359375 1512
3386.89208984375 1750
3441.01611328125 1769
3815.2431640625 1908
3849.51806640625 1966
4057.650390625 1982
4181.3837890625 1993
4256.16552734375 2094
4314.8818359375 2126
4476.38916015625 2141
4523.5322265625 2171
5025.09765625 2174
5131.43505859375 2177
5146.47216796875 2237
5196.681640625 2367
5246.431640625 2536
5382.76416015625 2542
5389.20068359375 2582
5433.6025390625 2675
5474.46044921875 2703
5605.98291015625 1873
5641.3564453125 2107
5698.8681640625 1446
5754.4677734375 87
5791.978515625 251
5811.61181640625 527
6020.39892578125 529
6039.75390625 625
6048.3994140625 641
6160.70263671875 693
6169.60498046875 873
6370.66650390625 881
6458.357421875 928
6459.09033203125 1133
6501.9189453125 1283
6691.90283203125 1318
6841.8369140625 1346
6865.3994140625 1417
6919.130859375 1720
7007.9619140625 1987
7065.98095703125 2226
7075.03759765625 2296
7097.0732421875 2515
7097.1044921875 2572
7134.65576171875 2669
7137.3525390625 2728
7140.8046875 2734
7189.1669921875 2746
7282.2255859375 2852
7318.1591796875 2866
7331.0576171875 2915
7445.2509765625 2949
7486.87890625 377
7554.45263671875 2281
7565.54248046875 160
7599.0546875 1
7605.08447265625 425
7667.26806640625 446
7711.2880859375 800
7780.86572265625 918
7796.06494140625 953
7896.34033203125 985
7896.34033203125 986
7930.40576171875 1008
8025.4287109375 1043
8039.5751953125 1270
8066.0380859375 1317
8073.77978515625 1435
8105.46728515625 1548
8112.69189453125 1606
8168.857421875 1661
8322.671875 1712
8332.5048828125 2010
8358.6708984375 2088
8432.439453125 2365
8450.3984375 2410
8455.814453125 2414
8471.99609375 2482
8495.2626953125 2560
8524.47265625 2781
8537.869140625 2820
8689.4814453125 997
8693.701171875 1781
8704.0185546875 81
8758.060546875 229
8766.6845703125 440
8770.6015625 548
8785.328125 611
8821.83203125 826
8827.95703125 834
8860.91015625 848
8885.5888671875 871
8912.00390625 893
8921.0029296875 1231
8950.9404296875 1256
8981.826171875 1315
9016.0341796875 1458
9028.068359375 1550
9034.80859375 1671
9047.552734375 1711
9068.7333984375 1815
9077.76953125 1893
9092.51953125 2312
9094.53515625 2324
9128.5146484375 2385
9189.9814453125 2447
9204.884765625 2562
9245.908203125 2610
9292.78515625 2622
9310.4453125 2853
9316.2578125 2924
9320.3935546875 2927
9327.771484375 2239
9409.0888671875 1362
9411.5986328125 1926
9423.564453125 2997
9430.072265625 254
9458.029296875 388
9509.890625 465
9510.5966796875 498
9552.2119140625 520
9556.818359375 962
9568.791015625 981
9599.8798828125 1156
9655.2080078125 1652
9662.7626953125 2205
9674.0029296875 2339
9681.646484375 2417
9744.041015625 2494
9807.091796875 2687
9834.4990234375 1122
9839.970703125 1670
9855.3935546875 264
9855.8642578125 2173
9864.9638671875 1281
9865.55859375 455
9882.0185546875 470
9894.279296875 902
9953.3232421875 926
10002.1845703125 967
10045.140625 1104
10087.0166015625 1225
10102.419921875 1286
10103.75 1506
10117.732421875 1516
10139.248046875 1599
10153.759765625 1779
10156.01953125 1848
10159.1337890625 1867
10168.484375 1883
10174.1826171875 2063
10197.15625 2210
10231.189453125 2246
10235.2763671875 2285
10244.5634765625 2361
10250.197265625 2686
10270.3056640625 2700
10271.7109375 88
10273.912109375 586
10288.6904296875 136
10317.8251953125 1471
10318.85546875 226
10325.232421875 296
10397.90625 1197
10405.4462890625 1666
10411.705078125 2511
10424.2236328125 101
10603.310546875 215
10627.5458984375 549
10647.8349609375 550
10679.8779296875 573
10684.0390625 1136
10684.908203125 1199
10684.908203125 1530
10718.3193359375 1581
10755.462890625 1640
10757.9931640625 1688
10780.0615234375 1968
10803.892578125 2526
10817.8544921875 2571
10909.9140625 2983
10911.921875 1787
10942.349609375 602
10953.25390625 1146
10986.1435546875 253
11004.0419921875 342
11042.775390625 843
11045.8720703125 1233
11062.203125 1335
11069.974609375 1394
11070.212890625 1737
11089.2255859375 1784
11123.44921875 1950
11132.6806640625 2025
11143.345703125 2473
11193.48046875 2518
11194.5361328125 999
11268.3203125 1056
11271.8525390625 1900
11283.1708984375 1304
11291.5 1326
11293.76953125 2967
11301.1943359375 1329
11311.6044921875 50
11380.0888671875 318
11406.78125 389
11420.4609375 478
11429.6826171875 491
11456.224609375 580
11487.890625 599
11495.3447265625 890
11511.66796875 896
11514.0126953125 909
11538.5234375 919
11580.0693359375 995
11594.765625 1273
11626.138671875 1342
11635.94921875 1430
11647.6376953125 1495
11656.5966796875 1568
11662.5419921875 1583
11673.3388671875 1764
11702.8779296875 1774
11733.3544921875 2065
11763.0380859375 2117
11775.9765625 2181
11810.8037109375 2268
11822.9384765625 2465
11848.697265625 2664
11853.8720703125 2760
11856.9287109375 2764
11858.5595703125 2938
11859.3525390625 2943
11898.609375 1860
11948.7138671875 2880
11951.9462890625 1333
11964.478515625 2631
11978.8818359375 146
11981.4208984375 1538
11984.0283203125 21
12001.720703125 34
12025.576171875 200
12051.9150390625 288
12083.892578125 336
12111.94140625 385
12149.3232421875 517
12163.8955078125 546
12205.80859375 609
12247.2490234375 614
12265.6767578125 683
12273.1455078125 686
12275.869140625 769
12275.869140625 1097
12277.66015625 1221
12282.1669921875 1322
12301.9228515625 1359
12365.1376953125 1376
12386.8017578125 1686
12403.8251953125 1854
12406.5625 2513
12421.4306640625 2553
12444.65625 2650
12529.732421875 2672
12548.400390625 2911
12558.494140625 78
12560.5341796875 2713
12562.818359375 2800
12582.00390625 2651
12608.9912109375 2970
12617.833984375 1045
12623.5390625 1068
12642.9931640625 2078
12671.62109375 884
12697.220703125 886
12710.462890625 1028
12726.4208984375 1845
12747.6435546875 1932
12784.220703125 2489
12798.490234375 90
12814.765625 153
12849.1318359375 240
12868.1865234375 256
12870.4248046875 531
12879.3125 644
12897.2607421875 706
12897.62890625 775
12926.099609375 1163
12982.7802734375 1483
12989.3154296875 2114
12989.3310546875 2379
13000.640625 2424
13026.939453125 2433
13033.0625 2435
13033.10546875 2442
13043.2080078125 2683
13050.115234375 2811
13094.7509765625 2176
13109.603515625 169
13115.0595703125 2207
13118.1748046875 1144
13126.515625 2180
13150.4677734375 73
13183.806640625 663
13204.6669921875 677
13208.630859375 756
13243.369140625 925
13243.369140625 927
13247.65625 946
13251.3212890625 996
13275.6904296875 1141
13297.90625 1202
13324.9169921875 1251
13333.9560546875 1457
13348.287109375 1502
13350.3369140625 1591
13397.5654296875 1733
13432.11328125 1735
13447.015625 1919
13477.615234375 1933
13498.6259765625 1955
13515.7978515625 2002
13538.306640625 2335
13540.6015625 2341
13556.7138671875 2565
13561.80859375 2695
13564.9423828125 2763
13585.4033203125 2840
13600.1337890625 2422
13610.853515625 1020
13647.830078125 640
13659.568359375 59
13663.2509765625 177
13681.5771484375 191
13686.6064453125 575
13696.4873046875 687
13714.2763671875 934
13718.12109375 1119
13734.5546875 1529
13757.4091796875 1697
13758.08203125 1810
13758.2294921875 1831
13778.9189453125 2354
13783.8154296875 2528
13795.5048828125 2679
13803.322265625 2712
13817.7900390625 2747
13829.61328125 2809
13851.6328125 2821
13852.033203125 2842
13860.673828125 2860
13868.9287109375 2906
13874.2138671875 2994
13899.2333984375 186
13914.0546875 223
13917.8310546875 1594
13937.611328125 410
13972.150390625 631
13979.173828125 132
13985.1845703125 2576
13990.376953125 1282
13999.6552734375 488
14041.1904296875 869
14086.5126953125 2059
14086.9990234375 787
14093.7666015625 904
14115.626953125 137
14127.04296875 275
14144.46875 328
14148.6953125 333
14149.4384765625 392
14161.3955078125 407
14187.369140625 489
14205.0244140625 680
14240.2421875 1022
14247.228515625 1290
14249.66015625 1358
14250.181640625 1607
14264.44921875 1653
14267.5625 2024
14306.015625 2184
14359.04296875 2221
14392.2353515625 2394
14397.42578125 2427
14402.2685546875 2517
14419.5078125 2655
14474.7890625 2704
14492.7568359375 2900
14511.83203125 2946
14530.5048828125 459
14534.70703125 1408
14548.388671875 1339
14565.619140625 22
14570.0595703125 45
14626.7724609375 300
14631.5234375 812
14649.466796875 922
14652.72265625 947
14681.802734375 975
14704.53125 1001
14704.53125 1095
14731.0234375 1275
14735.8515625 1664
14738.1435546875 1708
14738.671875 1763
14759.203125 1766
14763.7509765625 1889
14770.5400390625 2077
14771.1669921875 2082
14780.57421875 2131
14809.9208984375 2315
14845.8671875 2317
14851.0810546875 2409
14856.2607421875 2608
14858.2958984375 2616
14865.427734375 2649
14868.296875 2819
14878.359375 2862
14923.3076171875 1164
14925.6015625 2213
14933.4814453125 1050
14974.619140625 979
14993.9189453125 1562
15027.845703125 1597
15033.31640625 2334
15055.359375 587
15063.0185546875 630
15067.154296875 777
15071.0234375 1012
15071.91796875 1064
15080.833984375 1082
15087.880859375 1462
15096.71484375 1501
15097.2880859375 1654
15116.294921875 1800
15132.9365234375 2656
15152.2333984375 2884
15153.3017578125 1416
15153.8154296875 1575
15154.6904296875 2889
15198.794921875 445
15224.3994140625 30
15225.708984375 2484
15234.7314453125 38
15242.8056640625 40
15246.3046875 76
15261.732421875 77
15272.46484375 108
15286.55859375 164
15293.55859375 211
15306.10546875 225
15310.474609375 376
15333.0087890625 437
15340.40234375 510
15343.8076171875 646
15353.3291015625 671
15382.470703125 738
15385.6328125 770
15387.1875 1434
15390.8017578125 1610
15392.734375 1662
15394.025390625 1709
15412.3232421875 1998
15492.603515625 2166
15500.23046875 2220
15524.0390625 2238
15532.2294921875 2255
15547.9375 2345
15551.3837890625 2510
15562.236328125 2581
15589.58203125 2607
15592.5302734375 2807
15613.814453125 1015
15666.427734375 1984
15671.4296875 1258
15674.42578125 2555
15699.330078125 1147
15708.451171875 865
15724.3857421875 939
15742.185546875 1497
15748.4560546875 2630
15754.2060546875 2752
15761.0703125 457
15766.990234375 309
15774.3115234375 316
15784.130859375 483
15788.01953125 484
15791.3408203125 633
15803.375 1026
15805.8046875 1036
15825.68359375 1176
15837.74609375 1423
15860.19140625 1485
15877.3095703125 1590
15880.6318359375 1702
15905.65234375 1759
15914.7890625 1818
15931.6171875 1958
15956.4443359375 1963
15972.53125 1977
15973.3388671875 2053
15979.904296875 2056
15987.3173828125 2125
16020.3330078125 2304
16069.6162109375 2356
16086.0341796875 2477
16103.990234375 2533
16119.6083984375 2732
16126.5771484375 2948
16129.4189453125 1601
16137.27734375 2256
16144.0146484375 2104
16154.12109375 284
16177.96875 182
16213.57421875 916
16226.462890625 1667
16258.4853515625 1852
16264.3115234375 727
16267.0908203125 2036
16269.712890625 2772
16274.7978515625 130
16284.25390625 219
16295.02734375 394
16307.767578125 405
16315.8427734375 634
16318.48828125 856
16331.2529296875 983
16374.3916015625 1117
16379.896484375 1386
16389.546875 1791
16402.41015625 1991
16406.92578125 2060
16415.66015625 2215
16423.177734375 2314
16433.59765625 2440
16437.34765625 2467
16468.955078125 2618
16483.4921875 2648
16492.607421875 2694
16496.7265625 1772
16534.744140625 818
16537.259765625 2907
16540.4921875 660
16560.08984375 1168
16561.91015625 1145
16567.81640625 1476
16586.287109375 1618
16595.2890625 655
16598.724609375 1592
16615.498046875 2120
16629.78125 2557
16630.396484375 112
16639.39453125 350
16655.912109375 356
16660.638671875 448
16663.828125 1500
16746.98046875 1526
16757.951171875 1587
16760.248046875 1881
16769.287109375 1943
16794.001953125 1962
16805.1640625 1995
16827.853515625 2075
16874.08984375 2118
16892.201171875 2309
16904.734375 2418
16910.935546875 2516
16923.63671875 2588
16964.17578125 2605
16964.498046875 2623
16969.388671875 2937
16971.826171875 1005
16972.033203125 110
16995.20703125 2360
17002.833984375 121
17027.708984375 1046
17030.3984375 298
17033.138671875 372
17033.875 492
17047.263671875 752
17072.083984375 838
17074.68359375 903
17077.564453125 1034
17083.525390625 1128
17108.544921875 1187
17115.404296875 1437
17149.5 1488
17149.5 1534
17149.5 1657
17149.5 1678
17149.5 1824
17236.1796875 1826
17241.646484375 1941
17243.369140625 1997
17267.83984375 2318
17286.71875 2327
17301.537109375 2362
17323.62890625 2404
17340.462890625 2453
17346.083984375 2458
17368.59765625 2496
17374.2265625 2696
17376.224609375 2722
17389.951171875 2796
17394.77734375 2584
17405.265625 2872
17451.572265625 2589
17487.9296875 2135
17498.81640625 1802
17524.1171875 1853
17543.05859375 1892
17550.8203125 1580
17554.16015625 25
17575.26953125 72
17576.79296875 343
17590.83984375 710
17591.4765625 755
17619.111328125 885
17637.53515625 1683
17658.892578125 1776
17669.4609375 1972
17672.130859375 2047
17689.177734375 2138
17744.755859375 2185
17749.6640625 2344
17754.830078125 2545
17758.00390625 2573
17763.677734375 2855
17820.78125 2159
17852.220703125 1067
17881.416015625 371
17915.611328125 243
17922.1015625 1301
17934.26953125 311
17936.26953125 426
17963.400390625 648
17965.453125 720
18030.357421875 792
18038.880859375 940
18044.392578125 1006
18053.498046875 1032
18067.0859375 1160
18099.947265625 1189
18109.2734375 2183
18111.408203125 2190
18126.9140625 2301
18132.8671875 1459
18167.546875 1649
18201.4296875 353
18231.25390625 2706
18241.41796875 1511
18249.4140625 1778
18282.509765625 329
18294.0 731
18301.076171875 1400
18303.453125 2070
18323.46875 1480
18352.484375 1714
18368.0234375 249
18372.40234375 94
18377.78515625 2823
18384.001953125 471
18392.53515625 473
18396.4921875 747
18404.40625 915
18428.357421875 921
18465.46875 993
18468.39453125 1072
18522.767578125 1415
18530.693359375 1541
18532.392578125 1746
18590.466796875 1949
18595.60546875 2079
18627.41796875 2219
18630.455078125 2258
18635.552734375 2413
18645.513671875 2628
18738.95703125 2828
18740.595703125 2903
18761.720703125 2996
18783.126953125 204
18821.890625 1247
18822.166015625 1410
18830.47265625 1888
18832.318359375 1214
18842.060546875 1658
18865.900390625 2587
18874.048828125 380
18891.69140625 688
18902.201171875 1761
18903.3671875 66
18910.38671875 127
18913.63671875 179
18916.267578125 855
18931.7109375 1198
18954.001953125 1250
18977.736328125 1507
19027.392578125 1558
19030.00390625 2007
19058.083984375 2092
19063.982421875 2231
19083.400390625 2384
19091.8125 2457
19128.912109375 2544
19131.31640625 2717
19177.953125 2774
19276.1484375 2794
19282.931640625 2909
19313.6484375 972
19333.6796875 1138
19338.171875 1442
19392.703125 1137
19428.087890625 102
19428.84765625 667
19485.4140625 1935
19502.60546875 2352
19505.30859375 2887
19514.44140625 427
19528.9296875 1533
19530.98828125 170
19532.82421875 262
19551.19921875 306
19564.5625 596
19565.509765625 805
19580.30078125 849
19584.328125 850
19585.0078125 965
19601.9765625 976
19602.26171875 1058
19649.51953125 1403
19715.28515625 1645
19720.828125 1999
19750.46484375 2292
19762.07421875 2392
19790.072265625 2403
19826.583984375 2497
19835.986328125 2524
19880.916015625 2601
19889.8828125 2652
19920.4765625 2657
19932.68359375 2761
19932.736328125 2839
19945.720703125 2939
19948.16015625 2984
19979.16796875 1027
19994.2421875 622
20009.28515625 417
20022.888671875 450
20049.19921875 690
20063.787109375 969
20117.697265625 982
20138.341796875 1040
20141.966796875 1078
20151.990234375 1083
20152.923828125 1382
20263.2734375 1391
20293.802734375 1486
20330.802734375 1503
20337.3984375 1547
20449.935546875 1561
20451.919921875 1965
20452.408203125 2026
20453.36328125 2066
20481.17578125 2182
20496.9765625 2245
20504.748046875 2460
20509.83984375 2466
20542.515625 2540
20571.884765625 2593
20573.939453125 2632
20588.486328125 2753
20593.958984375 2759
20625.212890625 2793
20644.98828125 2925
20657.296875 2152
20660.994140625 762
20684.1328125 2757
20701.708984375 37
20713.92578125 1624
20717.67578125 1271
20728.91015625 2370
20748.755859375 2895
20776.16796875 2411
20881.2265625 67
20917.830078125 150
20943.888671875 171
20961.265625 195
20970.2265625 363
20970.498046875 522
20977.0234375 657
21019.46875 701
21058.83984375 760
21084.765625 811
21085.169921875 874
21087.84375 875
21101.638671875 1002
21119.859375 1007
21152.05078125 1023
21186.4765625 1356
21292.8984375 1378
21322.2890625 1489
21328.228515625 1629
21373.794921875 2721
21432.912109375 2032
21465.310546875 2259
21490.654296875 771
21498.40625 1543
21552.09765625 2241
21555.62890625 1964
21577.97265625 1625
21639.646484375 2693
21647.03515625 222
21659.853515625 258
21786.869140625 281
21863.6640625 506
21936.013671875 582
22025.6796875 724
22032.69140625 879
22092.92578125 1003
22221.546875 1171
22227.671875 1182
22237.98046875 1588
22304.19921875 1685
22377.521484375 1758
22416.84765625 2300
22481.38671875 2310
22525.505859375 2705
22545.69921875 2845
22550.677734375 2916
22612.333984375 1811
22626.34375 2701
22673.517578125 421
22765.4921875 1440
22780.505859375 2337
22874.3671875 2531
22943.974609375 18
22981.615234375 29
23005.388671875 31
23030.91796875 104
23046.2109375 274
23247.873046875 321
23321.14453125 370
23321.892578125 375
23332.888671875 562
23371.2421875 914
23376.875 944
23464.849609375 1672
23473.744140625 1684
23474.861328125 1825
23477.703125 1846
23597.67578125 1960
23720.52734375 1976
23864.642578125 2006
23882.171875 2319
23999.267578125 2405
24208.646484375 2550
24261.51953125 2606
24287.328125 2768
24312.544921875 1081
24345.99609375 1780
24385.541015625 16
24616.716796875 28
25036.404296875 125
25416.8515625 212
25498.765625 265
25543.51171875 295
25687.32421875 360
25688.181640625 364
25697.521484375 937
25912.564453125 1077
26052.0859375 1101
26103.779296875 1241
26117.208984375 1243
26125.666015625 1307
26367.75390625 1343
26367.75390625 1404
26780.83203125 1418
26938.736328125 1585
27688.892578125 1719
28681.5390625 1822
28767.763671875 2009
28933.060546875 2164
29186.60546875 2214
29440.869140625 2250
30142.353515625 2263
30310.365234375 2342
31446.83203125 2359
33345.97265625 2547
