4172.73193359375 1329
4346.02587890625 50
4502.1796875 318
4840.564453125 389
4886.1630859375 478
5140.044921875 491
5457.61328125 580
5470.54736328125 599
5554.85693359375 890
5562.4384765625 896
5568.3935546875 909
5703.4736328125 919
5811.66748046875 995
5842.1650390625 1273
5934.5634765625 1342
5984.755859375 1430
6036.56982421875 1495
6061.53271484375 1568
6111.95751953125 1583
6157.984375 1764
6230.1484375 1774
6332.736328125 2065
6335.58935546875 2117
6427.3076171875 2181
6436.32763671875 2268
6457.619140625 2465
6470.5009765625 2664
6541.0703125 2760
6541.35888671875 2764
6718.904296875 2938
6721.72314453125 2943
6755.6513671875 1860
6771.6083984375 2880
6837.365234375 1446
6872.85107421875 87
6964.66455078125 251
7109.52685546875 527
7120.8525390625 529
7124.32421875 625
7314.2265625 641
7358.8857421875 693
7391.65478515625 873
7429.26513671875 881
7430.57421875 928
7431.77880859375 1133
7446.9580078125 1283
7490.591796875 1318
7546.96142578125 1346
7583.90087890625 1417
7623.349609375 1720
7632.7978515625 1987
7777.6005859375 2226
7818.3154296875 2296
7860.84814453125 2515
7895.5947265625 2572
7936.64453125 2669
7973.1923828125 2728
7985.771484375 2734
8025.5390625 2746
8132.91796875 2852
8140.2578125 2866
8150.1533203125 2915
8280.2587890625 2949
8428.033203125 377
8453.490234375 2281
8622.75390625 160
8643.8291015625 1
8740.623046875 425
8797.4482421875 446
8805.87109375 800
8806.9755859375 918
8820.505859375 953
8924.904296875 985
8933.8095703125 986
8991.2080078125 1008
9031.7216796875 1043
9036.8623046875 1270
9050.6748046875 1317
9153.392578125 1435
9158.986328125 1548
9160.54296875 1606
9210.57421875 1661
9296.4609375 1712
9367.1669921875 2010
9367.6953125 2088
9368.244140625 2365
9455.5615234375 2410
9487.2255859375 2414
9494.0927734375 2482
9532.779296875 2560
9559.78125 2781
9621.79296875 2820
9651.8564453125 997
9716.0029296875 1781
9785.419921875 81
9793.900390625 229
9800.1396484375 440
9824.71484375 548
9829.578125 611
9866.369140625 826
9917.71875 834
9964.0166015625 848
9971.1513671875 871
9971.283203125 893
10055.5087890625 1231
10184.5625 1256
10230.9052734375 1315
10260.830078125 1458
10352.193359375 1550
10360.11328125 1671
10360.11328125 1711
10371.779296875 1815
10376.134765625 1893
10407.1328125 2312
10439.126953125 2324
10442.642578125 2385
10463.25 2447
10512.865234375 2562
10540.7373046875 2610
10559.7666015625 2622
10644.876953125 2853
10695.369140625 2924
10739.826171875 2927
10746.8486328125 2239
10821.11328125 1362
10844.556640625 1926
10876.1513671875 2997
10878.599609375 254
10882.7841796875 388
10942.265625 465
10968.51171875 498
10969.95703125 520
10996.1279296875 962
11077.3857421875 981
11128.78515625 1156
11153.9677734375 1652
11210.203125 2205
11222.5810546875 2339
11303.443359375 2417
11411.505859375 2494
11470.31640625 2687
11482.0712890625 1122
11503.67578125 1670
11506.9345703125 264
11528.5615234375 2173
11584.021484375 1646
11588.4619140625 2396
11633.9619140625 49
11641.4599609375 189
11668.2060546875 261
11717.3984375 263
11743.2197265625 430
11779.3984375 831
11787.5615234375 899
11789.177734375 1123
11801.673828125 1169
11826.98828125 1350
11838.2705078125 1405
11875.3388671875 1512
11924.123046875 1750
11973.58203125 1769
11978.490234375 1908
12005.123046875 1966
12040.8984375 1982
12052.373046875 1993
12056.341796875 2094
12058.7783203125 2126
12073.994140625 2141
12082.7158203125 2171
12089.6787109375 2174
12123.9853515625 2177
12126.1728515625 2237
12132.6005859375 2367
12181.9599609375 2536
12265.8818359375 2542
12274.181640625 2582
12291.1630859375 2675
12295.134765625 2703
12361.84375 1873
12391.6728515625 2107
12412.966796875 1281
12415.9833984375 455
12428.98046875 470
12433.306640625 902
12454.580078125 926
12487.5947265625 967
12527.4853515625 1104
12593.01953125 1225
12598.615234375 1286
12625.7861328125 1506
12635.78515625 1516
12667.650390625 1599
12740.01171875 1779
12740.8720703125 1848
12866.548828125 1867
12873.25390625 1883
12887.591796875 2063
12894.5771484375 2210
12974.8212890625 2246
13002.849609375 2285
13003.009765625 2361
13015.2353515625 2686
13020.89453125 2700
13049.216796875 88
13053.44140625 586
13064.005859375 136
13065.130859375 1471
13100.4541015625 226
13113.140625 296
13115.693359375 1197
13158.7802734375 1666
13163.50390625 2511
13168.9658203125 101
13195.931640625 215
13197.3603515625 549
13210.7548828125 550
13236.771484375 573
13285.95703125 1136
13312.576171875 1199
13313.111328125 1530
13333.6630859375 1581
13356.6689453125 1640
13368.6826171875 1688
13387.1669921875 1968
13412.9443359375 2526
13416.34375 2571
13456.6669921875 2983
13465.5439453125 1787
13472.1767578125 602
13485.79296875 1146
13511.978515625 253
13518.4423828125 342
13529.732421875 843
13538.1455078125 1233
13595.48046875 1335
13648.8701171875 1394
13651.9833984375 1737
13667.810546875 1784
13668.82421875 1950
13693.9248046875 2025
13719.7373046875 2473
13746.2734375 2518
13756.625 999
13760.380859375 1056
13769.7158203125 1900
13785.03515625 1304
13788.5439453125 1326
13806.6884765625 2967
13839.9609375 1333
13845.859375 2631
13856.08984375 146
13863.619140625 1538
13869.4482421875 21
13869.6044921875 34
13882.5966796875 200
13891.41796875 288
13912.484375 336
13918.716796875 385
13920.29296875 517
13944.4814453125 546
13966.2509765625 609
13997.1748046875 614
14005.4658203125 683
14023.439453125 686
14046.716796875 769
14052.974609375 1097
14064.798828125 1221
14088.6279296875 1322
14093.373046875 1359
14101.587890625 1376
14105.1318359375 1686
14134.732421875 1854
14137.0947265625 2513
14166.408203125 2553
14197.5712890625 2650
14199.6337890625 2672
14229.05078125 2911
14255.2021484375 78
14302.966796875 2713
14307.431640625 2800
14312.8154296875 2651
14312.8154296875 2970
14331.2890625 1045
14343.78515625 1068
14354.2470703125 2078
14418.423828125 884
14446.763671875 886
14468.2314453125 1028
14472.18359375 1845
14477.2041015625 1932
14502.9619140625 2489
14510.31640625 90
14522.3251953125 153
14567.78125 240
14588.46875 256
14598.4501953125 531
14649.5888671875 644
14654.82421875 706
14681.6083984375 775
14688.5068359375 1163
14729.619140625 1483
14740.2216796875 2114
14757.935546875 2379
14769.447265625 2424
14769.927734375 2433
14789.0859375 2435
14793.673828125 2442
14794.1806640625 2683
14801.6171875 2811
14879.49609375 2176
14891.32421875 169
14916.2294921875 2207
14919.828125 1144
14935.013671875 2180
14937.8837890625 73
14944.0517578125 663
14944.5009765625 677
14951.974609375 756
14958.986328125 925
14989.810546875 927
15001.498046875 946
15015.841796875 996
15036.8935546875 1141
15039.5478515625 1202
15061.0126953125 1251
15088.1982421875 1457
15103.3291015625 1502
15105.6337890625 1591
15134.8056640625 1733
15157.4892578125 1735
15188.7177734375 1919
15236.873046875 1933
15242.7744140625 1955
15245.3056640625 2002
15248.33203125 2335
15282.732421875 2341
15287.0166015625 2565
15299.54296875 2695
15327.6123046875 2763
15349.892578125 2840
15354.107421875 2422
15358.8203125 1020
15392.4697265625 640
15395.92578125 59
15413.6796875 177
15445.578125 191
15448.203125 575
15467.6435546875 687
15495.646484375 934
15503.9580078125 1119
15552.4794921875 1529
15555.22265625 1697
15569.8125 1810
15588.498046875 1831
15614.5908203125 2354
15622.599609375 2528
15635.58203125 2679
15642.8623046875 2712
15675.498046875 2747
15688.0458984375 2809
15696.5126953125 2821
15698.232421875 2842
15700.3125 2860
15700.3125 2906
15723.740234375 2994
15745.84375 186
15771.517578125 223
15790.359375 1594
15797.869140625 410
15806.525390625 631
15808.9931640625 132
15811.6845703125 2576
15828.697265625 1282
15855.2041015625 488
15861.0947265625 869
15868.658203125 2059
15897.447265625 787
15935.4443359375 904
15947.4521484375 137
15954.20703125 275
15976.9375 328
15988.0947265625 333
16001.3818359375 392
16017.98828125 407
16035.56640625 489
16038.7783203125 680
16055.265625 1022
16055.564453125 1290
16062.595703125 1358
16067.81640625 1607
16073.943359375 1653
16078.7294921875 2024
16093.0751953125 2184
16097.923828125 2221
16211.2236328125 2394
16246.2470703125 2427
16248.591796875 2517
16265.353515625 2655
16276.66015625 2704
16290.53515625 2900
16304.044921875 2946
16310.6904296875 459
16357.4462890625 1408
16375.337890625 1339
16391.126953125 22
16459.5546875 45
16461.849609375 300
16538.439453125 812
16574.671875 922
16574.72265625 947
16580.388671875 975
16584.9140625 1001
16602.453125 1095
16604.97265625 1275
16620.248046875 1664
16629.99609375 1708
16655.525390625 1763
16677.138671875 1766
16683.6640625 1889
16709.47265625 2077
16745.892578125 2082
16818.1328125 2131
16834.728515625 2315
16854.796875 2317
16861.912109375 2409
16898.16015625 2608
16935.615234375 2616
16946.4765625 2649
16947.55859375 2819
16965.15234375 2862
16978.701171875 1164
16979.81640625 2213
16989.740234375 1050
17027.0546875 979
17029.224609375 1562
17046.685546875 1597
17072.638671875 2334
17080.64453125 587
17122.89453125 630
17122.984375 777
17122.984375 1012
17123.33203125 1064
17126.763671875 1082
17144.759765625 1462
17150.017578125 1501
17157.90234375 1654
17169.13671875 1800
17173.189453125 2656
17199.919921875 2884
17209.97265625 1416
17243.5546875 1575
17262.8046875 2889
17264.638671875 445
17279.0390625 30
17294.84375 2484
17294.84375 38
17310.271484375 40
17314.853515625 76
17332.884765625 77
17357.630859375 108
17358.09765625 164
17358.708984375 211
17366.11328125 225
17369.736328125 376
17380.80078125 437
17389.021484375 510
17402.10546875 646
17466.048828125 671
17481.046875 738
17492.189453125 770
17528.275390625 1434
17550.607421875 1610
17583.1640625 1662
17608.443359375 1709
17617.6015625 1998
17639.419921875 2166
17653.62890625 2220
17654.197265625 2238
17684.734375 2255
17697.630859375 2345
17742.51171875 2510
17745.2109375 2581
17748.8046875 2607
17749.27734375 2807
17772.517578125 1015
17811.16796875 1984
17812.951171875 1258
17837.150390625 2555
17862.08984375 1147
17871.365234375 865
17872.994140625 939
17873.150390625 1497
17892.431640625 2630
17894.142578125 2752
17904.712890625 457
17913.2109375 309
17935.43359375 316
17947.171875 483
17967.14453125 484
17967.14453125 633
18007.78515625 1026
18048.76953125 1036
18060.12109375 1176
18065.65625 1423
18090.955078125 1485
18092.65625 1590
18098.19921875 1702
18157.568359375 1759
18203.71484375 1818
18220.24609375 1958
18232.150390625 1963
18244.697265625 1977
18262.20703125 2053
18280.421875 2056
18288.310546875 2125
18346.646484375 2304
18355.556640625 2356
18373.20703125 2477
18374.93359375 2533
18377.123046875 2732
18379.953125 2948
18418.896484375 1601
18419.18359375 2256
18444.970703125 2104
18445.626953125 284
18455.46484375 182
18458.97265625 916
18486.3671875 1667
18490.8203125 1852
18528.9140625 727
18542.294921875 2036
18562.05078125 2772
18580.298828125 130
18632.072265625 219
18669.369140625 394
18671.443359375 405
18682.546875 634
18714.744140625 856
18717.73046875 983
18723.0546875 1117
18778.515625 1386
18802.546875 1791
18819.015625 1991
18820.916015625 2060
18834.607421875 2215
18880.3125 2314
18908.599609375 2440
18915.419921875 2467
18946.837890625 2618
18961.1328125 2648
19012.46875 2694
19015.134765625 1772
19018.71875 818
19027.353515625 2907
19062.8515625 660
19066.375 1168
19106.3984375 1145
19110.455078125 1476
19112.927734375 1618
19150.224609375 655
19158.427734375 1592
19181.763671875 2120
19190.123046875 2557
19214.962890625 112
19229.662109375 350
19236.083984375 356
19239.837890625 448
19270.455078125 1500
19273.916015625 1526
19319.08984375 1587
19326.29296875 1881
19331.154296875 1943
19341.7109375 1962
19382.8984375 1995
19388.0859375 2075
19403.57421875 2118
19405.57421875 2309
19407.64453125 2418
19408.19140625 2516
19417.193359375 2588
19460.8828125 2605
19476.841796875 2623
19476.9296875 2937
19483.654296875 1005
19490.423828125 110
19503.974609375 2360
19525.38671875 121
19589.69140625 1046
19591.021484375 298
19614.8359375 372
19626.6875 492
19650.517578125 752
19651.115234375 838
19660.20703125 903
19679.146484375 1034
19689.865234375 1128
19699.353515625 1187
19699.564453125 1437
19722.646484375 1488
19731.240234375 1534
19731.638671875 1657
19741.474609375 1678
19761.31640625 1824
19772.828125 1826
19808.455078125 1941
19874.021484375 1997
19875.841796875 2318
19921.65234375 2327
19942.251953125 2362
20012.58203125 2404
20020.640625 2453
20073.759765625 2458
20077.8359375 2496
20129.904296875 2696
20148.80078125 2722
20157.203125 2796
20168.166015625 2584
20186.9296875 2872
20193.921875 2589
20202.201171875 2135
20224.416015625 1802
20231.10546875 1853
20252.587890625 1892
20264.126953125 1580
20296.69140625 25
20330.59765625 72
20345.798828125 343
20360.265625 710
20374.302734375 755
20380.478515625 885
20382.80859375 1683
20420.044921875 1776
20460.984375 1972
20461.65625 2047
20465.103515625 2138
20478.94921875 2185
20533.43359375 2344
20563.765625 2545
20585.197265625 2573
20593.5234375 2855
20593.630859375 2159
20600.208984375 1067
20640.669921875 371
20643.224609375 243
20692.94921875 1301
20698.3203125 311
20727.291015625 426
20735.9453125 648
20760.0234375 720
20761.087890625 792
20869.4765625 940
20886.78125 1006
20888.0 1032
20890.390625 1160
20893.576171875 1189
20894.166015625 2183
20895.576171875 2190
20930.19921875 2301
20947.517578125 1459
21013.87890625 1649
21015.484375 353
21032.6171875 2706
21071.490234375 1511
21089.470703125 1778
21234.39453125 329
21244.2578125 731
21250.248046875 1400
21311.595703125 2070
21311.623046875 1480
21335.97265625 1714
21345.51953125 249
21347.0546875 94
21377.080078125 2823
21379.57421875 471
21384.806640625 473
21413.8125 747
21427.400390625 915
21443.029296875 921
21472.73046875 993
21481.1015625 1072
21554.134765625 1415
21602.712890625 1541
21619.134765625 1746
21630.201171875 1949
21644.7109375 2079
21669.484375 2219
21684.857421875 2258
21701.53515625 2413
21718.84765625 2628
21757.83984375 2828
21775.017578125 2903
21775.390625 2996
21775.390625 204
21784.19140625 1247
21830.482421875 1410
21882.0234375 1888
21883.708984375 1214
21903.892578125 1658
21916.0703125 2587
21925.5703125 380
21935.060546875 688
21942.021484375 1761
21944.228515625 66
21952.232421875 127
22018.66796875 179
22035.955078125 855
22059.625 1198
22060.21875 1250
22065.61328125 1507
22078.55078125 1558
22177.095703125 2007
22206.572265625 2092
22262.953125 2231
22279.810546875 2384
22295.884765625 2457
22303.52734375 2544
22402.13671875 2717
22452.474609375 2774
22459.359375 2794
22524.453125 2909
22533.4375 972
22558.5234375 1138
22570.890625 1442
22630.822265625 1137
22659.65625 102
22693.9921875 667
22725.91015625 1935
22732.58203125 2352
22756.66796875 2887
22759.919921875 427
22862.98828125 1533
22881.525390625 170
22906.744140625 262
22963.38671875 306
22966.326171875 596
22975.1171875 805
22984.365234375 849
23068.12890625 850
23145.353515625 965
23148.345703125 976
23238.751953125 1058
23249.88671875 1403
23299.494140625 1645
23308.255859375 1999
23310.0703125 2292
23324.37890625 2392
23334.69140625 2403
23361.556640625 2497
23362.583984375 2524
23384.677734375 2601
23414.5390625 2652
23423.591796875 2657
23431.421875 2761
23511.291015625 2839
23570.97265625 2939
23637.34375 2984
23648.484375 1027
23694.787109375 622
23795.5 417
23796.015625 450
23862.833984375 690
23882.609375 969
23899.12109375 982
23914.5625 1040
23921.1328125 1078
23946.966796875 1083
23948.9140625 1382
23984.685546875 1391
23993.171875 1486
24061.1875 1503
24073.48046875 1547
24086.9765625 1561
24154.060546875 1965
24178.306640625 2026
24222.892578125 2066
24224.48046875 2182
24226.404296875 2245
24231.99609375 2460
24233.8203125 2466
24296.615234375 2540
24331.611328125 2593
24359.740234375 2632
24371.75390625 2753
24397.521484375 2759
24440.1015625 2793
24444.08984375 2925
24445.119140625 2152
24551.693359375 762
24585.75 2757
24661.150390625 37
24680.150390625 1624
24732.388671875 1271
24756.80859375 2370
24766.203125 2895
24850.24609375 2411
24991.8984375 67
24994.912109375 150
25021.033203125 171
25142.72265625 195
25205.34375 363
25235.1796875 522
25262.310546875 657
25293.072265625 701
25459.583984375 760
25464.27734375 811
25584.109375 874
25601.26953125 875
25744.884765625 1002
25771.25 1007
25792.30078125 1023
25835.41015625 1356
25912.083984375 1378
26087.095703125 1489
26139.892578125 1629
26193.66015625 2721
26248.09375 2032
26257.58984375 2259
26339.166015625 771
26340.912109375 1543
26417.888671875 2241
26424.677734375 1964
26432.98046875 1625
26446.2890625 2693
26647.185546875 222
26689.373046875 258
26699.1796875 281
26707.45703125 506
26727.38671875 582
26736.486328125 724
26836.69140625 879
26847.4453125 1003
26971.06640625 1171
26996.84765625 1182
27078.7421875 1588
27120.3828125 1685
27160.224609375 1758
27166.138671875 2300
27223.759765625 2310
27277.9296875 2705
27286.755859375 2845
27301.06640625 2916
27512.466796875 1811
27547.0859375 2701
27598.66796875 421
27598.66796875 1440
27880.037109375 2337
28012.3515625 2531
28042.341796875 18
28053.822265625 29
28107.66796875 31
28196.0234375 104
28325.765625 274
28432.962890625 321
28462.7578125 370
28484.869140625 375
28526.005859375 562
28671.73046875 914
28710.9765625 944
28727.865234375 1672
28852.986328125 1684
28933.68359375 1825
28935.16796875 1846
28991.484375 1960
29000.0859375 1976
29007.78125 2006
29019.02734375 2319
29268.982421875 2405
29356.171875 2550
29362.412109375 2606
29695.4296875 2768
29738.2421875 1081
29812.775390625 1780
29884.74609375 16
29925.232421875 28
29962.59375 125
30004.27734375 212
30062.615234375 265
30488.896484375 295
30500.609375 360
30514.169921875 364
30712.314453125 937
30796.982421875 1077
30896.53515625 1101
30950.72265625 1241
31095.990234375 1243
31113.63671875 1307
31137.578125 1343
31156.69921875 1404
31347.056640625 1418
31430.234375 1585
31826.765625 1719
32125.708984375 1822
33103.6953125 2009
33135.08203125 2164
33173.609375 2214
33252.78125 2250
33564.9765625 2263
34255.390625 2342
34643.0625 2359
35465.2109375 2547
