5266.8408203125 1050
5472.4033203125 979
5681.28662109375 1562
5893.53271484375 1597
5921.80126953125 2334
5963.1611328125 587
5987.59814453125 630
6013.40869140625 777
6022.06787109375 1012
6205.72607421875 1064
6317.80322265625 1082
6332.4931640625 1462
6389.12451171875 1501
6406.6474609375 1654
6449.4638671875 1800
6454.138671875 2656
6468.9638671875 2884
6476.3681640625 1416
6495.15234375 1446
6599.6826171875 87
6611.43896484375 251
6616.7451171875 527
6638.36328125 529
6685.3427734375 625
6706.82177734375 641
6737.2490234375 693
6759.57958984375 873
6764.35302734375 881
6779.736328125 928
6809.0703125 1133
6835.19384765625 1283
6919.943359375 1318
6934.4228515625 1346
6952.92626953125 1417
6989.25 1720
7048.5322265625 1987
7061.79150390625 2226
7091.40625 2296
7152.4150390625 2515
7157.951171875 2572
7202.6865234375 2669
7205.876953125 2728
7229.01708984375 2734
7235.13623046875 2746
7265.07421875 2852
7271.59521484375 2866
7328.05224609375 2915
7331.14453125 2949
7409.5390625 377
7419.5927734375 2281
7449.98193359375 160
7454.46484375 1
7454.46484375 425
7481.6435546875 446
7515.2607421875 800
7576.5712890625 918
7625.20166015625 953
7626.1064453125 985
7665.79150390625 986
7694.96728515625 1008
7696.2802734375 1043
7705.8837890625 1270
7710.244140625 1317
7719.4150390625 1435
7722.3896484375 1548
7726.89892578125 1606
7734.60400390625 1661
7747.439453125 1712
7773.73095703125 2010
7806.703125 2088
7817.21923828125 2365
7839.0205078125 2410
7840.984375 2414
7842.326171875 2482
7857.25634765625 2560
7873.3466796875 2781
7883.6982421875 2820
7886.58203125 997
7904.3994140625 1781
7909.3671875 81
7927.3359375 229
7932.2080078125 440
7985.283203125 548
8007.9404296875 611
8013.94921875 826
8031.68701171875 834
8065.15087890625 848
8077.7314453125 871
8107.3232421875 893
8114.0458984375 1231
8120.04833984375 1256
8135.7626953125 1315
8154.822265625 1458
8173.3134765625 1550
8178.6787109375 1671
8192.9619140625 1711
8196.455078125 1815
8232.849609375 1893
8248.4638671875 2312
8259.7978515625 2324
8276.720703125 2385
8324.814453125 2447
8326.6611328125 2562
8350.6484375 2610
8361.408203125 2622
8371.798828125 2853
8376.8623046875 2924
8382.080078125 2927
8408.185546875 2239
8416.6005859375 1362
8456.541015625 1926
8458.6728515625 2997
8458.6728515625 254
8495.841796875 388
8511.9228515625 465
8524.556640625 498
8525.8115234375 520
8544.7724609375 962
8568.798828125 981
8574.75 1156
8575.458984375 1652
8575.873046875 2205
8588.2783203125 2339
8594.853515625 2417
8620.2109375 2494
8621.857421875 2687
8634.84375 1122
8636.1201171875 1670
8700.287109375 264
8732.7978515625 2173
8737.1728515625 1646
8743.3486328125 2396
8747.45703125 49
8747.88671875 189
8751.9501953125 261
8754.4765625 263
8762.6943359375 430
8764.349609375 831
8768.7158203125 899
8771.9873046875 1123
8776.07421875 1169
8787.8154296875 1350
8789.220703125 1405
8792.220703125 1512
8795.8310546875 1750
8832.48046875 1769
8856.4208984375 1908
8864.06640625 1966
8891.7998046875 1982
8898.0166015625 1993
8900.8134765625 2094
8928.80078125 2126
8929.1083984375 2141
8932.4228515625 2171
8936.380859375 2174
8969.1201171875 2177
8971.7529296875 2237
8973.69921875 2367
9012.8662109375 2536
9022.9765625 2542
9029.7666015625 2582
9044.865234375 2675
9070.974609375 2703
9071.693359375 1873
9080.564453125 2107
9092.3779296875 1281
9107.9072265625 455
9128.4130859375 470
9132.828125 902
9141.3515625 926
9146.3203125 967
9152.3935546875 1104
9152.912109375 1225
9156.83984375 1286
9181.06640625 1506
9227.998046875 1516
9228.908203125 1599
9290.07421875 1779
9315.375 1848
9342.1015625 1867
9346.5498046875 1883
9355.146484375 2063
9360.544921875 2210
9415.794921875 2246
9432.52734375 2285
9451.595703125 2361
9486.9775390625 2686
9497.18359375 2700
9511.763671875 88
9516.5234375 586
9520.0478515625 136
9522.6943359375 1471
9536.703125 226
9558.802734375 296
9647.9208984375 1197
9658.5517578125 1666
9684.5400390625 2511
9692.822265625 101
9696.189453125 215
9698.802734375 549
9706.109375 550
9714.8154296875 573
9718.1484375 1136
9770.220703125 1199
9776.03125 1530
9777.361328125 1581
9795.001953125 1640
9823.716796875 1688
9858.681640625 1968
9878.85546875 2526
9883.6630859375 2571
9894.1025390625 2983
9915.33984375 1787
9943.4013671875 602
9962.5 1146
9963.134765625 253
9974.0576171875 342
9989.177734375 843
9990.2197265625 1233
9992.7373046875 1335
10038.6640625 1394
10049.9150390625 1737
10053.2451171875 1784
10059.59765625 1950
10078.265625 2025
10094.91015625 2473
10097.4228515625 2518
10136.119140625 999
10145.4609375 1056
10182.6083984375 1900
10195.396484375 1304
10215.0771484375 1326
10218.71875 2967
10221.2138671875 1329
10223.9150390625 50
10240.0908203125 318
10243.865234375 389
10262.49609375 478
10267.626953125 491
10276.3564453125 580
10288.83984375 599
10294.505859375 890
10311.25 896
10323.94140625 909
10337.9033203125 919
10368.337890625 995
10445.29296875 1273
10463.7890625 1342
10464.326171875 1430
10472.892578125 1495
10539.115234375 1568
10567.89453125 1583
10582.4541015625 1764
10601.9931640625 1774
10612.984375 2065
10615.81640625 2117
10628.8330078125 2181
10631.9130859375 2268
10650.2724609375 2465
10676.6201171875 2664
10701.341796875 2760
10747.873046875 2764
10747.93359375 2938
10765.427734375 2943
10771.466796875 1860
10791.7255859375 2880
10798.1533203125 1333
10801.740234375 2631
10815.572265625 146
10837.1005859375 1538
10859.5322265625 21
10860.4794921875 34
10874.033203125 200
10875.734375 288
10879.08984375 336
10891.8037109375 385
10920.04296875 517
10936.65625 546
10960.5625 609
11065.7197265625 614
11074.705078125 683
11097.603515625 686
11131.2021484375 769
11144.279296875 1097
11154.380859375 1221
11225.046875 1322
11306.150390625 1359
11315.0615234375 1376
11369.5966796875 1686
11385.83203125 1854
11416.9931640625 2513
11447.322265625 2553
11467.1669921875 2650
11475.7802734375 2672
11485.734375 2911
11505.3740234375 78
11505.8408203125 2713
11515.1005859375 2800
11551.8388671875 2651
11657.09375 2970
11663.2099609375 1045
11678.9609375 1068
11698.365234375 2078
11700.6787109375 884
11747.0556640625 886
11747.0556640625 1028
11753.3369140625 1845
11753.99609375 1932
11765.5771484375 2489
11803.4970703125 90
11850.1455078125 153
11911.927734375 240
11917.8291015625 256
11932.298828125 531
11953.171875 644
11966.580078125 706
11969.6259765625 775
11983.05859375 1163
12093.7490234375 1483
12120.61328125 2114
12135.3876953125 2379
12142.73046875 2424
12144.2646484375 2433
12163.8828125 2435
12171.796875 2442
12180.759765625 2683
12188.89453125 2811
12218.6630859375 2176
12234.9169921875 169
12245.4208984375 2207
12257.6591796875 1144
12272.12890625 2180
12282.0869140625 73
12283.1748046875 663
12323.7978515625 677
12356.533203125 756
12435.0625 925
12478.005859375 927
12514.2216796875 946
12553.7109375 996
12571.78515625 1141
12599.59375 1202
12607.591796875 1251
12651.8837890625 1457
12654.068359375 1502
12679.609375 1591
12713.2861328125 1733
12716.3154296875 1735
12729.94921875 1919
12738.482421875 1933
12748.9306640625 1955
12763.1484375 2002
12775.0908203125 2335
12809.9150390625 2341
12832.11328125 2565
12855.12890625 2695
12862.3671875 2763
12870.3681640625 2840
12874.533203125 2422
12897.3173828125 1020
12922.37109375 640
12934.51953125 59
12940.4326171875 177
12944.5283203125 191
12948.8544921875 575
12952.8837890625 687
12958.208984375 934
12975.2822265625 1119
13019.9677734375 1529
13042.5322265625 1697
13053.1953125 1810
13085.4091796875 1831
13093.3330078125 2354
13093.53515625 2528
13125.1669921875 2679
13135.943359375 2712
13152.08984375 2747
13186.013671875 2809
13188.634765625 2821
13273.6376953125 2842
13274.71875 2860
13281.9501953125 2906
13292.546875 2994
13362.3583984375 186
13383.9462890625 223
13415.89453125 1594
13486.1259765625 410
13487.36328125 631
13505.1220703125 132
13506.6123046875 2576
13538.4208984375 1282
13560.81640625 488
13567.4072265625 869
13601.0693359375 2059
13645.5263671875 787
13661.02734375 904
13733.3193359375 137
13739.328125 275
13744.923828125 328
13759.0439453125 333
13770.12109375 392
13775.94140625 407
13802.37109375 489
13874.0341796875 680
13882.373046875 1022
13886.9765625 1290
13917.91796875 1358
13929.3603515625 1607
13945.3671875 1653
13983.1171875 2024
13986.326171875 2184
13997.9775390625 2221
14000.048828125 2394
14010.458984375 2427
14014.302734375 2517
14066.6865234375 2655
14095.533203125 2704
14111.14453125 2900
14115.076171875 2946
14131.146484375 459
14140.6904296875 1408
14184.521484375 1339
14197.09765625 22
14198.412109375 45
14246.345703125 300
14252.208984375 812
14277.732421875 922
14305.9609375 947
14375.0087890625 975
14411.07421875 1001
14412.3759765625 1095
14438.7080078125 1275
14508.9326171875 1664
14541.2197265625 1708
14564.7158203125 1763
14604.421875 1766
14628.46875 1889
14628.8427734375 2077
14653.599609375 2082
14658.486328125 2131
14664.482421875 2315
14749.8408203125 2317
14750.7509765625 2409
14774.34375 2608
14794.041015625 2616
14804.091796875 2649
14831.9697265625 2819
14836.9296875 2862
14860.7939453125 1164
14863.5205078125 2213
14869.822265625 1575
14960.9794921875 2889
14966.2998046875 445
14972.923828125 30
15026.634765625 2484
15059.03125 38
15106.009765625 40
15198.271484375 76
15241.4697265625 77
15251.2744140625 108
15255.8203125 164
15294.06640625 211
15309.6953125 225
15331.9169921875 376
15338.490234375 437
15355.1015625 510
15394.4873046875 646
15395.095703125 671
15415.482421875 738
15417.0830078125 770
15454.705078125 1434
15482.2080078125 1610
15521.4384765625 1662
15559.564453125 1709
15569.6240234375 1998
15605.7451171875 2166
15645.8720703125 2220
15663.7236328125 2238
15705.6748046875 2255
15722.787109375 2345
15734.3125 2510
15744.0966796875 2581
15755.8544921875 2607
15779.267578125 2807
15801.1435546875 1015
15804.8935546875 1984
15814.017578125 1258
15858.349609375 2555
15866.890625 1147
15881.9404296875 865
15947.30078125 939
15975.5986328125 1497
15984.39453125 2630
16012.2998046875 2752
16012.2998046875 457
16020.3173828125 309
16061.8203125 316
16088.794921875 483
16090.91015625 484
16110.5693359375 633
16155.900390625 1026
16159.7265625 1036
16197.4287109375 1176
16201.587890625 1423
16216.6435546875 1485
16241.337890625 1590
16252.0068359375 1702
16261.451171875 1759
16286.6845703125 1818
16295.16015625 1958
16374.4755859375 1963
16382.7666015625 1977
16405.916015625 2053
16410.8828125 2056
16490.53515625 2125
16524.77734375 2304
16541.2109375 2356
16567.697265625 2477
16569.140625 2533
16577.890625 2732
16635.72265625 2948
16635.72265625 1601
16640.275390625 2256
16691.6328125 2104
16692.15625 284
16712.060546875 182
16736.84375 916
16757.50390625 1667
16769.1875 1852
16772.013671875 727
16814.244140625 2036
16822.271484375 2772
16830.5859375 130
16880.11328125 219
16888.72265625 394
16901.01171875 405
16946.13671875 634
16962.59375 856
16963.34765625 983
17003.896484375 1117
17008.24609375 1386
17058.50390625 1791
17058.96484375 1991
17117.794921875 2060
17190.859375 2215
17280.837890625 2314
17287.7734375 2440
17347.232421875 2467
17377.091796875 2618
17393.759765625 2648
17404.87890625 2694
17425.888671875 1772
17438.734375 818
17464.546875 2907
17471.484375 660
17515.130859375 1168
17542.861328125 1145
17563.798828125 1476
17572.525390625 1618
17594.2421875 655
17601.23046875 1592
17618.6796875 2120
17633.099609375 2557
17636.076171875 112
17680.818359375 350
17688.046875 356
17694.4375 448
17745.7578125 1500
17775.75390625 1526
17805.8203125 1587
17822.40625 1881
17877.455078125 1943
17910.623046875 1962
17913.849609375 1995
17931.15625 2075
17940.669921875 2118
17959.33203125 2309
17970.41796875 2418
17992.16015625 2516
17995.50390625 2588
17995.666015625 2605
17996.18359375 2623
18001.234375 2937
18019.0078125 1005
18081.080078125 110
18094.08203125 2360
18108.04296875 121
18120.8359375 1046
18146.40625 298
18164.91796875 372
18208.435546875 492
18210.84765625 752
18275.5703125 838
18299.376953125 903
18305.5 1034
18321.55859375 1128
18388.505859375 1187
18435.83203125 1437
18448.296875 1488
18449.775390625 1534
18522.583984375 1657
18555.99609375 1678
18571.783203125 1824
18616.31640625 1826
18628.36328125 1941
18634.490234375 1997
18654.076171875 2318
18670.5078125 2327
18680.35546875 2362
18685.73046875 2404
18727.986328125 2453
18760.595703125 2458
18836.80078125 2496
18839.00390625 2696
18841.404296875 2722
18859.94140625 2796
18860.484375 2584
18875.091796875 2872
18901.984375 2589
18971.15625 2135
19026.24609375 1802
19068.6328125 1853
19096.76953125 1892
19108.203125 1580
19125.125 25
19142.50390625 72
19191.701171875 343
19201.2734375 710
19249.77734375 755
19301.91796875 885
19308.357421875 1683
19349.44921875 1776
19353.01953125 1972
19353.89453125 2047
19381.265625 2138
19484.0234375 2185
19577.7421875 2344
19618.00390625 2545
19648.546875 2573
19652.0078125 2855
19674.1796875 2159
19764.841796875 1067
19785.66015625 371
19786.00390625 243
19815.802734375 1301
19845.05859375 311
19914.7578125 426
19920.27734375 648
19930.068359375 720
19938.017578125 792
19958.203125 940
19986.79296875 1006
19987.3515625 1032
20027.828125 1160
20027.828125 1189
20044.595703125 2183
20070.234375 2190
20083.064453125 2301
20103.31640625 1459
20133.990234375 1649
20163.484375 353
20186.61328125 2706
20254.974609375 1511
20260.361328125 1778
20266.546875 329
20271.64453125 731
20281.07421875 1400
20298.779296875 2070
20323.166015625 1480
20426.828125 1714
20436.794921875 249
20450.44921875 94
20479.1640625 2823
20503.923828125 471
20515.783203125 473
20549.490234375 747
20599.126953125 915
20668.0 921
20716.03125 993
20777.6953125 1072
20791.05078125 1415
20826.08203125 1541
20853.33203125 1746
20853.4609375 1949
20964.14453125 2079
20985.60546875 2219
21029.12890625 2258
21123.890625 2413
21127.359375 2628
21140.734375 2828
21145.349609375 2903
21205.240234375 2996
21213.181640625 204
21235.30859375 1247
21305.744140625 1410
21320.84375 1888
21344.166015625 1214
21377.900390625 1658
21445.173828125 2587
21469.41796875 380
21481.046875 688
21488.359375 1761
21571.25 66
21591.51171875 127
21604.29296875 179
21610.873046875 855
21610.873046875 1198
21626.630859375 1250
21639.12890625 1507
21643.287109375 1558
21663.33984375 2007
21727.6171875 2092
21803.3828125 2231
21816.193359375 2384
21838.8671875 2457
21910.8203125 2544
21985.921875 2717
22063.79296875 2774
22071.83984375 2794
22081.671875 2909
22083.486328125 972
22094.205078125 1138
22132.69140625 1442
22135.73828125 1137
22157.208984375 102
22215.353515625 667
22215.6171875 1935
22232.3984375 2352
22256.4921875 2887
22287.08203125 427
22291.47265625 1533
22309.8828125 170
22312.404296875 262
22367.19140625 306
22465.685546875 596
22476.552734375 805
22491.904296875 849
22514.4140625 850
22524.533203125 965
22600.791015625 976
22600.8203125 1058
22610.935546875 1403
22632.34375 1645
22763.7421875 1999
22805.787109375 2292
22820.310546875 2392
22825.982421875 2403
22836.5859375 2497
22847.74609375 2524
22922.666015625 2601
23036.07421875 2652
23077.22265625 2657
23109.451171875 2761
23215.876953125 2839
23230.642578125 2939
23234.853515625 2984
23286.455078125 1027
23290.771484375 622
23316.265625 417
23339.044921875 450
23393.37890625 690
23399.005859375 969
23468.572265625 982
23548.462890625 1040
23628.2734375 1078
23660.380859375 1083
23872.890625 1382
23880.1953125 1391
23903.076171875 1486
23934.453125 1503
23995.25390625 1547
24057.84765625 1561
24079.33984375 1965
24140.640625 2026
24171.244140625 2066
24194.25 2182
24200.6953125 2245
24212.359375 2460
24278.408203125 2466
24288.974609375 2540
24289.029296875 2593
24300.2734375 2632
24303.1875 2753
24348.138671875 2759
24358.751953125 2793
24383.80078125 2925
24403.140625 2152
24425.59765625 762
24426.76953125 2757
24456.482421875 37
24477.75390625 1624
24493.8203125 1271
24524.912109375 2370
24607.337890625 2895
24626.6015625 2411
24633.658203125 67
24763.447265625 150
24765.50390625 171
24885.017578125 195
24934.0390625 363
24959.69921875 522
25034.00390625 657
25039.3828125 701
25056.447265625 760
25115.8984375 811
25188.94140625 874
25225.365234375 875
25260.58203125 1002
25270.515625 1007
25314.19140625 1023
25421.892578125 1356
25434.650390625 1378
25539.212890625 1489
25605.453125 1629
25606.2421875 2721
25611.26953125 2032
25672.416015625 2259
25677.7890625 771
25726.138671875 1543
25741.306640625 2241
25785.103515625 1964
25860.333984375 1625
26009.34765625 2693
26114.693359375 222
26120.04296875 258
26231.623046875 281
26489.646484375 506
26514.1953125 582
26519.98828125 724
26614.12109375 879
26691.412109375 1003
26727.3984375 1171
26746.14453125 1182
26769.89453125 1588
26777.9296875 1685
26799.248046875 1758
26854.53515625 2300
26909.69140625 2310
26965.482421875 2705
26990.97265625 2845
27029.689453125 2916
27032.201171875 1811
27050.912109375 2701
27052.716796875 421
27072.53515625 1440
27168.080078125 2337
27187.16015625 2531
27202.0 18
27217.466796875 29
27240.265625 31
27247.3125 104
27330.494140625 274
27353.28125 321
27380.02734375 370
27389.0546875 375
27414.71875 562
27426.041015625 914
27436.787109375 944
27451.24609375 1672
27569.859375 1684
27695.728515625 1825
27695.728515625 1846
27742.8515625 1960
27771.873046875 1976
27853.27734375 2006
27912.16796875 2319
28281.1953125 2405
28377.423828125 2550
28550.53515625 2606
28559.89453125 2768
28599.884765625 1081
28871.93359375 1780
28906.376953125 16
28910.11328125 28
28915.58203125 125
28973.076171875 212
29048.220703125 265
29070.544921875 295
29176.130859375 360
29203.193359375 364
29234.021484375 937
29294.33203125 1077
29428.6796875 1101
29461.4765625 1241
29624.515625 1243
29710.982421875 1307
30034.443359375 1343
30547.78125 1404
30564.326171875 1418
30660.3125 1585
30719.77734375 1719
31317.830078125 1822
31786.96484375 2009
31973.6171875 2164
32613.0703125 2214
33007.90625 2250
33896.515625 2263
34413.30078125 2342
35218.96484375 2359
37082.1953125 2547
