2142.45263671875 1147
2244.51171875 865
2302.62353515625 939
2543.949462890625 1497
2732.832275390625 2630
2741.158203125 2752
2900.76513671875 457
3020.83984375 309
3034.8916015625 316
3081.927978515625 483
3131.00830078125 484
3393.97314453125 633
3481.945068359375 1026
3610.8134765625 1036
3700.220703125 1176
3706.32275390625 1423
3850.02880859375 1485
3887.350341796875 1590
3897.049072265625 1702
3908.529296875 1759
3954.98486328125 1818
4000.25 1958
4109.0185546875 1963
4113.63134765625 1977
4131.02001953125 2053
4191.8369140625 2056
4191.8369140625 2125
4381.453125 2304
4449.0869140625 2356
4509.27734375 2477
4591.3193359375 2533
4593.5546875 2732
4615.201171875 2948
4630.994140625 1601
4647.806640625 2256
4707.55810546875 2104
4802.3759765625 284
4818.52197265625 1446
4827.4697265625 87
4900.09814453125 251
4910.26171875 527
5001.03466796875 529
5079.7607421875 625
5131.765625 641
5177.15185546875 693
5187.173828125 873
5220.32861328125 881
5255.779296875 928
5336.55224609375 1133
5360.0576171875 1283
5419.576171875 1318
5420.58349609375 1346
5452.80322265625 1417
5454.9130859375 1720
5490.404296875 1987
5498.3212890625 2226
5564.6923828125 2296
5578.146484375 2515
5608.67578125 2572
5625.79052734375 2669
5666.419921875 2728
5676.283203125 2734
5712.0400390625 2746
5785.54541015625 2852
5839.4794921875 2866
5876.140625 2915
5876.6005859375 2949
6014.7587890625 377
6015.3076171875 2281
6015.3076171875 160
6041.359375 1
6109.93505859375 425
6128.6318359375 446
6143.501953125 800
6223.1728515625 918
6231.44970703125 953
6243.91748046875 985
6382.6220703125 986
6487.6123046875 1008
6579.2919921875 1043
6586.759765625 1270
6599.80224609375 1317
6651.32275390625 1435
6689.28271484375 1548
6763.5205078125 1606
6787.22998046875 1661
6825.32275390625 1712
6846.8916015625 2010
6881.08642578125 2088
6926.09521484375 2365
6926.86962890625 2410
6976.04248046875 2414
6977.990234375 2482
7023.1376953125 2560
7046.5205078125 2781
7049.97802734375 2820
7062.3203125 997
7067.404296875 1781
7149.24951171875 81
7253.955078125 229
7265.4423828125 440
7504.2841796875 548
7520.34130859375 611
7523.98974609375 826
7659.33642578125 834
7671.29345703125 848
7733.865234375 871
7736.2255859375 893
7760.0771484375 1231
7769.6552734375 1256
7799.9365234375 1315
7867.43310546875 1458
7889.39013671875 1550
7946.9541015625 1671
7973.6064453125 1711
7976.54150390625 1815
7981.12744140625 1893
8008.66259765625 2312
8039.490234375 2324
8045.53271484375 2385
8055.7958984375 2447
8087.4697265625 2562
8121.458984375 2610
8155.0390625 2622
8262.6650390625 2853
8295.1171875 2924
8367.3291015625 2927
8393.986328125 2239
8421.390625 1362
8454.876953125 1926
8464.05859375 2997
8499.0986328125 254
8516.6328125 388
8553.1953125 465
8556.29296875 498
8580.9892578125 520
8603.4404296875 962
8610.87890625 981
8622.2509765625 1156
8638.078125 1652
8686.4033203125 2205
8708.7431640625 2339
8747.6689453125 2417
8752.771484375 2494
8755.78125 2687
8831.1025390625 1122
8839.646484375 1670
8856.154296875 264
8912.599609375 2173
8930.447265625 1646
8955.7275390625 2396
8977.794921875 49
8985.7626953125 189
9001.2421875 261
9007.23046875 263
9033.484375 430
9050.64453125 831
9065.8076171875 899
9086.7294921875 1123
9092.59765625 1169
9092.59765625 1350
9126.810546875 1405
9138.6142578125 1512
9148.216796875 1750
9151.9365234375 1769
9168.234375 1908
9172.4326171875 1966
9179.3662109375 1982
9224.1669921875 1993
9230.828125 2094
9236.9619140625 2126
9238.1669921875 2141
9252.0634765625 2171
9256.162109375 2174
9307.556640625 2177
9352.7333984375 2237
9390.7763671875 2367
9404.8896484375 2536
9444.1953125 2542
9477.2578125 2582
9493.4140625 2675
9531.8330078125 2703
9583.0419921875 1873
9674.9775390625 2107
9733.9990234375 1281
9738.486328125 455
9762.701171875 470
9772.080078125 902
9774.8837890625 926
9786.6630859375 967
9810.61328125 1104
9829.56640625 1225
9871.6845703125 1286
9882.11328125 1506
9915.3955078125 1516
9946.8720703125 1599
9965.09375 1779
9983.2431640625 1848
9998.3125 1867
10008.42578125 1883
10019.130859375 2063
10021.7353515625 2210
10067.6630859375 2246
10071.2001953125 2285
10093.8876953125 2361
10097.54296875 2686
10164.39453125 2700
10186.7509765625 88
10192.130859375 586
10203.5322265625 136
10244.103515625 1471
10254.0869140625 226
10287.6181640625 296
10295.0986328125 1197
10296.3896484375 1666
10301.7685546875 2511
10338.3876953125 101
10348.56640625 215
10415.384765625 549
10485.826171875 550
10509.34765625 573
10509.9541015625 1136
10520.3759765625 1199
10548.283203125 1530
10588.375 1581
10605.462890625 1640
10637.10546875 1688
10701.66015625 1968
10715.5146484375 2526
10715.5146484375 2571
10715.806640625 2983
10735.6796875 1787
10756.3076171875 602
10758.21484375 1146
10759.9951171875 253
10819.5927734375 342
10841.423828125 843
10875.3876953125 1233
10991.8779296875 1335
11065.4619140625 1394
11070.568359375 1737
11114.796875 1784
11116.5263671875 1950
11129.935546875 2025
11134.224609375 2473
11149.93359375 2518
11156.40625 999
11178.609375 1056
11188.990234375 1900
11231.5234375 1304
11295.080078125 1326
11298.0859375 2967
11321.220703125 1329
11346.48828125 50
11386.337890625 318
11394.369140625 389
11403.5419921875 478
11410.974609375 491
11479.904296875 580
11503.5703125 599
11558.8134765625 890
11564.775390625 896
11569.6767578125 909
11652.8076171875 919
11656.4609375 995
11656.982421875 1273
11668.87109375 1342
11676.12890625 1430
11680.0224609375 1495
11727.3623046875 1568
11728.556640625 1583
11728.556640625 1764
11747.255859375 1774
11748.5341796875 2065
11768.939453125 2117
11787.376953125 2181
11788.337890625 2268
11802.3408203125 2465
11833.8330078125 2664
11893.7685546875 2760
11921.0986328125 2764
11924.0595703125 2938
11958.01171875 2943
11961.677734375 1860
11963.7158203125 2880
11966.85546875 1333
11994.9794921875 2631
11998.0771484375 146
12009.869140625 1538
12021.392578125 21
12049.1376953125 34
12061.1474609375 200
12069.462890625 288
12096.1455078125 336
12098.96484375 385
12151.154296875 517
12151.6630859375 546
12159.6064453125 609
12184.25390625 614
12203.8564453125 683
12228.046875 686
12229.1982421875 769
12246.38671875 1097
12264.9365234375 1221
12266.4580078125 1322
12302.072265625 1359
12302.0888671875 1376
12325.5595703125 1686
12388.47265625 1854
12389.1611328125 2513
12399.126953125 2553
12404.2392578125 2650
12412.3232421875 2672
12427.9912109375 2911
12440.5673828125 78
12445.8916015625 2713
12452.068359375 2800
12453.109375 2651
12476.041015625 2970
12482.37109375 1045
12496.283203125 1068
12505.1328125 2078
12535.4912109375 884
12542.26953125 886
12589.6162109375 1028
12594.203125 1845
12622.21484375 1932
12624.6796875 2489
12626.111328125 90
12629.9892578125 153
12642.6884765625 240
12645.962890625 256
12668.880859375 531
12672.9306640625 644
12686.048828125 706
12694.73828125 775
12706.0126953125 1163
12735.8212890625 1483
12751.2919921875 2114
12802.9287109375 2379
12816.6640625 2424
12819.9951171875 2433
12828.623046875 2435
12837.8330078125 2442
12842.375 2683
12925.6689453125 2811
12943.443359375 2176
12953.705078125 169
12956.96875 2207
12957.1591796875 1144
12961.6572265625 2180
12964.755859375 73
12978.3916015625 663
12986.4541015625 677
13007.6728515625 756
13013.18359375 925
13016.9638671875 927
13042.4033203125 946
13073.9150390625 996
13087.7685546875 1141
13099.201171875 1202
13105.638671875 1251
13123.4150390625 1457
13142.228515625 1502
13182.5537109375 1591
13183.3037109375 1733
13189.880859375 1735
13203.837890625 1919
13223.80078125 1933
13233.1455078125 1955
13235.1708984375 2002
13240.1884765625 2335
13240.921875 2341
13249.9326171875 2565
13252.71875 2695
13284.90234375 2763
13293.427734375 2840
13316.056640625 2422
13317.7958984375 1020
13323.166015625 640
13340.638671875 59
13379.318359375 177
13380.982421875 191
13382.4921875 575
13386.7880859375 687
13386.9091796875 934
13415.9140625 1119
13424.18359375 1529
13435.3720703125 1697
13438.224609375 1810
13450.53515625 1831
13466.451171875 2354
13469.7109375 2528
13482.689453125 2679
13500.48828125 2712
13529.2060546875 2747
13549.595703125 2809
13569.1630859375 2821
13569.283203125 2842
13570.08984375 2860
13587.54296875 2906
13593.994140625 2994
13595.314453125 186
13600.740234375 223
13603.8359375 1594
13614.541015625 410
13623.1806640625 631
13626.1875 132
13631.7294921875 2576
13639.7607421875 1282
13652.501953125 488
13664.8115234375 869
13674.3154296875 2059
13675.90234375 787
13688.505859375 904
13689.697265625 137
13696.7255859375 275
13700.8916015625 328
13710.0146484375 333
13739.251953125 392
13748.724609375 407
13761.771484375 489
13772.2802734375 680
13780.181640625 1022
13783.095703125 1290
13790.7490234375 1358
13828.107421875 1607
13839.234375 1653
13840.4306640625 2024
13853.2001953125 2184
13862.2109375 2221
13865.158203125 2394
13874.7919921875 2427
13880.951171875 2517
13894.41796875 2655
13908.2021484375 2704
13911.7685546875 2900
13927.29296875 2946
13932.966796875 459
13980.0185546875 1408
14023.177734375 1339
14064.85546875 22
14078.8447265625 45
14091.1416015625 300
14091.203125 812
14105.1708984375 922
14116.736328125 947
14121.7744140625 975
14123.7578125 1001
14158.3740234375 1095
14174.123046875 1275
14178.107421875 1664
14192.634765625 1708
14197.447265625 1763
14215.2626953125 1766
14220.87890625 1889
14290.23828125 2077
14310.9609375 2082
14314.046875 2131
14331.5537109375 2315
14334.28515625 2317
14340.8740234375 2409
14343.1884765625 2608
14378.814453125 2616
14382.765625 2649
14386.0224609375 2819
14386.8828125 2862
14440.8720703125 1164
14441.150390625 2213
14444.9150390625 1050
14445.220703125 979
14447.5048828125 1562
14500.9169921875 1597
14506.7578125 2334
14561.712890625 587
14583.98828125 630
14593.294921875 777
14601.9033203125 1012
14604.12109375 1064
14619.8935546875 1082
14637.1494140625 1462
14644.6064453125 1501
14656.8359375 1654
14657.3701171875 1800
14703.7890625 2656
14705.9599609375 2884
14712.2373046875 1416
14753.25 1575
14756.537109375 2889
14758.9453125 445
14767.421875 30
14816.07421875 2484
14819.06640625 38
14836.37890625 40
14838.6201171875 76
14847.4453125 77
14873.2060546875 108
14873.6201171875 164
14876.8505859375 211
14900.46875 225
14902.232421875 376
14915.5009765625 437
14924.2412109375 510
14927.5244140625 646
14934.9599609375 671
14948.990234375 738
14955.015625 770
14958.033203125 1434
14992.443359375 1610
15019.828125 1662
15029.0478515625 1709
15033.3662109375 1998
15036.728515625 2166
15045.267578125 2220
15118.8740234375 2238
15121.2109375 2255
15147.923828125 2345
15159.291015625 2510
15159.654296875 2581
15170.3447265625 2607
15177.5146484375 2807
15181.494140625 1015
15187.7119140625 1984
15224.7939453125 1258
15231.818359375 2555
15261.5322265625 182
15270.359375 916
15280.123046875 1667
15313.9990234375 1852
15321.677734375 727
15322.265625 2036
15327.142578125 2772
15335.2177734375 130
15347.015625 219
15356.4443359375 394
15359.0546875 405
15369.423828125 634
15387.5859375 856
15390.7568359375 983
15405.001953125 1117
15405.6376953125 1386
15410.2080078125 1791
15415.25390625 1991
15418.1708984375 2060
15441.775390625 2215
15452.7705078125 2314
15452.798828125 2440
15480.8955078125 2467
15492.5380859375 2618
15519.3095703125 2648
15580.9599609375 2694
15586.8330078125 1772
15588.267578125 818
15603.9111328125 2907
15611.53125 660
15612.9267578125 1168
15615.294921875 1145
15615.857421875 1476
15615.892578125 1618
15637.435546875 655
15683.70703125 1592
15701.8564453125 2120
15709.83203125 2557
15727.3916015625 112
15740.0546875 350
15741.4814453125 356
15748.2373046875 448
15753.451171875 1500
15766.9140625 1526
15772.5859375 1587
15794.0 1881
15799.330078125 1943
15812.0322265625 1962
15824.3232421875 1995
15826.2529296875 2075
15838.7900390625 2118
15841.83203125 2309
15845.0634765625 2418
15858.099609375 2516
15892.7861328125 2588
15905.2890625 2605
15905.2890625 2623
15906.830078125 2937
15925.404296875 1005
15928.849609375 110
15933.5546875 2360
15934.3759765625 121
15955.162109375 1046
15956.2919921875 298
15962.904296875 372
15966.10546875 492
15992.421875 752
16013.79296875 838
16018.87109375 903
16020.1591796875 1034
16030.3798828125 1128
16043.8115234375 1187
16044.638671875 1437
16060.0771484375 1488
16065.76953125 1534
16067.763671875 1657
16096.4697265625 1678
16119.8671875 1824
16124.6220703125 1826
16133.8232421875 1941
16133.9189453125 1997
16134.21875 2318
16152.66796875 2327
16179.990234375 2362
16204.154296875 2404
16207.87890625 2453
16208.658203125 2458
16212.6767578125 2496
16230.7529296875 2696
16282.078125 2722
16284.2314453125 2796
16287.9912109375 2584
16291.533203125 2872
16294.3037109375 2589
16321.39453125 2135
16371.9345703125 1802
16381.7431640625 1853
16384.4453125 1892
16390.494140625 1580
16395.958984375 25
16421.830078125 72
16433.609375 343
16441.736328125 710
16443.662109375 755
16446.251953125 885
16487.416015625 1683
16489.72265625 1776
16492.18359375 1972
16495.98828125 2047
16509.123046875 2138
16514.22265625 2185
16516.921875 2344
16528.302734375 2545
16538.62109375 2573
16540.779296875 2855
16549.73828125 2159
16577.556640625 1067
16584.611328125 371
16620.25 243
16663.771484375 1301
16682.73046875 311
16689.408203125 426
16737.44921875 648
16741.59375 720
16757.29296875 792
16762.87109375 940
16806.654296875 1006
16807.904296875 1032
16811.51171875 1160
16825.916015625 1189
16835.9375 2183
16840.658203125 2190
16841.69921875 2301
16876.40234375 1459
16880.064453125 1649
16884.029296875 353
16920.57421875 2706
16931.15234375 1511
16964.48828125 1778
16975.91015625 329
16981.892578125 731
16982.326171875 1400
16992.611328125 2070
17008.740234375 1480
17014.6640625 1714
17029.501953125 249
17043.67578125 94
17056.474609375 2823
17064.62109375 471
17069.064453125 473
17102.046875 747
17127.697265625 915
17138.560546875 921
17157.28125 993
17176.0 1072
17176.384765625 1415
17177.951171875 1541
17193.9453125 1746
17197.236328125 1949
17226.0546875 2079
17230.818359375 2219
17243.322265625 2258
17271.734375 2413
17284.140625 2628
17304.05859375 2828
17307.16796875 2903
17309.7109375 2996
17311.056640625 204
17311.056640625 1247
17323.44140625 1410
17324.36328125 1888
17356.359375 1214
17385.1640625 1658
17423.416015625 2587
17467.248046875 380
17481.203125 688
17498.927734375 1761
17521.515625 66
17538.232421875 127
17545.50390625 179
17563.35546875 855
17620.29296875 1198
17621.48046875 1250
17657.63671875 1507
17674.5625 1558
17680.23828125 2007
17683.642578125 2092
17720.70703125 2231
17724.7109375 2384
17745.212890625 2457
17785.626953125 2544
17786.275390625 2717
17808.751953125 2774
17809.076171875 2794
17826.59375 2909
17836.310546875 972
17847.359375 1138
17854.765625 1442
17885.216796875 1137
17920.224609375 102
17952.12109375 667
17974.498046875 1935
17977.37890625 2352
18029.55078125 2887
18140.92578125 427
18149.875 1533
18189.8359375 170
18199.759765625 262
18210.4296875 306
18252.810546875 596
18259.255859375 805
18266.888671875 849
18279.3125 850
18281.837890625 965
18294.490234375 976
18305.21484375 1058
18330.595703125 1403
18340.3125 1645
18358.005859375 1999
18366.23046875 2292
18398.123046875 2392
18414.869140625 2403
18431.98046875 2497
18447.78125 2524
18469.40234375 2601
18498.90234375 2652
18502.962890625 2657
18514.541015625 2761
18529.03515625 2839
18549.169921875 2939
18585.669921875 2984
18672.466796875 1027
18731.39453125 622
18762.16015625 417
18786.365234375 450
18794.826171875 690
18802.361328125 969
18815.041015625 982
18825.67578125 1040
18836.4453125 1078
18867.38671875 1083
18873.068359375 1382
18895.82421875 1391
18996.38671875 1486
19021.91015625 1503
19038.369140625 1547
19064.693359375 1561
19230.65234375 1965
19231.66796875 2026
19338.587890625 2066
19359.451171875 2182
19386.625 2245
19394.892578125 2460
19405.845703125 2466
19478.15625 2540
19495.146484375 2593
19500.44921875 2632
19556.033203125 2753
19570.677734375 2759
19570.970703125 2793
19581.7265625 2925
19585.921875 2152
19603.82421875 762
19670.734375 2757
19744.1640625 37
19745.986328125 1624
19792.251953125 1271
19796.8125 2370
19841.615234375 2895
19845.615234375 2411
19852.150390625 67
19861.65234375 150
19882.69921875 171
19931.501953125 195
19980.4765625 363
19998.05078125 522
20077.248046875 657
20131.37109375 701
20152.544921875 760
20155.17578125 811
20194.21875 874
20201.5859375 875
20299.27734375 1002
20396.2890625 1007
20407.646484375 1023
20442.5859375 1356
20512.876953125 1378
20522.58984375 1489
20563.994140625 1629
20579.35546875 2721
20673.681640625 2032
20674.330078125 2259
20730.11328125 771
20890.83203125 1543
20976.087890625 2241
21235.44140625 1964
21306.0078125 1625
21319.126953125 2693
21339.080078125 222
21445.2578125 258
21461.16796875 281
21527.107421875 506
21613.615234375 582
21640.326171875 724
21651.033203125 879
21721.14453125 1003
21730.673828125 1171
21792.912109375 1182
21843.59765625 1588
21905.8828125 1685
22007.853515625 1758
22015.03125 2300
22057.15625 2310
22299.84375 2705
22312.984375 2845
22568.31640625 2916
22600.228515625 1811
22724.18359375 2701
22965.5546875 421
22982.86328125 1440
22983.05859375 2337
23057.720703125 2531
23258.328125 18
23374.5703125 29
23512.439453125 31
23555.21484375 104
23587.19921875 274
23657.38671875 321
23742.01171875 370
23751.052734375 375
23784.09375 562
23985.8671875 914
24058.6484375 944
24173.513671875 1672
24337.4140625 1684
24475.1796875 1825
24479.966796875 1846
24703.609375 1960
24733.41015625 1976
24841.20703125 2006
24884.98046875 2319
24970.1015625 2405
25038.671875 2550
25551.388671875 2606
25674.6640625 2768
25934.556640625 1081
26146.720703125 1780
26239.791015625 16
26319.5078125 28
26681.787109375 125
26713.150390625 212
26757.927734375 265
26801.212890625 295
26976.97265625 360
27108.046875 364
27343.705078125 937
27377.482421875 1077
27478.12109375 1101
27565.080078125 1241
27911.7734375 1243
28025.3046875 1307
28087.291015625 1343
28132.0078125 1404
28251.259765625 1418
28342.171875 1585
28372.421875 1719
28920.19921875 1822
28933.73046875 2009
29667.11328125 2164
29903.837890625 2214
30280.5859375 2250
30531.509765625 2263
34364.01171875 2342
34914.2265625 2359
37447.3671875 2547
