2291.45947265625 182
2299.26611328125 916
2993.41455078125 1667
3003.717529296875 1852
3015.77734375 727
3128.841064453125 2036
3251.45458984375 2772
3552.561767578125 130
3552.561767578125 219
3556.93701171875 394
3636.298828125 405
3674.94775390625 634
3928.45654296875 856
3933.128173828125 983
3942.196044921875 1117
3998.867431640625 1386
4274.1669921875 1791
4495.927734375 1991
4577.4169921875 2060
4609.8857421875 2215
4636.11669921875 2314
4649.8505859375 2440
4745.76513671875 2467
4760.625 2618
4779.107421875 2648
4785.4892578125 2694
4841.322265625 1772
5004.1259765625 818
5102.2880859375 2907
5102.2880859375 660
5318.314453125 1446
5333.33837890625 87
5340.14453125 251
5606.9443359375 527
5668.4755859375 529
5802.8212890625 625
6044.93212890625 641
6071.2626953125 693
6315.42724609375 873
6346.73974609375 881
6349.2861328125 928
6704.93115234375 1133
6709.2431640625 1283
6734.9765625 1318
6854.7509765625 1346
6993.24462890625 1417
7072.2626953125 1720
7210.6689453125 1987
7365.9775390625 2226
7367.0458984375 2296
7368.9091796875 2515
7439.6396484375 2572
7448.1533203125 2669
7567.138671875 2728
7578.6552734375 2734
7660.4921875 2746
7757.49609375 2852
7962.083984375 2866
7978.537109375 2915
8013.8984375 2949
8171.71533203125 377
8509.0126953125 2281
8577.3291015625 160
8671.826171875 1
8791.6982421875 425
8843.009765625 446
8919.658203125 800
8974.4912109375 918
9064.255859375 953
9090.4619140625 985
9103.3408203125 986
9202.21875 1008
9261.66796875 1043
9305.7978515625 1270
9307.6328125 1317
9475.4052734375 1435
9562.5078125 1548
9600.2919921875 1606
9608.10546875 1661
9612.548828125 1712
9776.052734375 2010
9776.671875 2088
9878.650390625 2365
9910.7724609375 2410
10051.0869140625 2414
10092.1826171875 2482
10270.0263671875 2560
10330.1591796875 2781
10461.8369140625 2820
10491.9052734375 997
10558.919921875 1781
10589.533203125 81
10645.75390625 229
10708.5322265625 440
10712.193359375 548
10735.892578125 611
10817.4677734375 826
10818.0517578125 834
10827.3173828125 848
10866.4638671875 871
10871.798828125 893
10877.4267578125 1231
10910.0537109375 1256
10921.2001953125 1315
10935.720703125 1458
10994.310546875 1550
11021.71484375 1671
11032.5634765625 1711
11047.4970703125 1815
11103.708984375 1893
11132.3759765625 2312
11183.583984375 2324
11213.26953125 2385
11223.431640625 2447
11303.5146484375 2562
11388.072265625 2610
11558.6953125 2622
11602.970703125 2853
11669.80078125 2924
11671.5302734375 2927
11698.65625 2239
11703.2763671875 1362
11712.3671875 1926
11713.2763671875 2997
11755.5224609375 254
11791.630859375 388
11800.12109375 465
11803.96875 498
11808.142578125 520
11845.2802734375 962
11853.74609375 981
11857.7412109375 1156
11889.802734375 1652
11893.0849609375 2205
11979.259765625 2339
11981.751953125 2417
12089.345703125 2494
12095.0234375 2687
12099.697265625 1122
12110.4296875 1670
12162.7431640625 264
12166.990234375 2173
12195.69140625 1646
12255.4267578125 2396
12262.4560546875 49
12306.8115234375 189
12327.3037109375 261
12346.91796875 263
12373.99609375 430
12388.76171875 831
12393.572265625 899
12410.5771484375 1123
12429.73046875 1169
12443.8330078125 1350
12451.6171875 1405
12473.015625 1512
12487.697265625 1750
12563.3193359375 1769
12568.205078125 1908
12575.6044921875 1966
12618.51953125 1982
12637.986328125 1993
12640.9462890625 2094
12656.419921875 2126
12698.806640625 2141
12710.8408203125 2171
12723.923828125 2174
12760.541015625 2177
12782.705078125 2237
12788.9296875 2367
12817.828125 2536
12840.4296875 2542
12852.5546875 2582
12897.2841796875 2675
12945.880859375 2703
12991.3486328125 1873
13063.7822265625 2107
13063.9443359375 1281
13075.986328125 455
13087.9736328125 470
13111.2265625 902
13120.8447265625 926
13198.0 967
13241.3818359375 1104
13243.734375 1225
13249.6318359375 1286
13295.423828125 1506
13325.060546875 1516
13353.365234375 1599
13382.59375 1779
13440.88671875 1848
13452.01171875 1867
13460.470703125 1883
13463.9140625 2063
13482.2822265625 2210
13493.4384765625 2246
13507.6201171875 2285
13537.5986328125 2361
13574.3671875 2686
13579.3896484375 2700
13595.90625 88
13597.798828125 586
13602.3876953125 136
13621.7001953125 1471
13693.103515625 226
13696.2734375 296
13713.083984375 1197
13778.138671875 1666
13779.2783203125 2511
13827.587890625 101
13840.5732421875 215
13845.986328125 549
13867.349609375 550
13870.5126953125 573
13936.521484375 1136
13956.5244140625 1199
13958.6259765625 1530
13960.46484375 1581
13970.7607421875 1640
14036.2841796875 1688
14123.671875 1968
14126.9775390625 2526
14145.09765625 2571
14146.666015625 2983
14187.2646484375 1787
14190.1015625 602
14207.8115234375 1146
14244.9375 253
14247.822265625 342
14280.3447265625 843
14281.0791015625 1233
14293.7578125 1335
14303.7587890625 1394
14317.583984375 1737
14317.583984375 1784
14330.0927734375 1950
14353.798828125 2025
14359.3681640625 2473
14366.3955078125 2518
14397.5888671875 999
14406.23828125 1056
14409.865234375 1900
14432.1083984375 1304
14452.6220703125 1326
14453.73828125 2967
14458.498046875 1329
14463.1484375 50
14474.435546875 318
14492.896484375 389
14509.466796875 478
14526.4130859375 491
14540.34375 580
14573.54296875 599
14588.77734375 890
14595.3115234375 896
14601.4375 909
14607.330078125 919
14609.8515625 995
14659.271484375 1273
14668.453125 1342
14676.849609375 1430
14689.099609375 1495
14735.634765625 1568
14736.5498046875 1583
14774.310546875 1764
14803.3046875 1774
14814.326171875 2065
14841.640625 2117
14880.576171875 2181
14931.013671875 2268
14934.376953125 2465
14938.8193359375 2664
14975.546875 2760
14995.6376953125 2764
14998.5712890625 2938
15000.4580078125 2943
15013.904296875 1860
15017.1708984375 2880
15062.5732421875 1333
15062.7001953125 2631
15072.82421875 146
15143.275390625 1538
15151.0302734375 21
15163.248046875 34
15210.9384765625 200
15215.23046875 288
15246.3251953125 336
15250.17578125 385
15256.552734375 517
15271.19921875 546
15282.22265625 609
15282.69140625 614
15335.146484375 683
15342.2548828125 686
15368.63671875 769
15425.2763671875 1097
15450.4462890625 1221
15455.6455078125 1322
15462.7490234375 1359
15472.3173828125 1376
15476.5810546875 1686
15508.6220703125 1854
15526.330078125 2513
15547.2744140625 2553
15554.68359375 2650
15588.34375 2672
15592.8212890625 2911
15626.7470703125 78
15640.623046875 2713
15643.4482421875 2800
15657.7021484375 2651
15671.681640625 2970
15679.6982421875 1045
15692.8134765625 1068
15717.818359375 2078
15754.6064453125 884
15767.220703125 886
15771.166015625 1028
15803.212890625 1845
15820.869140625 1932
15820.935546875 2489
15829.8466796875 90
15859.9423828125 153
15908.2431640625 240
15918.318359375 256
15948.47265625 531
15991.287109375 644
16045.8369140625 706
16047.84375 775
16072.1103515625 1163
16072.662109375 1483
16091.1943359375 2114
16147.255859375 2379
16153.662109375 2424
16154.0576171875 2433
16177.962890625 2435
16195.3837890625 2442
16216.8984375 2683
16228.376953125 2811
16247.62890625 2176
16259.8037109375 169
16284.4921875 2207
16288.4443359375 1144
16316.849609375 2180
16316.849609375 73
16358.0166015625 663
16369.099609375 677
16403.283203125 756
16410.232421875 925
16437.32421875 927
16451.537109375 946
16451.5625 996
16521.43359375 1141
16525.88671875 1202
16553.134765625 1251
16562.720703125 1457
16565.732421875 1502
16582.69140625 1591
16620.318359375 1733
16626.654296875 1735
16630.67578125 1919
16659.11328125 1933
16671.015625 1955
16675.58203125 2002
16676.037109375 2335
16676.1640625 2341
16678.560546875 2565
16738.35546875 2695
16740.08984375 2763
16750.353515625 2840
16773.783203125 2422
16791.19921875 1020
16811.70703125 640
16857.14453125 59
16863.01953125 177
16877.525390625 191
16889.705078125 575
16892.1484375 687
16904.4765625 934
16919.22265625 1119
16956.51953125 1529
16969.5546875 1697
17024.869140625 1810
17025.57421875 1831
17032.392578125 2354
17040.361328125 2528
17040.392578125 2679
17044.796875 2712
17050.369140625 2747
17051.158203125 2809
17065.3515625 2821
17067.7421875 2842
17070.28125 2860
17071.27734375 2906
17080.400390625 2994
17086.671875 186
17111.47265625 223
17121.078125 1594
17137.11328125 410
17160.62890625 631
17187.93359375 132
17188.779296875 2576
17196.55859375 1282
17200.708984375 488
17208.01953125 869
17220.640625 2059
17267.7109375 787
17331.33984375 904
17344.7578125 137
17346.994140625 275
17357.630859375 328
17360.396484375 333
17373.1875 392
17395.49609375 407
17411.48046875 489
17419.423828125 680
17443.96484375 1022
17447.337890625 1290
17454.13671875 1358
17460.44140625 1607
17485.341796875 1653
17487.34765625 2024
17488.662109375 2184
17490.13671875 2221
17518.0234375 2394
17524.859375 2427
17541.982421875 2517
17596.486328125 2655
17620.74609375 2704
17623.037109375 2900
17627.9296875 2946
17659.3046875 459
17662.9140625 1408
17674.80859375 1339
17701.21484375 22
17704.80859375 45
17720.888671875 300
17725.65234375 812
17726.72265625 922
17742.21875 947
17752.45703125 975
17786.720703125 1001
17808.787109375 1095
17814.583984375 1275
17821.32421875 1664
17834.74609375 1708
17872.81640625 1763
17876.03515625 1766
17927.892578125 1889
17932.84765625 2077
17936.17578125 2082
17978.32421875 2131
18017.98828125 2315
18053.265625 2317
18072.623046875 2409
18093.791015625 2608
18140.90234375 2616
18148.21484375 2649
18155.892578125 2819
18211.505859375 2862
18221.46484375 1164
18233.99609375 2213
18246.8671875 1050
18273.935546875 979
18275.556640625 1562
18284.732421875 1597
18295.94921875 2334
18307.58203125 587
18320.341796875 630
18348.896484375 777
18351.732421875 1012
18358.03515625 1064
18359.06640625 1082
18361.423828125 1462
18373.798828125 1501
18401.6796875 1654
18402.763671875 1800
18412.1953125 2656
18433.3515625 2884
18445.1171875 1416
18489.490234375 1575
18506.548828125 2889
18506.78125 445
18519.884765625 30
18582.70703125 2484
18595.408203125 38
18613.162109375 40
18619.626953125 76
18622.236328125 77
18633.716796875 108
18649.056640625 164
18654.255859375 211
18656.099609375 225
18662.962890625 376
18671.48046875 437
18734.517578125 510
18740.845703125 646
18744.111328125 671
18761.9609375 738
18767.71484375 770
18783.77734375 1434
18784.78125 1610
18811.7734375 1662
18841.59375 1709
18898.2578125 1998
18908.705078125 2166
18916.4765625 2220
18926.62109375 2238
18938.10546875 2255
18966.7109375 2345
18991.62890625 2510
19025.77734375 2581
19026.9765625 2607
19036.421875 2807
19043.705078125 1015
19080.8984375 1984
19124.251953125 1258
19125.25 2555
19157.08203125 1147
19206.02734375 865
19307.1953125 939
19351.76171875 1497
19381.205078125 2630
19434.83984375 2752
19441.337890625 457
19480.5546875 309
19481.560546875 316
19488.705078125 483
19494.80078125 484
19495.71875 633
19503.09765625 1026
19505.09765625 1036
19540.462890625 1176
19543.23828125 1423
19556.68359375 1485
19556.791015625 1590
19635.3359375 1702
19699.05859375 1759
19705.244140625 1818
19737.12890625 1958
19744.068359375 1963
19746.037109375 1977
19764.24609375 2053
19778.365234375 2056
19781.248046875 2125
19803.087890625 2304
19805.0078125 2356
19834.58984375 2477
19844.361328125 2533
19876.849609375 2732
19927.630859375 2948
19931.095703125 1601
20011.1875 2256
20029.46484375 2104
20035.67578125 284
20042.39453125 1168
20062.583984375 1145
20083.81640625 1476
20118.6171875 1618
20120.861328125 655
20133.341796875 1592
20145.349609375 2120
20151.837890625 2557
20202.84765625 112
20229.22265625 350
20248.24609375 356
20265.041015625 448
20283.552734375 1500
20323.15234375 1526
20339.4921875 1587
20388.337890625 1881
20411.306640625 1943
20419.87890625 1962
20438.712890625 1995
20449.12890625 2075
20460.380859375 2118
20473.7890625 2309
20541.69140625 2418
20571.9140625 2516
20608.546875 2588
20618.619140625 2605
20624.7421875 2623
20639.8671875 2937
20660.869140625 1005
20695.734375 110
20698.26171875 2360
20715.296875 121
20750.375 1046
20754.21875 298
20801.490234375 372
20815.296875 492
20835.69140625 752
20843.2421875 838
20844.89453125 903
20856.517578125 1034
20873.33984375 1128
20883.9296875 1187
20890.708984375 1437
20894.421875 1488
20911.400390625 1534
20941.98046875 1657
20950.5703125 1678
20950.5703125 1824
20995.072265625 1826
21033.4921875 1941
21040.671875 1997
21062.20703125 2318
21064.638671875 2327
21077.216796875 2362
21166.83203125 2404
21179.671875 2453
21247.7578125 2458
21263.25390625 2496
21266.10546875 2696
21280.357421875 2722
21282.49609375 2796
21364.650390625 2584
21366.521484375 2872
21385.15625 2589
21418.76953125 2135
21454.185546875 1802
21517.951171875 1853
21537.58203125 1892
21537.876953125 1580
21542.466796875 25
21544.93359375 72
21556.375 343
21561.95703125 710
21564.48828125 755
21566.6640625 885
21650.689453125 1683
21661.12890625 1776
21742.166015625 1972
21755.369140625 2047
21801.1796875 2138
21822.333984375 2185
21826.12109375 2344
21902.431640625 2545
21913.236328125 2573
21935.642578125 2855
21975.091796875 2159
21987.9375 1067
21994.51171875 371
22007.275390625 243
22009.78125 1301
22038.296875 311
22062.16796875 426
22075.345703125 648
22111.87109375 720
22163.642578125 792
22176.751953125 940
22181.3515625 1006
22191.740234375 1032
22196.099609375 1160
22197.49609375 1189
22284.65625 2183
22285.099609375 2190
22299.546875 2301
22310.86328125 1459
22320.134765625 1649
22321.140625 353
22327.271484375 2706
22416.095703125 1511
22458.65234375 1778
22465.63671875 329
22471.705078125 731
22485.416015625 1400
22535.24609375 2070
22561.794921875 1480
22565.701171875 1714
22565.765625 249
22566.060546875 94
22591.8359375 2823
22608.69140625 471
22649.1484375 473
22665.26171875 747
22721.466796875 915
22754.2265625 921
22762.70703125 993
22776.982421875 1072
22782.150390625 1415
22793.462890625 1541
22901.53125 1746
22902.375 1949
22921.408203125 2079
22950.919921875 2219
22962.36328125 2258
22987.640625 2413
23018.1875 2628
23020.3828125 2828
23021.908203125 2903
23094.841796875 2996
23107.447265625 204
23141.837890625 1247
23162.73046875 1410
23185.90625 1888
23236.69140625 1214
23237.7421875 1658
23251.177734375 2587
23259.71484375 380
23270.15625 688
23277.99609375 1761
23281.89453125 66
23292.21484375 127
23305.015625 179
23330.78515625 855
23375.509765625 1198
23385.41015625 1250
23431.30078125 1507
23487.943359375 1558
23601.5859375 2007
23601.859375 2092
23640.716796875 2231
23687.455078125 2384
23698.3984375 2457
23719.8984375 2544
23777.896484375 2717
23888.837890625 2774
23947.271484375 2794
23989.658203125 2909
24015.732421875 972
24035.3984375 1138
24041.79296875 1442
24055.65234375 1137
24107.232421875 102
24115.171875 667
24167.841796875 1935
24185.193359375 2352
24191.638671875 2887
24192.619140625 427
24206.359375 1533
24210.783203125 170
24216.146484375 262
24256.4140625 306
24296.00390625 596
24309.86328125 805
24312.84765625 849
24405.16796875 850
24406.71875 965
24504.2265625 976
24569.39453125 1058
24620.556640625 1403
24626.2109375 1645
24641.986328125 1999
24712.482421875 2292
24712.822265625 2392
24713.828125 2403
24717.3359375 2497
24723.2734375 2524
24728.0078125 2601
24758.380859375 2652
24760.923828125 2657
24787.421875 2761
24797.4296875 2839
24798.89453125 2939
24800.962890625 2984
24874.013671875 1027
24915.125 622
24920.916015625 417
24955.986328125 450
24961.533203125 690
24963.017578125 969
24974.23046875 982
24991.55078125 1040
25023.25 1078
25023.74609375 1083
25053.8515625 1382
25159.171875 1391
25162.560546875 1486
25171.43359375 1503
25175.30859375 1547
25198.33203125 1561
25273.91796875 1965
25324.763671875 2026
25379.427734375 2066
25408.265625 2182
25437.15234375 2245
25457.619140625 2460
25462.732421875 2466
25540.865234375 2540
25555.134765625 2593
25555.59765625 2632
25627.19140625 2753
25822.87109375 2759
25840.328125 2793
25875.568359375 2925
25886.111328125 2152
25938.853515625 762
25941.869140625 2757
26031.416015625 37
26032.87890625 1624
26079.3515625 1271
26084.50390625 2370
26092.486328125 2895
26176.595703125 2411
26194.98046875 67
26322.845703125 150
26338.6484375 171
26403.921875 195
26415.71484375 363
26676.029296875 522
26690.732421875 657
26706.20703125 701
26766.822265625 760
26772.453125 811
26828.900390625 874
26876.685546875 875
26926.921875 1002
26940.34375 1007
27009.583984375 1023
27072.896484375 1356
27079.453125 1378
27217.443359375 1489
27235.234375 1629
27244.947265625 2721
27387.146484375 2032
27406.708984375 2259
27455.181640625 771
27457.443359375 1543
27502.810546875 2241
27532.6171875 1964
27640.375 1625
27671.001953125 2693
27694.548828125 222
27753.005859375 258
27848.46484375 281
27888.833984375 506
27909.341796875 582
27961.189453125 724
28014.953125 879
28044.345703125 1003
28127.443359375 1171
28136.4375 1182
28208.390625 1588
28248.708984375 1685
28288.265625 1758
28308.748046875 2300
28328.90625 2310
28386.24609375 2705
28424.314453125 2845
28521.853515625 2916
28564.18359375 1811
28625.740234375 2701
28823.6171875 421
28891.615234375 1440
28891.615234375 2337
28918.98828125 2531
28938.69921875 18
29086.869140625 29
29199.806640625 31
29235.09765625 104
29248.37109375 274
29315.41796875 321
29624.8515625 370
29742.43359375 375
30015.240234375 562
30091.283203125 914
30166.25 944
30188.708984375 1672
30313.41015625 1684
30341.5859375 1825
30345.58984375 1846
30397.83203125 1960
30632.650390625 1976
30717.154296875 2006
30793.20703125 2319
30828.57421875 2405
30870.796875 2550
31051.087890625 2606
31177.59765625 2768
31218.623046875 1081
31223.310546875 1780
31257.255859375 16
31297.3671875 28
31436.30859375 125
31436.775390625 212
31530.833984375 265
31584.828125 295
32064.7421875 360
32226.330078125 364
32283.439453125 937
32520.41015625 1077
32622.58984375 1101
32693.158203125 1241
33350.34375 1243
33436.7109375 1307
33478.28125 1343
33514.74609375 1404
33916.60546875 1418
33930.28125 1585
34243.6328125 1719
34671.609375 1822
35179.7421875 2009
35566.11328125 2164
35668.7421875 2214
35697.359375 2250
35791.5078125 2263
36098.01171875 2342
37958.4296875 2359
39155.796875 2547
