3169.507568359375 2152
3449.052490234375 762
3488.36328125 2757
3499.1953125 37
3549.40380859375 1624
3828.1923828125 1271
3838.1572265625 2370
3892.0859375 2895
3973.873046875 2411
4009.1240234375 67
4146.47509765625 150
4311.7802734375 171
4492.6806640625 195
4578.416015625 363
4753.4013671875 522
4776.9755859375 657
4820.42919921875 701
4923.328125 760
5020.9375 811
5135.90625 874
5199.1650390625 875
5235.654296875 1002
5255.58203125 1007
5291.357421875 1023
5421.25390625 1356
5475.208984375 1378
5510.3115234375 1489
5688.83837890625 1629
5739.8251953125 2721
5823.9140625 1446
5866.44677734375 87
6070.181640625 251
6113.31494140625 527
6126.56494140625 529
6173.830078125 625
6182.83056640625 641
6248.5947265625 693
6353.765625 873
6471.7392578125 881
6565.77734375 928
6599.544921875 1133
6600.22021484375 1283
6659.140625 1318
6726.5927734375 1346
6784.00927734375 1417
6827.91259765625 1720
6846.8154296875 1987
6859.8818359375 2226
6859.8818359375 2296
6927.66943359375 2515
6995.1025390625 2572
7028.55419921875 2669
7062.48583984375 2728
7113.3681640625 2734
7139.4541015625 2746
7181.28515625 2852
7235.86376953125 2866
7265.89404296875 2915
7269.5751953125 2949
7340.521484375 377
7375.71240234375 2281
7407.39453125 160
7407.83447265625 1
7466.08203125 425
7526.91748046875 446
7576.74267578125 800
7600.8896484375 918
7610.1201171875 953
7622.77783203125 985
7659.09814453125 986
7663.583984375 1008
7698.869140625 1043
7710.50927734375 1270
7741.51953125 1317
7814.1572265625 1435
7831.4228515625 1548
7839.06884765625 1606
7839.7470703125 1661
7948.685546875 1712
7948.685546875 2010
7981.9052734375 2088
7986.431640625 2365
8078.048828125 2410
8116.1875 2414
8163.5712890625 2482
8205.064453125 2560
8232.6884765625 2781
8458.8525390625 2820
8565.8125 997
8594.82421875 1781
8673.2080078125 81
8684.955078125 229
8718.447265625 440
8739.423828125 548
8764.1162109375 611
8765.9912109375 826
8789.435546875 834
8827.943359375 848
8935.3935546875 871
9075.267578125 893
9078.291015625 1231
9081.7490234375 1256
9088.3125 1315
9138.55078125 1458
9148.0087890625 1550
9170.3515625 1671
9185.40234375 1711
9193.75390625 1815
9228.3095703125 1893
9396.3544921875 2312
9411.498046875 2324
9446.1103515625 2385
9463.15234375 2447
9512.98828125 2562
9517.6455078125 2610
9554.8515625 2622
9558.828125 2853
9560.599609375 2924
9607.203125 2927
9624.3720703125 2239
9660.40625 1362
9756.5419921875 1926
9834.9765625 2997
9838.767578125 254
9854.51953125 388
9858.0205078125 465
9858.5908203125 498
9895.51953125 520
9901.8388671875 962
9938.099609375 981
9989.2275390625 1156
9999.576171875 1652
9999.576171875 2205
10011.955078125 2339
10051.02734375 2417
10089.69140625 2494
10102.21875 2687
10125.6611328125 1122
10161.1591796875 1670
10211.0400390625 264
10274.8291015625 2173
10276.740234375 1646
10308.4599609375 2396
10326.1376953125 49
10346.5654296875 189
10357.185546875 261
10361.294921875 263
10373.337890625 430
10457.36328125 831
10476.2177734375 899
10492.544921875 1123
10521.8994140625 1169
10544.8056640625 1350
10568.97265625 1405
10586.7861328125 1512
10600.3056640625 1750
10616.416015625 1769
10640.580078125 1908
10709.0693359375 1966
10713.20703125 1982
10743.978515625 1993
10754.728515625 2094
10811.744140625 2126
10832.7431640625 2141
10851.93359375 2171
10873.7568359375 2174
10894.212890625 2177
10937.9072265625 2237
10939.900390625 2367
10967.8955078125 2536
10993.30078125 2542
11046.7919921875 2582
11049.8046875 2675
11061.529296875 2703
11061.6279296875 1873
11064.2822265625 2107
11078.4736328125 1281
11079.5546875 455
11102.560546875 470
11125.1298828125 902
11141.8798828125 926
11157.5576171875 967
11182.37890625 1104
11197.58203125 1225
11254.66015625 1286
11298.267578125 1506
11316.9482421875 1516
11332.333984375 1599
11333.51953125 1779
11356.19921875 1848
11366.0625 1867
11391.9052734375 1883
11392.259765625 2063
11422.0400390625 2210
11429.3857421875 2246
11434.2919921875 2285
11462.546875 2361
11467.85546875 2686
11514.2080078125 2700
11551.435546875 88
11596.1103515625 586
11616.662109375 136
11633.2568359375 1471
11634.556640625 226
11636.1689453125 296
11663.720703125 1197
11686.6787109375 1666
11721.142578125 2511
11721.5361328125 101
11734.8173828125 215
11746.009765625 549
11767.1875 550
11793.732421875 573
11824.01171875 1136
11875.416015625 1199
11880.736328125 1530
11923.244140625 1581
11942.357421875 1640
11947.408203125 1688
11956.267578125 1968
11990.7841796875 2526
12014.572265625 2571
12024.4169921875 2983
12029.9970703125 1787
12051.767578125 602
12054.7275390625 1146
12085.296875 253
12091.7099609375 342
12091.841796875 843
12108.2841796875 1233
12121.373046875 1335
12121.3818359375 1394
12123.7158203125 1737
12133.0302734375 1784
12143.580078125 1950
12164.6083984375 2025
12170.126953125 2473
12186.02734375 2518
12196.265625 999
12202.3759765625 1056
12213.265625 1900
12219.54296875 1304
12244.765625 1326
12245.1767578125 2967
12255.0546875 1329
12273.7939453125 50
12281.224609375 318
12294.6513671875 389
12300.4345703125 478
12311.2978515625 491
12330.400390625 580
12334.3984375 599
12344.234375 890
12358.6171875 896
12395.09765625 909
12428.9091796875 919
12442.091796875 995
12457.771484375 1273
12460.4296875 1342
12477.103515625 1430
12485.943359375 1495
12501.546875 1568
12507.4765625 1583
12509.099609375 1764
12529.0859375 1774
12540.2763671875 2065
12547.2451171875 2117
12556.046875 2181
12556.046875 2268
12561.8251953125 2465
12573.6962890625 2664
12577.783203125 2760
12614.3232421875 2764
12618.4853515625 2938
12628.47265625 2943
12638.4990234375 1860
12657.0478515625 2880
12673.3515625 1333
12707.365234375 2631
12716.26953125 146
12725.4345703125 1538
12748.9130859375 21
12749.2490234375 34
12764.654296875 200
12821.3251953125 288
12823.7861328125 336
12839.181640625 385
12859.5966796875 517
12875.388671875 546
12882.470703125 609
12913.44921875 614
12916.4716796875 683
12922.138671875 686
12923.1806640625 769
12931.8173828125 1097
12954.8349609375 1221
12956.912109375 1322
12958.2890625 1359
12974.09765625 1376
12974.8388671875 1686
13001.3173828125 1854
13011.8154296875 2513
13042.271484375 2553
13045.0107421875 2650
13054.4951171875 2672
13073.216796875 2911
13088.20703125 78
13106.783203125 2713
13133.12109375 2800
13136.7353515625 2651
13183.875 2970
13206.015625 1045
13218.7177734375 1068
13227.34765625 2078
13229.6845703125 884
13272.4541015625 886
13278.3134765625 1028
13328.9140625 1845
13333.14453125 1932
13335.4013671875 2489
13338.380859375 90
13340.8857421875 153
13342.501953125 240
13366.1474609375 256
13379.8212890625 531
13382.7138671875 644
13385.3203125 706
13423.62890625 775
13448.25 1163
13457.0986328125 1483
13460.390625 2114
13471.5859375 2379
13489.8046875 2424
13527.0 2433
13530.05078125 2435
13547.447265625 2442
13554.697265625 2683
13557.900390625 2811
13577.056640625 2176
13580.296875 169
13585.6064453125 2207
13585.7568359375 1144
13592.962890625 2180
13603.333984375 73
13626.0341796875 663
13640.255859375 677
13656.646484375 756
13672.5048828125 925
13726.36328125 927
13740.685546875 946
13770.58984375 996
13778.0458984375 1141
13787.029296875 1202
13798.31640625 1251
13801.748046875 1457
13813.5732421875 1502
13827.65234375 1591
13828.6025390625 1733
13830.919921875 1735
13838.93359375 1919
13840.794921875 1933
13841.794921875 1955
13906.818359375 2002
13934.125 2335
13938.435546875 2341
13941.2421875 2565
13942.0703125 2695
13945.080078125 2763
13949.080078125 2840
13969.9609375 2422
13990.0390625 1020
13994.3486328125 640
14040.1015625 59
14042.3154296875 177
14055.337890625 191
14058.4423828125 575
14078.8349609375 687
14102.39453125 934
14111.0556640625 1119
14147.400390625 1529
14149.404296875 1697
14150.4345703125 1810
14153.1787109375 1831
14163.7138671875 2354
14194.984375 2528
14219.65234375 2679
14240.7314453125 2712
14249.9228515625 2747
14257.607421875 2809
14271.68359375 2821
14279.9072265625 2842
14410.55078125 2860
14420.328125 2906
14431.931640625 2994
14466.2197265625 186
14467.0234375 223
14470.560546875 1594
14503.3935546875 410
14505.9853515625 631
14514.1025390625 132
14516.078125 2576
14522.490234375 1282
14526.263671875 488
14529.3642578125 869
14537.8681640625 2059
14544.89453125 787
14575.9794921875 904
14586.6904296875 137
14608.40234375 275
14622.095703125 328
14633.109375 333
14637.591796875 392
14648.375 407
14664.359375 489
14665.9990234375 680
14668.08984375 1022
14743.2607421875 1290
14748.5703125 1358
14757.0947265625 1607
14766.6640625 1653
14776.62890625 2024
14779.72265625 2184
14815.876953125 2221
14820.23046875 2394
14825.109375 2427
14826.7890625 2517
14846.4912109375 2655
14846.6435546875 2704
14848.427734375 2900
14855.822265625 2946
14879.2548828125 459
14885.5390625 1408
14890.4052734375 1339
14905.544921875 22
14916.43359375 45
14950.326171875 300
15034.1875 812
15077.349609375 922
15083.61328125 947
15111.251953125 975
15118.3505859375 1001
15170.7421875 1095
15178.63671875 1275
15183.212890625 1664
15220.4365234375 1708
15224.7197265625 1763
15227.408203125 1766
15228.40625 1889
15238.47265625 2077
15270.4091796875 2082
15282.787109375 2131
15284.98828125 2315
15285.2666015625 2317
15291.1357421875 2409
15305.9658203125 2608
15328.3974609375 2616
15337.515625 2649
15344.7265625 2819
15359.4375 2862
15365.275390625 1164
15383.2421875 2213
15385.4814453125 1050
15399.3837890625 979
15465.4736328125 1562
15481.1669921875 1597
15482.93359375 2334
15485.294921875 587
15497.728515625 630
15512.8603515625 777
15530.509765625 1012
15553.197265625 1064
15570.5634765625 1082
15570.736328125 1462
15572.705078125 1501
15573.6044921875 1654
15578.9208984375 1800
15581.4091796875 2656
15588.0009765625 2884
15607.326171875 1416
15609.859375 1575
15615.71484375 2889
15618.703125 445
15635.65625 30
15638.1416015625 2484
15642.109375 38
15642.849609375 40
15662.7802734375 76
15665.20703125 77
15709.93359375 108
15725.990234375 164
15743.390625 211
15767.99609375 225
15771.7734375 376
15774.212890625 437
15791.58984375 510
15830.4697265625 646
15848.224609375 671
15867.9453125 738
15887.71875 770
15892.7119140625 1434
15893.55078125 1610
15894.9013671875 1662
15908.98828125 1709
15919.46875 1998
15925.845703125 2166
15944.529296875 2220
15954.4384765625 2238
15956.9169921875 2255
15972.0068359375 2345
15973.912109375 2510
16013.7109375 2581
16016.625 2607
16024.0703125 2807
16055.291015625 1015
16060.8720703125 1984
16065.015625 1258
16071.046875 2555
16089.8056640625 1147
16092.046875 865
16122.25390625 939
16123.4287109375 1497
16126.478515625 2630
16129.4833984375 2752
16131.24609375 457
16136.7314453125 309
16144.193359375 316
16156.9052734375 483
16183.708984375 484
16224.6884765625 633
16235.8486328125 1026
16245.4267578125 1036
16246.2333984375 1176
16255.2236328125 1423
16297.87890625 1485
16302.0029296875 1590
16345.8642578125 1702
16352.669921875 1759
16364.8125 1818
16376.6044921875 1958
16382.0732421875 1963
16388.146484375 1977
16412.5625 2053
16415.67578125 2056
16479.06640625 2125
16502.53125 2304
16507.02734375 2356
16510.419921875 2477
16526.666015625 2533
16540.701171875 2732
16548.54296875 2948
16557.927734375 1601
16573.67578125 2256
16612.388671875 2104
16686.5546875 284
16686.630859375 182
16691.734375 916
16696.927734375 1667
16724.041015625 1852
16748.6484375 727
16775.556640625 2036
16788.43359375 2772
16790.259765625 130
16797.19140625 219
16827.228515625 394
16845.060546875 405
16855.484375 634
16856.1953125 856
16870.8203125 983
16874.21875 1117
16888.50390625 1386
16902.1953125 1791
16910.978515625 1991
16926.7734375 2060
16952.6171875 2215
17019.94921875 2314
17038.619140625 2440
17051.9453125 2467
17073.720703125 2618
17074.640625 2648
17091.74609375 2694
17112.85546875 1772
17117.40234375 818
17136.34375 2907
17139.86328125 660
17157.71484375 1168
17181.42578125 1145
17212.603515625 1476
17237.1875 1618
17283.517578125 655
17293.873046875 1592
17299.552734375 2120
17320.67578125 2557
17329.17578125 112
17357.966796875 350
17364.349609375 356
17372.892578125 448
17423.25 1500
17428.578125 1526
17436.94921875 1587
17470.359375 1881
17479.7109375 1943
17482.193359375 1962
17495.59765625 1995
17518.3125 2075
17531.638671875 2118
17579.109375 2309
17591.359375 2418
17604.53125 2516
17604.736328125 2588
17605.212890625 2605
17662.873046875 2623
17672.962890625 2937
17676.908203125 1005
17708.8046875 110
17713.82421875 2360
17734.298828125 121
17744.05078125 1046
17747.3203125 298
17748.24609375 372
17752.9453125 492
17755.353515625 752
17767.837890625 838
17773.7734375 903
17797.28515625 1034
17798.72265625 1128
17799.310546875 1187
17818.658203125 1437
17822.875 1488
17825.4140625 1534
17833.259765625 1657
17895.8046875 1678
17920.369140625 1824
17926.908203125 1826
17931.986328125 1941
17932.369140625 1997
17935.498046875 2318
17951.078125 2327
17956.943359375 2362
17977.994140625 2404
17993.3125 2453
17998.48046875 2458
18010.732421875 2496
18059.4765625 2696
18115.236328125 2722
18119.548828125 2796
18151.162109375 2584
18167.3203125 2872
18218.306640625 2589
18230.505859375 2135
18235.310546875 1802
18257.0859375 1853
18318.365234375 1892
18329.02734375 1580
18366.884765625 25
18385.876953125 72
18392.208984375 343
18423.953125 710
18426.994140625 755
18441.724609375 885
18443.74609375 1683
18469.599609375 1776
18480.658203125 1972
18499.57421875 2047
18508.279296875 2138
18553.75390625 2185
18570.251953125 2344
18593.0546875 2545
18610.513671875 2573
18620.765625 2855
18633.046875 2159
18645.759765625 1067
18651.134765625 371
18653.1484375 243
18667.65234375 1301
18673.3203125 311
18710.865234375 426
18724.9453125 648
18731.03515625 720
18779.689453125 792
18782.10546875 940
18786.2421875 1006
18794.90234375 1032
18811.97265625 1160
18848.9140625 1189
18881.890625 2183
18885.923828125 2190
18889.212890625 2301
18889.326171875 1459
18913.845703125 1649
18921.38671875 353
18925.31640625 2706
18967.291015625 1511
18978.728515625 1778
18999.75390625 329
19000.390625 731
19041.576171875 1400
19046.1796875 2070
19049.59765625 1480
19057.076171875 1714
19072.4453125 249
19076.240234375 94
19091.03125 2823
19100.650390625 471
19107.40625 473
19118.828125 747
19122.087890625 915
19131.2109375 921
19133.2109375 993
19137.0234375 1072
19166.611328125 1415
19168.298828125 1541
19179.28125 1746
19224.837890625 1949
19249.3125 2079
19329.701171875 2219
19394.611328125 2258
19429.52734375 2413
19437.56640625 2628
19482.951171875 2828
19499.94921875 2903
19513.078125 2996
19514.583984375 204
19520.451171875 1247
19521.11328125 1410
19556.3515625 1888
19585.732421875 1214
19641.974609375 1658
19643.892578125 2587
19648.39453125 380
19655.728515625 688
19672.03125 1761
19689.361328125 66
19715.95703125 127
19721.55859375 179
19729.32421875 855
19757.2890625 1198
19760.04296875 1250
19796.86328125 1507
19801.90625 1558
19811.73046875 2007
19837.669921875 2092
19869.17578125 2231
19922.787109375 2384
19940.02734375 2457
19941.865234375 2544
20027.74609375 2717
20028.59375 2774
20029.53515625 2794
20043.041015625 2909
20045.00390625 972
20057.228515625 1138
20067.279296875 1442
20101.458984375 1137
20103.005859375 102
20134.0703125 667
20146.70703125 1935
20188.607421875 2352
20189.564453125 2887
20226.369140625 427
20334.298828125 1533
20334.8203125 170
20349.6953125 262
20367.0 306
20370.13671875 596
20386.96484375 805
20420.8984375 849
20526.728515625 850
20620.12109375 965
20638.392578125 976
20678.083984375 1058
20793.33984375 1403
20827.15625 1645
20881.3203125 1999
20881.83984375 2292
20895.818359375 2392
20899.638671875 2403
20906.64453125 2497
20911.98828125 2524
20919.4609375 2601
20943.38671875 2652
20964.486328125 2657
21063.4453125 2761
21099.005859375 2839
21118.4140625 2939
21127.5703125 2984
21137.5078125 1027
21214.85546875 622
21214.85546875 417
21224.267578125 450
21258.8203125 690
21281.51953125 969
21329.451171875 982
21329.71875 1040
21333.818359375 1078
21346.25 1083
21424.96875 1382
21477.529296875 1391
21489.482421875 1486
21501.572265625 1503
21504.34765625 1547
21556.1171875 1561
21585.70703125 1965
21608.421875 2026
21624.212890625 2066
21630.96484375 2182
21686.26953125 2245
21728.62109375 2460
21767.5703125 2466
21783.048828125 2540
21803.541015625 2593
21803.541015625 2632
21808.236328125 2753
21837.02734375 2759
21904.884765625 2793
21913.697265625 2925
21922.28515625 2032
21937.16796875 2259
21943.9609375 771
21959.958984375 1543
21961.625 2241
21971.443359375 1964
22040.802734375 1625
22109.79296875 2693
22196.80078125 222
22330.173828125 258
22362.5859375 281
22570.41015625 506
22586.3203125 582
22673.283203125 724
22694.5390625 879
22772.591796875 1003
22777.134765625 1171
22801.73828125 1182
22813.357421875 1588
22850.98046875 1685
22869.5078125 1758
22898.24609375 2300
22960.19140625 2310
23006.177734375 2705
23021.67578125 2845
23026.544921875 2916
23069.248046875 1811
23165.8046875 2701
23167.802734375 421
23229.115234375 1440
23285.537109375 2337
23297.837890625 2531
23409.51171875 18
23439.62109375 29
23513.923828125 31
23559.150390625 104
23578.923828125 274
23819.87890625 321
23928.828125 370
23944.44140625 375
24230.6640625 562
24331.94140625 914
24377.50390625 944
24406.27734375 1672
24454.958984375 1684
24461.025390625 1825
24463.833984375 1846
24505.94921875 1960
24570.60546875 1976
24676.533203125 2006
24912.48828125 2319
24971.73046875 2405
25055.189453125 2550
25088.8359375 2606
25128.6640625 2768
25446.380859375 1081
25453.31640625 1780
25511.421875 16
25514.650390625 28
25571.796875 125
25668.583984375 212
25697.9765625 265
25857.33984375 295
26241.93359375 360
26599.384765625 364
26678.828125 937
26791.001953125 1077
26833.021484375 1101
26945.771484375 1241
27172.5703125 1243
27225.421875 1307
27246.703125 1343
27585.5234375 1404
27630.25 1418
28016.87890625 1585
28219.9296875 1719
28285.939453125 1822
28800.791015625 2009
30355.95703125 2164
30416.212890625 2214
30627.458984375 2250
31166.185546875 2263
31428.794921875 2342
32937.3515625 2359
39146.47265625 2547
