6024.0830078125 1446
6024.5732421875 87
6128.81591796875 251
6142.7841796875 527
6202.3447265625 529
6395.15478515625 625
6440.06396484375 641
6481.1884765625 693
6497.6162109375 873
6678.09130859375 881
6687.34912109375 928
6726.7861328125 1133
6726.9775390625 1283
6728.740234375 1318
6768.52685546875 1346
6784.98583984375 1417
6822.0625 1720
6866.7763671875 1987
6877.80908203125 2226
6878.3505859375 2296
6891.869140625 2515
6942.1513671875 2572
6981.86328125 2669
7004.486328125 2728
7012.04345703125 2734
7024.8046875 2746
7046.2705078125 2852
7046.736328125 2866
7078.23583984375 2915
7117.8173828125 2949
7145.8251953125 377
7162.29248046875 2281
7238.337890625 160
7249.89990234375 1
7264.05224609375 425
7264.2724609375 446
7264.2724609375 800
7268.267578125 918
7285.94775390625 953
7308.732421875 985
7311.82568359375 986
7332.017578125 1008
7435.9404296875 1043
7448.61962890625 1270
7464.8916015625 1317
7471.029296875 1435
7499.001953125 1548
7569.3046875 1606
7576.81201171875 1661
7576.96240234375 1712
7584.6796875 2010
7592.4541015625 2088
7633.20703125 2365
7666.78466796875 2410
7675.9228515625 2414
7678.63818359375 2482
7704.228515625 2560
7720.2763671875 2781
7771.47119140625 2820
7799.93212890625 997
7807.021484375 1781
7828.314453125 81
7858.4423828125 229
7862.63720703125 440
7872.0673828125 548
7885.6708984375 611
7963.92529296875 826
8012.37109375 834
8013.8935546875 848
8019.3271484375 871
8024.79638671875 893
8064.31103515625 1231
8079.43212890625 1256
8112.7802734375 1315
8116.23193359375 1458
8142.10791015625 1550
8175.546875 1671
8176.61865234375 1711
8221.5048828125 1815
8230.7802734375 1893
8273.8720703125 2312
8289.3447265625 2324
8291.7021484375 2385
8292.5390625 2447
8349.8876953125 2562
8351.7509765625 2610
8433.0546875 2622
8446.658203125 2853
8452.134765625 2924
8452.63671875 2927
8489.1318359375 2239
8525.947265625 1362
8542.5 1926
8555.828125 2997
8602.9931640625 254
8603.216796875 388
8612.8896484375 465
8618.9990234375 498
8636.833984375 520
8648.1513671875 962
8691.3427734375 981
8705.1982421875 1156
8734.5546875 1652
8735.4423828125 2205
8784.98046875 2339
8800.5576171875 2417
8801.2685546875 2494
8808.134765625 2687
8836.3544921875 1122
8864.19140625 1670
8916.83203125 264
8926.5 2173
8935.1357421875 1646
8943.51953125 2396
8957.71484375 49
8965.5849609375 189
9007.314453125 261
9014.24609375 263
9034.4306640625 430
9079.482421875 831
9091.787109375 899
9093.373046875 1123
9128.07421875 1169
9148.794921875 1350
9150.1943359375 1405
9179.736328125 1512
9190.0478515625 1750
9192.1904296875 1769
9192.537109375 1908
9241.44140625 1966
9254.99609375 1982
9287.138671875 1993
9320.7470703125 2094
9326.6650390625 2126
9334.4189453125 2141
9343.361328125 2171
9388.3291015625 2174
9389.8671875 2177
9402.9541015625 2237
9408.341796875 2367
9447.865234375 2536
9455.9873046875 2542
9500.27734375 2582
9521.95703125 2675
9553.580078125 2703
9597.6728515625 1873
9601.9794921875 2107
9620.6396484375 1281
9622.33203125 455
9623.349609375 470
9623.9296875 902
9634.984375 926
9635.3359375 967
9648.8125 1104
9658.349609375 1225
9668.013671875 1286
9668.384765625 1506
9677.5712890625 1516
9693.2626953125 1599
9695.791015625 1779
9697.4697265625 1848
9716.21484375 1867
9758.0263671875 1883
9775.27734375 2063
9775.3876953125 2210
9809.548828125 2246
9812.70703125 2285
9816.185546875 2361
9817.79296875 2686
9817.828125 2700
9860.5791015625 88
9871.494140625 586
9906.5693359375 136
9924.1484375 1471
9956.84765625 226
9981.8759765625 296
9988.6103515625 1197
9997.021484375 1666
10029.00390625 2511
10068.2919921875 101
10074.33203125 215
10082.181640625 549
10099.1962890625 550
10107.892578125 573
10188.564453125 1136
10188.6796875 1199
10202.7939453125 1530
10220.3544921875 1581
10226.4404296875 1640
10228.90625 1688
10230.14453125 1968
10238.2919921875 2526
10242.66796875 2571
10244.0244140625 2983
10279.5791015625 1787
10288.5546875 602
10321.8271484375 1146
10354.1806640625 253
10354.3251953125 342
10390.568359375 843
10440.1533203125 1233
10448.4697265625 1335
10453.814453125 1394
10462.263671875 1737
10478.333984375 1784
10490.486328125 1950
10495.7158203125 2025
10514.1220703125 2473
10537.0859375 2518
10568.51171875 999
10598.173828125 1056
10604.3720703125 1900
10610.94140625 1304
10629.26171875 1326
10634.30078125 2967
10687.962890625 1329
10697.26953125 50
10701.8212890625 318
10730.1708984375 389
10739.953125 478
10754.7177734375 491
10780.369140625 580
10781.3388671875 599
10782.6142578125 890
10807.2080078125 896
10814.150390625 909
10846.98828125 919
10858.400390625 995
10870.6923828125 1273
10874.9091796875 1342
10875.4951171875 1430
10882.12109375 1495
10883.0849609375 1568
10886.2626953125 1583
10894.390625 1764
10914.0634765625 1774
10920.126953125 2065
10932.8017578125 2117
10936.12109375 2181
10945.3046875 2268
10958.736328125 2465
10987.4853515625 2664
10992.658203125 2760
11009.65234375 2764
11009.9248046875 2938
11023.365234375 2943
11024.27734375 1860
11026.6787109375 2880
11062.072265625 1333
11068.9208984375 2631
11078.1328125 146
11108.916015625 1538
11123.40625 21
11124.5146484375 34
11133.716796875 200
11136.388671875 288
11139.482421875 336
11173.6943359375 385
11181.0888671875 517
11197.9228515625 546
11213.048828125 609
11224.83203125 614
11229.603515625 683
11238.53125 686
11251.4609375 769
11254.587890625 1097
11256.53515625 1221
11261.486328125 1322
11271.5400390625 1359
11277.4560546875 1376
11297.34375 1686
11324.498046875 1854
11326.591796875 2513
11331.3515625 2553
11340.201171875 2650
11342.705078125 2672
11357.9990234375 2911
11358.400390625 78
11362.404296875 2713
11390.1669921875 2800
11398.9404296875 2651
11400.62109375 2970
11435.9404296875 1045
11447.90625 1068
11451.8720703125 2078
11456.02734375 884
11463.2392578125 886
11480.5390625 1028
11516.9013671875 1845
11526.8056640625 1932
11527.7568359375 2489
11544.3837890625 90
11559.18359375 153
11571.1865234375 240
11585.3583984375 256
11593.3623046875 531
11596.0283203125 644
11611.580078125 706
11612.7646484375 775
11629.2294921875 1163
11636.03125 1483
11641.1259765625 2114
11642.6171875 2379
11648.3544921875 2424
11649.5986328125 2433
11697.65625 2435
11701.390625 2442
11702.3447265625 2683
11703.544921875 2811
11713.6162109375 2176
11716.806640625 169
11722.8349609375 2207
11740.5947265625 1144
11746.525390625 2180
11758.8857421875 73
11797.2470703125 663
11798.4560546875 677
11814.0751953125 756
11817.1630859375 925
11853.5234375 927
11858.552734375 946
11861.021484375 996
11903.28125 1141
11916.837890625 1202
11917.126953125 1251
11941.330078125 1457
11943.9580078125 1502
11954.8056640625 1591
11964.162109375 1733
11998.55078125 1735
11999.8662109375 1919
12009.9013671875 1933
12045.421875 1955
12046.39453125 2002
12050.0927734375 2335
12060.185546875 2341
12071.5537109375 2565
12077.365234375 2695
12103.8046875 2763
12124.5888671875 2840
12130.26171875 2422
12133.44140625 1020
12143.4609375 640
12153.8349609375 59
12177.837890625 177
12183.29296875 191
12184.0009765625 575
12198.8388671875 687
12199.205078125 934
12200.962890625 1119
12206.2060546875 1529
12217.8037109375 1697
12229.197265625 1810
12229.197265625 1831
12230.0576171875 2354
12231.1513671875 2528
12237.4892578125 2679
12243.12109375 2712
12243.3125 2747
12247.798828125 2809
12258.4619140625 2821
12260.8017578125 2842
12265.185546875 2860
12280.5205078125 2906
12284.19921875 2994
12293.9609375 186
12326.6337890625 223
12327.0712890625 1594
12340.4677734375 410
12350.2626953125 631
12385.1484375 132
12386.755859375 2576
12386.9072265625 1282
12396.4052734375 488
12396.6953125 869
12400.9609375 2059
12402.1279296875 787
12417.4873046875 904
12428.1484375 137
12428.7626953125 275
12429.2294921875 328
12440.3466796875 333
12465.84375 392
12466.740234375 407
12470.3681640625 489
12474.689453125 680
12479.052734375 1022
12479.052734375 1290
12479.75 1358
12487.9169921875 1607
12488.1396484375 1653
12500.0126953125 2024
12505.0205078125 2184
12509.20703125 2221
12515.205078125 2394
12517.5537109375 2427
12528.728515625 2517
12548.4833984375 2655
12549.51171875 2704
12554.291015625 2900
12569.201171875 2946
12588.451171875 459
12629.9033203125 1408
12675.2255859375 1339
12685.453125 22
12692.4169921875 45
12693.525390625 300
12717.66796875 812
12735.9404296875 922
12737.486328125 947
12740.8154296875 975
12741.2529296875 1001
12745.8212890625 1095
12756.966796875 1275
12775.9140625 1664
12808.49609375 1708
12809.125 1763
12827.2919921875 1766
12831.6728515625 1889
12835.67578125 2077
12837.86328125 2082
12846.087890625 2131
12859.2109375 2315
12873.701171875 2317
12877.177734375 2409
12882.478515625 2608
12885.443359375 2616
12887.5595703125 2649
12903.103515625 2819
12928.8642578125 2862
12929.2802734375 1164
12947.5537109375 2213
12963.220703125 1050
12967.7548828125 979
12981.451171875 1562
12982.158203125 1597
12987.3369140625 2334
12992.4541015625 587
13032.470703125 630
13050.39453125 777
13066.552734375 1012
13085.3525390625 1064
13089.4189453125 1082
13093.458984375 1462
13119.857421875 1501
13128.75390625 1654
13132.2177734375 1800
13151.3115234375 2656
13175.0146484375 2884
13186.146484375 1416
13196.4599609375 1575
13201.302734375 2889
13201.4482421875 445
13204.9248046875 30
13222.28515625 2484
13240.9921875 38
13245.0595703125 40
13267.30859375 76
13278.9296875 77
13313.962890625 108
13318.69921875 164
13334.1298828125 211
13383.73046875 225
13388.5869140625 376
13389.484375 437
13409.587890625 510
13416.2080078125 646
13418.822265625 671
13421.998046875 738
13427.431640625 770
13429.7890625 1434
13430.123046875 1610
13432.962890625 1662
13436.083984375 1709
13486.3408203125 1998
13524.6728515625 2166
13540.763671875 2220
13547.705078125 2238
13550.9755859375 2255
13584.328125 2345
13595.2900390625 2510
13600.86328125 2581
13618.6220703125 2607
13622.0283203125 2807
13626.1259765625 1015
13631.765625 1984
13632.1689453125 1258
13640.0380859375 2555
13642.3349609375 1147
13646.7607421875 865
13669.544921875 939
13673.6044921875 1497
13687.76171875 2630
13690.0908203125 2752
13690.0908203125 457
13691.583984375 309
13697.4296875 316
13705.35546875 483
13720.0673828125 484
13760.2353515625 633
13774.8486328125 1026
13805.736328125 1036
13829.353515625 1176
13838.3203125 1423
13843.3046875 1485
13843.96875 1590
13849.560546875 1702
13857.9150390625 1759
13864.2021484375 1818
13870.1162109375 1958
13886.5048828125 1963
13891.802734375 1977
13907.51953125 2053
13943.3564453125 2056
13946.4404296875 2125
13970.1162109375 2304
13990.7568359375 2356
13999.861328125 2477
14011.107421875 2533
14030.2578125 2732
14031.412109375 2948
14037.6298828125 1601
14039.138671875 2256
14039.4296875 2104
14047.76171875 284
14068.6484375 182
14073.580078125 916
14073.59375 1667
14089.81640625 1852
14095.439453125 727
14101.828125 2036
14105.9365234375 2772
14128.533203125 130
14130.34375 219
14135.888671875 394
14139.234375 405
14155.966796875 634
14163.89453125 856
14169.787109375 983
14177.322265625 1117
14178.2998046875 1386
14199.201171875 1791
14206.4853515625 1991
14207.21875 2060
14219.10546875 2215
14253.9560546875 2314
14260.10546875 2440
14275.21875 2467
14282.4736328125 2618
14282.8955078125 2648
14301.4833984375 2694
14315.681640625 1772
14317.037109375 818
14327.20703125 2907
14337.806640625 660
14342.8369140625 1168
14352.0087890625 1145
14360.5595703125 1476
14360.5595703125 1618
14379.431640625 655
14383.447265625 1592
14393.001953125 2120
14395.091796875 2557
14399.7060546875 112
14402.60546875 350
14420.123046875 356
14420.7001953125 448
14451.0146484375 1500
14457.236328125 1526
14464.29296875 1587
14468.880859375 1881
14473.81640625 1943
14474.708984375 1962
14480.1279296875 1995
14489.92578125 2075
14491.162109375 2118
14494.486328125 2309
14495.3828125 2418
14506.3818359375 2516
14511.5087890625 2588
14526.6533203125 2605
14533.310546875 2623
14552.65625 2937
14629.275390625 1005
14633.591796875 110
14641.0986328125 2360
14641.767578125 121
14660.14453125 1046
14679.009765625 298
14684.3583984375 372
14684.6640625 492
14696.6708984375 752
14712.5751953125 838
14727.7666015625 903
14739.982421875 1034
14741.4638671875 1128
14744.392578125 1187
14749.87109375 1437
14767.8408203125 1488
14786.017578125 1534
14791.984375 1657
14799.8515625 1678
14834.0234375 1824
14834.5263671875 1826
14840.4404296875 1941
14841.6484375 1997
14843.162109375 2318
14844.9521484375 2327
14854.4462890625 2362
14854.4462890625 2404
14855.6572265625 2453
14906.0791015625 2458
14920.298828125 2496
14924.5224609375 2696
14940.001953125 2722
14974.984375 2796
14979.25390625 2584
15001.708984375 2872
15009.4521484375 2589
15010.59375 2135
15013.568359375 1802
15018.0830078125 1853
15027.41015625 1892
15052.984375 1580
15053.853515625 25
15064.298828125 72
15069.1943359375 343
15088.1884765625 710
15092.927734375 755
15102.4189453125 885
15106.572265625 1683
15113.0283203125 1776
15113.5048828125 1972
15120.525390625 2047
15122.7294921875 2138
15136.6015625 2185
15137.060546875 2344
15153.1435546875 2545
15161.8046875 2573
15169.771484375 2855
15169.869140625 2159
15203.4755859375 1067
15237.01171875 371
15244.3837890625 243
15249.10546875 1301
15251.794921875 311
15276.62890625 426
15295.8232421875 648
15300.90625 720
15317.060546875 792
15318.3154296875 940
15349.19140625 1006
15349.59375 1032
15356.009765625 1160
15365.525390625 1189
15366.0166015625 2183
15366.865234375 2190
15387.79296875 2301
15402.6220703125 1459
15413.6298828125 1649
15416.6220703125 353
15467.9033203125 2706
15480.2451171875 1511
15497.525390625 1778
15498.8271484375 329
15512.337890625 731
15532.7421875 1400
15533.4345703125 2070
15586.0302734375 1480
15624.6630859375 1714
15630.51953125 249
15630.755859375 94
15643.52734375 2823
15657.166015625 471
15658.19140625 473
15664.7998046875 747
15670.6025390625 915
15695.205078125 921
15710.826171875 993
15713.4033203125 1072
15730.1552734375 1415
15733.6259765625 1541
15745.3330078125 1746
15748.498046875 1949
15795.4111328125 2079
15802.232421875 2219
15803.72265625 2258
15815.3603515625 2413
15840.755859375 2628
15851.1337890625 2828
15852.83984375 2903
15888.439453125 2996
15891.037109375 204
15897.501953125 1247
15906.251953125 1410
15912.82421875 1888
15917.1240234375 1214
15930.267578125 1658
15933.59375 2587
15934.1650390625 380
15935.779296875 688
15952.1943359375 1761
15959.5302734375 66
15986.9599609375 127
15996.0078125 179
16000.130859375 855
16030.529296875 1198
16031.2568359375 1250
16118.806640625 1507
16133.21875 1558
16152.0732421875 2007
16152.9453125 2092
16161.2763671875 2231
16184.5087890625 2384
16199.0166015625 2457
16204.0927734375 2544
16222.1767578125 2717
16227.6962890625 2774
16270.447265625 2794
16301.1728515625 2909
16309.396484375 972
16338.263671875 1138
16377.2509765625 1442
16382.076171875 1137
16391.076171875 102
16409.470703125 667
16416.015625 1935
16417.16796875 2352
16445.857421875 2887
16458.560546875 427
16461.359375 1533
16503.90234375 170
16511.39453125 262
16532.1640625 306
16533.767578125 596
16554.865234375 805
16596.171875 849
16625.9609375 850
16643.015625 965
16686.6015625 976
16686.916015625 1058
16691.4140625 1403
16691.64453125 1645
16714.138671875 1999
16721.57421875 2292
16725.58203125 2392
16740.328125 2403
16748.796875 2497
16751.0078125 2524
16753.162109375 2601
16753.458984375 2652
16780.158203125 2657
16793.7578125 2761
16833.31640625 2839
16840.111328125 2939
16844.54296875 2984
16908.76953125 1027
16945.533203125 622
16971.1015625 417
17003.94140625 450
17009.267578125 690
17023.201171875 969
17036.109375 982
17045.560546875 1040
17053.458984375 1078
17081.734375 1083
17155.935546875 1382
17226.81640625 1391
17239.87109375 1486
17293.80859375 1503
17312.796875 1547
17332.208984375 1561
17337.111328125 1965
17337.330078125 2026
17379.259765625 2066
17406.421875 2182
17410.978515625 2245
17449.3515625 2460
17525.544921875 2466
17529.791015625 2540
17542.572265625 2593
17544.705078125 2632
17571.8515625 2753
17579.015625 2759
17579.134765625 2793
17579.388671875 2925
17633.94140625 2152
17637.01171875 762
17692.27734375 2757
17704.2421875 37
17704.76171875 1624
17713.087890625 1271
17731.451171875 2370
17768.8828125 2895
17801.298828125 2411
17815.029296875 67
17836.841796875 150
17837.294921875 171
17871.5546875 195
17882.44140625 363
17882.90625 522
17936.45703125 657
17953.55078125 701
17963.74609375 760
18014.384765625 811
18030.421875 874
18088.736328125 875
18097.662109375 1002
18099.923828125 1007
18108.4921875 1023
18108.525390625 1356
18116.453125 1378
18153.025390625 1489
18154.375 1629
18176.150390625 2721
18315.134765625 2032
18389.45703125 2259
18425.5 771
18428.3828125 1543
18444.8984375 2241
18454.03125 1964
18499.4609375 1625
18506.23828125 2693
18508.767578125 222
18552.34765625 258
18561.20703125 281
18575.64453125 506
18603.482421875 582
18626.087890625 724
18672.443359375 879
18728.453125 1003
18759.927734375 1171
18765.26171875 1182
18776.455078125 1588
18825.4453125 1685
18870.46484375 1758
18891.013671875 2300
18941.568359375 2310
18990.353515625 2705
18990.435546875 2845
19091.40234375 2916
19107.7734375 1811
19116.623046875 2701
19125.125 421
19132.298828125 1440
19137.458984375 2337
19298.953125 2531
19300.880859375 18
19443.599609375 29
19519.412109375 31
19565.8203125 104
19631.185546875 274
19690.21484375 321
19778.005859375 370
19793.7578125 375
19800.01953125 562
19808.212890625 914
19845.41796875 944
19871.5234375 1672
19882.400390625 1684
19917.888671875 1825
20155.85546875 1846
20428.34375 1960
20430.099609375 1976
20438.6328125 2006
20462.830078125 2319
20659.72265625 2405
20833.39453125 2550
20881.943359375 2606
20888.0546875 2768
21044.8203125 1081
21106.673828125 1780
21127.798828125 16
21172.8046875 28
21185.091796875 125
21204.23828125 212
21311.5390625 265
21318.068359375 295
21526.689453125 360
21527.431640625 364
21816.01171875 937
21866.24609375 1077
21906.26171875 1101
21909.59375 1241
21971.53125 1243
21980.228515625 1307
22204.982421875 1343
22228.1796875 1404
22579.927734375 1418
22978.341796875 1585
23019.10546875 1719
24056.875 1822
24297.548828125 2009
24969.14453125 2164
26199.251953125 2214
27090.232421875 2250
29921.8125 2263
30398.955078125 2342
31569.365234375 2359
35873.20703125 2547
