1673.8897705078125 1811
1749.5616455078125 2701
1750.021484375 421
1957.02197265625 1440
2002.850830078125 2337
2031.365234375 2531
2127.47412109375 18
2132.89892578125 29
2171.483642578125 31
2183.6669921875 104
2327.839111328125 274
2416.64892578125 321
2435.3916015625 370
2751.5283203125 375
2786.91943359375 562
2831.1552734375 914
3098.0615234375 944
3169.37109375 1672
3352.404541015625 1684
3361.579345703125 1825
3455.659423828125 1846
3521.306640625 1960
3544.388671875 1976
3561.37548828125 2006
3684.401123046875 2319
4053.60205078125 2405
4120.89501953125 2550
4148.04736328125 2606
4216.650390625 2768
4244.0498046875 1446
4253.98095703125 87
4274.783203125 251
4381.91259765625 527
4458.8232421875 529
4794.20068359375 625
4906.32666015625 641
4915.84423828125 693
4925.9716796875 873
4927.19775390625 881
4935.884765625 928
4976.82958984375 1133
5085.4853515625 1283
5101.10986328125 1318
5154.541015625 1346
5164.994140625 1417
5181.13671875 1720
5230.78515625 1987
5374.2568359375 2226
5617.39453125 2296
5690.505859375 2515
5704.51611328125 2572
5828.3798828125 2669
5850.8271484375 2728
5868.015625 2734
6039.4287109375 2746
6068.0615234375 2852
6084.1669921875 2866
6201.7890625 2915
6253.96044921875 2949
6341.046875 377
6352.251953125 2281
6507.77197265625 160
6559.517578125 1
6619.98828125 425
6641.0986328125 446
6661.998046875 800
6830.21728515625 918
6839.98779296875 953
6855.15869140625 985
6944.6201171875 986
7040.34375 1008
7080.64794921875 1043
7262.9970703125 1270
7263.9677734375 1317
7281.64990234375 1435
7310.62890625 1548
7338.23095703125 1606
7375.79541015625 1661
7424.6806640625 1712
7516.0947265625 2010
7524.787109375 2088
7535.0859375 2365
7548.318359375 2410
7582.6806640625 2414
7614.6337890625 2482
7683.240234375 2560
7702.98486328125 2781
7726.23095703125 2820
7763.109375 997
7763.4912109375 1781
7922.09033203125 81
8040.4326171875 229
8064.16259765625 440
8065.2392578125 548
8273.205078125 611
8299.8544921875 826
8322.9697265625 834
8398.5361328125 848
8431.912109375 871
8435.32421875 893
8454.37109375 1231
8510.10546875 1256
8512.876953125 1315
8517.361328125 1458
8527.4765625 1550
8571.880859375 1671
8708.466796875 1711
8743.8046875 1815
8842.3115234375 1893
8873.0302734375 2312
8992.470703125 2324
9120.23046875 2385
9242.349609375 2447
9273.7861328125 2562
9286.91015625 2610
9327.9365234375 2622
9329.3544921875 2853
9348.216796875 2924
9348.5751953125 2927
9382.0341796875 2239
9401.4443359375 1362
9412.1787109375 1926
9447.6455078125 2997
9528.0546875 254
9612.001953125 388
9613.099609375 465
9695.1806640625 498
9826.873046875 520
9837.0380859375 962
9898.63671875 981
9905.16015625 1156
9955.3369140625 1652
10109.318359375 2205
10158.2138671875 2339
10290.634765625 2417
10304.0712890625 2494
10339.8251953125 2687
10354.45703125 1122
10427.41796875 1670
10427.97265625 264
10453.556640625 2173
10461.9619140625 1646
10500.3984375 2396
10605.375 49
10663.970703125 189
10707.99609375 261
10716.986328125 263
10735.75 430
10781.32421875 831
10805.4794921875 899
10854.421875 1123
10887.96875 1169
10913.935546875 1350
10992.240234375 1405
11039.580078125 1512
11077.484375 1750
11182.6025390625 1769
11189.140625 1908
11201.8212890625 1966
11229.0126953125 1982
11250.138671875 1993
11323.779296875 2094
11331.3681640625 2126
11331.5009765625 2141
11370.4228515625 2171
11397.8046875 2174
11444.4677734375 2177
11500.8935546875 2237
11510.955078125 2367
11533.6748046875 2536
11540.3837890625 2542
11557.5615234375 2582
11562.09765625 2675
11592.1025390625 2703
11610.322265625 1873
11660.0537109375 2107
11716.9140625 1281
11741.904296875 455
11768.7607421875 470
11863.75 902
11870.3046875 926
11885.5009765625 967
11924.9013671875 1104
11977.427734375 1225
12054.708984375 1286
12110.5693359375 1506
12116.8203125 1516
12136.533203125 1599
12146.3681640625 1779
12252.5498046875 1848
12259.3779296875 1867
12270.1474609375 1883
12295.693359375 2063
12400.734375 2210
12402.916015625 2246
12417.1357421875 2285
12434.32421875 2361
12444.005859375 2686
12508.798828125 2700
12525.654296875 88
12536.830078125 586
12537.00390625 136
12567.55078125 1471
12691.623046875 226
12705.12109375 296
12715.0419921875 1197
12740.7431640625 1666
12744.3564453125 2511
12744.845703125 101
12750.2109375 215
12770.2373046875 549
12774.73046875 550
12776.791015625 573
12846.7236328125 1136
12912.419921875 1199
12913.5537109375 1530
12924.3291015625 1581
12989.8642578125 1640
13021.087890625 1688
13025.3125 1968
13041.7685546875 2526
13066.8876953125 2571
13070.2568359375 2983
13073.783203125 1787
13163.7421875 602
13199.9208984375 1146
13202.9931640625 253
13215.82421875 342
13228.962890625 843
13302.978515625 1233
13338.8505859375 1335
13367.166015625 1394
13384.4599609375 1737
13534.798828125 1784
13555.552734375 1950
13583.6708984375 2025
13630.2158203125 2473
13631.1123046875 2518
13693.890625 999
13701.8154296875 1056
13718.7802734375 1900
13732.365234375 1304
13734.3896484375 1326
13812.8828125 2967
13820.671875 1329
13824.853515625 50
13857.53125 318
13924.955078125 389
13942.4462890625 478
13944.0419921875 491
13944.5498046875 580
13970.517578125 599
14022.869140625 890
14037.2578125 896
14071.8193359375 909
14074.7666015625 919
14081.4716796875 995
14111.625 1273
14163.23046875 1342
14165.064453125 1430
14172.1181640625 1495
14292.4013671875 1568
14408.51953125 1583
14467.5 1764
14499.1044921875 1774
14499.93359375 2065
14511.4619140625 2117
14534.1396484375 2181
14539.166015625 2268
14567.712890625 2465
14576.13671875 2664
14598.0458984375 2760
14609.9365234375 2764
14669.67578125 2938
14679.142578125 2943
14689.333984375 1860
14693.099609375 2880
14695.2001953125 1333
14728.0400390625 2631
14743.580078125 146
14744.1220703125 1538
14769.443359375 21
14851.82421875 34
14872.8798828125 200
14908.35546875 288
14908.64453125 336
14950.01953125 385
14958.6416015625 517
14984.6103515625 546
14992.8984375 609
14998.294921875 614
15033.3876953125 683
15081.1572265625 686
15098.54296875 769
15100.7138671875 1097
15134.638671875 1221
15136.2431640625 1322
15155.3798828125 1359
15160.5185546875 1376
15201.734375 1686
15206.4912109375 1854
15219.099609375 2513
15248.431640625 2553
15284.6259765625 2650
15286.4775390625 2672
15308.703125 2911
15311.0654296875 78
15318.65234375 2713
15322.8642578125 2800
15353.2236328125 2651
15361.6279296875 2970
15367.3740234375 1045
15381.865234375 1068
15404.3896484375 2078
15447.638671875 884
15473.71875 886
15480.1455078125 1028
15505.525390625 1845
15539.2041015625 1932
15544.849609375 2489
15549.74609375 90
15563.203125 153
15581.228515625 240
15595.896484375 256
15625.162109375 531
15642.8818359375 644
15644.0380859375 706
15683.4794921875 775
15691.306640625 1163
15701.892578125 1483
15708.3515625 2114
15711.75 2379
15802.65625 2424
15807.1396484375 2433
15815.4375 2435
15824.7275390625 2442
15832.525390625 2683
15848.951171875 2811
15863.166015625 2176
15864.87109375 169
15871.4287109375 2207
15913.8671875 1144
15939.908203125 2180
15989.353515625 73
15995.841796875 663
16009.66015625 677
16042.150390625 756
16049.5126953125 925
16057.076171875 927
16103.7099609375 946
16109.1611328125 996
16110.5712890625 1141
16110.5712890625 1202
16203.0849609375 1251
16242.0693359375 1457
16250.705078125 1502
16251.568359375 1591
16258.8154296875 1733
16264.419921875 1735
16265.3388671875 1919
16267.13671875 1933
16280.927734375 1955
16282.4482421875 2002
16294.9423828125 2335
16302.4873046875 2341
16366.1865234375 2565
16376.4765625 2695
16414.857421875 2763
16424.5546875 2840
16425.646484375 2422
16458.724609375 1020
16467.36328125 640
16485.263671875 59
16505.75390625 177
16525.662109375 191
16534.654296875 575
16537.2265625 687
16548.689453125 934
16570.38671875 1119
16588.9140625 1529
16593.82421875 1697
16630.11328125 1810
16634.51171875 1831
16645.619140625 2354
16660.515625 2528
16704.03515625 2679
16714.439453125 2712
16751.453125 2747
16771.412109375 2809
16785.537109375 2821
16811.328125 2842
16865.34375 2860
16890.216796875 2906
16960.83984375 2994
17006.134765625 186
17040.802734375 223
17049.830078125 1594
17065.91796875 410
17071.6640625 631
17072.9140625 132
17077.46875 2576
17078.470703125 1282
17085.37890625 488
17088.990234375 869
17092.8046875 2059
17110.79296875 787
17135.84375 904
17144.650390625 137
17156.173828125 275
17180.9375 328
17225.021484375 333
17275.88671875 392
17288.244140625 407
17326.083984375 489
17363.296875 680
17373.142578125 1022
17380.1796875 1290
17409.869140625 1358
17413.0546875 1607
17433.994140625 1653
17435.58203125 2024
17462.1015625 2184
17462.111328125 2221
17474.861328125 2394
17482.302734375 2427
17498.49609375 2517
17506.265625 2655
17518.9375 2704
17527.462890625 2900
17567.123046875 2946
17573.634765625 459
17579.86328125 1408
17625.20703125 1339
17634.234375 22
17637.65625 45
17670.630859375 300
17682.708984375 812
17701.7109375 922
17744.611328125 947
17744.611328125 975
17771.322265625 1001
17798.109375 1095
17807.736328125 1275
17820.966796875 1664
17850.583984375 1708
17878.560546875 1763
17887.91796875 1766
17908.814453125 1889
17910.07421875 2077
17912.37109375 2082
17929.244140625 2131
17947.59375 2315
18013.009765625 2317
18019.158203125 2409
18044.318359375 2608
18064.76171875 2616
18138.3125 2649
18149.08984375 2819
18166.833984375 2862
18172.3828125 1164
18187.869140625 2213
18192.19921875 1050
18211.92578125 979
18227.548828125 1562
18290.046875 1597
18319.17578125 2334
18327.990234375 587
18337.142578125 630
18339.8203125 777
18354.294921875 1012
18363.98828125 1064
18364.798828125 1082
18426.97265625 1462
18426.97265625 1501
18465.2734375 1654
18480.736328125 1800
18520.931640625 2656
18522.6796875 2884
18530.02734375 1416
18530.03515625 1575
18538.3203125 2889
18573.54296875 445
18580.70703125 30
18596.1484375 2484
18606.82421875 38
18634.63671875 40
18653.775390625 76
18664.857421875 77
18681.056640625 108
18694.54296875 164
18710.673828125 211
18725.3828125 225
18729.38671875 376
18729.763671875 437
18736.91796875 510
18752.12109375 646
18764.5625 671
18771.98046875 738
18796.2734375 770
18810.779296875 1434
18828.7890625 1610
18881.83984375 1662
18891.583984375 1709
18903.580078125 1998
18919.205078125 2166
18976.583984375 2220
19010.453125 2238
19035.99609375 2255
19038.638671875 2345
19050.201171875 2510
19053.748046875 2581
19057.650390625 2607
19066.33984375 2807
19070.08984375 1015
19077.689453125 1984
19089.5390625 1258
19126.9140625 2555
19175.23828125 1147
19228.10546875 865
19249.068359375 939
19295.048828125 1497
19322.287109375 2630
19326.515625 2752
19331.2109375 457
19334.84765625 309
19335.119140625 316
19352.482421875 483
19363.306640625 484
19429.861328125 633
19495.5625 1026
19496.046875 1036
19496.919921875 1176
19502.953125 1423
19521.48828125 1485
19525.205078125 1590
19556.935546875 1702
19578.91015625 1759
19606.11328125 1818
19636.39453125 1958
19636.837890625 1963
19640.818359375 1977
19645.91015625 2053
19649.703125 2056
19681.11328125 2125
19693.185546875 2304
19699.943359375 2356
19703.724609375 2477
19704.767578125 2533
19711.60546875 2732
19727.544921875 2948
19747.20703125 1601
19749.119140625 2256
19782.283203125 2104
19851.154296875 284
19871.67578125 182
19895.453125 916
19900.908203125 1667
19921.0625 1852
19930.060546875 727
19940.296875 2036
19950.677734375 2772
19957.427734375 130
19976.302734375 219
20006.556640625 394
20031.611328125 405
20043.234375 634
20060.70703125 856
20063.68359375 983
20073.806640625 1117
20095.015625 1386
20105.1484375 1791
20122.87109375 1991
20146.13671875 2060
20178.01953125 2215
20183.72265625 2314
20188.431640625 2440
20193.81640625 2467
20198.25390625 2618
20202.578125 2648
20204.19921875 2694
20205.87890625 1772
20206.7265625 818
20225.970703125 2907
20241.259765625 660
20241.798828125 1168
20247.96484375 1145
20260.251953125 1476
20273.658203125 1618
20406.875 655
20407.736328125 1592
20427.845703125 2120
20431.791015625 2557
20447.5078125 112
20456.28515625 350
20468.16015625 356
20480.3828125 448
20500.55859375 1500
20512.443359375 1526
20563.3046875 1587
20570.310546875 1881
20580.8671875 1943
20581.041015625 1962
20592.42578125 1995
20640.134765625 2075
20653.923828125 2118
20681.357421875 2309
20682.927734375 2418
20732.99609375 2516
20740.77734375 2588
20744.6015625 2605
20773.48046875 2623
20773.75 2937
20785.06640625 1005
20815.1328125 110
20829.900390625 2360
20857.291015625 121
20861.125 1046
20868.623046875 298
20874.2109375 372
20875.494140625 492
20883.203125 752
20934.67578125 838
20973.41015625 903
20977.365234375 1034
20986.744140625 1128
21013.142578125 1187
21066.53515625 1437
21110.009765625 1488
21121.888671875 1534
21134.759765625 1657
21220.94921875 1678
21228.1875 1824
21255.80078125 1826
21268.990234375 1941
21282.73046875 1997
21304.87109375 2318
21305.421875 2327
21314.927734375 2362
21360.431640625 2404
21380.111328125 2453
21392.28515625 2458
21407.587890625 2496
21412.662109375 2696
21422.166015625 2722
21463.728515625 2796
21489.576171875 2584
21500.087890625 2872
21503.5703125 2589
21526.216796875 2135
21573.41796875 1802
21576.95703125 1853
21588.119140625 1892
21602.525390625 1580
21640.89453125 25
21642.77734375 72
21648.04296875 343
21649.98828125 710
21656.142578125 755
21676.8125 885
21803.51953125 1683
21839.111328125 1776
21852.041015625 1972
21852.041015625 2047
21867.6875 2138
21889.94140625 2185
21904.640625 2344
21952.62890625 2545
21957.5078125 2573
21975.279296875 2855
21988.369140625 2159
22016.578125 1067
22016.640625 371
22034.4609375 243
22043.494140625 1301
22108.349609375 311
22113.904296875 426
22115.310546875 648
22119.49609375 720
22135.26953125 792
22145.912109375 940
22147.1953125 1006
22164.685546875 1032
22203.0859375 1160
22209.984375 1189
22219.388671875 2183
22264.36328125 2190
22336.8046875 2301
22345.40234375 1459
22386.1171875 1649
22396.337890625 353
22400.232421875 2706
22402.96875 1511
22443.4609375 1778
22485.49609375 329
22492.333984375 731
22509.87890625 1400
22543.33203125 2070
22558.125 1480
22580.958984375 1714
22586.171875 249
22601.67578125 94
22628.2109375 2823
22637.326171875 471
22663.5546875 473
22710.4921875 747
22726.572265625 915
22739.99609375 921
22751.69921875 993
22830.169921875 1072
22848.470703125 1415
22857.326171875 1541
22858.5078125 1746
22863.00390625 1949
22868.181640625 2079
22935.58203125 2219
22953.923828125 2258
22955.544921875 2413
22974.41796875 2628
22974.435546875 2828
22988.51171875 2903
23007.6015625 2996
23032.224609375 204
23033.72265625 1247
23066.2578125 1410
23200.33984375 1888
23208.640625 1214
23234.24609375 1658
23234.935546875 2587
23275.0546875 380
23276.8046875 688
23333.33203125 1761
23386.54296875 66
23400.06640625 127
23406.083984375 179
23442.943359375 855
23458.537109375 1198
23465.11328125 1250
23467.013671875 1507
23498.6171875 1558
23509.07421875 2007
23541.357421875 2092
23543.923828125 2231
23557.48828125 2384
23574.828125 2457
23579.44921875 2544
23587.791015625 2717
23589.533203125 2774
23599.890625 2794
23633.830078125 2909
23664.591796875 972
23669.01171875 1138
23689.1328125 1442
23733.94921875 1137
23824.619140625 102
23824.634765625 667
23925.306640625 1935
23950.408203125 2352
23953.4921875 2887
23975.671875 427
23998.27734375 1533
24001.427734375 170
24036.1171875 262
24052.505859375 306
24069.771484375 596
24077.7578125 805
24090.076171875 849
24131.783203125 850
24159.384765625 965
24178.42578125 976
24280.71875 1058
24298.134765625 1403
24299.919921875 1645
24303.34375 1999
24443.609375 2292
24450.45703125 2392
24530.876953125 2403
24534.490234375 2497
24543.767578125 2524
24625.150390625 2601
24638.33203125 2652
24644.63671875 2657
24670.537109375 2761
24764.75 2839
24765.25390625 2939
24786.22265625 2984
24788.673828125 1027
24798.228515625 622
24800.986328125 417
24897.23828125 450
24910.0859375 690
24923.09375 969
24929.94921875 982
24934.380859375 1040
24949.087890625 1078
24988.099609375 1083
25086.59765625 1382
25180.208984375 1391
25208.521484375 1486
25235.56640625 1503
25313.669921875 1547
25354.869140625 1561
25374.9921875 1965
25450.423828125 2026
25484.29296875 2066
25498.279296875 2182
25513.078125 2245
25552.826171875 2460
25584.078125 2466
25598.4765625 2540
25636.115234375 2593
25748.232421875 2632
25770.6796875 2753
25790.759765625 2759
25898.3359375 2793
25983.515625 2925
26034.3203125 2152
26035.984375 762
26042.43359375 2757
26048.353515625 37
26069.962890625 1624
26069.962890625 1271
26257.35546875 2370
26415.87890625 2895
26417.1875 2411
26420.486328125 67
26611.083984375 150
26658.21484375 171
26828.2109375 195
26856.345703125 363
26953.861328125 522
26972.201171875 657
26978.638671875 701
27178.72265625 760
27239.57421875 811
27256.205078125 874
27272.337890625 875
27344.765625 1002
27582.8046875 1007
27621.451171875 1023
27621.451171875 1356
27630.041015625 1378
27646.81640625 1489
27697.078125 1629
27711.8203125 2721
27727.4375 2032
27737.900390625 2259
27944.6328125 771
27953.0390625 1543
28015.53125 2241
28216.03515625 1964
28232.908203125 1625
28291.18359375 2693
28379.205078125 222
28453.6171875 258
28509.3359375 281
28667.966796875 506
28924.140625 582
29071.677734375 724
29087.88671875 879
29091.373046875 1003
29123.634765625 1171
29255.70703125 1182
29257.701171875 1588
29259.283203125 1685
29291.86328125 1758
29573.455078125 2300
29761.962890625 2310
29803.7421875 2705
29941.828125 2845
30045.470703125 2916
30134.32421875 1081
30458.341796875 1780
30532.427734375 16
30663.4765625 28
30787.6171875 125
30824.21484375 212
30929.7265625 265
30941.41015625 295
31210.177734375 360
31287.822265625 364
31757.45703125 937
32038.755859375 1077
32057.2734375 1101
32060.146484375 1241
32195.13671875 1243
32294.822265625 1307
32362.779296875 1343
32510.681640625 1404
32913.4140625 1418
32972.90625 1585
33094.58203125 1719
33573.10546875 1822
33606.94921875 2009
33728.2421875 2164
33870.6328125 2214
33984.84765625 2250
34654.375 2263
34860.19140625 2342
35021.2109375 2359
35078.265625 2547
