6257.79443359375 1329
6471.25830078125 50
6810.435546875 318
6902.3291015625 389
6902.3291015625 478
6923.21142578125 491
7051.39306640625 580
7350.544921875 599
7356.30712890625 890
7449.796875 896
7538.88916015625 909
7635.005859375 919
7638.97412109375 995
7723.87109375 1273
7758.9609375 1342
7791.1591796875 1430
7824.30517578125 1495
7896.193359375 1568
7902.8779296875 1583
7963.0625 1764
8019.78662109375 1774
8088.2373046875 2065
8132.5244140625 2117
8195.7607421875 2181
8196.443359375 2268
8201.060546875 2465
8206.892578125 2664
8226.322265625 2760
8304.94140625 2764
8310.88671875 2938
8316.689453125 2943
8346.8056640625 1860
8393.8349609375 2880
8415.267578125 1446
8433.021484375 87
8467.6484375 251
8500.984375 527
8501.587890625 529
8556.2490234375 625
8588.265625 641
8611.255859375 693
8631.287109375 873
8646.5517578125 881
8657.44921875 928
8664.91796875 1133
8706.984375 1283
8719.685546875 1318
8739.125 1346
8766.572265625 1417
8803.9609375 1720
8839.3642578125 1987
8857.4169921875 2226
8891.841796875 2296
8909.5771484375 2515
8930.9521484375 2572
8934.4296875 2669
8939.650390625 2728
8945.1123046875 2734
8964.404296875 2746
8973.4072265625 2852
9018.0693359375 2866
9040.5185546875 2915
9050.4873046875 2949
9085.4404296875 377
9086.8828125 2281
9091.02734375 160
9155.916015625 1
9178.814453125 425
9179.9208984375 446
9193.7490234375 800
9196.8828125 918
9212.84765625 953
9228.1171875 985
9233.9833984375 986
9278.37890625 1008
9306.439453125 1043
9309.3125 1270
9312.8388671875 1317
9317.255859375 1435
9327.572265625 1548
9338.900390625 1606
9343.16796875 1661
9347.251953125 1712
9368.5625 2010
9372.09375 2088
9397.8291015625 2365
9399.23828125 2410
9402.62890625 2414
9409.75 2482
9429.2236328125 2560
9442.107421875 2781
9449.5458984375 2820
9455.96875 997
9510.806640625 1781
9516.43359375 81
9542.037109375 229
9554.505859375 440
9558.666015625 548
9564.3232421875 611
9608.64453125 826
9619.0986328125 834
9620.634765625 848
9628.8642578125 871
9633.0634765625 893
9676.072265625 1231
9725.14453125 1256
9731.3544921875 1315
9745.9921875 1458
9805.7666015625 1550
9839.37109375 1671
9852.05859375 1711
9855.5927734375 1815
9888.369140625 1893
9896.7890625 2312
9930.0517578125 2324
9938.0546875 2385
9975.74609375 2447
9996.8095703125 2562
10007.1083984375 2610
10032.75390625 2622
10034.1513671875 2853
10034.9345703125 2924
10051.8935546875 2927
10090.1875 2239
10097.341796875 1362
10143.52734375 1926
10207.7373046875 2997
10225.82421875 254
10250.8857421875 388
10269.958984375 465
10278.4716796875 498
10282.103515625 520
10283.654296875 962
10287.3994140625 981
10315.513671875 1156
10323.5 1652
10325.9228515625 2205
10335.9755859375 2339
10338.166015625 2417
10368.494140625 2494
10388.4794921875 2687
10418.8740234375 1122
10422.126953125 1670
10422.126953125 264
10448.888671875 2173
10467.9990234375 1646
10509.568359375 2396
10524.5751953125 49
10531.0146484375 189
10547.896484375 261
10550.869140625 263
10557.4052734375 430
10584.9541015625 831
10587.3896484375 899
10593.0302734375 1123
10616.3330078125 1169
10638.3642578125 1350
10641.67578125 1405
10658.376953125 1512
10670.5908203125 1750
10676.423828125 1769
10684.48828125 1908
10689.568359375 1966
10698.1455078125 1982
10712.291015625 1993
10713.708984375 2094
10719.4443359375 2126
10721.0078125 2141
10738.4150390625 2171
10746.9716796875 2174
10755.3193359375 2177
10758.5947265625 2237
10763.9140625 2367
10774.333984375 2536
10800.97265625 2542
10808.2578125 2582
10832.5302734375 2675
10836.03125 2703
10836.1640625 1873
10839.328125 2107
10850.0556640625 1281
10853.0751953125 455
10855.224609375 470
10878.8447265625 902
10882.884765625 926
10892.6357421875 967
10899.0595703125 1104
10899.3291015625 1225
10931.73046875 1286
10931.88671875 1506
10955.662109375 1516
10965.79296875 1599
10976.87109375 1779
10986.068359375 1848
10991.123046875 1867
11003.62890625 1883
11025.998046875 2063
11031.0244140625 2210
11037.626953125 2246
11049.2119140625 2285
11049.6416015625 2361
11056.9501953125 2686
11058.3505859375 2700
11059.41796875 88
11083.9287109375 586
11089.556640625 136
11091.35546875 1471
11096.83203125 226
11096.890625 296
11112.728515625 1197
11134.5634765625 1666
11135.3544921875 2511
11136.1875 101
11141.142578125 215
11159.248046875 549
11162.6123046875 550
11169.0 573
11173.455078125 1136
11180.697265625 1199
11181.6845703125 1530
11183.3212890625 1581
11201.42578125 1640
11203.9560546875 1688
11204.705078125 1968
11229.103515625 2526
11241.4248046875 2571
11260.001953125 2983
11263.1015625 1787
11263.365234375 602
11294.107421875 1146
11303.419921875 253
11323.0625 342
11330.4677734375 843
11341.150390625 1233
11358.025390625 1335
11366.890625 1394
11370.384765625 1737
11373.99609375 1784
11381.8466796875 1950
11388.49609375 2025
11395.37109375 2473
11408.5224609375 2518
11431.111328125 999
11438.28125 1056
11451.341796875 1900
11472.1318359375 1304
11476.74609375 1326
11479.236328125 2967
11481.2958984375 1333
11492.2529296875 2631
11494.099609375 146
11496.767578125 1538
11497.0537109375 21
11503.427734375 34
11504.5712890625 200
11527.390625 288
11527.55859375 336
11538.9814453125 385
11546.8359375 517
11563.111328125 546
11566.8212890625 609
11598.533203125 614
11617.439453125 683
11618.3134765625 686
11625.728515625 769
11633.70703125 1097
11639.142578125 1221
11644.111328125 1322
11651.4228515625 1359
11665.130859375 1376
11669.390625 1686
11677.548828125 1854
11680.275390625 2513
11685.61328125 2553
11686.384765625 2650
11698.3125 2672
11710.1826171875 2911
11710.830078125 78
11711.65234375 2713
11713.662109375 2800
11717.2939453125 2651
11741.08203125 2970
11758.451171875 1045
11774.2705078125 1068
11774.6845703125 2078
11782.7548828125 884
11791.640625 886
11793.5361328125 1028
11810.845703125 1845
11815.11328125 1932
11815.11328125 2489
11840.837890625 90
11856.0869140625 153
11868.2978515625 240
11876.9736328125 256
11890.5703125 531
11903.1787109375 644
11904.8154296875 706
11908.3271484375 775
11910.8583984375 1163
11910.8671875 1483
11923.9609375 2114
11924.66796875 2379
11941.642578125 2424
11943.6298828125 2433
11947.6513671875 2435
11979.9111328125 2442
11985.9521484375 2683
11998.48046875 2811
12014.556640625 2176
12040.919921875 169
12052.953125 2207
12071.7666015625 1144
12082.2470703125 2180
12085.712890625 73
12087.546875 663
12091.2265625 677
12093.5234375 756
12099.3212890625 925
12106.0419921875 927
12115.8544921875 946
12127.484375 996
12140.591796875 1141
12161.9619140625 1202
12162.537109375 1251
12167.0830078125 1457
12169.744140625 1502
12170.9794921875 1591
12172.3125 1733
12176.8076171875 1735
12188.3359375 1919
12210.9189453125 1933
12230.1142578125 1955
12244.0673828125 2002
12245.91015625 2335
12256.7666015625 2341
12264.4150390625 2565
12267.455078125 2695
12272.6328125 2763
12274.3828125 2840
12294.0478515625 2422
12321.7548828125 1020
12323.890625 640
12329.138671875 59
12332.0126953125 177
12345.6162109375 191
12376.51171875 575
12380.40234375 687
12381.3427734375 934
12389.171875 1119
12389.3486328125 1529
12392.91796875 1697
12409.2275390625 1810
12418.8291015625 1831
12435.91015625 2354
12442.373046875 2528
12446.0361328125 2679
12453.046875 2712
12460.1337890625 2747
12486.4990234375 2809
12488.63671875 2821
12503.6748046875 2842
12514.49609375 2860
12521.189453125 2906
12532.90625 2994
12538.20703125 186
12541.142578125 223
12565.72265625 1594
12584.4453125 410
12595.17578125 631
12615.61328125 132
12623.51953125 2576
12623.6484375 1282
12628.8662109375 488
12631.25 869
12637.25 2059
12639.4208984375 787
12656.0712890625 904
12662.5283203125 137
12670.16796875 275
12702.0234375 328
12710.4140625 333
12740.98046875 392
12760.794921875 407
12768.150390625 489
12773.9970703125 680
12794.888671875 1022
12794.888671875 1290
12800.1083984375 1358
12805.162109375 1607
12811.57421875 1653
12814.154296875 2024
12828.3154296875 2184
12828.423828125 2221
12829.0 2394
12835.837890625 2427
12838.990234375 2517
12848.7529296875 2655
12850.2939453125 2704
12853.439453125 2900
12867.83984375 2946
12869.23828125 459
12891.8017578125 1408
12897.4931640625 1339
12901.1494140625 22
12903.705078125 45
12904.603515625 300
12905.0888671875 812
12930.8125 922
12937.2177734375 947
12940.115234375 975
12946.7890625 1001
12962.5185546875 1095
12968.0068359375 1275
12978.3154296875 1664
12990.091796875 1708
12995.46875 1763
13005.0361328125 1766
13013.3603515625 1889
13017.98046875 2077
13024.3505859375 2082
13029.32421875 2131
13036.48046875 2315
13038.6103515625 2317
13050.36328125 2409
13055.970703125 2608
13060.009765625 2616
13096.052734375 2649
13097.796875 2819
13106.9267578125 2862
13108.734375 1164
13111.376953125 2213
13111.728515625 1050
13118.6640625 979
13135.6875 1562
13150.576171875 1597
13154.2275390625 2334
13154.9580078125 587
13166.98046875 630
13168.8095703125 777
13173.9521484375 1012
13195.865234375 1064
13226.849609375 1082
13236.5830078125 1462
13243.9638671875 1501
13252.2294921875 1654
13262.701171875 1800
13273.19140625 2656
13278.908203125 2884
13282.03125 1416
13295.748046875 1575
13298.9228515625 2889
13309.791015625 445
13312.251953125 30
13322.287109375 2484
13322.314453125 38
13327.8095703125 40
13335.09375 76
13345.521484375 77
13387.4072265625 108
13387.86328125 164
13408.1162109375 211
13443.1025390625 225
13460.3876953125 376
13462.3671875 437
13466.6640625 510
13489.5947265625 646
13498.3037109375 671
13506.783203125 738
13507.578125 770
13520.0732421875 1434
13522.4462890625 1610
13529.7041015625 1662
13530.546875 1709
13546.8798828125 1998
13546.9921875 2166
13567.8447265625 2220
13570.751953125 2238
13581.158203125 2255
13588.2783203125 2345
13599.9541015625 2510
13610.466796875 2581
13616.8818359375 2607
13625.294921875 2807
13636.5458984375 1015
13653.6181640625 1984
13655.1865234375 1258
13662.109375 2555
13671.1572265625 1147
13676.123046875 865
13678.111328125 939
13683.5537109375 1497
13684.556640625 2630
13684.6943359375 2752
13697.0517578125 457
13724.7421875 309
13736.998046875 316
13742.55078125 483
13745.791015625 484
13759.474609375 633
13768.07421875 1026
13777.40625 1036
13780.8798828125 1176
13785.123046875 1423
13811.0498046875 1485
13813.9306640625 1590
13815.0205078125 1702
13855.5673828125 1759
13857.6123046875 1818
13870.501953125 1958
13883.2451171875 1963
13887.25 1977
13904.916015625 2053
13915.2060546875 2056
13929.94921875 2125
13936.9833984375 2304
13948.7734375 2356
13959.6328125 2477
13961.5439453125 2533
13962.9501953125 2732
13968.9814453125 2948
14020.48828125 1601
14022.27734375 2256
14047.453125 2104
14052.56640625 284
14059.5126953125 182
14078.7666015625 916
14086.419921875 1667
14107.744140625 1852
14116.6494140625 727
14117.521484375 2036
14123.943359375 2772
14130.0751953125 130
14137.00390625 219
14144.1162109375 394
14154.474609375 405
14163.3076171875 634
14166.5966796875 856
14172.568359375 983
14181.0927734375 1117
14185.0205078125 1386
14191.6611328125 1791
14204.677734375 1991
14208.2734375 2060
14212.4140625 2215
14219.1748046875 2314
14222.93359375 2440
14224.26171875 2467
14238.60546875 2618
14242.251953125 2648
14247.9208984375 2694
14254.8974609375 1772
14260.140625 818
14261.4404296875 2907
14265.859375 660
14268.8525390625 1168
14272.91015625 1145
14275.9033203125 1476
14286.3134765625 1618
14304.1572265625 655
14329.6474609375 1592
14330.537109375 2120
14336.9599609375 2557
14341.1728515625 112
14344.8486328125 350
14353.69140625 356
14369.0009765625 448
14381.9609375 1500
14395.26953125 1526
14400.3359375 1587
14411.4599609375 1881
14429.765625 1943
14437.890625 1962
14444.8017578125 1995
14445.1884765625 2075
14458.9453125 2118
14462.2431640625 2309
14488.95703125 2418
14491.923828125 2516
14504.208984375 2588
14513.21875 2605
14513.734375 2623
14519.935546875 2937
14527.009765625 1005
14530.11328125 110
14539.20703125 2360
14543.306640625 121
14572.0361328125 1046
14573.427734375 298
14579.9326171875 372
14593.75390625 492
14604.841796875 752
14646.142578125 838
14665.359375 903
14676.2412109375 1034
14735.33203125 1128
14743.544921875 1187
14783.6708984375 1437
14789.376953125 1488
14791.72265625 1534
14804.12109375 1657
14813.5888671875 1678
14815.0 1824
14815.009765625 1826
14815.89453125 1941
14826.3291015625 1997
14831.501953125 2318
14837.400390625 2327
14839.8486328125 2362
14850.580078125 2404
14857.2861328125 2453
14873.7705078125 2458
14880.056640625 2496
14880.7109375 2696
14882.763671875 2722
14903.2333984375 2796
14907.5771484375 2584
14908.537109375 2872
14909.9794921875 2589
14911.0966796875 2135
14920.0126953125 1802
14925.96484375 1853
14940.2763671875 1892
14941.0166015625 1580
14942.197265625 25
14954.9052734375 72
14972.78125 343
14990.90234375 710
14992.3974609375 755
15012.1591796875 885
15038.4013671875 1683
15038.8876953125 1776
15067.9423828125 1972
15078.9677734375 2047
15096.1279296875 2138
15100.201171875 2185
15117.201171875 2344
15118.4599609375 2545
15119.736328125 2573
15128.09765625 2855
15157.443359375 2159
15182.78515625 1067
15190.4765625 371
15197.0830078125 243
15245.2333984375 1301
15270.484375 311
15281.6064453125 426
15303.6259765625 648
15304.5478515625 720
15333.599609375 792
15334.240234375 940
15337.642578125 1006
15341.599609375 1032
15366.2861328125 1160
15398.86328125 1189
15400.46875 2183
15412.1767578125 2190
15423.341796875 2301
15434.548828125 1459
15448.732421875 1649
15454.328125 353
15460.404296875 2706
15471.51953125 1511
15478.5029296875 1778
15494.4208984375 329
15502.771484375 731
15510.6416015625 1400
15534.7919921875 2070
15537.7998046875 1480
15570.5078125 1714
15587.681640625 249
15599.1044921875 94
15602.9326171875 2823
15617.35546875 471
15622.5966796875 473
15646.2265625 747
15652.107421875 915
15667.9443359375 921
15694.408203125 993
15695.1962890625 1072
15696.103515625 1415
15696.1337890625 1541
15698.69140625 1746
15698.8544921875 1949
15719.40234375 2079
15720.9462890625 2219
15750.4462890625 2258
15751.9248046875 2413
15755.7490234375 2628
15755.7490234375 2828
15757.041015625 2903
15757.7841796875 2996
15781.01953125 204
15784.7265625 1247
15792.6533203125 1410
15813.21484375 1888
15814.0791015625 1214
15822.40625 1658
15836.171875 2587
15838.705078125 380
15838.9326171875 688
15853.0009765625 1761
15867.1162109375 66
15881.416015625 127
15888.541015625 179
15890.3017578125 855
15899.76953125 1198
15913.470703125 1250
15921.287109375 1507
16008.0009765625 1558
16008.5859375 2007
16028.90234375 2092
16029.53125 2231
16061.57421875 2384
16092.0908203125 2457
16112.3232421875 2544
16123.9677734375 2717
16156.14453125 2774
16174.8359375 2794
16213.2529296875 2909
16248.4755859375 972
16253.6884765625 1138
16265.6455078125 1442
16293.421875 1137
16299.8212890625 102
16311.015625 667
16315.4072265625 1935
16319.23046875 2352
16323.57421875 2887
16328.13671875 427
16339.8505859375 1533
16365.443359375 170
16383.591796875 262
16387.787109375 306
16388.248046875 596
16398.12109375 805
16399.494140625 849
16406.09765625 850
16408.890625 965
16468.427734375 976
16489.00390625 1058
16507.548828125 1403
16511.8984375 1645
16516.6484375 1999
16516.873046875 2292
16524.26953125 2392
16527.75390625 2403
16557.31640625 2497
16572.658203125 2524
16573.5859375 2601
16584.35546875 2652
16591.623046875 2657
16606.4453125 2761
16624.1015625 2839
16632.38671875 2939
16637.7421875 2984
16653.55859375 1027
16696.4375 622
16698.884765625 417
16703.111328125 450
16832.2734375 690
16834.580078125 969
16908.25 982
16926.556640625 1040
16934.3828125 1078
16934.3828125 1083
16988.060546875 1382
17009.01171875 1391
17025.779296875 1486
17065.44140625 1503
17075.607421875 1547
17086.748046875 1561
17112.171875 1965
17115.1953125 2026
17149.74609375 2066
17152.224609375 2182
17171.853515625 2245
17185.1875 2460
17197.533203125 2466
17216.86328125 2540
17236.712890625 2593
17325.173828125 2632
17371.73828125 2753
17385.78125 2759
17451.4921875 2793
17460.376953125 2925
17466.767578125 2152
17561.458984375 762
17595.880859375 2757
17597.1484375 37
17624.87109375 1624
17639.4609375 1271
17669.162109375 2370
17685.041015625 2895
17707.58203125 2411
17726.548828125 67
17791.32421875 150
17817.248046875 171
17941.515625 195
17947.6015625 363
17965.388671875 522
17987.955078125 657
17989.31640625 701
18043.3828125 760
18046.767578125 811
18065.42578125 874
18067.86328125 875
18100.583984375 1002
18100.583984375 1007
18108.86328125 1023
18116.5625 1356
18186.158203125 1378
18188.11328125 1489
18193.125 1629
18195.822265625 2721
18223.58984375 2032
18262.646484375 2259
18286.76953125 771
18297.31640625 1543
18327.658203125 2241
18344.408203125 1964
18357.01171875 1625
18391.4375 2693
18404.71875 222
18419.884765625 258
18467.896484375 281
18470.7890625 506
18475.59765625 582
18486.048828125 724
18616.271484375 879
18636.02734375 1003
18738.21484375 1171
18792.306640625 1182
18821.2578125 1588
18934.8125 1685
18942.931640625 1758
18944.76171875 2300
18950.1171875 2310
19009.888671875 2705
19105.689453125 2845
19140.32421875 2916
19197.5390625 1811
19296.5546875 2701
19305.3046875 421
19314.5859375 1440
19343.83984375 2337
19356.361328125 2531
19426.564453125 18
19459.392578125 29
19629.01953125 31
19708.4375 104
19753.978515625 274
19830.107421875 321
19959.44140625 370
19984.357421875 375
19985.625 562
20012.21484375 914
20063.431640625 944
20175.84765625 1672
20273.39453125 1684
20394.73828125 1825
20560.345703125 1846
20719.212890625 1960
20777.8125 1976
20800.65625 2006
20814.3984375 2319
20892.03125 2405
20997.380859375 2550
21021.140625 2606
21078.45703125 2768
21164.412109375 1081
21184.130859375 1780
21188.6640625 16
21466.462890625 28
21494.212890625 125
21605.58984375 212
21705.353515625 265
21718.447265625 295
22022.38671875 360
22181.841796875 364
22342.4921875 937
22357.310546875 1077
22366.76171875 1101
22682.005859375 1241
22706.92578125 1243
22804.9921875 1307
22864.458984375 1343
22905.125 1404
22924.072265625 1418
23115.201171875 1585
23119.740234375 1719
23283.775390625 1822
23293.943359375 2009
23468.7578125 2164
23933.775390625 2214
25311.09375 2250
25335.529296875 2263
25490.53125 2342
25837.39453125 2359
29439.5859375 2547
