4232.69287109375 1811
4350.384765625 2701
4385.1513671875 421
4444.8876953125 1440
4471.98583984375 2337
4799.802734375 2531
5062.376953125 18
5182.4453125 29
5377.8994140625 31
5475.0234375 104
5493.037109375 274
5613.98681640625 321
5693.1572265625 370
5748.75048828125 375
5918.83544921875 562
5919.9091796875 914
5941.02978515625 944
5943.8720703125 1672
5949.91259765625 1684
5963.61279296875 1825
5976.80126953125 1846
5981.1875 1960
6054.3955078125 1976
6175.6923828125 2006
6249.8818359375 2319
6264.10107421875 2405
6310.21044921875 2550
6507.8671875 2606
6524.9970703125 2768
6529.79345703125 1446
6611.45654296875 87
6633.92431640625 251
6643.69677734375 527
6661.1640625 529
6677.5966796875 625
6695.0595703125 641
6717.25732421875 693
6763.58251953125 873
6797.83984375 881
6812.0361328125 928
6855.748046875 1133
6874.5029296875 1283
6885.53369140625 1318
6907.86376953125 1346
6921.3369140625 1417
7006.9541015625 1720
7109.6943359375 1987
7136.52294921875 2226
7243.70263671875 2296
7272.50634765625 2515
7281.337890625 2572
7367.4755859375 2669
7385.0439453125 2728
7389.06298828125 2734
7397.84765625 2746
7422.0068359375 2852
7453.94482421875 2866
7464.5400390625 2915
7479.9638671875 2949
7494.7568359375 377
7504.4970703125 2281
7591.78564453125 160
7604.5341796875 1
7620.02587890625 425
7628.54931640625 446
7680.25244140625 800
7699.7783203125 918
7775.072265625 953
7780.16552734375 985
7784.83544921875 986
7821.95703125 1008
7834.2021484375 1043
7929.1845703125 1270
8049.4130859375 1317
8082.982421875 1435
8117.04296875 1548
8157.8056640625 1606
8178.8544921875 1661
8210.4228515625 1712
8216.41796875 2010
8260.84765625 2088
8277.509765625 2365
8392.1611328125 2410
8419.630859375 2414
8422.47265625 2482
8439.552734375 2560
8452.7275390625 2781
8539.0380859375 2820
8548.9658203125 997
8589.6865234375 1781
8639.0146484375 81
8727.955078125 229
8733.5185546875 440
8739.4931640625 548
8742.9462890625 611
8758.171875 826
8780.6845703125 834
8834.048828125 848
8879.0986328125 871
8879.203125 893
8896.05078125 1231
8981.607421875 1256
9028.630859375 1315
9064.251953125 1458
9100.0478515625 1550
9162.12890625 1671
9182.103515625 1711
9213.0703125 1815
9261.6787109375 1893
9281.22265625 2312
9299.82421875 2324
9340.73046875 2385
9343.080078125 2447
9370.1826171875 2562
9409.978515625 2610
9424.7392578125 2622
9435.4833984375 2853
9446.06640625 2924
9460.12109375 2927
9485.833984375 2239
9570.1513671875 1362
9645.9912109375 1926
9667.73828125 2997
9727.6943359375 254
9729.9453125 388
9778.5869140625 465
9845.2421875 498
9859.298828125 520
9895.4814453125 962
9908.646484375 981
9917.5732421875 1156
9934.337890625 1652
9953.689453125 2205
9970.0693359375 2339
10033.876953125 2417
10041.791015625 2494
10044.6259765625 2687
10054.0107421875 1122
10058.5224609375 1670
10071.68359375 264
10077.8388671875 2173
10079.8017578125 1646
10130.0546875 2396
10148.3994140625 49
10156.421875 189
10163.4326171875 261
10190.248046875 263
10213.6083984375 430
10258.87890625 831
10259.787109375 899
10266.4462890625 1123
10299.919921875 1169
10312.548828125 1350
10316.0029296875 1405
10338.478515625 1512
10341.431640625 1750
10348.19921875 1769
10370.2431640625 1908
10410.046875 1966
10422.744140625 1982
10425.8837890625 1993
10430.8271484375 2094
10436.2158203125 2126
10500.6796875 2141
10514.4609375 2171
10548.0791015625 2174
10558.1181640625 2177
10588.03515625 2237
10592.2421875 2367
10594.451171875 2536
10645.0771484375 2542
10674.5478515625 2582
10677.06640625 2675
10703.8720703125 2703
10775.556640625 1873
10784.4013671875 2107
10795.541015625 1281
10804.5068359375 455
10812.6318359375 470
10839.9990234375 902
10857.7353515625 926
10864.0 967
10868.484375 1104
10872.1171875 1225
10980.453125 1286
11032.802734375 1506
11040.748046875 1516
11042.7744140625 1599
11064.529296875 1779
11082.5380859375 1848
11093.1064453125 1867
11102.4140625 1883
11105.7314453125 2063
11108.794921875 2210
11146.2783203125 2246
11147.232421875 2285
11154.8623046875 2361
11176.529296875 2686
11182.2724609375 2700
11232.0966796875 88
11282.4931640625 586
11306.447265625 136
11327.140625 1471
11332.71875 226
11366.94140625 296
11402.681640625 1197
11405.2314453125 1666
11417.8984375 2511
11474.0 101
11479.541015625 215
11495.330078125 549
11495.6826171875 550
11504.3623046875 573
11513.0810546875 1136
11515.013671875 1199
11566.654296875 1530
11568.0302734375 1581
11570.658203125 1640
11579.6220703125 1688
11605.82421875 1968
11624.6796875 2526
11632.947265625 2571
11666.5302734375 2983
11705.50390625 1787
11746.0888671875 602
11775.751953125 1146
11786.4404296875 253
11793.208984375 342
11810.349609375 843
11847.77734375 1233
11861.09765625 1335
11897.07421875 1394
11900.109375 1737
11901.5615234375 1784
11946.423828125 1950
11961.111328125 2025
12003.27734375 2473
12010.46484375 2518
12010.8330078125 999
12017.3564453125 1056
12054.265625 1900
12056.3427734375 1304
12093.818359375 1326
12102.5888671875 2967
12113.5498046875 1329
12161.3583984375 50
12163.318359375 318
12173.6708984375 389
12183.9873046875 478
12209.5302734375 491
12234.3564453125 580
12257.7646484375 599
12268.49609375 890
12270.943359375 896
12276.23046875 909
12342.55078125 919
12366.2666015625 995
12376.0712890625 1273
12470.169921875 1342
12473.33203125 1430
12483.3603515625 1495
12516.9833984375 1568
12528.8935546875 1583
12529.517578125 1764
12534.3779296875 1774
12557.1533203125 2065
12587.9892578125 2117
12588.638671875 2181
12602.09375 2268
12634.455078125 2465
12642.7314453125 2664
12674.078125 2760
12675.9638671875 2764
12683.9990234375 2938
12699.70703125 2943
12708.181640625 1860
12712.0556640625 2880
12740.8076171875 1333
12742.609375 2631
12772.3818359375 146
12782.6650390625 1538
12786.5224609375 21
12801.8046875 34
12823.212890625 200
12823.3505859375 288
12848.1328125 336
12850.2529296875 385
12868.0888671875 517
12893.708984375 546
12900.12109375 609
12901.7109375 614
12922.015625 683
12939.8388671875 686
12962.9013671875 769
12979.6298828125 1097
12983.69921875 1221
12987.0517578125 1322
13051.7421875 1359
13073.5390625 1376
13077.43359375 1686
13078.5732421875 1854
13107.2138671875 2513
13122.8662109375 2553
13123.4619140625 2650
13129.6767578125 2672
13140.47265625 2911
13141.203125 78
13151.77734375 2713
13157.79296875 2800
13173.685546875 2651
13186.4033203125 2970
13200.1904296875 1045
13200.212890625 1068
13212.0107421875 2078
13222.197265625 884
13238.6025390625 886
13247.046875 1028
13254.42578125 1845
13268.7275390625 1932
13278.7353515625 2489
13285.3505859375 90
13286.20703125 153
13291.47265625 240
13292.9091796875 256
13329.7392578125 531
13357.0439453125 644
13367.4150390625 706
13390.6201171875 775
13521.248046875 1163
13527.9482421875 1483
13537.373046875 2114
13569.251953125 2379
13571.837890625 2424
13642.169921875 2433
13647.642578125 2435
13655.30078125 2442
13658.3798828125 2683
13662.095703125 2811
13670.2802734375 2176
13691.87890625 169
13724.6767578125 2207
13724.6923828125 1144
13733.5546875 2180
13735.771484375 73
13739.484375 663
13758.1044921875 677
13764.611328125 756
13782.2470703125 925
13791.02734375 927
13806.6611328125 946
13814.294921875 996
13824.244140625 1141
13853.2158203125 1202
13855.548828125 1251
13867.162109375 1457
13879.78515625 1502
13880.9345703125 1591
13893.376953125 1733
13915.8369140625 1735
13920.021484375 1919
13921.0966796875 1933
13925.5625 1955
13938.2841796875 2002
13954.5771484375 2335
13964.1005859375 2341
13980.8671875 2565
13984.603515625 2695
14000.244140625 2763
14001.50390625 2840
14002.291015625 2422
14007.4638671875 1020
14023.46875 640
14025.0517578125 59
14025.8154296875 177
14046.560546875 191
14049.6376953125 575
14065.7900390625 687
14101.888671875 934
14120.33203125 1119
14155.8623046875 1529
14174.84765625 1697
14192.9658203125 1810
14193.5634765625 1831
14208.1455078125 2354
14216.431640625 2528
14220.640625 2679
14221.517578125 2712
14238.7421875 2747
14270.392578125 2809
14275.5498046875 2821
14288.267578125 2842
14301.978515625 2860
14324.8271484375 2906
14326.30078125 2994
14337.2265625 186
14341.107421875 223
14374.474609375 1594
14385.6923828125 410
14404.2978515625 631
14404.548828125 132
14408.4814453125 2576
14415.6630859375 1282
14425.8125 488
14468.376953125 869
14487.1572265625 2059
14487.79296875 787
14494.837890625 904
14506.8896484375 137
14531.61328125 275
14538.783203125 328
14545.908203125 333
14545.955078125 392
14547.5654296875 407
14554.6240234375 489
14582.0380859375 680
14586.9248046875 1022
14590.416015625 1290
14598.3798828125 1358
14618.1103515625 1607
14619.4677734375 1653
14655.3330078125 2024
14670.2744140625 2184
14693.87109375 2221
14710.0791015625 2394
14716.05078125 2427
14719.0439453125 2517
14740.9033203125 2655
14743.943359375 2704
14745.3623046875 2900
14777.96875 2946
14834.66796875 459
14843.2490234375 1408
14844.6845703125 1339
14849.728515625 22
14857.916015625 45
14862.1171875 300
14896.63671875 812
14912.76171875 922
14943.7392578125 947
14951.4306640625 975
14994.2744140625 1001
15062.6220703125 1095
15068.822265625 1275
15090.1123046875 1664
15102.6767578125 1708
15115.4306640625 1763
15123.41015625 1766
15144.22265625 1889
15147.89453125 2077
15154.486328125 2082
15168.7724609375 2131
15174.6318359375 2315
15179.75390625 2317
15193.3955078125 2409
15196.3720703125 2608
15208.03515625 2616
15219.4873046875 2649
15225.4248046875 2819
15225.4736328125 2862
15230.1328125 1164
15233.283203125 2213
15260.5 1050
15271.5126953125 979
15283.4189453125 1562
15283.4599609375 1597
15305.4326171875 2334
15332.77734375 587
15333.6416015625 630
15348.9091796875 777
15373.5107421875 1012
15400.166015625 1064
15425.33984375 1082
15426.126953125 1462
15429.9169921875 1501
15442.19921875 1654
15447.0576171875 1800
15461.458984375 2656
15487.291015625 2884
15514.5078125 1416
15517.517578125 1575
15544.7275390625 2889
15545.181640625 445
15547.125 30
15568.5107421875 2484
15576.7939453125 38
15586.2685546875 40
15605.705078125 76
15655.1328125 77
15689.4794921875 108
15720.494140625 164
15737.9384765625 211
15742.1396484375 225
15752.505859375 376
15779.1611328125 437
15802.5888671875 510
15807.232421875 646
15823.28125 671
15835.3984375 738
15858.6474609375 770
15869.3466796875 1434
15874.5693359375 1610
15895.408203125 1662
15899.421875 1709
15903.7783203125 1998
15920.15625 2166
15946.306640625 2220
15969.26171875 2238
15995.7255859375 2255
16002.40625 2345
16004.6923828125 2510
16013.18359375 2581
16021.4404296875 2607
16025.92578125 2807
16046.0419921875 1015
16104.7734375 1984
16115.3828125 1258
16142.36328125 2555
16156.1103515625 1147
16167.884765625 865
16169.9599609375 939
16173.8623046875 1497
16179.2685546875 2630
16181.7109375 2752
16188.92578125 457
16206.591796875 309
16223.5654296875 316
16230.06640625 483
16248.736328125 484
16249.4716796875 633
16267.9580078125 1026
16278.685546875 1036
16282.94140625 1176
16290.373046875 1423
16302.9775390625 1485
16309.39453125 1590
16316.1376953125 1702
16321.001953125 1759
16326.572265625 1818
16338.55859375 1958
16359.029296875 1963
16359.142578125 1977
16394.02734375 2053
16420.65625 2056
16434.310546875 2125
16460.134765625 2304
16477.953125 2356
16489.701171875 2477
16499.154296875 2533
16500.73828125 2732
16520.798828125 2948
16573.470703125 1601
16597.005859375 2256
16597.017578125 2104
16611.103515625 284
16611.103515625 182
16628.607421875 916
16628.607421875 1667
16629.01171875 1852
16639.896484375 727
16688.92578125 2036
16701.53125 2772
16707.56640625 130
16715.57421875 219
16722.240234375 394
16728.453125 405
16767.669921875 634
16784.212890625 856
16786.056640625 983
16795.5390625 1117
16802.13671875 1386
16805.81640625 1791
16817.369140625 1991
16821.515625 2060
16849.9296875 2215
16855.12109375 2314
16860.48046875 2440
16885.642578125 2467
16921.974609375 2618
16941.912109375 2648
16948.939453125 2694
16967.533203125 1772
16978.80078125 818
16986.458984375 2907
16998.27734375 660
17008.083984375 1168
17020.564453125 1145
17020.564453125 1476
17057.376953125 1618
17065.193359375 655
17066.26953125 1592
17091.5390625 2120
17095.2890625 2557
17096.068359375 112
17101.91015625 350
17118.896484375 356
17130.28515625 448
17152.0625 1500
17187.23828125 1526
17207.603515625 1587
17228.564453125 1881
17251.1171875 1943
17254.615234375 1962
17254.921875 1995
17255.2578125 2075
17259.6953125 2118
17278.107421875 2309
17290.28515625 2418
17297.615234375 2516
17306.75 2588
17310.69140625 2605
17318.26953125 2623
17320.6875 2937
17333.4296875 1005
17338.140625 110
17346.955078125 2360
17352.185546875 121
17369.689453125 1046
17373.916015625 298
17392.765625 372
17410.765625 492
17427.32421875 752
17458.9609375 838
17463.517578125 903
17470.28515625 1034
17478.970703125 1128
17483.75 1187
17530.71875 1437
17574.765625 1488
17576.802734375 1534
17594.712890625 1657
17595.1015625 1678
17613.955078125 1824
17615.041015625 1826
17626.5546875 1941
17636.888671875 1997
17663.1484375 2318
17681.724609375 2327
17688.298828125 2362
17714.08984375 2404
17717.88671875 2453
17724.396484375 2458
17724.8359375 2496
17734.86328125 2696
17747.4375 2722
17756.107421875 2796
17774.806640625 2584
17776.94140625 2872
17795.927734375 2589
17803.390625 2135
17809.748046875 1802
17833.146484375 1853
17852.09765625 1892
17853.62109375 1580
17857.53515625 25
17858.181640625 72
17860.7578125 343
17872.611328125 710
17873.0078125 755
17876.98046875 885
17877.380859375 1683
17883.1796875 1776
17901.53515625 1972
17906.14453125 2047
17906.33203125 2138
17907.615234375 2185
17907.984375 2344
17911.5546875 2545
17936.591796875 2573
17940.990234375 2855
17940.990234375 2159
17966.076171875 1067
17970.830078125 371
17979.046875 243
17993.814453125 1301
18007.33984375 311
18010.1640625 426
18021.2578125 648
18024.552734375 720
18040.931640625 792
18071.72265625 940
18084.04296875 1006
18118.57421875 1032
18137.927734375 1160
18156.013671875 1189
18164.5078125 2183
18177.89453125 2190
18178.830078125 2301
18216.59765625 1459
18217.1640625 1649
18228.16796875 353
18230.705078125 2706
18241.466796875 1511
18316.326171875 1778
18344.310546875 329
18347.876953125 731
18351.28125 1400
18410.40234375 2070
18417.287109375 1480
18419.28125 1714
18445.818359375 249
18457.5390625 94
18467.900390625 2823
18494.333984375 471
18565.486328125 473
18596.599609375 747
18610.197265625 915
18614.572265625 921
18631.623046875 993
18642.9140625 1072
18672.353515625 1415
18681.767578125 1541
18683.4765625 1746
18686.43359375 1949
18752.287109375 2079
18758.529296875 2219
18777.923828125 2258
18786.07421875 2413
18816.3671875 2628
18818.615234375 2828
18819.70703125 2903
18822.470703125 2996
18862.603515625 204
18873.46875 1247
18918.546875 1410
18918.90625 1888
18926.671875 1214
18927.099609375 1658
18966.59765625 2587
18968.63671875 380
18970.904296875 688
18982.1171875 1761
18996.64453125 66
19017.265625 127
19045.25 179
19045.83203125 855
19167.41796875 1198
19188.71484375 1250
19231.73046875 1507
19245.55859375 1558
19278.48828125 2007
19291.80078125 2092
19360.396484375 2231
19368.01171875 2384
19368.9765625 2457
19437.65234375 2544
19443.056640625 2717
19443.859375 2774
19444.689453125 2794
19457.080078125 2909
19480.90234375 972
19488.302734375 1138
19497.591796875 1442
19500.013671875 1137
19528.27734375 102
19532.111328125 667
19546.470703125 1935
19553.435546875 2352
19562.158203125 2887
19612.62890625 427
19614.59375 1533
19701.517578125 170
19706.04296875 262
19727.115234375 306
19737.1796875 596
19749.626953125 805
19842.59765625 849
19849.541015625 850
19865.501953125 965
19910.1171875 976
19922.865234375 1058
19925.869140625 1403
19928.056640625 1645
19947.796875 1999
19980.43359375 2292
20065.353515625 2392
20121.435546875 2403
20128.900390625 2497
20150.044921875 2524
20218.013671875 2601
20345.302734375 2652
20371.267578125 2657
20386.796875 2761
20399.55859375 2839
20402.630859375 2939
20423.306640625 2984
20445.02734375 1027
20543.501953125 622
20587.298828125 417
20669.01953125 450
20684.787109375 690
20744.439453125 969
20775.78125 982
20798.708984375 1040
20824.44921875 1078
20831.205078125 1083
20837.08203125 1382
20840.5859375 1391
20925.08203125 1486
20925.08203125 1503
20928.53125 1547
20952.38671875 1561
20961.44140625 1965
20987.2734375 2026
20989.404296875 2066
21011.32421875 2182
21037.421875 2245
21102.638671875 2460
21119.953125 2466
21153.94921875 2540
21171.88671875 2593
21196.2734375 2632
21212.09765625 2753
21214.572265625 2759
21292.8203125 2793
21296.2265625 2925
21296.95703125 2152
21298.36328125 762
21311.638671875 2757
21361.517578125 37
21468.23828125 1624
21474.5390625 1271
21510.41796875 2370
21689.130859375 2895
21721.072265625 2411
21730.669921875 67
21789.1171875 150
21818.32421875 171
21966.0703125 195
22212.4453125 363
22241.83203125 522
22278.318359375 657
22341.033203125 701
22385.48828125 760
22489.865234375 811
22541.154296875 874
22646.9375 875
22791.8671875 1002
22874.1640625 1007
22933.73828125 1023
23080.421875 1356
23101.6171875 1378
23112.73046875 1489
23135.64453125 1629
23184.66796875 2721
23237.96484375 2032
23390.01953125 2259
23413.130859375 771
23453.3828125 1543
23609.494140625 2241
23639.80078125 1964
23670.125 1625
23757.404296875 2693
23762.73828125 222
23762.73828125 258
23784.587890625 281
23848.068359375 506
23881.52734375 582
23888.1875 724
23906.66796875 879
24002.669921875 1003
24009.8046875 1171
24247.083984375 1182
24442.46484375 1588
24506.748046875 1685
25130.7109375 1758
25285.01171875 2300
25326.6875 2310
25596.841796875 2705
25630.796875 2845
25659.51171875 2916
25934.587890625 1081
25951.2265625 1780
26020.23828125 16
26030.5 28
26181.9765625 125
26456.181640625 212
26462.271484375 265
26544.154296875 295
27392.83984375 360
27498.8046875 364
27553.478515625 937
27613.708984375 1077
27630.955078125 1101
27965.533203125 1241
27979.18359375 1243
28535.529296875 1307
28696.4609375 1343
28910.140625 1404
29129.4921875 1418
29433.966796875 1585
29558.341796875 1719
29558.396484375 1822
29682.298828125 2009
29874.724609375 2164
29906.337890625 2214
29952.9140625 2250
30636.7734375 2263
31011.8125 2342
32990.5625 2359
36293.66015625 2547
