228.49497985839844 1046
277.075927734375 298
292.3959045410156 372
293.683837890625 492
298.6908874511719 752
466.6181945800781 838
473.36846923828125 903
480.3953552246094 1034
524.3563232421875 1128
568.6072998046875 1187
612.855224609375 1437
612.855224609375 1488
628.1981201171875 1534
728.2918701171875 1657
772.8230590820312 1678
783.965087890625 1824
892.6046142578125 1826
898.096435546875 1941
932.6995239257812 1997
943.236328125 2318
1007.5563354492188 2327
1263.8389892578125 2362
1286.6981201171875 2404
1652.1298828125 2453
1652.1298828125 2458
1655.55517578125 2496
1670.7044677734375 2696
1786.83056640625 2722
1935.061767578125 2796
2125.392578125 2584
2266.693603515625 2872
2304.8466796875 1446
2379.06396484375 87
2405.34912109375 251
2502.903564453125 527
2510.919921875 529
2548.412109375 625
2600.00048828125 641
2774.10546875 693
2846.6806640625 873
2848.88720703125 881
2851.1123046875 928
2960.80419921875 1133
3300.3798828125 1283
3680.895751953125 1318
4044.8427734375 1346
4143.94580078125 1417
4218.20751953125 1720
4430.38427734375 1987
4668.43212890625 2226
4714.12109375 2296
4779.50537109375 2515
4934.6044921875 2572
5031.833984375 2669
5042.5263671875 2728
5067.919921875 2734
5327.2978515625 2746
5344.490234375 2852
5365.703125 2866
5472.24072265625 2915
5658.21826171875 2949
5803.0078125 377
6175.3095703125 2281
6448.4521484375 160
6625.69775390625 1
6995.71875 425
7017.9013671875 446
7137.65625 800
7193.16650390625 918
7239.89501953125 953
7294.6591796875 985
7417.96435546875 986
7470.388671875 1008
7568.5849609375 1043
7793.4775390625 1270
7796.361328125 1317
8118.45556640625 1435
8421.7470703125 1548
8475.3291015625 1606
8518.0009765625 1661
8642.1748046875 1712
8764.0166015625 2010
8768.4638671875 2088
8882.7666015625 2365
8973.7431640625 2410
8992.181640625 2414
9038.5048828125 2482
9057.302734375 2560
9188.9365234375 2781
9339.3681640625 2820
9412.203125 997
9436.4326171875 1781
9531.626953125 81
9612.0458984375 229
9965.419921875 440
10209.9921875 548
10212.580078125 611
10439.5673828125 826
10501.83203125 834
10513.3544921875 848
10558.328125 871
10846.3583984375 893
10994.912109375 1231
11015.62109375 1256
11176.8818359375 1315
11188.10546875 1458
11235.6796875 1550
11275.96484375 1671
11338.9833984375 1711
11367.02734375 1815
11637.7080078125 1893
11664.099609375 2312
11938.37109375 2324
12003.3115234375 2385
12105.46875 2447
12273.6064453125 2562
12357.134765625 2610
12388.865234375 2622
12394.96484375 2853
12512.849609375 2924
12557.494140625 2927
12613.58203125 2239
12736.748046875 1362
12852.525390625 1926
12915.73046875 2997
12982.953125 254
13117.28125 388
13200.6767578125 465
13264.041015625 498
13308.8583984375 520
13346.0322265625 962
13383.3447265625 981
13508.2392578125 1156
13546.7392578125 1652
13548.91015625 2205
13645.505859375 2339
13744.65234375 2417
13802.5 2494
13817.9677734375 2687
13828.529296875 1122
13871.880859375 1670
14020.599609375 264
14036.9599609375 2173
14058.103515625 1646
14065.5244140625 2396
14299.69140625 49
14370.166015625 189
14476.8359375 261
14622.416015625 263
14876.822265625 430
14951.630859375 831
14961.8603515625 899
15030.2119140625 1123
15355.818359375 1169
15384.923828125 1350
15392.3408203125 1405
15418.8271484375 1512
15421.40234375 1750
15424.2353515625 1769
15496.02734375 1908
15518.0400390625 1966
15621.525390625 1982
15674.55859375 1993
15703.228515625 2094
15869.6416015625 2126
15897.8720703125 2141
15988.935546875 2171
16013.158203125 2174
16054.6533203125 2177
16122.796875 2237
16174.283203125 2367
16247.7958984375 2536
16264.92578125 2542
16345.015625 2582
16486.775390625 2675
16491.513671875 2703
16620.689453125 1873
16703.419921875 2107
16790.37890625 1281
16826.595703125 455
16831.65625 470
16838.8125 902
16882.46484375 926
16894.931640625 967
16991.94921875 1104
17024.828125 1225
17030.435546875 1286
17098.11328125 1506
17114.52734375 1516
17125.27734375 1599
17143.37890625 1779
17186.916015625 1848
17205.234375 1867
17222.080078125 1883
17248.83203125 2063
17270.966796875 2210
17306.11328125 2246
17325.767578125 2285
17426.1171875 2361
17441.958984375 2686
17446.54296875 2700
17456.234375 88
17506.15625 586
17520.140625 136
17522.69921875 1471
17608.890625 226
17626.51953125 296
17678.80859375 1197
17690.677734375 1666
17754.427734375 2511
17789.541015625 101
17789.912109375 215
17790.705078125 549
17825.0546875 550
17874.078125 573
17922.17578125 1136
17945.208984375 1199
17953.923828125 1530
17961.9921875 1581
17975.892578125 1640
18022.240234375 1688
18051.9140625 1968
18087.908203125 2526
18125.91796875 2571
18131.751953125 2983
18133.560546875 1787
18214.341796875 602
18222.50390625 1146
18238.4296875 253
18241.763671875 342
18245.724609375 843
18247.27734375 1233
18283.361328125 1335
18327.3203125 1394
18337.900390625 1737
18363.005859375 1784
18363.73828125 1950
18366.6953125 2025
18393.552734375 2473
18419.263671875 2518
18424.4609375 999
18424.4609375 1056
18443.55078125 1900
18478.537109375 1304
18515.3515625 1326
18518.857421875 2967
18529.76953125 1329
18570.6171875 50
18614.1953125 318
18623.720703125 389
18635.46875 478
18664.05078125 491
18685.546875 580
18688.84375 599
18728.962890625 890
18747.53515625 896
18779.314453125 909
18813.974609375 919
18816.2578125 995
18816.2578125 1273
18824.775390625 1342
18890.7578125 1430
18916.576171875 1495
18919.12890625 1568
18925.70703125 1583
18927.580078125 1764
18930.630859375 1774
19008.453125 2065
19030.68359375 2117
19087.28515625 2181
19096.580078125 2268
19123.50390625 2465
19202.0625 2664
19225.2890625 2760
19259.802734375 2764
19285.029296875 2938
19313.7578125 2943
19369.9765625 1860
19401.470703125 2880
19472.90625 1333
19479.6796875 2631
19552.0 146
19579.240234375 1538
19628.673828125 21
19656.376953125 34
19659.8203125 200
19672.146484375 288
19688.994140625 336
19688.994140625 385
19688.994140625 517
19700.37109375 546
19751.5234375 609
19765.611328125 614
19786.49609375 683
19839.02734375 686
19842.47265625 769
19858.587890625 1097
19876.462890625 1221
19891.14453125 1322
19912.359375 1359
19924.412109375 1376
19944.669921875 1686
19970.228515625 1854
19995.1640625 2513
20024.49609375 2553
20062.068359375 2650
20071.447265625 2672
20104.71875 2911
20116.453125 78
20154.556640625 2713
20167.01171875 2800
20173.564453125 2651
20184.75 2970
20201.720703125 1045
20240.529296875 1068
20251.25390625 2078
20275.587890625 884
20288.9140625 886
20309.451171875 1028
20310.001953125 1845
20396.333984375 1932
20457.982421875 2489
20470.90234375 90
20481.01953125 153
20493.244140625 240
20600.4921875 256
20638.44921875 531
20684.07421875 644
20686.8515625 706
20689.10546875 775
20692.751953125 1163
20699.6875 1483
20706.369140625 2114
20711.787109375 2379
20719.392578125 2424
20775.072265625 2433
20775.072265625 2435
20795.6171875 2442
20798.962890625 2683
20809.375 2811
20832.6953125 2176
20840.064453125 169
20847.8359375 2207
20874.8125 1144
20877.681640625 2180
20888.76953125 73
20928.392578125 663
20949.205078125 677
20965.39453125 756
20986.630859375 925
20986.685546875 927
21005.205078125 946
21019.23046875 996
21034.978515625 1141
21041.49609375 1202
21057.07421875 1251
21059.078125 1457
21059.85546875 1502
21061.08203125 1591
21076.533203125 1733
21083.37890625 1735
21186.130859375 1919
21203.248046875 1933
21211.3984375 1955
21253.49609375 2002
21253.919921875 2335
21260.353515625 2341
21269.6015625 2565
21297.732421875 2695
21305.40625 2763
21308.4375 2840
21341.580078125 2422
21343.638671875 1020
21352.130859375 640
21372.529296875 59
21391.37890625 177
21478.962890625 191
21481.205078125 575
21488.2890625 687
21491.94921875 934
21503.673828125 1119
21520.88671875 1529
21577.962890625 1697
21585.6953125 1810
21607.037109375 1831
21623.240234375 2354
21625.1640625 2528
21628.123046875 2679
21634.890625 2712
21680.388671875 2747
21769.533203125 2809
21784.01953125 2821
21841.25390625 2842
21842.123046875 2860
21848.48828125 2906
21860.482421875 2994
21870.662109375 186
21957.380859375 223
21983.1796875 1594
22000.0703125 410
22005.208984375 631
22056.22265625 132
22063.65625 2576
22078.2265625 1282
22079.73828125 488
22096.29296875 869
22115.43359375 2059
22115.43359375 787
22187.4375 904
22232.97265625 137
22243.341796875 275
22245.16015625 328
22249.80078125 333
22262.744140625 392
22268.07421875 407
22269.634765625 489
22280.6953125 680
22312.00390625 1022
22319.330078125 1290
22320.41015625 1358
22328.046875 1607
22329.443359375 1653
22331.5859375 2024
22356.294921875 2184
22396.52734375 2221
22404.36328125 2394
22404.6484375 2427
22411.775390625 2517
22435.748046875 2655
22449.98046875 2704
22457.330078125 2900
22463.154296875 2946
22476.96875 459
22486.376953125 1408
22491.490234375 1339
22505.505859375 22
22536.12890625 45
22557.560546875 300
22588.345703125 812
22599.2109375 922
22607.568359375 947
22617.62109375 975
22632.81640625 1001
22637.05078125 1095
22660.564453125 1275
22666.859375 1664
22677.71875 1708
22707.669921875 1763
22712.51953125 1766
22728.5234375 1889
22768.6328125 2077
22791.587890625 2082
22846.478515625 2131
22895.29296875 2315
22899.58203125 2317
22910.55078125 2409
22916.203125 2608
22928.693359375 2616
22950.66015625 2649
23002.87109375 2819
23012.53125 2862
23025.42578125 1164
23032.880859375 2213
23044.783203125 1050
23059.552734375 979
23078.423828125 1562
23103.7890625 1597
23114.419921875 2334
23125.30859375 587
23127.53125 630
23168.7109375 777
23177.0390625 1012
23198.197265625 1064
23214.3125 1082
23222.865234375 1462
23249.76953125 1501
23261.21484375 1654
23284.49609375 1800
23308.140625 2656
23314.64453125 2884
23351.470703125 1416
23417.263671875 1575
23455.70703125 2889
23469.982421875 445
23473.380859375 30
23521.3515625 2484
23529.265625 38
23532.671875 40
23532.841796875 76
23546.662109375 77
23552.833984375 108
23561.830078125 164
23575.9375 211
23577.552734375 225
23581.81640625 376
23593.423828125 437
23607.171875 510
23609.38671875 646
23654.5078125 671
23665.19140625 738
23667.46484375 770
23676.009765625 1434
23683.1796875 1610
23687.6015625 1662
23704.646484375 1709
23708.19921875 1998
23719.40625 2166
23722.23828125 2220
23723.7109375 2238
23730.46875 2255
23743.1875 2345
23753.5390625 2510
23754.423828125 2581
23764.107421875 2607
23774.38671875 2807
23778.1484375 1015
23785.0625 1984
23842.671875 1258
23847.400390625 2555
23857.21875 1147
23861.759765625 865
23874.255859375 939
23876.4296875 1497
23889.943359375 2630
23922.76171875 2752
23927.44921875 457
23934.345703125 309
23954.154296875 316
23965.8203125 483
23976.0703125 484
24011.826171875 633
24036.27734375 1026
24045.62109375 1036
24056.265625 1176
24062.533203125 1423
24076.6328125 1485
24080.330078125 1590
24103.134765625 1702
24121.576171875 1759
24151.865234375 1818
24161.658203125 1958
24182.326171875 1963
24186.0625 1977
24198.62109375 2053
24209.435546875 2056
24224.4921875 2125
24238.349609375 2304
24244.701171875 2356
24244.8359375 2477
24280.43359375 2533
24291.80078125 2732
24319.103515625 2948
24349.189453125 1601
24374.955078125 2256
24407.0078125 2104
24413.482421875 284
24425.564453125 182
24433.421875 916
24436.04296875 1667
24442.328125 1852
24454.53125 727
24468.064453125 2036
24470.091796875 2772
24503.451171875 130
24510.34375 219
24528.416015625 394
24535.17578125 405
24546.4375 634
24565.2890625 856
24578.05078125 983
24590.37890625 1117
24599.638671875 1386
24620.61328125 1791
24638.341796875 1991
24640.873046875 2060
24656.423828125 2215
24707.796875 2314
24733.716796875 2440
24756.908203125 2467
24764.921875 2618
24764.990234375 2648
24772.005859375 2694
24779.71484375 1772
24785.998046875 818
24832.146484375 2907
24844.076171875 660
24864.12890625 1168
24904.6875 1145
24905.599609375 1476
24916.95703125 1618
24919.091796875 655
24928.763671875 1592
24943.296875 2120
24962.130859375 2557
24976.90234375 112
25002.509765625 350
25010.41015625 356
25022.9140625 448
25036.83203125 1500
25054.0703125 1526
25057.154296875 1587
25069.2421875 1881
25076.92578125 1943
25077.904296875 1962
25101.7265625 1995
25177.763671875 2075
25194.314453125 2118
25209.759765625 2309
25213.892578125 2418
25220.5703125 2516
25234.0625 2588
25236.021484375 2605
25278.26171875 2623
25337.994140625 2937
25343.591796875 1005
25345.771484375 110
25385.595703125 2360
25459.408203125 121
25460.47265625 2589
25466.41015625 2135
25483.33203125 1802
25503.0703125 1853
25512.78515625 1892
25515.3359375 1580
25521.759765625 25
25526.97265625 72
25533.11328125 343
25538.037109375 710
25559.125 755
25559.169921875 885
25573.681640625 1683
25582.666015625 1776
25592.716796875 1972
25597.810546875 2047
25608.1328125 2138
25614.39453125 2185
25645.40234375 2344
25712.640625 2545
25754.61328125 2573
25765.05859375 2855
25768.76171875 2159
25769.712890625 1067
25771.953125 371
25794.546875 243
25807.802734375 1301
25824.58203125 311
25828.3359375 426
25841.505859375 648
25845.1640625 720
25856.1875 792
25857.19921875 940
25863.75390625 1006
25870.537109375 1032
25877.3671875 1160
25916.72265625 1189
25942.728515625 2183
25951.94140625 2190
25961.107421875 2301
25975.181640625 1459
25975.55859375 1649
26005.845703125 353
26018.38671875 2706
26020.50390625 1511
26033.466796875 1778
26042.0234375 329
26068.818359375 731
26087.9609375 1400
26098.36328125 2070
26112.2421875 1480
26131.765625 1714
26138.29296875 249
26143.529296875 94
26154.712890625 2823
26191.736328125 471
26212.609375 473
26237.173828125 747
26254.962890625 915
26260.046875 921
26301.7734375 993
26321.0 1072
26350.478515625 1415
26350.763671875 1541
26353.369140625 1746
26369.494140625 1949
26372.794921875 2079
26376.7734375 2219
26379.7578125 2258
26402.75390625 2413
26413.8359375 2628
26421.05078125 2828
26441.412109375 2903
26446.31640625 2996
26454.361328125 204
26487.638671875 1247
26488.078125 1410
26507.330078125 1888
26534.28515625 1214
26539.291015625 1658
26552.537109375 2587
26553.216796875 380
26578.8828125 688
26589.65625 1761
26589.89453125 66
26621.001953125 127
26649.0703125 179
26655.857421875 855
26656.64453125 1198
26687.076171875 1250
26697.458984375 1507
26710.826171875 1558
26730.0546875 2007
26748.75 2092
26751.66015625 2231
26763.818359375 2384
26769.83203125 2457
26801.486328125 2544
26808.044921875 2717
26822.431640625 2774
26832.203125 2794
26832.509765625 2909
26834.115234375 972
26834.79296875 1138
26841.09765625 1442
26887.1328125 1137
26928.314453125 102
26944.966796875 667
26966.3046875 1935
27026.8984375 2352
27060.8671875 2887
27060.974609375 427
27062.2890625 1533
27082.279296875 170
27136.962890625 262
27142.986328125 306
27172.35546875 596
27194.955078125 805
27210.19921875 849
27231.306640625 850
27245.3828125 965
27248.724609375 976
27250.318359375 1058
27298.9375 1403
27304.400390625 1645
27335.017578125 1999
27368.091796875 2292
27368.091796875 2392
27456.595703125 2403
27485.94140625 2497
27513.56640625 2524
27516.5859375 2601
27529.5078125 2652
27572.255859375 2657
27586.810546875 2761
27586.951171875 2839
27587.283203125 2939
27588.41796875 2984
27676.279296875 1027
27727.259765625 622
27739.142578125 417
27740.607421875 450
27754.443359375 690
27767.71875 969
27773.109375 982
27776.2890625 1040
27822.53515625 1078
27834.95703125 1083
27855.96484375 1382
27892.123046875 1391
27892.44921875 1486
27895.029296875 1503
27948.12109375 1547
27949.337890625 1561
27970.5078125 1965
28010.4609375 2026
28014.744140625 2066
28053.4375 2182
28058.6640625 2245
28070.060546875 2460
28092.685546875 2466
28108.34765625 2540
28188.9296875 2593
28237.064453125 2632
28243.22265625 2753
28246.517578125 2759
28274.60546875 2793
28275.23046875 2925
28306.392578125 2152
28339.693359375 762
28341.296875 2757
28370.1796875 37
28412.80078125 1624
28416.00390625 1271
28479.353515625 2370
28502.251953125 2895
28505.755859375 2411
28505.755859375 67
28513.49609375 150
28527.92578125 171
28536.462890625 195
28538.060546875 363
28553.8046875 522
28572.734375 657
28608.9609375 701
28615.4765625 760
28640.259765625 811
28676.841796875 874
28724.001953125 875
28725.412109375 1002
28739.078125 1007
28749.2109375 1023
28750.697265625 1356
28774.3046875 1378
28780.77734375 1489
28793.322265625 1629
28810.86328125 2721
28899.841796875 2032
28911.169921875 2259
28911.927734375 771
28920.875 1543
28928.5234375 2241
28943.17578125 1964
29004.37890625 1625
29041.43359375 2693
29075.8828125 222
29099.4453125 258
29167.3359375 281
29192.2578125 506
29209.759765625 582
29232.22265625 724
29371.451171875 879
29384.341796875 1003
29394.365234375 1171
29431.048828125 1182
29518.3125 1588
29519.740234375 1685
29592.54296875 1758
29594.203125 2300
29621.505859375 2310
29626.171875 2705
29632.640625 2845
29725.408203125 2916
29768.724609375 1811
29780.328125 2701
29913.484375 421
29931.79296875 1440
29958.22265625 2337
29995.826171875 2531
30004.822265625 18
30229.705078125 29
30318.265625 31
30356.720703125 104
30363.89453125 274
30430.7421875 321
30499.203125 370
30622.7265625 375
30633.046875 562
30749.08203125 914
30814.505859375 944
30859.109375 1672
30873.986328125 1684
30915.033203125 1825
30920.49609375 1846
30977.658203125 1960
30996.78515625 1976
31107.96875 2006
31128.52734375 2319
31146.537109375 2405
31245.14453125 2550
31301.13671875 2606
31558.451171875 2768
31701.4453125 1081
31754.953125 1780
31918.03515625 16
31956.58984375 28
31993.611328125 125
32049.8125 212
32216.58203125 265
32256.681640625 295
32495.259765625 360
32643.09765625 364
32700.53125 937
32943.453125 1077
33307.01171875 1101
33373.05078125 1241
33440.3984375 1243
33650.1171875 1307
33665.94140625 1343
33707.74609375 1404
34020.796875 1418
34112.7734375 1585
34251.45703125 1719
34436.32421875 1822
34746.58984375 2009
34761.234375 2164
35203.00390625 2214
35203.984375 2250
36002.03515625 2263
37233.51171875 2342
37590.3828125 2359
40090.19140625 2547
