6311.337890625 1511
6366.69384765625 1778
6711.38916015625 329
6793.140625 731
6830.32958984375 1400
6830.32958984375 2070
6918.806640625 1480
6957.32177734375 1714
7031.77490234375 249
7081.0322265625 94
7166.02099609375 2823
7200.9482421875 471
7209.9541015625 473
7215.9521484375 747
7232.8037109375 915
7268.7529296875 921
7315.44482421875 993
7315.4921875 1072
7321.59814453125 1415
7326.0048828125 1541
7438.89453125 1746
7589.4765625 1949
7639.52490234375 2079
7640.5205078125 2219
7649.6162109375 2258
7661.3544921875 2413
7674.81884765625 2628
7776.09033203125 2828
7815.2109375 2903
7833.15185546875 2996
7867.38671875 1446
7908.60009765625 87
7924.09765625 251
7929.52392578125 527
7965.69287109375 529
7997.7119140625 625
8026.18994140625 641
8026.32861328125 693
8072.794921875 873
8099.24560546875 881
8154.95703125 928
8156.0615234375 1133
8161.61767578125 1283
8210.6728515625 1318
8258.107421875 1346
8378.19921875 1417
8438.533203125 1720
8446.49609375 1987
8467.205078125 2226
8474.287109375 2296
8479.921875 2515
8481.931640625 2572
8493.81640625 2669
8507.216796875 2728
8527.0078125 2734
8567.6962890625 2746
8682.8154296875 2852
8709.212890625 2866
8735.9140625 2915
8750.986328125 2949
8791.2373046875 377
8819.7314453125 2281
8864.0615234375 160
8890.294921875 1
8903.767578125 425
8942.6435546875 446
8961.076171875 800
8982.5341796875 918
8998.291015625 953
9005.818359375 985
9013.54296875 986
9017.3994140625 1008
9027.2646484375 1043
9034.4541015625 1270
9045.0654296875 1317
9071.462890625 1435
9076.9599609375 1548
9076.9599609375 1606
9092.873046875 1661
9129.294921875 1712
9137.5400390625 2010
9159.216796875 2088
9166.6474609375 2365
9196.2294921875 2410
9242.3515625 2414
9264.181640625 2482
9290.3349609375 2560
9370.5361328125 2781
9378.2080078125 2820
9425.1240234375 997
9425.3427734375 1781
9433.173828125 81
9458.3720703125 229
9470.2900390625 440
9547.4619140625 548
9579.6015625 611
9584.2119140625 826
9586.111328125 834
9597.01953125 848
9614.1796875 871
9618.4267578125 893
9628.015625 1231
9638.18359375 1256
9661.1533203125 1315
9687.0986328125 1458
9727.599609375 1550
9750.3291015625 1671
9752.76171875 1711
9754.7353515625 1815
9754.81640625 1893
9784.654296875 2312
9818.5390625 2324
9848.751953125 2385
9857.84375 2447
9880.41015625 2562
9886.71875 2610
9896.9580078125 2622
9900.10546875 2853
9912.208984375 2924
9914.998046875 2927
10004.474609375 2239
10016.6630859375 1362
10020.7587890625 1926
10028.2265625 2997
10079.0205078125 254
10084.0546875 388
10094.2958984375 465
10095.8583984375 498
10165.2265625 520
10167.609375 962
10189.3583984375 981
10190.80859375 1156
10241.1396484375 1652
10254.177734375 2205
10256.302734375 2339
10267.5859375 2417
10314.5693359375 2494
10348.974609375 2687
10361.21875 1122
10374.08203125 1670
10473.642578125 264
10481.318359375 2173
10490.2158203125 1646
10490.6494140625 2396
10510.2568359375 49
10530.078125 189
10551.865234375 261
10553.37109375 263
10562.802734375 430
10565.494140625 831
10604.7841796875 899
10606.83984375 1123
10606.83984375 1169
10638.736328125 1350
10639.068359375 1405
10649.8984375 1512
10658.892578125 1750
10660.28125 1769
10666.0341796875 1908
10692.029296875 1966
10703.6552734375 1982
10752.0859375 1993
10784.908203125 2094
10837.068359375 2126
10890.4541015625 2141
10937.4228515625 2171
10938.3720703125 2174
10943.279296875 2177
11025.8544921875 2237
11051.955078125 2367
11058.56640625 2536
11100.4443359375 2542
11115.55078125 2582
11117.78125 2675
11126.8740234375 2703
11132.5009765625 1873
11139.208984375 2107
11171.638671875 1281
11175.787109375 455
11198.2236328125 470
11218.1376953125 902
11222.0029296875 926
11269.603515625 967
11302.5546875 1104
11317.48828125 1225
11319.1318359375 1286
11323.6376953125 1506
11324.4609375 1516
11327.150390625 1599
11329.3173828125 1779
11343.4033203125 1848
11367.0078125 1867
11453.1865234375 1883
11462.6083984375 2063
11466.3740234375 2210
11472.53515625 2246
11472.9931640625 2285
11510.185546875 2361
11579.044921875 2686
11590.0595703125 2700
11612.0419921875 88
11623.8603515625 586
11660.4189453125 136
11714.9951171875 1471
11715.7041015625 226
11717.474609375 296
11719.9169921875 1197
11736.880859375 1666
11827.3701171875 2511
11845.2236328125 101
11846.6875 215
11878.2275390625 549
11880.291015625 550
11899.986328125 573
11913.755859375 1136
12000.3466796875 1199
12061.3232421875 1530
12066.005859375 1581
12087.4482421875 1640
12096.8720703125 1688
12161.40625 1968
12170.48828125 2526
12191.7001953125 2571
12198.4697265625 2983
12256.6552734375 1787
12261.724609375 602
12289.462890625 1146
12291.58203125 253
12321.03125 342
12324.876953125 843
12354.12109375 1233
12354.3701171875 1335
12404.0146484375 1394
12435.1015625 1737
12478.3271484375 1784
12479.2294921875 1950
12493.3740234375 2025
12506.2685546875 2473
12528.7412109375 2518
12541.4248046875 999
12558.19921875 1056
12561.955078125 1900
12617.12109375 1304
12649.4990234375 1326
12662.5185546875 2967
12673.119140625 1329
12688.265625 50
12719.466796875 318
12733.88671875 389
12762.8466796875 478
12763.08203125 491
12789.7021484375 580
12800.34375 599
12869.609375 890
12924.4130859375 896
12934.71875 909
12937.2734375 919
12940.28125 995
12941.185546875 1273
12941.85546875 1342
12963.98046875 1430
13025.7373046875 1495
13039.060546875 1568
13043.123046875 1583
13046.6357421875 1764
13077.919921875 1774
13085.650390625 2065
13115.2900390625 2117
13123.24609375 2181
13131.9013671875 2268
13133.087890625 2465
13169.810546875 2664
13200.140625 2760
13228.6796875 2764
13240.234375 2938
13243.8662109375 2943
13245.08203125 1860
13281.3134765625 2880
13346.181640625 1333
13348.0390625 2631
13372.43359375 146
13396.6982421875 1538
13404.3408203125 21
13443.8525390625 34
13471.947265625 200
13483.6416015625 288
13509.787109375 336
13592.13671875 385
13607.396484375 517
13653.9443359375 546
13662.759765625 609
13670.158203125 614
13691.4853515625 683
13725.716796875 686
13725.8154296875 769
13768.8447265625 1097
13769.9951171875 1221
13782.189453125 1322
13792.29296875 1359
13814.3408203125 1376
13817.1982421875 1686
13854.5712890625 1854
13876.1474609375 2513
13880.7568359375 2553
13900.458984375 2650
13900.8515625 2672
13901.20703125 2911
13915.4169921875 78
13935.1376953125 2713
13936.7431640625 2800
14026.162109375 2651
14078.4326171875 2970
14092.9853515625 1045
14093.8154296875 1068
14117.3994140625 2078
14125.6796875 884
14130.755859375 886
14139.2802734375 1028
14143.4072265625 1845
14158.5654296875 1932
14183.509765625 2489
14193.12109375 90
14265.4931640625 153
14269.349609375 240
14273.1572265625 256
14295.2978515625 531
14306.0244140625 644
14324.763671875 706
14325.6953125 775
14375.3076171875 1163
14382.091796875 1483
14389.6455078125 2114
14412.2490234375 2379
14445.875 2424
14447.5517578125 2433
14453.6484375 2435
14477.2001953125 2442
14498.794921875 2683
14508.2216796875 2811
14509.8203125 2176
14533.0 169
14533.5966796875 2207
14623.607421875 1144
14628.021484375 2180
14643.30859375 73
14643.880859375 663
14649.73828125 677
14651.806640625 756
14688.134765625 925
14703.5048828125 927
14710.2392578125 946
14734.646484375 996
14741.998046875 1141
14753.3447265625 1202
14765.1162109375 1251
14782.638671875 1457
14786.99609375 1502
14801.53515625 1591
14805.521484375 1733
14815.140625 1735
14825.8681640625 1919
14829.7353515625 1933
14847.96875 1955
14893.2431640625 2002
14901.8046875 2335
14972.6923828125 2341
14973.642578125 2565
14986.83203125 2695
15012.791015625 2763
15034.4052734375 2840
15035.4140625 2422
15063.09375 1020
15063.8525390625 640
15077.2578125 59
15087.8701171875 177
15091.1064453125 191
15117.9345703125 575
15123.9150390625 687
15150.603515625 934
15187.029296875 1119
15220.4287109375 1529
15253.16796875 1697
15277.44921875 1810
15284.572265625 1831
15343.259765625 2354
15361.37109375 2528
15369.7626953125 2679
15373.2080078125 2712
15373.4775390625 2747
15423.0185546875 2809
15467.6962890625 2821
15492.404296875 2842
15505.0498046875 2860
15529.412109375 2906
15553.3759765625 2994
15565.25390625 186
15619.6337890625 223
15650.8125 1594
15651.4775390625 410
15659.8828125 631
15661.6962890625 132
15676.794921875 2576
15699.3095703125 1282
15726.265625 488
15735.1474609375 869
15754.50390625 2059
15770.2275390625 787
15791.875 904
15804.3623046875 137
15825.9775390625 275
15841.4501953125 328
15888.6728515625 333
15908.861328125 392
15966.3017578125 407
15973.23828125 489
15975.8486328125 680
16003.361328125 1022
16030.5556640625 1290
16035.67578125 1358
16075.9609375 1607
16096.185546875 1653
16112.02734375 2024
16124.0625 2184
16174.1748046875 2221
16174.5390625 2394
16174.765625 2427
16190.2392578125 2517
16201.728515625 2655
16239.6767578125 2704
16243.5517578125 2900
16258.7421875 2946
16262.236328125 459
16275.3515625 1408
16275.837890625 1339
16279.728515625 22
16288.24609375 45
16293.9130859375 300
16344.1376953125 812
16352.49609375 922
16362.5634765625 947
16370.1064453125 975
16381.8056640625 1001
16392.310546875 1095
16436.39453125 1275
16449.787109375 1664
16454.150390625 1708
16472.046875 1763
16478.611328125 1766
16484.533203125 1889
16494.548828125 2077
16506.185546875 2082
16520.037109375 2131
16520.984375 2315
16536.3359375 2317
16554.37890625 2409
16561.69140625 2608
16563.560546875 2616
16565.322265625 2649
16589.20703125 2819
16589.20703125 2862
16589.6953125 1164
16617.21875 2213
16630.841796875 1050
16649.779296875 979
16651.669921875 1562
16695.021484375 1597
16746.779296875 2334
16790.31640625 587
16820.5859375 630
16902.181640625 777
16909.62890625 1012
16947.296875 1064
16960.595703125 1082
16989.353515625 1462
17001.953125 1501
17021.947265625 1654
17025.42578125 1800
17031.955078125 2656
17038.92578125 2884
17076.220703125 1416
17089.66796875 1575
17100.208984375 2889
17102.4921875 445
17131.37109375 30
17134.412109375 2484
17135.470703125 38
17155.943359375 40
17173.892578125 76
17175.5 77
17188.8828125 108
17194.255859375 164
17199.123046875 211
17209.94921875 225
17242.40625 376
17290.6015625 437
17344.55859375 510
17366.736328125 646
17404.912109375 671
17408.994140625 738
17422.857421875 770
17446.697265625 1434
17451.84765625 1610
17452.765625 1662
17458.34765625 1709
17488.53125 1998
17493.107421875 2166
17506.486328125 2220
17533.16796875 2238
17534.326171875 2255
17535.005859375 2345
17582.296875 2510
17587.779296875 2581
17593.75 2607
17605.15625 2807
17629.478515625 1015
17650.431640625 1984
17658.2734375 1258
17694.11328125 2555
17777.650390625 1147
17784.68359375 865
17791.03125 939
17800.791015625 1497
17810.25 2630
17831.3515625 2752
17843.029296875 457
17851.255859375 309
17861.431640625 316
17874.21484375 483
17897.111328125 484
17914.626953125 633
17928.01171875 1026
17954.90625 1036
17974.587890625 1176
18021.109375 1423
18072.287109375 1485
18103.880859375 1590
18114.431640625 1702
18118.87890625 1759
18123.755859375 1818
18130.82421875 1958
18132.970703125 1963
18160.30078125 1977
18231.009765625 2053
18239.248046875 2056
18265.1328125 2125
18266.896484375 2304
18266.896484375 2356
18299.84765625 2477
18302.30078125 2533
18303.13671875 2732
18333.41015625 2948
18349.7109375 1601
18363.4765625 2256
18374.359375 2104
18375.3828125 284
18388.24609375 182
18391.109375 916
18394.7421875 1667
18436.880859375 1852
18444.015625 727
18485.556640625 2036
18504.935546875 2772
18543.427734375 130
18545.736328125 219
18546.85546875 394
18566.763671875 405
18582.80078125 634
18584.142578125 856
18590.396484375 983
18592.076171875 1117
18599.193359375 1386
18634.880859375 1791
18639.73046875 1991
18640.298828125 2060
18682.8125 2215
18709.173828125 2314
18717.244140625 2440
18723.69921875 2467
18743.986328125 2618
18760.830078125 2648
18762.390625 2694
18764.453125 1772
18771.87109375 818
18802.494140625 2907
18819.5078125 660
18819.896484375 1168
18832.98828125 1145
18834.931640625 1476
18854.3203125 1618
18870.765625 655
18924.279296875 1592
18931.30859375 2120
18940.662109375 2557
18940.81640625 112
18941.740234375 350
18945.095703125 356
18949.794921875 448
18952.35546875 1500
18986.69140625 1526
19008.689453125 1587
19025.99609375 1881
19048.88671875 1943
19104.724609375 1962
19107.044921875 1995
19134.435546875 2075
19162.72265625 2118
19165.36328125 2309
19181.08984375 2418
19195.69140625 2516
19214.701171875 2588
19244.125 2605
19247.568359375 2623
19267.28515625 2937
19309.52734375 1005
19317.01171875 110
19319.91796875 2360
19324.275390625 121
19327.689453125 1046
19354.978515625 298
19357.6796875 372
19402.6640625 492
19424.673828125 752
19446.115234375 838
19455.494140625 903
19462.7890625 1034
19483.326171875 1128
19518.0234375 1187
19534.603515625 1437
19571.130859375 1488
19599.6328125 1534
19611.4921875 1657
19634.392578125 1678
19634.708984375 1824
19751.73828125 1826
19790.09765625 1941
19850.767578125 1997
19897.359375 2318
19900.927734375 2327
19908.703125 2362
19918.078125 2404
19979.029296875 2453
20054.01171875 2458
20093.751953125 2496
20105.6875 2696
20120.796875 2722
20124.974609375 2796
20144.162109375 2584
20149.05078125 2872
20151.05859375 2589
20152.763671875 2135
20153.39453125 1802
20159.087890625 1853
20168.578125 1892
20174.794921875 1580
20184.56640625 25
20188.267578125 72
20193.390625 343
20214.841796875 710
20230.966796875 755
20235.005859375 885
20254.244140625 1683
20281.134765625 1776
20297.962890625 1972
20298.095703125 2047
20314.083984375 2138
20322.4296875 2185
20328.263671875 2344
20361.84375 2545
20393.263671875 2573
20393.46875 2855
20399.603515625 2159
20420.3515625 1067
20454.078125 371
20459.3125 243
20467.6328125 1301
20471.693359375 311
20498.396484375 426
20519.783203125 648
20632.02734375 720
20634.0390625 792
20637.150390625 940
20645.48046875 1006
20696.98828125 1032
20735.51953125 1160
20737.875 1189
20754.08984375 2183
20785.734375 2190
20786.16015625 2301
20809.5546875 1459
20835.8984375 1649
20847.25390625 353
20858.98828125 2706
20915.255859375 204
20925.994140625 1247
20994.029296875 1410
21022.96875 1888
21025.71484375 1214
21035.41796875 1658
21037.775390625 2587
21059.876953125 380
21064.71875 688
21095.3359375 1761
21168.109375 66
21184.986328125 127
21214.630859375 179
21226.302734375 855
21230.3671875 1198
21253.5546875 1250
21254.533203125 1507
21265.24609375 1558
21266.70703125 2007
21268.9765625 2092
21295.31640625 2231
21309.890625 2384
21334.37890625 2457
21338.015625 2544
21344.412109375 2717
21434.671875 2774
21443.951171875 2794
21530.4453125 2909
21530.962890625 972
21538.99609375 1138
21562.119140625 1442
21570.62890625 1137
21578.822265625 102
21588.962890625 667
21618.373046875 1935
21645.435546875 2352
21663.07421875 2887
21670.703125 427
21698.609375 1533
21790.41015625 170
22016.947265625 262
22091.572265625 306
22109.900390625 596
22217.115234375 805
22218.984375 849
22223.30859375 850
22283.65234375 965
22318.00390625 976
22337.5703125 1058
22347.2109375 1403
22393.82421875 1645
22398.14453125 1999
22407.134765625 2292
22408.486328125 2392
22434.08984375 2403
22449.01953125 2497
22518.341796875 2524
22521.779296875 2601
22534.990234375 2652
22540.6640625 2657
22545.52734375 2761
22589.60546875 2839
22597.16796875 2939
22603.74609375 2984
22613.3515625 1027
22658.5546875 622
22690.33984375 417
22753.98046875 450
22771.94140625 690
22798.236328125 969
22800.810546875 982
22821.00390625 1040
22829.9609375 1078
23013.021484375 1083
23016.26171875 1382
23068.21484375 1391
23081.5859375 1486
23106.94140625 1503
23171.248046875 1547
23180.298828125 1561
23202.31640625 1965
23218.435546875 2026
23224.44140625 2066
23265.783203125 2182
23293.125 2245
23338.23046875 2460
23357.076171875 2466
23384.73828125 2540
23443.103515625 2593
23531.890625 2632
23568.2109375 2753
23571.12890625 2759
23586.798828125 2793
23690.67578125 2925
23752.666015625 2152
23780.830078125 762
23817.875 2757
23824.408203125 37
23850.0625 1624
23852.802734375 1271
23925.45703125 2370
23927.748046875 2895
23944.296875 2411
24038.373046875 67
24059.35546875 150
24060.552734375 171
24085.474609375 195
24087.775390625 363
24178.185546875 522
24200.470703125 657
24207.244140625 701
24339.009765625 760
24374.310546875 811
24400.205078125 874
24439.615234375 875
24458.96484375 1002
24561.88671875 1007
24563.12109375 1023
24594.35546875 1356
24656.5234375 1378
24660.69140625 1489
24660.966796875 1629
24694.4375 2721
24709.95703125 2032
24782.857421875 2259
24859.033203125 771
24860.109375 1543
24933.951171875 2241
24949.5390625 1964
24961.412109375 1625
25024.83984375 2693
25050.08984375 222
25071.8984375 258
25080.560546875 281
25197.03515625 506
25284.681640625 582
25331.802734375 724
25367.408203125 879
25437.849609375 1003
25466.1953125 1171
25507.818359375 1182
25580.693359375 1588
25597.08203125 1685
25648.66015625 1758
25674.029296875 2300
25689.04296875 2310
25754.5390625 2705
25823.3125 2845
25858.560546875 2916
25870.8671875 1811
25889.45703125 2701
26034.017578125 421
26043.37109375 1440
26067.87109375 2337
26096.59765625 2531
26105.376953125 18
26189.109375 29
26216.103515625 31
26330.09375 104
26343.994140625 274
26392.2734375 321
26431.54296875 370
26431.54296875 375
26538.85546875 562
26602.0 914
26608.744140625 944
26737.0546875 1672
26796.580078125 1684
26844.01953125 1825
26901.97265625 1846
27091.115234375 1960
27134.21484375 1976
27285.677734375 2006
27351.23828125 2319
27606.98046875 2405
27695.7890625 2550
27697.763671875 2606
27719.158203125 2768
27763.865234375 1081
27870.8203125 1780
27902.2734375 16
27931.03515625 28
28249.453125 125
28517.677734375 212
28825.322265625 265
28943.4609375 295
29044.169921875 360
29295.580078125 364
29826.580078125 937
29930.052734375 1077
30054.92578125 1101
30133.724609375 1241
30228.634765625 1243
30245.271484375 1307
30742.8203125 1343
31004.001953125 1404
31268.89453125 1418
31833.296875 1585
31952.181640625 1719
32021.82421875 1822
32753.90625 2009
32830.734375 2164
33216.40234375 2214
33294.60546875 2250
33386.0703125 2263
33472.734375 2342
34026.3125 2359
34589.4453125 2547
