5280.9248046875 2589
5458.49951171875 2135
6328.60107421875 1802
6591.65771484375 1853
6762.72998046875 1892
6830.68212890625 1580
6873.7001953125 25
6920.00244140625 72
7062.0380859375 343
7070.646484375 710
7170.96728515625 755
7178.27685546875 885
7244.5283203125 1683
7402.171875 1776
7435.9453125 1972
7457.40576171875 2047
7499.54150390625 2138
7510.810546875 2185
7556.8896484375 2344
7567.4130859375 2545
7571.630859375 2573
7574.95263671875 2855
7643.18994140625 1446
7702.8037109375 87
7719.77001953125 251
7779.5126953125 527
7789.53076171875 529
7791.88330078125 625
7869.0283203125 641
7880.21630859375 693
7901.07470703125 873
7917.95068359375 881
7975.7001953125 928
8028.54150390625 1133
8094.50830078125 1283
8100.25146484375 1318
8106.80029296875 1346
8178.6787109375 1417
8205.4521484375 1720
8230.291015625 1987
8240.2578125 2226
8328.099609375 2296
8386.525390625 2515
8418.564453125 2572
8434.783203125 2669
8437.3984375 2728
8438.349609375 2734
8444.970703125 2746
8475.05078125 2852
8499.7353515625 2866
8501.67578125 2915
8505.984375 2949
8507.4443359375 377
8546.837890625 2281
8548.51171875 160
8626.51171875 1
8689.6669921875 425
8722.84765625 446
8724.427734375 800
8726.9111328125 918
8750.9052734375 953
8758.044921875 985
8769.892578125 986
8783.4580078125 1008
8788.6435546875 1043
8797.4658203125 1270
8805.0107421875 1317
8821.52734375 1435
8867.06640625 1548
8872.353515625 1606
8925.009765625 1661
8929.2841796875 1712
8935.2451171875 2010
8940.130859375 2088
8947.8193359375 2365
8965.779296875 2410
8973.142578125 2414
8981.6455078125 2482
8998.236328125 2560
9026.318359375 2781
9026.439453125 2820
9037.29296875 997
9061.2021484375 1781
9089.10546875 81
9122.7578125 229
9148.369140625 440
9150.265625 548
9155.861328125 611
9157.02734375 826
9165.927734375 834
9171.314453125 848
9192.1650390625 871
9233.48828125 893
9237.134765625 1231
9257.328125 1256
9278.623046875 1315
9279.8955078125 1458
9316.2998046875 1550
9330.896484375 1671
9338.8330078125 1711
9375.47265625 1815
9454.103515625 1893
9478.5478515625 2312
9534.7958984375 2324
9535.7880859375 2385
9538.912109375 2447
9551.5498046875 2562
9551.966796875 2610
9553.5107421875 2622
9656.94921875 2853
9669.0087890625 2924
9681.4892578125 2927
9695.873046875 2239
9718.62109375 1362
9724.4443359375 1926
9733.8017578125 2997
9740.8408203125 254
9748.654296875 388
9762.8798828125 465
9798.984375 498
9798.984375 520
9831.0283203125 962
9867.8232421875 981
9868.544921875 1156
9950.7890625 1652
9979.7060546875 2205
9979.71484375 2339
9987.1982421875 2417
10018.8271484375 2494
10038.6787109375 2687
10056.2001953125 1122
10079.25390625 1670
10079.94921875 264
10086.14453125 2173
10088.896484375 1646
10106.6728515625 2396
10108.6396484375 49
10137.05859375 189
10151.4013671875 261
10165.205078125 263
10177.791015625 430
10192.69921875 831
10242.166015625 899
10245.025390625 1123
10250.353515625 1169
10332.9287109375 1350
10336.642578125 1405
10367.5 1512
10443.7509765625 1750
10464.7041015625 1769
10495.716796875 1908
10497.828125 1966
10502.7578125 1982
10514.90625 1993
10534.9248046875 2094
10534.9248046875 2126
10539.8740234375 2141
10550.05859375 2171
10562.3642578125 2174
10566.47265625 2177
10608.83984375 2237
10635.177734375 2367
10650.6748046875 2536
10666.7548828125 2542
10670.392578125 2582
10690.4453125 2675
10696.1103515625 2703
10709.90234375 1873
10718.6298828125 2107
10730.2939453125 1281
10740.6298828125 455
10758.2373046875 470
10765.09765625 902
10793.6611328125 926
10801.201171875 967
10854.005859375 1104
10886.4140625 1225
10893.6171875 1286
10895.62890625 1506
10897.1181640625 1516
10899.5419921875 1599
10900.25 1779
10911.365234375 1848
10914.49609375 1867
10922.39453125 1883
10923.982421875 2063
10942.267578125 2210
10958.935546875 2246
10979.2705078125 2285
11000.421875 2361
11001.1953125 2686
11018.458984375 2700
11031.39453125 88
11051.0087890625 586
11053.1171875 136
11060.2216796875 1471
11072.96484375 226
11090.443359375 296
11095.662109375 1197
11121.8193359375 1666
11126.232421875 2511
11151.0478515625 101
11193.154296875 215
11200.029296875 549
11223.6103515625 550
11228.310546875 573
11251.5595703125 1136
11319.947265625 1199
11322.6123046875 1530
11324.599609375 1581
11333.2578125 1640
11347.78125 1688
11348.1806640625 1968
11348.28125 2526
11380.3779296875 2571
11397.8095703125 2983
11439.0146484375 1787
11464.251953125 602
11469.482421875 1146
11508.12890625 253
11522.837890625 342
11574.4267578125 843
11607.259765625 1233
11609.224609375 1335
11619.107421875 1394
11657.3681640625 1737
11676.2265625 1784
11684.064453125 1950
11707.599609375 2025
11716.9267578125 2473
11718.8212890625 2518
11722.72265625 999
11731.2119140625 1056
11742.962890625 1900
11792.0703125 1304
11792.701171875 1326
11848.4765625 2967
11869.68359375 1329
11891.1484375 50
11923.232421875 318
11967.037109375 389
11977.0283203125 478
11982.5830078125 491
11986.3896484375 580
12002.0732421875 599
12021.8095703125 890
12039.2568359375 896
12046.458984375 909
12051.970703125 919
12054.109375 995
12061.5390625 1273
12065.8818359375 1342
12081.876953125 1430
12108.421875 1495
12122.9853515625 1568
12151.91015625 1583
12166.740234375 1764
12171.9345703125 1774
12188.0517578125 2065
12223.2548828125 2117
12230.3359375 2181
12232.8115234375 2268
12250.0224609375 2465
12257.96875 2664
12258.5625 2760
12272.646484375 2764
12277.189453125 2938
12279.953125 2943
12285.3076171875 1860
12285.984375 2880
12287.388671875 1333
12304.248046875 2631
12312.056640625 146
12384.3271484375 1538
12434.755859375 21
12466.5517578125 34
12468.9267578125 200
12482.998046875 288
12487.162109375 336
12488.59765625 385
12501.03515625 517
12508.044921875 546
12513.0419921875 609
12556.154296875 614
12556.33984375 683
12574.841796875 686
12592.298828125 769
12612.625 1097
12631.998046875 1221
12645.5 1322
12648.759765625 1359
12653.7998046875 1376
12664.974609375 1686
12664.974609375 1854
12666.044921875 2513
12670.6806640625 2553
12693.61328125 2650
12724.671875 2672
12765.943359375 2911
12800.6103515625 78
12804.662109375 2713
12815.97265625 2800
12843.462890625 2651
12845.9375 2970
12867.7109375 1045
12873.1484375 1068
12915.1796875 2078
12918.1328125 884
12931.337890625 886
12939.431640625 1028
12952.16015625 1845
12985.6162109375 1932
12993.1591796875 2489
12996.6201171875 90
13040.75390625 153
13054.93359375 240
13055.779296875 256
13079.3623046875 531
13105.015625 644
13108.4140625 706
13114.7353515625 775
13117.859375 1163
13125.0439453125 1483
13131.2666015625 2114
13147.44921875 2379
13164.2998046875 2424
13167.3681640625 2433
13223.7060546875 2435
13245.525390625 2442
13252.5283203125 2683
13262.1064453125 2811
13274.80859375 2176
13290.6240234375 169
13291.826171875 2207
13293.19140625 1144
13307.81640625 2180
13359.802734375 73
13366.5595703125 663
13392.7724609375 677
13412.8447265625 756
13421.974609375 925
13424.3818359375 927
13453.376953125 946
13466.2158203125 996
13468.83203125 1141
13497.416015625 1202
13513.158203125 1251
13572.279296875 1457
13578.0205078125 1502
13587.84765625 1591
13605.9482421875 1733
13607.396484375 1735
13609.3154296875 1919
13618.671875 1933
13661.9267578125 1955
13670.4921875 2002
13670.865234375 2335
13679.3798828125 2341
13696.455078125 2565
13739.16796875 2695
13744.3291015625 2763
13746.958984375 2840
13777.90234375 2422
13791.7705078125 1020
13820.150390625 640
13828.580078125 59
13853.9853515625 177
13865.7236328125 191
13875.30859375 575
13900.2119140625 687
13927.6875 934
13943.0712890625 1119
13948.71484375 1529
13967.9853515625 1697
14018.341796875 1810
14020.41015625 1831
14029.173828125 2354
14035.697265625 2528
14047.35546875 2679
14083.7666015625 2712
14096.490234375 2747
14100.6064453125 2809
14104.28515625 2821
14119.9873046875 2842
14168.0791015625 2860
14171.255859375 2906
14186.4130859375 2994
14191.826171875 186
14215.822265625 223
14277.982421875 1594
14289.9248046875 410
14329.6513671875 631
14342.3740234375 132
14355.25390625 2576
14410.0 1282
14427.0849609375 488
14430.6845703125 869
14452.21484375 2059
14452.7265625 787
14465.462890625 904
14476.9375 137
14478.625 275
14517.9375 328
14529.091796875 333
14538.0302734375 392
14568.3349609375 407
14580.078125 489
14584.326171875 680
14594.2919921875 1022
14600.626953125 1290
14638.796875 1358
14649.2138671875 1607
14654.8740234375 1653
14735.0615234375 2024
14743.181640625 2184
14781.3271484375 2221
14811.3623046875 2394
14814.14453125 2427
14814.95703125 2517
14817.306640625 2655
14831.326171875 2704
14849.5927734375 2900
14857.5 2946
14895.3291015625 459
14919.8828125 1408
14928.2958984375 1339
14929.345703125 22
14955.5029296875 45
14989.2333984375 300
15024.525390625 812
15055.9677734375 922
15080.669921875 947
15086.4326171875 975
15119.5224609375 1001
15132.6689453125 1095
15180.34375 1275
15203.7890625 1664
15258.890625 1708
15296.353515625 1763
15313.7314453125 1766
15339.7578125 1889
15348.5791015625 2077
15376.728515625 2082
15378.0419921875 2131
15394.2939453125 2315
15405.634765625 2317
15406.2177734375 2409
15409.701171875 2608
15420.154296875 2616
15423.029296875 2649
15450.390625 2819
15457.419921875 2862
15475.5595703125 1164
15496.00390625 2213
15507.869140625 1050
15512.1953125 979
15535.947265625 1562
15677.89453125 1597
15683.0625 2334
15700.5458984375 587
15712.6298828125 630
15716.720703125 777
15721.5625 1012
15749.12890625 1064
15809.400390625 1082
15812.064453125 1462
15832.9580078125 1501
15836.080078125 1654
15836.8974609375 1800
15848.75 2656
15851.7197265625 2884
15877.138671875 1416
15898.5693359375 1575
15933.02734375 2889
15933.02734375 445
15939.392578125 30
15943.9931640625 2484
15971.642578125 38
15973.2744140625 40
15976.4375 76
15979.9296875 77
16032.8525390625 108
16039.9326171875 164
16049.529296875 211
16064.4384765625 225
16070.7138671875 376
16125.14453125 437
16134.4990234375 510
16145.3876953125 646
16166.19921875 671
16197.693359375 738
16215.2919921875 770
16232.6953125 1434
16244.2255859375 1610
16260.3447265625 1662
16273.8984375 1709
16286.40625 1998
16291.1201171875 2166
16344.48828125 2220
16355.974609375 2238
16361.76171875 2255
16364.240234375 2345
16367.3837890625 2510
16372.369140625 2581
16373.931640625 2607
16391.7421875 2807
16401.2734375 1015
16500.876953125 1984
16512.30078125 1258
16520.5 2555
16535.759765625 1147
16559.509765625 865
16566.99609375 939
16588.625 1497
16620.720703125 2630
16669.314453125 2752
16679.0859375 457
16686.2109375 309
16713.6015625 316
16715.099609375 483
16716.310546875 484
16719.0546875 633
16732.5078125 1026
16753.1484375 1036
16771.912109375 1176
16772.890625 1423
16810.64453125 1485
16857.634765625 1590
16874.912109375 1702
16884.974609375 1759
16955.765625 1818
16970.1328125 1958
16982.068359375 1963
16988.3671875 1977
16996.5078125 2053
16997.474609375 2056
16997.689453125 2125
16998.888671875 2304
17038.35546875 2356
17058.0234375 2477
17063.04296875 2533
17074.56640625 2732
17080.978515625 2948
17088.01171875 1601
17091.611328125 2256
17119.5 2104
17121.736328125 284
17128.5078125 182
17174.45703125 916
17176.314453125 1667
17187.09765625 1852
17196.140625 727
17206.51171875 2036
17207.138671875 2772
17234.05859375 130
17238.93359375 219
17247.87890625 394
17282.3046875 405
17325.974609375 634
17333.357421875 856
17336.34375 983
17340.5703125 1117
17346.775390625 1386
17404.73046875 1791
17443.681640625 1991
17446.16796875 2060
17449.203125 2215
17467.943359375 2314
17469.52734375 2440
17492.78125 2467
17497.205078125 2618
17582.765625 2648
17585.740234375 2694
17586.21484375 1772
17630.314453125 818
17646.03515625 2907
17691.13671875 660
17695.9765625 1168
17709.115234375 1145
17726.3203125 1476
17735.482421875 1618
17758.140625 655
17792.291015625 1592
17862.306640625 2120
17868.5625 2557
17872.490234375 112
17875.41796875 350
17879.546875 356
17890.978515625 448
17894.009765625 1500
17930.306640625 1526
17942.498046875 1587
17965.490234375 1881
17987.6796875 1943
18046.501953125 1962
18076.28125 1995
18141.052734375 2075
18141.78515625 2118
18154.9765625 2309
18155.61328125 2418
18159.853515625 2516
18164.44921875 2588
18193.611328125 2605
18255.2734375 2623
18285.59765625 2937
18292.40234375 1005
18294.890625 110
18305.78125 2360
18351.365234375 121
18359.4375 1046
18391.658203125 298
18406.212890625 372
18412.33984375 492
18429.49609375 752
18450.33984375 838
18476.03515625 903
18495.57421875 1034
18501.5390625 1128
18522.232421875 1187
18524.568359375 1437
18542.828125 1488
18608.41015625 1534
18648.037109375 1657
18673.328125 1678
18676.052734375 1824
18685.419921875 1826
18685.744140625 1941
18688.5625 1997
18727.044921875 2318
18735.20703125 2327
18779.58984375 2362
18808.244140625 2404
18844.89453125 2453
18858.69921875 2458
18931.55078125 2496
18960.83984375 2696
18962.220703125 2722
18992.3203125 2796
19002.427734375 2584
19020.81640625 2872
19026.173828125 2159
19096.064453125 1067
19148.619140625 371
19171.720703125 243
19184.525390625 1301
19208.220703125 311
19222.90625 426
19226.0625 648
19226.0625 720
19235.287109375 792
19295.673828125 940
19298.30078125 1006
19301.041015625 1032
19306.4765625 1160
19355.619140625 1189
19438.59765625 2183
19498.67578125 2190
19534.13671875 2301
19551.728515625 1459
19554.203125 1649
19573.939453125 353
19607.75390625 2706
19632.853515625 1511
19636.96484375 1778
19638.37109375 329
19640.087890625 731
19642.369140625 1400
19654.505859375 2070
19655.76953125 1480
19656.505859375 1714
19724.791015625 249
19725.37109375 94
19732.259765625 2823
19802.890625 471
19816.29296875 473
19863.291015625 747
19935.40234375 915
19944.6875 921
19950.974609375 993
19987.83984375 1072
20012.904296875 1415
20098.630859375 1541
20098.951171875 1746
20122.490234375 1949
20154.732421875 2079
20158.9375 2219
20184.31640625 2258
20216.45703125 2413
20220.8984375 2628
20245.86328125 2828
20253.671875 2903
20361.787109375 2996
20370.134765625 204
20388.208984375 1247
20429.97265625 1410
20430.671875 1888
20434.201171875 1214
20459.75390625 1658
20507.4921875 2587
20585.9296875 380
20591.94140625 688
20609.400390625 1761
20609.744140625 66
20657.4296875 127
20684.3671875 179
20703.0234375 855
20705.125 1198
20747.50390625 1250
20773.98046875 1507
20899.44921875 1558
20930.779296875 2007
20934.6796875 2092
20943.421875 2231
20976.90234375 2384
21022.201171875 2457
21047.33203125 2544
21145.986328125 2717
21151.8828125 2774
21162.35546875 2794
21178.3046875 2909
21241.95703125 972
21272.876953125 1138
21278.546875 1442
21397.095703125 1137
21458.22265625 102
21465.349609375 667
21473.669921875 1935
21478.654296875 2352
21507.103515625 2887
21542.810546875 427
21576.8984375 1533
21585.921875 170
21605.943359375 262
21622.373046875 306
21631.84375 596
21640.134765625 805
21653.6953125 849
21656.173828125 850
21676.314453125 965
21704.74609375 976
21726.060546875 1058
21749.2734375 1403
21772.97265625 1645
21780.6796875 1999
21787.1875 2292
21791.66796875 2392
21844.83203125 2403
21849.751953125 2497
21880.626953125 2524
21922.1484375 2601
21931.396484375 2652
21935.9765625 2657
21985.96484375 2761
21999.072265625 2839
22011.142578125 2939
22054.5078125 2984
22055.1171875 1027
22067.06640625 622
22069.443359375 417
22130.294921875 450
22165.037109375 690
22189.541015625 969
22212.62890625 982
22220.21484375 1040
22280.04296875 1078
22305.60546875 1083
22348.2421875 1382
22359.3203125 1391
22378.556640625 1486
22383.4296875 1503
22412.724609375 1547
22478.37890625 1561
22484.267578125 1965
22500.8046875 2026
22518.232421875 2066
22628.8515625 2182
22669.47265625 2245
22669.47265625 2460
22747.615234375 2466
22780.81640625 2540
22785.974609375 2593
22786.009765625 2632
22820.71484375 2753
22820.72265625 2759
22918.72265625 2793
22921.673828125 2925
22942.478515625 2152
22947.88671875 762
23037.19921875 2757
23052.6484375 37
23058.2421875 1624
23064.017578125 1271
23069.7734375 2370
23133.5859375 2895
23143.427734375 2411
23144.67578125 67
23192.974609375 150
23205.841796875 171
23210.9921875 195
23280.962890625 363
23304.294921875 522
23328.2265625 657
23345.1484375 701
23349.181640625 760
23429.86328125 811
23499.296875 874
23507.275390625 875
23510.10546875 1002
23541.392578125 1007
23559.25390625 1023
23570.08984375 1356
23640.93359375 1378
23645.33203125 1489
23720.62109375 1629
23767.369140625 2721
23819.697265625 2032
23827.98046875 2259
23874.078125 771
23898.166015625 1543
23901.279296875 2241
23919.298828125 1964
23941.76953125 1625
23980.5390625 2693
23994.87890625 222
24020.90234375 258
24036.3984375 281
24079.408203125 506
24134.462890625 582
24134.462890625 724
24151.67578125 879
24191.57421875 1003
24212.529296875 1171
24310.064453125 1182
24326.837890625 1588
24394.69140625 1685
24399.8203125 1758
24452.501953125 2300
24529.447265625 2310
24570.361328125 2705
24593.814453125 2845
24668.71875 2916
24702.896484375 1811
24830.71875 2701
24842.060546875 421
24975.892578125 1440
24987.876953125 2337
25297.583984375 2531
25389.6328125 18
25538.083984375 29
25602.0703125 31
25610.53515625 104
25740.171875 274
25764.818359375 321
25770.24609375 370
25770.8125 375
25832.376953125 562
26019.2578125 914
26116.3671875 944
26208.255859375 1672
26210.25 1684
26289.07421875 1825
26352.35546875 1846
26409.80078125 1960
26458.85546875 1976
26565.3671875 2006
26624.970703125 2319
26946.212890625 2405
27045.84375 2550
27049.1640625 2606
27149.41015625 2768
27154.318359375 1081
27175.771484375 1780
27188.931640625 16
27249.345703125 28
27472.66796875 125
27486.2265625 212
27521.22265625 265
27650.1796875 295
27742.9296875 360
27880.671875 364
27978.205078125 937
28184.55078125 1077
28185.203125 1101
28207.75390625 1241
28841.31640625 1243
29037.34375 1307
29072.41015625 1343
29199.04296875 1404
29452.03515625 1418
29623.005859375 1585
29910.162109375 1719
30023.69921875 1822
30118.96875 2009
30599.67578125 2164
30733.03515625 2214
31488.4921875 2250
32995.26171875 2263
33985.83984375 2342
35075.3203125 2359
38834.13671875 2547
