3708.8095703125 2511
3940.5615234375 101
4321.5 215
4457.62548828125 549
4576.69482421875 550
4586.095703125 573
4633.22705078125 1136
4638.8466796875 1199
4736.99072265625 1530
4736.99072265625 1581
4749.2041015625 1640
4911.794921875 1688
4950.2353515625 1968
4956.15087890625 2526
5068.2138671875 2571
5143.6806640625 2983
5145.0595703125 1787
5148.53759765625 602
5221.3193359375 1146
5240.01318359375 253
5240.564453125 342
5265.13818359375 843
5284.2021484375 1233
5380.11474609375 1335
5385.7734375 1394
5404.3466796875 1737
5412.3681640625 1784
5506.80615234375 1950
5524.85400390625 2025
5549.0634765625 2473
5783.2724609375 2518
5793.681640625 999
5813.427734375 1056
5849.7880859375 1900
5892.40625 1304
5958.20068359375 1326
6013.7109375 2967
6050.67822265625 1446
6182.568359375 87
6241.37451171875 251
6249.265625 527
6317.66455078125 529
6340.6025390625 625
6374.162109375 641
6403.498046875 693
6416.2919921875 873
6426.60009765625 881
6431.5048828125 928
6440.10546875 1133
6446.994140625 1283
6453.8984375 1318
6465.5341796875 1346
6486.095703125 1417
6530.45458984375 1720
6614.85009765625 1987
6685.6064453125 2226
6746.6435546875 2296
6828.1064453125 2515
6850.79638671875 2572
6926.84716796875 2669
6933.806640625 2728
6943.71630859375 2734
6962.42724609375 2746
6974.5234375 2852
6981.79248046875 2866
7008.39208984375 2915
7015.6953125 2949
7017.74072265625 377
7025.099609375 2281
7038.85107421875 160
7043.30322265625 1
7082.7412109375 425
7085.2353515625 446
7101.6611328125 800
7148.71044921875 918
7148.78173828125 953
7186.25439453125 985
7224.8935546875 986
7229.10888671875 1008
7243.2255859375 1043
7262.2548828125 1270
7263.7802734375 1317
7266.8974609375 1435
7273.7626953125 1548
7298.8798828125 1606
7321.40966796875 1661
7332.8505859375 1712
7336.2529296875 2010
7339.015625 2088
7347.97998046875 2365
7347.97998046875 2410
7371.02099609375 2414
7379.1201171875 2482
7381.541015625 2560
7420.28955078125 2781
7427.494140625 2820
7449.013671875 997
7452.501953125 1781
7477.099609375 81
7490.2578125 229
7495.2255859375 440
7544.23046875 548
7548.93701171875 611
7586.18408203125 826
7631.2783203125 834
7727.64013671875 848
7744.5673828125 871
7769.99658203125 893
7777.7021484375 1231
7785.931640625 1256
7839.400390625 1315
7840.64013671875 1458
7852.0595703125 1550
7859.904296875 1671
7909.9306640625 1711
7983.13232421875 1815
8028.7607421875 1893
8067.845703125 2312
8091.18310546875 2324
8135.912109375 2385
8199.3251953125 2447
8210.111328125 2562
8276.57421875 2610
8290.6455078125 2622
8308.1396484375 2853
8343.609375 2924
8364.154296875 2927
8368.6318359375 2239
8388.515625 1362
8422.541015625 1926
8452.9619140625 2997
8478.9599609375 254
8525.4658203125 388
8535.0625 465
8652.7353515625 498
8673.009765625 520
8690.3505859375 962
8705.544921875 981
8759.2998046875 1156
8769.87890625 1652
8783.287109375 2205
8839.1533203125 2339
8848.8349609375 2417
8867.00390625 2494
8868.06640625 2687
8884.3603515625 1122
8909.0517578125 1670
8923.3203125 264
8941.328125 2173
8948.63671875 1646
9008.41796875 2396
9082.185546875 49
9109.4111328125 189
9129.1376953125 261
9129.5126953125 263
9149.052734375 430
9152.779296875 831
9153.5126953125 899
9205.8095703125 1123
9208.7626953125 1169
9222.53515625 1350
9232.7060546875 1405
9284.9267578125 1512
9308.3525390625 1750
9374.07421875 1769
9374.9765625 1908
9418.21484375 1966
9423.576171875 1982
9443.6591796875 1993
9447.7373046875 2094
9456.3740234375 2126
9466.662109375 2141
9486.634765625 2171
9492.142578125 2174
9496.6572265625 2177
9504.5908203125 2237
9525.5927734375 2367
9596.2900390625 2536
9611.57421875 2542
9634.845703125 2582
9652.5205078125 2675
9706.75 2703
9756.04296875 1873
9814.337890625 2107
9825.337890625 1281
9843.1064453125 455
9878.0205078125 470
9900.951171875 902
9909.1484375 926
9918.46484375 967
9945.453125 1104
9957.9638671875 1225
9978.1953125 1286
10148.826171875 1506
10177.34375 1516
10191.6728515625 1599
10205.67578125 1779
10217.9384765625 1848
10256.365234375 1867
10294.890625 1883
10338.3857421875 2063
10340.31640625 2210
10350.462890625 2246
10412.1640625 2285
10422.1591796875 2361
10496.869140625 2686
10556.064453125 2700
10595.580078125 88
10598.076171875 586
10612.302734375 136
10673.37890625 1471
10684.2763671875 226
10693.849609375 296
10721.0322265625 1197
10756.8955078125 1666
10837.4189453125 1329
10921.5537109375 50
10940.57421875 318
10957.078125 389
11027.8154296875 478
11037.4208984375 491
11052.0009765625 580
11071.9775390625 599
11100.6796875 890
11141.451171875 896
11142.775390625 909
11145.7099609375 919
11173.53515625 995
11228.328125 1273
11237.9189453125 1342
11242.62890625 1430
11263.8671875 1495
11297.6513671875 1568
11349.447265625 1583
11361.64453125 1764
11365.3916015625 1774
11446.48046875 2065
11482.345703125 2117
11492.517578125 2181
11499.478515625 2268
11505.22265625 2465
11534.53125 2664
11538.3671875 2760
11555.4189453125 2764
11584.619140625 2938
11642.271484375 2943
11652.3974609375 1860
11735.876953125 2880
11743.640625 1333
11749.724609375 2631
11759.361328125 146
11761.33984375 1538
11779.654296875 21
11784.7177734375 34
11805.181640625 200
11819.1015625 288
11856.173828125 336
11955.748046875 385
12016.205078125 517
12042.4375 546
12053.369140625 609
12079.216796875 614
12156.0498046875 683
12174.666015625 686
12183.484375 769
12225.439453125 1097
12225.50390625 1221
12228.8896484375 1322
12242.1767578125 1359
12247.357421875 1376
12248.6953125 1686
12251.951171875 1854
12257.4248046875 2513
12293.26171875 2553
12330.193359375 2650
12334.927734375 2672
12338.796875 2911
12352.666015625 78
12437.2490234375 2713
12455.5419921875 2800
12459.85546875 2651
12499.0673828125 2970
12534.9365234375 1045
12535.802734375 1068
12566.4306640625 2078
12577.7626953125 884
12616.23828125 886
12619.9287109375 1028
12620.4697265625 1845
12642.2275390625 1932
12655.5283203125 2489
12719.171875 90
12739.580078125 153
12750.9853515625 240
12758.083984375 256
12802.3486328125 531
12805.353515625 644
12831.548828125 706
12845.9140625 775
12857.212890625 1163
12861.0263671875 1483
12883.9033203125 2114
12888.31640625 2379
12893.25 2424
12908.16796875 2433
12915.06640625 2435
12973.765625 2442
13022.2890625 2683
13055.662109375 2811
13071.7021484375 2176
13079.73828125 169
13084.40625 2207
13134.150390625 1144
13150.30859375 2180
13170.412109375 73
13224.1337890625 663
13234.1962890625 677
13251.640625 756
13317.4248046875 925
13385.185546875 927
13432.53515625 946
13471.2763671875 996
13472.3818359375 1141
13487.41796875 1202
13600.2939453125 1251
13611.994140625 1457
13658.25 1502
13662.8369140625 1591
13686.603515625 1733
13706.8818359375 1735
13709.61328125 1919
13731.0234375 1933
13737.630859375 1955
13770.12109375 2002
13792.1103515625 2335
13803.9150390625 2341
13859.2177734375 2565
13864.49609375 2695
13867.109375 2763
13905.775390625 2840
13909.41015625 2422
13948.2705078125 1020
13952.7802734375 640
14014.052734375 59
14026.9599609375 177
14076.8623046875 191
14117.9599609375 575
14124.01953125 687
14140.388671875 934
14164.8359375 1119
14169.27734375 1529
14171.8115234375 1697
14173.330078125 1810
14206.25 1831
14251.5478515625 2354
14253.9345703125 2528
14300.79296875 2679
14314.890625 2712
14326.0703125 2747
14329.9306640625 2809
14335.1689453125 2821
14479.3896484375 2842
14506.365234375 2860
14523.3203125 2906
14529.0341796875 2994
14535.6279296875 186
14544.3349609375 223
14547.1171875 1594
14563.060546875 410
14583.6767578125 631
14600.9326171875 132
14601.8994140625 2576
14656.7431640625 1282
14664.810546875 488
14697.2373046875 869
14787.666015625 2059
14803.1318359375 787
14804.4990234375 904
14806.5234375 137
14827.4287109375 275
14844.07421875 328
14847.947265625 333
14867.3369140625 392
14905.642578125 407
14951.28125 489
14980.154296875 680
14982.6748046875 1022
14996.216796875 1290
15002.03515625 1358
15020.2587890625 1607
15039.912109375 1653
15058.904296875 2024
15142.0927734375 2184
15187.1484375 2221
15250.759765625 2394
15284.33984375 2427
15284.6162109375 2517
15289.974609375 2655
15290.107421875 2704
15323.2119140625 2900
15323.890625 2946
15328.712890625 459
15372.1259765625 1408
15376.2578125 1339
15418.24609375 22
15419.12890625 45
15423.7109375 300
15434.181640625 812
15434.380859375 922
15436.8515625 947
15446.423828125 975
15475.140625 1001
15513.8203125 1095
15535.8154296875 1275
15623.2021484375 1664
15707.04296875 1708
15710.8955078125 1763
15751.873046875 1766
15752.205078125 1889
15765.3251953125 2077
15769.46875 2082
15811.9775390625 2131
15832.9599609375 2315
15852.3125 2317
15894.509765625 2409
15908.2373046875 2608
15909.0400390625 2616
15994.37109375 2649
16007.337890625 2819
16033.0478515625 2862
16035.287109375 1164
16054.2138671875 2213
16116.923828125 1050
16122.0341796875 979
16139.1572265625 1562
16189.560546875 1597
16245.29296875 2334
16268.634765625 587
16272.4599609375 630
16276.1533203125 777
16278.1484375 1012
16337.70703125 1064
16366.154296875 1082
16380.1015625 1462
16388.2265625 1501
16392.7578125 1654
16417.40625 1800
16426.3515625 2656
16426.3515625 2884
16427.44140625 1416
16429.88671875 1575
16452.654296875 2889
16452.849609375 445
16512.06640625 30
16524.171875 2484
16557.06640625 38
16589.345703125 40
16619.619140625 76
16636.619140625 77
16638.93359375 108
16638.93359375 164
16658.125 211
16718.03515625 225
16737.966796875 376
16762.728515625 437
16788.818359375 510
16802.5859375 646
16809.091796875 671
16933.357421875 738
17064.91015625 770
17081.900390625 1434
17105.609375 1610
17122.0390625 1662
17123.98046875 1709
17125.349609375 1998
17129.6484375 2166
17134.2734375 2220
17185.50390625 2238
17205.291015625 2255
17247.126953125 2345
17251.65625 2510
17349.48046875 2581
17361.3828125 2607
17380.427734375 2807
17405.310546875 1015
17431.15234375 1984
17524.6640625 1258
17552.501953125 2555
17619.544921875 1147
17620.962890625 865
17686.328125 939
17715.830078125 1497
17717.546875 2630
17745.87109375 2752
17770.0078125 457
17792.8515625 309
17805.666015625 316
17828.24609375 483
17829.466796875 484
17858.091796875 633
17873.302734375 1026
17881.796875 1036
17902.533203125 1176
17920.23046875 1423
17992.537109375 1485
18019.984375 1590
18049.154296875 1702
18055.412109375 1759
18102.580078125 1818
18159.75390625 1958
18190.224609375 1963
18206.140625 1977
18222.955078125 2053
18226.79296875 2056
18241.1796875 2125
18318.845703125 2304
18356.896484375 2356
18362.16796875 2477
18371.87890625 2533
18429.634765625 2732
18432.03515625 2948
18447.396484375 1601
18461.28515625 2256
18479.150390625 2104
18590.521484375 284
18618.130859375 182
18655.61328125 916
18674.576171875 1667
18685.73828125 1852
18789.14453125 727
18793.26953125 2036
18830.82421875 2772
18838.60546875 130
18878.095703125 219
18906.416015625 394
18970.65234375 405
18991.140625 634
18997.267578125 856
19024.150390625 983
19030.646484375 1117
19051.7578125 1386
19052.82421875 1791
19084.564453125 1991
19090.025390625 2060
19098.900390625 2215
19112.451171875 2314
19205.16015625 2440
19215.8359375 2467
19240.904296875 2618
19379.22265625 2648
19383.111328125 2694
19429.7265625 1772
19433.0 818
19503.48828125 2907
19516.44921875 660
19527.6015625 1168
19565.45703125 1145
19599.625 1476
19624.953125 1618
19655.5078125 655
19690.966796875 1592
19696.419921875 2120
19704.314453125 2557
19717.796875 112
19737.7109375 350
19803.060546875 356
19842.6328125 448
19845.630859375 1500
19851.583984375 1526
19908.853515625 1587
19949.76171875 1881
20008.455078125 1943
20028.681640625 1962
20070.30078125 1995
20103.03125 2075
20120.03515625 2118
20187.294921875 2309
20224.921875 2418
20233.39453125 2516
20257.0078125 2588
20274.474609375 2605
20276.04296875 2623
20276.04296875 2937
20340.67578125 1005
20365.212890625 110
20370.373046875 2360
20378.9453125 121
20387.6015625 1046
20389.611328125 298
20417.71875 372
20427.697265625 492
20448.138671875 752
20457.146484375 838
20463.544921875 903
20473.59765625 1034
20485.439453125 1128
20515.62890625 1187
20540.021484375 1437
20567.166015625 1488
20573.0859375 1534
20578.005859375 1657
20579.623046875 1678
20614.107421875 1824
20614.708984375 1826
20620.392578125 1941
20631.353515625 1997
20634.244140625 2318
20637.837890625 2327
20692.70703125 2362
20693.18359375 2404
20699.412109375 2453
20717.578125 2458
20717.6953125 2496
20788.98046875 2696
20799.494140625 2722
20801.826171875 2796
20810.05859375 2584
20810.3984375 2872
20832.841796875 2589
20848.94140625 2135
20863.619140625 1802
20976.572265625 1853
21021.470703125 1892
21030.578125 1580
21036.919921875 25
21087.337890625 72
21112.73828125 343
21142.7265625 710
21171.0546875 755
21237.802734375 885
21262.552734375 1683
21312.806640625 1776
21315.5859375 1972
21329.404296875 2047
21339.408203125 2138
21351.806640625 2185
21353.880859375 2344
21392.572265625 2545
21425.90234375 2573
21436.66796875 2855
21457.328125 2159
21481.7421875 1067
21518.01171875 371
21526.5625 243
21528.546875 1301
21544.94140625 311
21608.90625 426
21609.162109375 648
21647.876953125 720
21664.75390625 792
21673.35546875 940
21696.099609375 1006
21725.47265625 1032
21731.197265625 1160
21760.94140625 1189
21817.373046875 2183
21837.8515625 2190
21860.251953125 2301
21866.552734375 1459
21882.390625 1649
21906.400390625 353
21925.8828125 2706
21941.330078125 1511
21956.169921875 1778
21980.716796875 329
21982.654296875 731
22042.890625 1400
22073.73046875 2070
22076.29296875 1480
22134.837890625 1714
22151.3828125 249
22153.8203125 94
22154.77734375 2823
22169.44921875 471
22169.44921875 473
22186.3984375 747
22193.931640625 915
22248.6796875 921
22259.80859375 993
22272.7578125 1072
22280.08984375 1415
22346.435546875 1541
22418.51171875 1746
22432.23828125 1949
22445.87890625 2079
22473.423828125 2219
22484.462890625 2258
22531.14453125 2413
22533.060546875 2628
22550.814453125 2828
22669.349609375 2903
22690.931640625 2996
22698.75390625 204
22739.181640625 1247
22784.490234375 1410
22790.173828125 1888
22790.771484375 1214
22812.83984375 1658
22900.337890625 2587
22913.833984375 380
22940.33984375 688
22971.25390625 1761
22987.46484375 66
23001.966796875 127
23030.33203125 179
23040.205078125 855
23148.8515625 1198
23155.720703125 1250
23175.54296875 1507
23176.125 1558
23208.078125 2007
23283.76171875 2092
23321.875 2231
23381.4375 2384
23409.017578125 2457
23430.84375 2544
23459.1796875 2717
23495.23828125 2774
23497.087890625 2794
23515.138671875 2909
23532.19921875 972
23538.572265625 1138
23570.10546875 1442
23685.01953125 1137
23705.27734375 102
23709.400390625 667
23711.533203125 1935
23738.482421875 2352
23779.521484375 2887
23799.25390625 427
23807.689453125 1533
23812.654296875 170
23882.978515625 262
23897.41796875 306
23934.369140625 596
23960.802734375 805
23973.283203125 849
23981.64453125 850
24030.1484375 965
24035.041015625 976
24124.333984375 1058
24127.419921875 1403
24138.615234375 1645
24153.33203125 1999
24173.21484375 2292
24198.146484375 2392
24230.185546875 2403
24234.2578125 2497
24318.685546875 2524
24322.78515625 2601
24374.224609375 2652
24494.728515625 2657
24569.5078125 2761
24598.298828125 2839
24607.853515625 2939
24613.966796875 2984
24616.982421875 1027
24633.3671875 622
24727.328125 417
24754.375 450
24755.767578125 690
24789.005859375 969
24819.083984375 982
24862.978515625 1040
24881.8046875 1078
24904.353515625 1083
24910.38671875 1382
24911.408203125 1391
24913.869140625 1486
25002.634765625 1503
25092.1328125 1547
25097.04296875 1561
25102.736328125 1965
25137.484375 2026
25287.0078125 2066
25355.98046875 2182
25383.173828125 2245
25498.947265625 2460
25516.744140625 2466
25566.7421875 2540
25590.9453125 2593
25601.513671875 2632
25653.7265625 2753
25654.369140625 2759
25655.517578125 2793
25762.26171875 2925
25844.88671875 2152
25854.25390625 762
25864.875 2757
25895.34765625 37
25989.970703125 1624
26000.466796875 1271
26007.10546875 2370
26078.677734375 2895
26100.580078125 2411
26110.53515625 67
26118.291015625 150
26170.3828125 171
26172.783203125 195
26186.435546875 363
26197.515625 522
26258.07421875 657
26266.79296875 701
26273.6640625 760
26283.4140625 811
26290.26953125 874
26311.892578125 875
26324.830078125 1002
26472.36328125 1007
26475.25390625 1023
26558.169921875 1356
26566.38671875 1378
26615.2734375 1489
26737.630859375 1629
26776.751953125 2721
26911.5859375 2032
26961.294921875 2259
26984.337890625 771
27016.046875 1543
27082.234375 2241
27111.44140625 1964
27142.951171875 1625
27193.7421875 2693
27237.7421875 222
27279.216796875 258
27288.71875 281
27400.771484375 506
27432.31640625 582
27470.255859375 724
27510.083984375 879
27544.671875 1003
27601.224609375 1171
27631.662109375 1182
27682.91015625 1588
27717.248046875 1685
27764.7890625 1758
27780.361328125 2300
27781.3515625 2310
27859.10546875 2705
27950.296875 2845
27972.984375 2916
27990.28125 1811
27993.232421875 2701
27997.771484375 421
28019.73046875 1440
28040.951171875 2337
28044.02734375 2531
28060.41796875 18
28217.826171875 29
28376.953125 31
28398.443359375 104
28420.423828125 274
28427.83203125 321
28450.927734375 370
28528.060546875 375
28564.861328125 562
28590.08984375 914
28600.724609375 944
28746.986328125 1672
28746.986328125 1684
28830.275390625 1825
28934.814453125 1846
28948.6171875 1960
29223.54296875 1976
29639.583984375 2006
29652.3046875 2319
29662.77734375 2405
29686.77734375 2550
29787.712890625 2606
29875.822265625 2768
29930.01171875 1081
30010.599609375 1780
30217.580078125 16
30348.2265625 28
30355.591796875 125
30403.53125 212
30406.642578125 265
30487.376953125 295
30613.697265625 360
30693.51171875 364
30746.251953125 937
30770.896484375 1077
30792.970703125 1101
30824.830078125 1241
31012.115234375 1243
31389.23828125 1307
31453.548828125 1343
31698.56640625 1404
31732.123046875 1418
31890.83984375 1585
31931.08203125 1719
31957.853515625 1822
31998.12109375 2009
32354.81640625 2164
32926.74609375 2214
32968.94140625 2250
34007.640625 2263
34267.1328125 2342
36450.671875 2359
36818.1640625 2547
