2850.67626953125 2159
3229.49365234375 1067
3404.828125 371
3457.094482421875 243
3495.33642578125 1301
3507.599609375 311
3630.18017578125 426
3656.265625 648
3766.78515625 720
3850.111083984375 792
3884.27197265625 940
4030.982421875 1006
4048.9873046875 1032
4130.97021484375 1160
4249.75634765625 1189
4257.419921875 2183
4664.20849609375 2190
4701.978515625 2301
4773.89013671875 1459
4898.4150390625 1649
5038.71630859375 353
5109.677734375 2706
5258.6611328125 1446
5488.91748046875 87
5497.39697265625 251
5498.05029296875 527
5561.85986328125 529
5670.34130859375 625
5678.208984375 641
5764.66943359375 693
5848.2626953125 873
5938.15283203125 881
6097.67529296875 928
6112.9921875 1133
6196.51416015625 1283
6268.43505859375 1318
6317.8720703125 1346
6323.4013671875 1417
6336.63916015625 1720
6462.32275390625 1987
6462.32275390625 2226
6652.48828125 2296
6689.73486328125 2515
6732.3310546875 2572
6754.10205078125 2669
6872.58203125 2728
6980.6787109375 2734
6982.8115234375 2746
7060.1123046875 2852
7086.0166015625 2866
7163.7890625 2915
7220.06689453125 2949
7407.28173828125 377
7518.89404296875 2281
7527.52783203125 160
7557.1201171875 1
7615.3349609375 425
7626.02294921875 446
7645.1728515625 800
7802.1875 918
7813.7353515625 953
7833.16162109375 985
7965.224609375 986
8023.142578125 1008
8081.51953125 1043
8145.2666015625 1270
8198.7939453125 1317
8259.3017578125 1435
8288.234375 1548
8306.712890625 1606
8341.18359375 1661
8426.26171875 1712
8428.333984375 2010
8467.47265625 2088
8467.92578125 2365
8555.017578125 2410
8558.58984375 2414
8584.287109375 2482
8623.828125 2560
8661.330078125 2781
8737.7822265625 2820
8785.587890625 997
8800.1005859375 1781
8955.15234375 81
8958.0498046875 229
9022.625 440
9046.8515625 548
9064.8984375 611
9093.123046875 826
9105.3232421875 834
9115.421875 848
9240.068359375 871
9385.2890625 893
9406.173828125 1231
9429.04296875 1256
9457.4560546875 1315
9479.671875 1458
9491.71484375 1550
9526.0654296875 1671
9645.23828125 1711
9656.8154296875 1815
9690.4833984375 1893
9734.427734375 2312
9746.4482421875 2324
9755.2021484375 2385
9817.943359375 2447
9821.705078125 2562
9826.8251953125 2610
9862.4033203125 2622
9869.833984375 2853
9883.2783203125 2924
9886.265625 2927
9902.80078125 2239
9981.7138671875 1362
9998.94921875 1926
10011.6767578125 2997
10053.0205078125 254
10055.876953125 388
10065.26953125 465
10087.501953125 498
10102.1083984375 520
10157.67578125 962
10186.66015625 981
10186.7900390625 1156
10233.5546875 1652
10288.880859375 2205
10292.037109375 2339
10311.4208984375 2417
10323.8603515625 2494
10329.8203125 2687
10345.361328125 1122
10359.9326171875 1670
10394.0859375 264
10445.708984375 2173
10456.576171875 1646
10473.80859375 2396
10479.4619140625 49
10482.9521484375 189
10482.9521484375 261
10539.8486328125 263
10622.146484375 430
10630.7626953125 831
10636.615234375 899
10661.6796875 1123
10706.7861328125 1169
10751.7265625 1350
10776.2060546875 1405
10811.6435546875 1512
10857.5234375 1750
10968.119140625 1769
10969.5107421875 1908
11002.1591796875 1966
11011.0234375 1982
11039.501953125 1993
11052.169921875 2094
11062.4755859375 2126
11099.732421875 2141
11119.1357421875 2171
11185.16015625 2174
11209.1875 2177
11223.033203125 2237
11267.0087890625 2367
11290.2421875 2536
11309.69921875 2542
11310.578125 2582
11324.36328125 2675
11324.8740234375 2703
11332.3916015625 1873
11332.8974609375 2107
11336.724609375 1281
11352.669921875 455
11358.3349609375 470
11365.099609375 902
11398.546875 926
11448.56640625 967
11449.1728515625 1104
11539.68359375 1225
11572.552734375 1286
11618.2109375 1506
11645.037109375 1516
11647.623046875 1599
11659.8369140625 1779
11679.251953125 1848
11701.5654296875 1867
11717.5458984375 1883
11726.71484375 2063
11767.861328125 2210
11803.2109375 2246
11845.4501953125 2285
11850.5693359375 2361
11857.6953125 2686
11868.716796875 2700
11929.1064453125 88
11933.271484375 586
11947.740234375 136
11967.1298828125 1471
11967.9501953125 226
11991.9189453125 296
11996.2275390625 1197
11997.2578125 1666
12010.0390625 2511
12013.494140625 101
12028.2861328125 215
12028.9228515625 549
12041.609375 550
12062.984375 573
12063.3603515625 1136
12088.13671875 1199
12114.8681640625 1530
12130.01171875 1581
12153.423828125 1640
12179.8916015625 1688
12199.60546875 1968
12205.7626953125 2526
12226.412109375 2571
12227.15234375 2983
12241.31640625 1787
12297.5732421875 602
12344.0166015625 1146
12344.0166015625 253
12353.4814453125 342
12367.37890625 843
12370.4853515625 1233
12381.796875 1335
12391.0390625 1394
12422.5009765625 1737
12422.9404296875 1784
12435.9853515625 1950
12455.8779296875 2025
12458.603515625 2473
12470.71484375 2518
12473.609375 999
12491.8740234375 1056
12509.80859375 1900
12520.8505859375 1304
12525.5478515625 1326
12532.9287109375 2967
12597.99609375 1329
12601.9189453125 50
12633.560546875 318
12640.5205078125 389
12857.8251953125 478
12858.1884765625 491
12884.9404296875 580
12890.5478515625 599
12899.9267578125 890
12901.0517578125 896
12916.3525390625 909
12932.328125 919
12947.6171875 995
12988.681640625 1273
12990.5673828125 1342
13085.876953125 1430
13118.1416015625 1495
13150.6171875 1568
13157.4970703125 1583
13161.1259765625 1764
13189.919921875 1774
13190.390625 2065
13191.255859375 2117
13205.314453125 2181
13221.7890625 2268
13224.8359375 2465
13238.521484375 2664
13241.1044921875 2760
13247.2724609375 2764
13260.953125 2938
13277.68359375 2943
13311.2060546875 1860
13320.4619140625 2880
13326.49609375 1333
13391.18359375 2631
13403.755859375 146
13406.5791015625 1538
13410.005859375 21
13413.958984375 34
13421.3056640625 200
13442.263671875 288
13445.6572265625 336
13449.6513671875 385
13453.982421875 517
13491.88671875 546
13499.2763671875 609
13509.5927734375 614
13509.984375 683
13515.478515625 686
13517.1865234375 769
13532.201171875 1097
13544.67578125 1221
13554.185546875 1322
13562.794921875 1359
13575.7021484375 1376
13579.1455078125 1686
13584.9560546875 1854
13587.2802734375 2513
13600.849609375 2553
13647.4931640625 2650
13651.9677734375 2672
13668.7001953125 2911
13692.654296875 78
13718.90234375 2713
13726.958984375 2800
13746.5927734375 2651
13760.6484375 2970
13763.10546875 1045
13768.568359375 1068
13799.603515625 2078
13850.8671875 884
13871.87109375 886
13890.04296875 1028
13896.0126953125 1845
13898.599609375 1932
13908.3193359375 2489
13912.7216796875 90
13915.6513671875 153
13921.8203125 240
13923.599609375 256
13950.7412109375 531
13956.8408203125 644
13961.3837890625 706
13987.6328125 775
13990.0107421875 1163
13993.0458984375 1483
13999.083984375 2114
14002.4501953125 2379
14004.931640625 2424
14011.37109375 2433
14022.974609375 2435
14049.228515625 2442
14059.6015625 2683
14062.998046875 2811
14079.080078125 2176
14087.98828125 169
14098.7470703125 2207
14100.09765625 1144
14122.4853515625 2180
14146.146484375 73
14148.66796875 663
14183.6865234375 677
14220.3818359375 756
14225.990234375 925
14240.921875 927
14242.16015625 946
14247.2138671875 996
14252.486328125 1141
14252.8037109375 1202
14253.9326171875 1251
14277.3330078125 1457
14277.791015625 1502
14278.740234375 1591
14291.9931640625 1733
14294.6484375 1735
14300.2421875 1919
14313.81640625 1933
14327.060546875 1955
14329.615234375 2002
14335.7041015625 2335
14349.6298828125 2341
14364.482421875 2565
14371.1689453125 2695
14382.080078125 2763
14387.0859375 2840
14392.1484375 2422
14396.515625 1020
14401.7119140625 640
14412.572265625 59
14419.056640625 177
14439.6435546875 191
14440.248046875 575
14448.7529296875 687
14476.0224609375 934
14490.744140625 1119
14516.509765625 1529
14544.685546875 1697
14563.1953125 1810
14563.6943359375 1831
14569.5078125 2354
14589.224609375 2528
14593.3974609375 2679
14597.8046875 2712
14599.34375 2747
14605.05078125 2809
14609.48828125 2821
14616.0546875 2842
14616.9033203125 2860
14631.861328125 2906
14634.2265625 2994
14634.6796875 186
14636.158203125 223
14674.0146484375 1594
14707.0478515625 410
14712.21875 631
14713.12109375 132
14761.552734375 2576
14762.5947265625 1282
14762.6396484375 488
14764.62109375 869
14765.59765625 2059
14765.59765625 787
14775.8125 904
14781.138671875 137
14783.46875 275
14789.837890625 328
14796.2744140625 333
14800.685546875 392
14808.4609375 407
14818.169921875 489
14818.3369140625 680
14836.9443359375 1022
14839.8359375 1290
14848.15234375 1358
14863.287109375 1607
14888.4208984375 1653
14890.5185546875 2024
14897.412109375 2184
14898.29296875 2221
14919.61328125 2394
14925.033203125 2427
14928.9619140625 2517
14936.947265625 2655
14951.9892578125 2704
14993.9716796875 2900
15000.7333984375 2946
15030.3642578125 459
15049.3515625 1408
15053.4306640625 1339
15067.052734375 22
15067.052734375 45
15075.904296875 300
15110.498046875 812
15116.2568359375 922
15120.4111328125 947
15120.701171875 975
15124.3447265625 1001
15174.8388671875 1095
15186.53515625 1275
15191.923828125 1664
15210.306640625 1708
15212.716796875 1763
15216.529296875 1766
15217.7099609375 1889
15222.103515625 2077
15222.423828125 2082
15235.251953125 2131
15237.28125 2315
15246.16796875 2317
15249.55859375 2409
15252.103515625 2608
15277.1865234375 2616
15294.466796875 2649
15300.8984375 2819
15310.078125 2862
15315.0888671875 1164
15323.5615234375 2213
15327.0556640625 1050
15327.935546875 979
15340.3876953125 1562
15348.716796875 1597
15349.5732421875 2334
15363.0263671875 587
15367.6318359375 630
15377.1015625 777
15456.9814453125 1012
15473.6591796875 1064
15548.6865234375 1082
15566.0244140625 1462
15566.71875 1501
15618.623046875 1654
15618.75390625 1800
15623.365234375 2656
15632.8759765625 2884
15634.3271484375 1416
15652.82421875 1575
15684.376953125 2889
15714.0234375 445
15754.67578125 30
15768.7939453125 2484
15772.4873046875 38
15774.162109375 40
15782.439453125 76
15783.96484375 77
15789.1142578125 108
15805.615234375 164
15809.7822265625 211
15816.2158203125 225
15837.3466796875 376
15855.02734375 437
15903.857421875 510
15915.123046875 646
15918.6416015625 671
15944.640625 738
15972.240234375 770
15975.7744140625 1434
15982.7470703125 1610
15986.078125 1662
16021.294921875 1709
16058.275390625 1998
16068.5849609375 2166
16112.041015625 2220
16127.5029296875 2238
16146.853515625 2255
16150.015625 2345
16158.9501953125 2510
16174.19921875 2581
16181.8798828125 2607
16202.3955078125 2807
16222.9072265625 1015
16224.7939453125 1984
16274.5087890625 1258
16306.28515625 2555
16333.279296875 1147
16342.7109375 865
16357.4130859375 939
16360.0859375 1497
16363.6474609375 2630
16381.3505859375 2752
16478.29296875 457
16494.076171875 309
16500.251953125 316
16511.216796875 483
16513.45703125 484
16520.0859375 633
16520.3671875 1026
16521.279296875 1036
16555.255859375 1176
16596.857421875 1423
16599.8984375 1485
16621.716796875 1590
16639.890625 1702
16651.06640625 1759
16653.654296875 1818
16683.201171875 1958
16719.853515625 1963
16724.33984375 1977
16741.767578125 2053
16750.7109375 2056
16762.873046875 2125
16772.21484375 2304
16780.048828125 2356
16791.580078125 2477
16794.392578125 2533
16812.134765625 2732
16856.427734375 2948
16941.853515625 1601
16953.55078125 2256
16956.642578125 2104
16979.34765625 284
16986.47265625 182
16993.6328125 916
16993.646484375 1667
17048.34375 1852
17062.294921875 727
17078.8203125 2036
17083.7890625 2772
17095.158203125 130
17100.97265625 219
17111.978515625 394
17129.5078125 405
17129.841796875 634
17132.73046875 856
17191.90625 983
17198.576171875 1117
17203.125 1386
17208.986328125 1791
17216.845703125 1991
17217.96875 2060
17242.55859375 2215
17252.123046875 2314
17265.97265625 2440
17273.740234375 2467
17299.97265625 2618
17301.72265625 2648
17308.744140625 2694
17324.193359375 1772
17340.73828125 818
17369.939453125 2907
17382.177734375 660
17403.521484375 1168
17457.923828125 1145
17457.984375 1476
17516.33203125 1618
17540.837890625 655
17568.828125 1592
17604.279296875 2120
17639.3828125 2557
17646.791015625 112
17659.00390625 350
17660.447265625 356
17663.669921875 448
17669.462890625 1500
17684.234375 1526
17688.75390625 1587
17717.375 1881
17722.162109375 1943
17733.748046875 1962
17757.7578125 1995
17775.3671875 2075
17781.630859375 2118
17786.658203125 2309
17797.310546875 2418
17798.623046875 2516
17803.47265625 2588
17825.212890625 2605
17826.66796875 2623
17833.19921875 2937
17841.3828125 1005
17864.818359375 110
17871.3828125 2360
17909.525390625 121
17914.853515625 1046
17923.544921875 298
17938.595703125 372
17953.880859375 492
17954.380859375 752
17968.611328125 838
17981.548828125 903
18009.64453125 1034
18030.712890625 1128
18093.142578125 1187
18094.08203125 1437
18097.138671875 1488
18103.115234375 1534
18104.3515625 1657
18141.1484375 1678
18155.41015625 1824
18216.875 1826
18221.140625 1941
18264.185546875 1997
18265.56640625 2318
18289.224609375 2327
18303.40234375 2362
18315.556640625 2404
18323.69140625 2453
18334.107421875 2458
18339.796875 2496
18354.03125 2696
18376.2890625 2722
18382.697265625 2796
18433.810546875 2584
18435.283203125 2872
18439.013671875 2589
18466.83203125 2135
18487.890625 1802
18526.490234375 1853
18532.10546875 1892
18553.408203125 1580
18590.08203125 25
18619.373046875 72
18634.7265625 343
18710.8515625 710
18718.34375 755
18735.873046875 885
18838.451171875 1683
18855.171875 1776
18919.673828125 1972
19021.15625 2047
19022.001953125 2138
19114.294921875 2185
19121.953125 2344
19130.244140625 2545
19131.626953125 2573
19139.23046875 2855
19149.25390625 1511
19163.673828125 1778
19198.330078125 329
19253.12109375 731
19293.3515625 1400
19304.82421875 2070
19313.615234375 1480
19407.017578125 1714
19410.267578125 249
19425.23828125 94
19459.64453125 2823
19503.22265625 471
19556.72265625 473
19590.068359375 747
19624.84375 915
19688.10546875 921
19704.064453125 993
19706.03125 1072
19724.234375 1415
19807.58203125 1541
19854.42578125 1746
19877.904296875 1949
19890.712890625 2079
19912.107421875 2219
19912.296875 2258
19992.0859375 2413
19999.6875 2628
19999.6875 2828
20002.0859375 2903
20014.705078125 2996
20102.771484375 204
20128.580078125 1247
20130.302734375 1410
20235.060546875 1888
20243.005859375 1214
20262.09375 1658
20268.861328125 2587
20291.74609375 380
20301.462890625 688
20345.98828125 1761
20394.5390625 66
20395.716796875 127
20400.955078125 179
20420.912109375 855
20510.234375 1198
20550.75390625 1250
20559.4609375 1507
20572.24609375 1558
20579.828125 2007
20661.162109375 2092
20663.20703125 2231
20667.859375 2384
20708.802734375 2457
20743.71875 2544
20762.732421875 2717
20772.775390625 2774
20814.994140625 2794
20856.31640625 2909
20896.7109375 972
20931.44140625 1138
20950.478515625 1442
21025.470703125 1137
21033.154296875 102
21036.005859375 667
21051.544921875 1935
21074.880859375 2352
21081.28125 2887
21111.96875 427
21114.390625 1533
21128.568359375 170
21152.982421875 262
21178.41796875 306
21256.5703125 596
21264.19140625 805
21291.580078125 849
21312.90625 850
21314.408203125 965
21337.673828125 976
21340.916015625 1058
21356.748046875 1403
21396.998046875 1645
21429.5859375 1999
21448.66015625 2292
21528.7265625 2392
21553.689453125 2403
21573.07421875 2497
21589.44921875 2524
21598.4375 2601
21674.05078125 2652
21677.6875 2657
21742.99609375 2761
21786.431640625 2839
21790.697265625 2939
21806.22265625 2984
21844.1953125 1027
21847.326171875 622
21877.564453125 417
21918.689453125 450
22008.8515625 690
22026.55078125 969
22141.328125 982
22206.095703125 1040
22293.484375 1078
22312.234375 1083
22331.791015625 1382
22398.978515625 1391
22401.42578125 1486
22428.1953125 1503
22437.33984375 1547
22491.4609375 1561
22493.5390625 1965
22512.21484375 2026
22521.791015625 2066
22537.41015625 2182
22567.837890625 2245
22682.70703125 2460
22714.357421875 2466
22754.1640625 2540
22758.73046875 2593
22760.720703125 2632
22771.162109375 2753
22826.623046875 2759
22841.533203125 2793
22867.62890625 2925
22884.625 2152
22929.904296875 762
23024.21875 2757
23052.345703125 37
23086.859375 1624
23159.18359375 1271
23163.08984375 2370
23204.41796875 2895
23316.521484375 2411
23327.28125 67
23366.0703125 150
23403.15234375 171
23418.841796875 195
23535.8046875 363
23548.7265625 522
23587.4375 657
23609.861328125 701
23636.767578125 760
23652.748046875 811
23681.08984375 874
23683.404296875 875
23709.6328125 1002
23774.603515625 1007
23851.36328125 1023
23853.685546875 1356
23858.232421875 1378
24017.451171875 1489
24031.94921875 1629
24042.27734375 2721
24116.0859375 2032
24124.33203125 2259
24195.732421875 771
24223.41015625 1543
24269.31640625 2241
24299.091796875 1964
24336.466796875 1625
24419.916015625 2693
24437.634765625 222
24476.732421875 258
24481.52734375 281
24563.921875 506
24666.14453125 582
24734.115234375 724
24774.19140625 879
24793.111328125 1003
24882.94140625 1171
24977.783203125 1182
24985.048828125 1588
24998.107421875 1685
25008.55859375 1758
25063.421875 2300
25166.423828125 2310
25280.64453125 2705
25286.32421875 2845
25290.34765625 2916
25357.1484375 1811
25358.88671875 2701
25422.55078125 421
25424.73046875 1440
25431.83984375 2337
25443.8828125 2531
25697.05078125 18
25772.072265625 29
25802.490234375 31
25867.6015625 104
25912.3828125 274
25920.109375 321
25953.8828125 370
26044.142578125 375
26100.38671875 562
26100.38671875 914
26110.046875 944
26208.18359375 1672
26260.498046875 1684
26312.603515625 1825
26314.74609375 1846
26458.5 1960
26524.720703125 1976
26594.087890625 2006
26793.353515625 2319
27036.763671875 2405
27092.55859375 2550
27329.177734375 2606
27387.724609375 2768
27498.16015625 1081
27566.908203125 1780
27611.919921875 16
27618.974609375 28
27706.8984375 125
27722.53515625 212
27844.375 265
27887.8515625 295
27928.68359375 360
27951.052734375 364
28022.818359375 937
28069.224609375 1077
28125.83203125 1101
28747.71875 1241
28774.84765625 1243
29042.939453125 1307
29108.9765625 1343
29186.916015625 1404
29243.8359375 1418
29433.96875 1585
29573.44140625 1719
29662.87109375 1822
29965.482421875 2009
30280.4296875 2164
31215.9296875 2214
31443.783203125 2250
31664.81640625 2263
33282.55078125 2342
33444.09765625 2359
36857.609375 2547
