6771.77099609375 1333
6838.66455078125 2631
6838.66455078125 146
6967.5498046875 1538
7196.70751953125 21
7265.294921875 34
7421.84619140625 200
7549.33154296875 288
7557.49853515625 336
7565.994140625 385
7595.830078125 517
7628.69189453125 546
7834.65478515625 609
7884.60107421875 614
7910.5693359375 683
7974.0625 686
8013.4697265625 769
8097.85986328125 1097
8102.1484375 1221
8113.78369140625 1322
8128.8212890625 1359
8167.48828125 1376
8296.1943359375 1686
8320.9697265625 1854
8404.9208984375 2513
8405.734375 2553
8429.7158203125 2650
8434.1279296875 2672
8488.9970703125 2911
8528.7685546875 78
8552.1162109375 2713
8570.599609375 2800
8638.513671875 2651
8645.5224609375 2970
8768.1513671875 1045
8818.3310546875 1068
8824.4892578125 1446
8827.2880859375 87
8850.330078125 251
8861.6416015625 527
8869.26953125 529
8873.154296875 625
8885.6767578125 641
8913.48828125 693
8967.1796875 873
9012.724609375 881
9072.1005859375 928
9085.8818359375 1133
9116.80078125 1283
9124.3310546875 1318
9156.3974609375 1346
9187.2099609375 1417
9187.2734375 1720
9238.8212890625 1987
9247.9892578125 2226
9276.4443359375 2296
9284.345703125 2515
9304.138671875 2572
9328.0205078125 2669
9373.1494140625 2728
9389.54296875 2734
9399.892578125 2746
9401.435546875 2852
9429.7490234375 2866
9449.5732421875 2915
9457.0888671875 2949
9472.361328125 377
9477.4267578125 2281
9503.0947265625 160
9507.2021484375 1
9511.314453125 425
9515.3759765625 446
9525.4599609375 800
9555.169921875 918
9556.44921875 953
9583.38671875 985
9624.4375 986
9642.744140625 1008
9651.1640625 1043
9679.9111328125 1270
9690.26953125 1317
9691.705078125 1435
9719.6591796875 1548
9726.220703125 1606
9737.6103515625 1661
9781.25 1712
9805.9033203125 2010
9806.2978515625 2088
9810.5029296875 2365
9821.8828125 2410
9828.623046875 2414
9831.591796875 2482
9865.26171875 2560
9867.12890625 2781
9870.6015625 2820
9888.9462890625 997
9894.7978515625 1781
9895.5498046875 81
9895.5498046875 229
9899.3876953125 440
9901.703125 548
9942.4130859375 611
9970.04296875 826
9988.9697265625 834
10030.064453125 848
10030.59375 871
10036.478515625 893
10046.162109375 1231
10047.416015625 1256
10095.51171875 1315
10098.056640625 1458
10115.2607421875 1550
10120.599609375 1671
10142.3095703125 1711
10186.806640625 1815
10198.4228515625 1893
10198.7109375 2312
10225.2236328125 2324
10233.0615234375 2385
10239.0556640625 2447
10247.3349609375 2562
10273.8154296875 2610
10276.3837890625 2622
10280.943359375 2853
10281.9140625 2924
10297.7138671875 2927
10301.486328125 2239
10320.390625 1362
10333.2412109375 1926
10337.13671875 2997
10341.1201171875 254
10345.0537109375 388
10346.5751953125 465
10356.017578125 498
10377.28515625 520
10378.3447265625 962
10378.3515625 981
10379.9208984375 1156
10411.900390625 1652
10416.1240234375 2205
10426.3056640625 2339
10426.7890625 2417
10435.2060546875 2494
10441.9833984375 2687
10451.9697265625 1122
10473.544921875 1670
10495.7158203125 264
10505.650390625 2173
10508.93359375 1646
10530.404296875 2396
10533.533203125 49
10543.9462890625 189
10553.8349609375 261
10583.263671875 263
10611.3955078125 430
10618.9287109375 831
10626.119140625 899
10629.6123046875 1123
10646.5751953125 1169
10651.994140625 1350
10655.5625 1405
10657.2880859375 1512
10663.5439453125 1750
10685.537109375 1769
10701.6640625 1908
10745.8369140625 1966
10753.46484375 1982
10755.66796875 1993
10759.203125 2094
10767.341796875 2126
10783.77734375 2141
10824.9697265625 2171
10828.9443359375 2174
10836.01171875 2177
10836.060546875 2237
10852.048828125 2367
10857.310546875 2536
10875.486328125 2542
10875.505859375 2582
10888.0146484375 2675
10895.828125 2703
10898.30078125 1873
10918.42578125 2107
10935.546875 1281
10939.70703125 455
10980.58203125 470
10994.21875 902
10999.3193359375 926
11001.1201171875 967
11009.416015625 1104
11009.724609375 1225
11025.0478515625 1286
11038.1875 1506
11061.7666015625 1516
11063.197265625 1599
11066.712890625 1779
11072.201171875 1848
11072.9609375 1867
11081.2451171875 1883
11088.24609375 2063
11108.9599609375 2210
11114.6630859375 2246
11144.1826171875 2285
11144.7392578125 2361
11150.220703125 2686
11153.5302734375 2700
11156.9228515625 88
11157.4384765625 586
11167.43359375 136
11168.0185546875 1471
11170.9658203125 226
11175.625 296
11193.267578125 1197
11209.994140625 1666
11211.2666015625 2511
11240.650390625 101
11244.380859375 215
11267.9912109375 549
11284.13671875 550
11287.3291015625 573
11316.78125 1136
11317.0400390625 1199
11326.6455078125 1530
11357.3759765625 1581
11375.173828125 1640
11422.3115234375 1688
11427.015625 1968
11434.4912109375 2526
11439.6328125 2571
11440.373046875 2983
11440.9833984375 1787
11463.744140625 602
11471.666015625 1146
11481.349609375 253
11484.912109375 342
11490.6884765625 843
11492.48046875 1233
11497.591796875 1335
11500.2373046875 1394
11501.7890625 1737
11506.4384765625 1784
11521.3369140625 1950
11534.8759765625 2025
11551.9736328125 2473
11556.3505859375 2518
11565.033203125 999
11584.18359375 1056
11591.15625 1900
11599.267578125 1304
11615.0771484375 1326
11621.08203125 2967
11622.5341796875 1329
11624.55859375 50
11627.6484375 318
11635.12109375 389
11663.42578125 478
11663.97265625 491
11666.259765625 580
11669.5087890625 599
11696.7333984375 890
11711.6865234375 896
11725.341796875 909
11753.06640625 919
11754.0244140625 995
11761.41015625 1273
11770.037109375 1342
11770.5009765625 1430
11780.98828125 1495
11783.51953125 1568
11790.8740234375 1583
11794.1728515625 1764
11796.6240234375 1774
11798.0439453125 2065
11800.0498046875 2117
11803.3173828125 2181
11826.0654296875 2268
11828.2900390625 2465
11829.310546875 2664
11839.640625 2760
11841.810546875 2764
11844.607421875 2938
11844.69140625 2943
11849.8447265625 1860
11854.208984375 2880
11856.955078125 2078
11859.0771484375 884
11864.1181640625 886
11866.705078125 1028
11872.59375 1845
11873.2841796875 1932
11889.576171875 2489
11889.9306640625 90
11899.490234375 153
11914.28125 240
11917.57421875 256
11947.021484375 531
11951.78125 644
11955.19140625 706
11972.2529296875 775
11978.62890625 1163
11979.806640625 1483
11989.8310546875 2114
12005.765625 2379
12030.1748046875 2424
12035.46875 2433
12047.0283203125 2435
12067.8447265625 2442
12090.2919921875 2683
12093.103515625 2811
12111.091796875 2176
12118.357421875 169
12123.6640625 2207
12138.177734375 1144
12145.16015625 2180
12147.591796875 73
12162.341796875 663
12163.7373046875 677
12164.763671875 756
12179.94140625 925
12181.189453125 927
12183.693359375 946
12188.470703125 996
12190.392578125 1141
12194.5078125 1202
12196.255859375 1251
12210.435546875 1457
12212.5576171875 1502
12216.5673828125 1591
12222.6123046875 1733
12227.9345703125 1735
12253.2109375 1919
12254.646484375 1933
12259.9228515625 1955
12265.646484375 2002
12265.646484375 2335
12272.88671875 2341
12277.603515625 2565
12287.744140625 2695
12290.181640625 2763
12294.375 2840
12298.6513671875 2422
12299.2763671875 1020
12319.234375 640
12323.3193359375 59
12329.0615234375 177
12338.1259765625 191
12339.66015625 575
12348.716796875 687
12356.283203125 934
12358.4677734375 1119
12360.5751953125 1529
12364.9951171875 1697
12372.2900390625 1810
12394.107421875 1831
12405.998046875 2354
12431.0556640625 2528
12432.130859375 2679
12446.470703125 2712
12447.1298828125 2747
12474.32421875 2809
12483.9267578125 2821
12490.4970703125 2842
12498.888671875 2860
12515.5625 2906
12517.931640625 2994
12527.2392578125 186
12527.380859375 223
12545.859375 1594
12545.9833984375 410
12548.3271484375 631
12583.1689453125 132
12607.6220703125 2576
12630.4794921875 1282
12637.6328125 488
12641.337890625 869
12651.4677734375 2059
12655.86328125 787
12659.8837890625 904
12664.0966796875 137
12674.439453125 275
12675.4296875 328
12680.0947265625 333
12688.837890625 392
12710.515625 407
12710.6123046875 489
12715.4052734375 680
12721.8125 1022
12729.21484375 1290
12737.169921875 1358
12754.92578125 1607
12759.42578125 1653
12762.453125 2024
12791.6240234375 2184
12792.560546875 2221
12798.9443359375 2394
12803.2109375 2427
12810.669921875 2517
12822.736328125 2655
12844.42578125 2704
12851.8369140625 2900
12866.8291015625 2946
12875.435546875 459
12926.34765625 1408
12937.109375 1339
12946.556640625 22
12957.9921875 45
12958.453125 300
12971.4140625 812
12972.525390625 922
12991.111328125 947
12994.734375 975
13003.3154296875 1001
13007.771484375 1095
13018.185546875 1275
13027.0693359375 1664
13027.5908203125 1708
13030.9326171875 1763
13038.62109375 1766
13063.5234375 1889
13068.5712890625 2077
13076.9990234375 2082
13099.0234375 2131
13112.0546875 2315
13129.38671875 2317
13134.455078125 2409
13136.1396484375 2608
13148.06640625 2616
13161.66796875 2649
13202.083984375 2819
13206.3876953125 2862
13207.169921875 1164
13210.7646484375 2213
13215.5859375 1050
13217.4599609375 979
13233.466796875 1562
13238.11328125 1597
13243.5908203125 2334
13252.220703125 587
13258.7763671875 630
13261.80078125 777
13263.974609375 1012
13277.0068359375 1064
13281.9609375 1082
13283.822265625 1462
13288.6416015625 1501
13294.25390625 1654
13297.0078125 1800
13308.4951171875 2656
13324.556640625 2884
13327.626953125 1416
13359.9921875 1575
13396.458984375 2889
13416.5458984375 445
13418.025390625 30
13420.630859375 2484
13429.818359375 38
13443.79296875 40
13444.60546875 76
13480.67578125 77
13493.4013671875 108
13498.2578125 164
13502.3193359375 211
13502.3193359375 225
13512.873046875 376
13526.390625 437
13530.998046875 510
13546.3603515625 646
13552.15625 671
13554.4970703125 738
13557.693359375 770
13571.7333984375 1434
13577.123046875 1610
13582.2783203125 1662
13583.5498046875 1709
13586.0634765625 1998
13592.3525390625 2166
13596.712890625 2220
13622.177734375 2238
13632.751953125 2255
13636.9814453125 2345
13645.3837890625 2510
13652.833984375 2581
13667.62109375 2607
13685.396484375 2807
13696.173828125 1015
13702.470703125 1984
13710.779296875 1258
13716.5458984375 2555
13727.1572265625 1147
13740.1875 865
13752.2998046875 939
13757.984375 1497
13762.2109375 2630
13791.392578125 2752
13791.537109375 457
13809.1845703125 309
13810.4306640625 316
13815.7861328125 483
13821.07421875 484
13827.8095703125 633
13830.552734375 1026
13835.3359375 1036
13852.28515625 1176
13869.5771484375 1423
13873.1640625 1485
13878.6220703125 1590
13889.3359375 1702
13893.431640625 1759
13910.3203125 1818
13921.3701171875 1958
13928.73828125 1963
13941.8427734375 1977
13943.37109375 2053
13961.7578125 2056
13971.7744140625 2125
14017.345703125 2304
14031.15625 2356
14042.1533203125 2477
14049.8994140625 2533
14057.2109375 2732
14085.529296875 2948
14112.3740234375 1601
14121.3193359375 2256
14143.712890625 2104
14161.0185546875 284
14208.1953125 182
14225.732421875 916
14226.662109375 1667
14235.6533203125 1852
14240.4833984375 727
14240.66015625 2036
14255.955078125 2772
14281.5615234375 130
14298.1181640625 219
14308.052734375 394
14319.484375 405
14354.455078125 634
14367.455078125 856
14368.5322265625 983
14370.6630859375 1117
14381.6455078125 1386
14381.9912109375 1791
14409.30859375 1991
14458.59765625 2060
14466.1044921875 2215
14466.837890625 2314
14523.82421875 2440
14608.3642578125 2467
14611.798828125 2618
14612.5986328125 2648
14616.9345703125 2694
14626.958984375 1772
14656.546875 818
14657.24609375 2907
14761.2666015625 660
14764.416015625 1168
14764.6533203125 1145
14767.0029296875 1476
14794.4677734375 1618
14810.3037109375 655
14816.5966796875 1592
14822.115234375 2120
14830.0986328125 2557
14836.9970703125 112
14843.1806640625 350
14852.208984375 356
14860.2529296875 448
14865.373046875 1500
14891.0673828125 1526
14901.599609375 1587
14906.9501953125 1881
14935.4814453125 1943
14957.859375 1962
14960.9208984375 1995
14978.91015625 2075
15033.5537109375 2118
15042.74609375 2309
15079.138671875 2418
15086.8642578125 2516
15096.9716796875 2588
15106.328125 2605
15108.0234375 2623
15122.31640625 2937
15130.775390625 1005
15149.72265625 110
15185.7333984375 2360
15210.2978515625 121
15245.55859375 1046
15250.3125 298
15280.34765625 372
15280.978515625 492
15293.69140625 752
15300.0517578125 838
15375.9912109375 903
15376.400390625 1034
15435.3017578125 1128
15437.12109375 1187
15449.53125 1437
15458.4013671875 1488
15461.1162109375 1534
15479.873046875 1657
15496.8994140625 1678
15498.26171875 1824
15504.94921875 1826
15518.30859375 1941
15528.953125 1997
15541.66015625 2318
15546.421875 2327
15546.421875 2362
15561.203125 2404
15579.1630859375 2453
15583.59765625 2458
15609.0322265625 2496
15611.177734375 2696
15616.3505859375 2722
15622.95703125 2796
15646.3408203125 2584
15653.501953125 2872
15689.0712890625 2589
15704.4619140625 2135
15719.6591796875 1802
15722.2021484375 1853
15725.474609375 1892
15734.16796875 1580
15747.2861328125 25
15752.013671875 72
15769.9287109375 343
15812.7744140625 710
15814.8505859375 755
15834.537109375 885
15851.751953125 1683
15879.3671875 1776
15922.3544921875 1972
15933.1689453125 2047
15946.9345703125 2138
15959.552734375 2185
15964.515625 2344
15973.751953125 2545
15988.056640625 2573
16023.125 2855
16044.49609375 2159
16046.15625 1067
16074.96484375 371
16124.232421875 243
16128.564453125 1301
16133.296875 311
16181.5068359375 426
16188.1337890625 648
16191.6728515625 720
16195.490234375 792
16212.2841796875 940
16239.376953125 1006
16250.462890625 1032
16322.3369140625 1160
16347.8623046875 1189
16367.439453125 2183
16378.802734375 2190
16384.130859375 2301
16384.48046875 1459
16401.4453125 1649
16421.49609375 353
16439.712890625 2706
16497.88671875 1511
16519.16015625 1778
16525.279296875 329
16568.79296875 731
16569.388671875 1400
16570.806640625 2070
16575.69921875 1480
16634.7109375 1714
16666.32421875 249
16681.70703125 94
16708.4296875 2823
16711.85546875 471
16739.431640625 473
16779.689453125 747
16780.904296875 915
16799.216796875 921
16800.44921875 993
16811.572265625 1072
16820.5078125 1415
16832.6015625 1541
16857.595703125 1746
16878.7890625 1949
16933.44140625 2079
16941.59765625 2219
16973.1953125 2258
16974.814453125 2413
17025.796875 2628
17055.22265625 2828
17060.671875 2903
17136.75390625 2996
17178.4140625 204
17193.8046875 1247
17216.802734375 1410
17229.525390625 1888
17304.40234375 1214
17335.140625 1658
17351.744140625 2587
17372.21875 380
17377.314453125 688
17431.615234375 1761
17436.375 66
17437.619140625 127
17450.521484375 179
17539.482421875 855
17542.3203125 1198
17600.02734375 1250
17613.33984375 1507
17699.98046875 1558
17714.296875 2007
17756.5078125 2092
17779.1171875 2231
17780.44921875 2384
17824.537109375 2457
17833.900390625 2544
17898.533203125 2717
17918.501953125 2774
17956.318359375 2794
18055.658203125 2909
18062.728515625 972
18073.2421875 1138
18074.412109375 1442
18119.9921875 1137
18130.1796875 102
18141.591796875 667
18153.22265625 1935
18213.251953125 2352
18240.462890625 2887
18298.88671875 427
18354.04296875 1533
18384.595703125 170
18387.564453125 262
18459.33984375 306
18490.66015625 596
18495.97265625 805
18502.779296875 849
18523.5 850
18532.396484375 965
18647.115234375 976
18690.009765625 1058
18705.416015625 1403
18716.51953125 1645
18739.37890625 1999
18825.462890625 2292
18830.068359375 2392
18858.02734375 2403
18878.966796875 2497
18901.197265625 2524
18939.2421875 2601
18945.87890625 2652
18985.23828125 2657
18993.30859375 2761
19020.625 2839
19080.923828125 2939
19098.458984375 2984
19130.89453125 1027
19285.326171875 622
19304.302734375 417
19354.525390625 450
19384.015625 690
19393.177734375 969
19432.267578125 982
19433.4296875 1040
19442.828125 1078
19457.21484375 1083
19485.30078125 1382
19578.09765625 1391
19584.9921875 1486
19610.314453125 1503
19617.15625 1547
19713.51171875 1561
19777.927734375 1965
19843.796875 2026
19849.24609375 2066
19878.169921875 2182
19910.59375 2245
19914.1328125 2460
19938.302734375 2466
19990.9609375 2540
20017.41796875 2593
20043.4375 2632
20104.765625 2753
20134.9140625 2759
20142.8515625 2793
20187.126953125 2925
20194.50390625 2152
20225.109375 762
20276.294921875 2757
20343.07421875 37
20386.5703125 1624
20421.4375 1271
20425.5546875 2370
20475.275390625 2895
20637.88671875 2411
20705.046875 67
20723.064453125 150
20727.857421875 171
20769.552734375 195
20924.318359375 363
20926.349609375 522
20952.228515625 657
20991.69140625 701
21028.044921875 760
21033.5234375 811
21033.765625 874
21047.037109375 875
21069.609375 1002
21069.609375 1007
21142.58203125 1023
21149.81640625 1356
21206.142578125 1378
21248.447265625 1489
21259.083984375 1629
21292.91015625 2721
21365.1796875 2032
21389.8203125 2259
21506.451171875 771
21536.345703125 1543
21647.875 2241
21660.7265625 1964
21710.40625 1625
21748.62109375 2693
21774.734375 222
21779.716796875 258
21800.06640625 281
21809.5234375 506
21920.78515625 582
22078.912109375 724
22145.974609375 879
22225.9140625 1003
22252.6875 1171
22315.384765625 1182
22455.421875 1588
22484.513671875 1685
22498.771484375 1758
22516.193359375 2300
22516.193359375 2310
22561.65234375 2705
22598.380859375 2845
22675.79296875 2916
22683.38671875 1811
22783.41796875 2701
22848.125 421
22993.814453125 1440
23006.509765625 2337
23007.63671875 2531
23016.90234375 18
23021.7734375 29
23108.537109375 31
23212.826171875 104
23244.380859375 274
23277.0 321
23283.5703125 370
23312.57421875 375
23355.130859375 562
23471.41015625 914
23637.70703125 944
23792.267578125 1672
23809.443359375 1684
23834.43359375 1825
23846.298828125 1846
24086.021484375 1960
24093.556640625 1976
24095.19140625 2006
24126.615234375 2319
24168.330078125 2405
24183.474609375 2550
24631.232421875 2606
24747.060546875 2768
24916.544921875 1081
24970.36328125 1780
24970.5625 16
25038.525390625 28
25049.630859375 125
25054.447265625 212
25056.7265625 265
25125.91015625 295
25221.525390625 360
25354.00390625 364
25434.87890625 937
25506.12109375 1077
25583.15625 1101
25611.75390625 1241
25657.873046875 1243
25664.779296875 1307
25826.251953125 1343
25965.208984375 1404
26033.373046875 1418
26235.380859375 1585
26410.546875 1719
26591.740234375 1822
27297.880859375 2009
27860.814453125 2164
27919.134765625 2214
28917.8359375 2250
30233.66796875 2263
33237.61328125 2342
33694.2265625 2359
34361.4296875 2547
