1726.724853515625 1027
2099.607421875 622
2125.5078125 417
2266.62841796875 450
2483.04345703125 690
2577.426513671875 969
2665.173583984375 982
2917.977294921875 1040
3023.12060546875 1078
3130.5068359375 1083
3147.306396484375 1382
3330.39794921875 1391
3366.22705078125 1486
3406.935546875 1503
3463.8515625 1547
3531.35205078125 1561
3567.98388671875 1965
3610.36767578125 2026
3640.456787109375 2066
3649.31787109375 2182
3651.767578125 2245
3719.45556640625 2460
3927.648681640625 2466
3983.509765625 2540
4105.69140625 2593
4115.6396484375 2632
4156.669921875 2753
4182.771484375 2759
4320.45654296875 2793
4393.7197265625 2925
4394.76953125 1446
4564.646484375 87
4565.91796875 251
4604.83447265625 527
4649.580078125 529
4713.544921875 625
4780.5703125 641
4820.8173828125 693
5011.341796875 873
5042.859375 881
5045.4599609375 928
5117.53125 1133
5117.53125 1283
5124.24755859375 1318
5167.5498046875 1346
5263.185546875 1417
5435.04052734375 1720
5514.48828125 1987
5633.1552734375 2226
5777.181640625 2296
5804.94921875 2515
5892.0419921875 2572
5968.015625 2669
6134.68994140625 2728
6247.3857421875 2734
6247.4482421875 2746
6262.92138671875 2852
6526.89453125 2866
6601.0 2915
6695.947265625 2949
6716.2900390625 377
6947.8330078125 2281
6951.4560546875 160
7271.26025390625 1
7402.693359375 425
7408.4833984375 446
7538.958984375 800
7758.2353515625 918
7859.634765625 953
7877.6376953125 985
7889.97265625 986
7909.4267578125 1008
7941.9111328125 1043
8045.6767578125 1270
8058.4892578125 1317
8195.74609375 1435
8328.0927734375 1548
8408.1591796875 1606
8450.32421875 1661
8482.7255859375 1712
8519.64453125 2010
8553.578125 2088
8605.9814453125 2365
8627.9765625 2410
8678.068359375 2414
8678.44921875 2482
8780.73828125 2560
8827.224609375 2781
8848.55859375 2820
8883.9033203125 997
8925.62109375 1781
9026.6162109375 81
9034.6796875 229
9274.400390625 440
9356.080078125 548
9398.59375 611
9412.298828125 826
9453.220703125 834
9523.5146484375 848
9722.533203125 871
9752.6767578125 893
9770.2333984375 1231
9775.578125 1256
9782.8818359375 1315
9787.853515625 1458
9942.818359375 1550
10110.7724609375 1671
10134.2783203125 1711
10170.1533203125 1815
10182.0654296875 1893
10236.88671875 2312
10271.3857421875 2324
10292.2568359375 2385
10318.98828125 2447
10505.0986328125 2562
10526.119140625 2610
10529.162109375 2622
10630.53515625 2853
10636.37109375 2924
10683.822265625 2927
10741.1533203125 2239
10806.181640625 1362
10817.65234375 1926
10970.54296875 2997
10982.4990234375 254
10987.291015625 388
11205.681640625 465
11268.41015625 498
11329.90234375 520
11350.19140625 962
11351.298828125 981
11368.9873046875 1156
11390.9091796875 1652
11472.5078125 2205
11600.5498046875 2339
11630.5087890625 2417
11759.8974609375 2494
11774.7626953125 2687
11795.1591796875 1122
11849.04296875 1670
11867.3662109375 264
11881.9072265625 2173
11900.3037109375 1646
11953.6630859375 2396
11986.65234375 49
11992.3486328125 189
11995.765625 261
12016.55859375 263
12048.9580078125 430
12074.0810546875 831
12132.412109375 899
12205.24609375 1123
12238.0595703125 1169
12351.3876953125 1350
12357.2890625 1405
12521.4091796875 1512
12645.7978515625 1750
12768.7109375 1769
12787.1298828125 1908
12941.0712890625 1966
12948.1044921875 1982
12953.5224609375 1993
12975.47265625 2094
13008.091796875 2126
13145.2783203125 2141
13276.2421875 2171
13296.6513671875 2174
13308.375 2177
13348.90625 2237
13369.8232421875 2367
13407.4970703125 2536
13422.1962890625 2542
13429.62109375 2582
13431.0595703125 2675
13467.8154296875 2703
13467.919921875 1873
13569.5625 2107
13594.28515625 1281
13603.1396484375 455
13623.6240234375 470
13633.29296875 902
13640.0849609375 926
13674.65625 967
13714.421875 1104
13714.8447265625 1225
13725.0361328125 1286
13731.2314453125 1506
13744.921875 1516
13777.6455078125 1599
13795.78125 1779
13868.3544921875 1848
13877.16015625 1867
13887.6904296875 1883
13897.205078125 2063
13899.5478515625 2210
13919.1494140625 2246
13922.435546875 2285
13956.4423828125 2361
13979.7060546875 2686
14016.486328125 2700
14021.6630859375 88
14096.9072265625 586
14137.890625 136
14176.5205078125 1471
14193.716796875 226
14213.673828125 296
14225.712890625 1197
14272.55859375 1666
14310.23828125 2511
14318.927734375 101
14338.8330078125 215
14361.9658203125 549
14376.46484375 550
14391.3447265625 573
14402.3388671875 1136
14440.650390625 1199
14456.53125 1530
14465.578125 1581
14470.6240234375 1640
14481.0888671875 1688
14481.109375 1968
14503.96875 2526
14507.6962890625 2571
14511.7080078125 2983
14529.056640625 1787
14538.3798828125 602
14541.4990234375 1146
14542.05078125 253
14567.4267578125 342
14580.583984375 843
14582.9140625 1233
14588.2548828125 1335
14673.662109375 1394
14680.6982421875 1737
14682.4921875 1784
14719.6669921875 1950
14761.8076171875 2025
14763.345703125 2473
14789.92578125 2518
14809.5927734375 999
14813.7431640625 1056
14885.552734375 1900
14900.58984375 1304
14908.9404296875 1326
14948.24609375 2967
14975.2890625 1329
15043.5830078125 50
15051.9208984375 318
15053.2880859375 389
15073.86328125 478
15099.5068359375 491
15135.2109375 580
15137.3662109375 599
15137.490234375 890
15148.6015625 896
15156.3984375 909
15168.029296875 919
15179.380859375 995
15194.146484375 1273
15215.556640625 1342
15219.6806640625 1430
15225.3203125 1495
15230.7265625 1568
15237.05078125 1583
15284.6552734375 1764
15303.537109375 1774
15310.0107421875 2065
15323.74609375 2117
15360.609375 2181
15367.59765625 2268
15367.9921875 2465
15383.9990234375 2664
15388.498046875 2760
15403.298828125 2764
15407.556640625 2938
15408.51171875 2943
15414.087890625 1860
15424.529296875 2880
15427.962890625 1333
15429.564453125 2631
15447.4384765625 146
15461.1279296875 1538
15467.978515625 21
15477.583984375 34
15497.8408203125 200
15512.171875 288
15518.9833984375 336
15520.3359375 385
15566.24609375 517
15612.203125 546
15620.7734375 609
15620.7734375 614
15636.84375 683
15636.84375 686
15667.341796875 769
15671.7978515625 1097
15693.203125 1221
15707.3212890625 1322
15753.962890625 1359
15761.8759765625 1376
15793.265625 1686
15793.333984375 1854
15795.53515625 2513
15811.6474609375 2553
15833.771484375 2650
15844.3974609375 2672
15861.955078125 2911
15865.109375 78
15886.640625 2713
15891.390625 2800
15900.9501953125 2651
15904.388671875 2970
15905.3095703125 1045
15905.89453125 1068
15910.3125 2078
15910.3125 884
15919.3359375 886
15946.6962890625 1028
15975.7119140625 1845
16005.359375 1932
16012.90625 2489
16051.603515625 90
16056.3583984375 153
16059.5986328125 240
16062.84375 256
16082.1396484375 531
16131.4296875 644
16131.845703125 706
16161.8193359375 775
16166.6044921875 1163
16172.69140625 1483
16217.4521484375 2114
16232.0771484375 2379
16250.951171875 2424
16276.4375 2433
16291.837890625 2435
16303.283203125 2442
16308.6513671875 2683
16330.935546875 2811
16347.54296875 2176
16364.908203125 169
16377.494140625 2207
16412.6875 1144
16424.82421875 2180
16430.4609375 73
16461.744140625 663
16470.515625 677
16477.564453125 756
16487.34765625 925
16516.21875 927
16519.5546875 946
16534.486328125 996
16573.255859375 1141
16618.59765625 1202
16634.36328125 1251
16675.6796875 1457
16698.28125 1502
16709.0234375 1591
16709.712890625 1733
16719.203125 1735
16721.578125 1919
16734.484375 1933
16748.48046875 1955
16751.505859375 2002
16800.373046875 2335
16804.6796875 2341
16884.6171875 2565
16895.349609375 2695
16927.158203125 2763
16930.875 2840
16942.2578125 2422
16966.71484375 1020
16992.10546875 640
17001.390625 59
17024.677734375 177
17024.9140625 191
17049.0625 575
17065.4453125 687
17078.78125 934
17102.8984375 1119
17137.072265625 1529
17164.798828125 1697
17192.759765625 1810
17195.20703125 1831
17220.806640625 2354
17245.009765625 2528
17256.546875 2679
17258.228515625 2712
17300.86328125 2747
17323.51171875 2809
17324.365234375 2821
17329.17578125 2842
17331.837890625 2860
17356.4921875 2906
17362.8046875 2994
17408.3828125 186
17410.787109375 223
17416.140625 1594
17416.685546875 410
17420.021484375 631
17425.5625 132
17429.693359375 2576
17457.77734375 1282
17481.22265625 488
17519.9921875 869
17522.490234375 2059
17537.509765625 787
17546.138671875 904
17553.447265625 137
17558.71484375 275
17569.263671875 328
17572.416015625 333
17582.927734375 392
17588.587890625 407
17606.7734375 489
17607.453125 680
17638.7734375 1022
17651.3828125 1290
17671.693359375 1358
17686.80078125 1607
17725.060546875 1653
17736.1796875 2024
17738.091796875 2184
17761.607421875 2221
17778.23046875 2394
17789.82421875 2427
17790.92578125 2517
17804.70703125 2655
17809.1015625 2704
17813.6015625 2900
17814.21875 2946
17846.0703125 459
17865.37890625 1408
17873.525390625 1339
17878.685546875 22
17894.419921875 45
17897.361328125 300
17899.443359375 812
17912.04296875 922
17914.806640625 947
17922.83203125 975
17925.806640625 1001
17937.298828125 1095
17961.55859375 1275
17966.248046875 1664
17984.875 1708
18005.015625 1763
18011.64453125 1766
18022.53515625 1889
18049.0703125 2077
18066.9140625 2082
18080.67578125 2131
18113.98828125 2315
18130.80859375 2317
18150.197265625 2409
18158.884765625 2608
18175.650390625 2616
18178.91796875 2649
18236.158203125 2819
18239.7421875 2862
18240.05859375 1164
18265.513671875 2213
18265.73828125 1050
18268.3046875 979
18277.107421875 1562
18370.8828125 1597
18384.265625 2334
18436.1640625 587
18440.1015625 630
18463.302734375 777
18484.654296875 1012
18491.302734375 1064
18515.810546875 1082
18520.396484375 1462
18539.892578125 1501
18543.60546875 1654
18614.88671875 1800
18616.81640625 2656
18635.8125 2884
18684.236328125 1416
18684.650390625 1575
18700.322265625 2889
18743.69921875 445
18770.345703125 30
18788.0390625 2484
18797.328125 38
18798.921875 40
18806.587890625 76
18813.609375 77
18820.861328125 108
18823.5078125 164
18834.35546875 211
18842.732421875 225
18842.744140625 376
18847.064453125 437
18874.541015625 510
18880.861328125 646
18881.38671875 671
18898.115234375 738
18905.16015625 770
18919.36328125 1434
18928.75 1610
18935.146484375 1662
18958.2109375 1709
18979.431640625 1998
18993.447265625 2166
19001.859375 2220
19041.3046875 2238
19051.1171875 2255
19096.38671875 2345
19097.36328125 2510
19110.388671875 2581
19136.236328125 2607
19156.556640625 2807
19196.8984375 1015
19199.123046875 1984
19210.0390625 1258
19213.96875 2555
19250.568359375 1147
19255.255859375 865
19266.458984375 939
19307.5 1497
19312.99609375 2630
19316.025390625 2752
19343.521484375 457
19357.978515625 309
19366.466796875 316
19371.80078125 483
19390.87890625 484
19412.30859375 633
19433.98828125 1026
19449.486328125 1036
19450.197265625 1176
19474.5390625 1423
19478.3125 1485
19542.9375 1590
19561.84765625 1702
19575.74609375 1759
19584.603515625 1818
19599.8515625 1958
19599.958984375 1963
19611.0625 1977
19622.232421875 2053
19629.3125 2056
19633.01171875 2125
19661.560546875 2304
19686.166015625 2356
19696.333984375 2477
19732.4296875 2533
19739.767578125 2732
19768.28515625 2948
19775.677734375 1601
19782.341796875 2256
19791.35546875 2104
19815.84765625 284
19833.607421875 182
19840.125 916
19843.970703125 1667
19881.51953125 1852
19912.2890625 727
19950.63671875 2036
19961.6171875 2772
19965.609375 130
19983.0234375 219
19994.513671875 394
20002.0546875 405
20025.037109375 634
20027.130859375 856
20032.0703125 983
20034.576171875 1117
20038.03125 1386
20038.240234375 1791
20039.2109375 1991
20049.578125 2060
20078.40625 2215
20082.859375 2314
20087.615234375 2440
20093.9375 2467
20099.283203125 2618
20134.998046875 2648
20135.177734375 2694
20148.201171875 1772
20156.28125 818
20171.875 2907
20172.2734375 660
20173.59375 1168
20178.287109375 1145
20188.9296875 1476
20202.73046875 1618
20206.798828125 655
20208.73828125 1592
20210.734375 2120
20221.943359375 2557
20238.919921875 112
20248.751953125 350
20264.357421875 356
20277.513671875 448
20316.373046875 1500
20316.62109375 1526
20334.58203125 1587
20336.533203125 1881
20352.55859375 1943
20359.16015625 1962
20377.48828125 1995
20400.099609375 2075
20404.265625 2118
20408.345703125 2309
20437.04296875 2418
20443.7421875 2516
20444.072265625 2588
20448.349609375 2605
20474.236328125 2623
20477.51171875 2937
20496.994140625 1005
20551.033203125 110
20566.607421875 2360
20601.509765625 121
20605.501953125 1046
20671.298828125 298
20719.37109375 372
20734.9140625 492
20752.564453125 752
20782.259765625 838
20797.990234375 903
20801.34375 1034
20809.787109375 1128
20836.484375 1187
20866.876953125 1437
20871.375 1488
20879.884765625 1534
20927.578125 1657
20930.64453125 1678
20942.7421875 1824
20944.486328125 1826
20955.69921875 1941
20971.185546875 1997
20974.755859375 2318
20987.740234375 2327
21008.90234375 2362
21022.6796875 2404
21098.349609375 2453
21101.7734375 2458
21111.59765625 2496
21199.19140625 2696
21201.23046875 2722
21212.81640625 2796
21215.75390625 2584
21216.162109375 2872
21234.900390625 2589
21251.30078125 2135
21254.01953125 1802
21269.193359375 1853
21300.3203125 1892
21330.236328125 1580
21345.1796875 25
21352.14453125 72
21373.52734375 343
21429.478515625 710
21432.25390625 755
21447.154296875 885
21470.37109375 1683
21518.400390625 1776
21558.240234375 1972
21594.423828125 2047
21607.98046875 2138
21624.90234375 2185
21651.65625 2344
21731.826171875 2545
21742.955078125 2573
21755.123046875 2855
21758.29296875 2159
21762.34375 1067
21763.701171875 371
21780.603515625 243
21781.859375 1301
21796.86328125 311
21828.048828125 426
21836.962890625 648
21854.39453125 720
21865.142578125 792
21865.8125 940
21873.255859375 1006
21881.9296875 1032
21887.337890625 1160
21892.80859375 1189
21900.185546875 2183
21937.4453125 2190
21957.7421875 2301
21999.802734375 1459
22037.740234375 1649
22047.91796875 353
22071.771484375 2706
22089.703125 1511
22116.427734375 1778
22132.84375 329
22178.4765625 731
22191.19921875 1400
22238.392578125 2070
22240.71875 1480
22254.955078125 1714
22256.88671875 249
22259.62109375 94
22307.12890625 2823
22311.56640625 471
22342.634765625 473
22351.052734375 747
22357.580078125 915
22386.298828125 921
22386.52734375 993
22427.640625 1072
22439.30078125 1415
22444.453125 1541
22455.625 1746
22486.833984375 1949
22488.015625 2079
22513.015625 2219
22597.849609375 2258
22606.017578125 2413
22621.177734375 2628
22624.435546875 2828
22624.79296875 2903
22636.91015625 2996
22655.26171875 204
22695.310546875 1247
22791.912109375 1410
22807.93359375 1888
22820.15625 1214
22842.744140625 1658
22862.447265625 2587
22877.46875 380
22877.46875 688
22949.744140625 1761
23015.814453125 66
23028.44921875 127
23085.251953125 179
23086.755859375 855
23152.80859375 1198
23153.19921875 1250
23173.15234375 1507
23177.9609375 1558
23189.98828125 2007
23211.296875 2092
23263.119140625 2231
23274.01953125 2384
23274.01953125 2457
23341.365234375 2544
23342.4296875 2717
23380.78125 2774
23431.435546875 2794
23440.353515625 2909
23453.267578125 972
23479.212890625 1138
23531.33984375 1442
23600.95703125 1137
23626.91015625 102
23643.73828125 667
23767.01171875 1935
23795.013671875 2352
23799.67578125 2887
23819.677734375 427
23827.23046875 1533
23841.23828125 170
23841.23828125 262
23924.009765625 306
23945.505859375 596
23998.51953125 805
24009.115234375 849
24037.05078125 850
24059.4375 965
24075.884765625 976
24100.80859375 1058
24109.345703125 1403
24115.173828125 1645
24148.44921875 1999
24153.1171875 2292
24237.087890625 2392
24246.177734375 2403
24260.333984375 2497
24263.947265625 2524
24272.486328125 2601
24284.154296875 2652
24285.623046875 2657
24343.42578125 2761
24381.53125 2839
24406.556640625 2939
24432.912109375 2984
24460.6796875 2152
24550.21484375 762
24642.474609375 2757
24649.9765625 37
24709.7734375 1624
24719.1328125 1271
24727.640625 2370
24761.330078125 2895
24798.974609375 2411
24801.986328125 67
24813.90234375 150
24856.935546875 171
24857.22265625 195
24877.578125 363
24900.111328125 522
24901.087890625 657
24955.275390625 701
24990.955078125 760
25017.533203125 811
25047.375 874
25068.142578125 875
25135.7890625 1002
25141.814453125 1007
25178.625 1023
25199.2578125 1356
25227.11328125 1378
25240.708984375 1489
25251.244140625 1629
25295.12109375 2721
25367.787109375 2032
25410.244140625 2259
25435.328125 771
25478.62890625 1543
25489.11328125 2241
25610.84765625 1964
25630.302734375 1625
25787.794921875 2693
25868.2265625 222
25871.810546875 258
25911.47265625 281
25970.333984375 506
25983.140625 582
26024.37109375 724
26092.91015625 879
26218.234375 1003
26257.37109375 1171
26314.505859375 1182
26315.380859375 1588
26381.8984375 1685
26395.05078125 1758
26416.43359375 2300
26456.615234375 2310
26505.939453125 2705
26555.18359375 2845
26662.0234375 2916
26687.2734375 1811
26819.1015625 2701
26843.775390625 421
26887.498046875 1440
26935.421875 2337
26961.75 2531
26988.154296875 18
26991.201171875 29
27056.5390625 31
27094.09375 104
27285.123046875 274
27300.70703125 321
27347.39453125 370
27369.79296875 375
27371.857421875 562
27563.86328125 914
27777.70703125 944
27818.7734375 1672
27881.353515625 1684
28025.818359375 1825
28133.08203125 1846
28160.84375 1960
28291.810546875 1976
28489.333984375 2006
28494.20703125 2319
28710.244140625 2405
28889.443359375 2550
28998.857421875 2606
29038.384765625 2768
29114.572265625 1081
29425.8515625 1780
29434.373046875 16
29726.365234375 28
29956.841796875 125
30139.275390625 212
30301.876953125 265
30462.96484375 295
30474.73828125 360
30557.640625 364
30564.443359375 937
31112.8125 1077
31208.55859375 1101
31229.302734375 1241
31871.22265625 1243
32180.0 1307
32339.44921875 1343
32612.107421875 1404
32868.34375 1418
33007.66015625 1585
33620.203125 1719
33624.125 1822
33849.625 2009
34312.7734375 2164
34632.05078125 2214
34766.96484375 2250
35272.078125 2263
35403.5 2342
36237.7109375 2359
40195.20703125 2547
