5675.45751953125 160
5970.88134765625 1
6641.1845703125 425
6741.50244140625 446
6757.85986328125 800
6902.62548828125 918
7137.3173828125 953
7173.4228515625 985
7283.1845703125 986
7288.49609375 1008
7367.07958984375 1043
7372.9912109375 1270
7462.84375 1317
7495.27001953125 1435
7564.99609375 1548
7580.81201171875 1606
7593.3603515625 1661
7609.4140625 1712
7647.958984375 2010
7673.212890625 2088
7701.1875 2365
7722.26171875 2410
7741.3984375 2414
7743.48388671875 2482
7803.3583984375 2560
7884.07421875 2781
7893.58447265625 2820
7896.4931640625 997
7896.8369140625 1446
7897.5869140625 87
7946.88525390625 251
7947.6962890625 527
7971.66650390625 529
7980.5869140625 625
7989.79833984375 641
7991.65869140625 693
8055.404296875 873
8065.3564453125 881
8128.6103515625 928
8138.0458984375 1133
8168.9599609375 1283
8170.25048828125 1318
8211.00390625 1346
8265.009765625 1417
8312.34765625 1720
8312.978515625 1987
8327.3857421875 2226
8346.4267578125 2296
8357.3076171875 2515
8374.478515625 2572
8379.0166015625 2669
8396.1484375 2728
8433.47265625 2734
8440.703125 2746
8476.3671875 2852
8478.666015625 2866
8504.6611328125 2915
8507.1044921875 2949
8519.7919921875 377
8520.51953125 2281
8523.904296875 1781
8525.5224609375 81
8525.5888671875 229
8536.5224609375 440
8562.291015625 548
8565.46484375 611
8588.9775390625 826
8598.3681640625 834
8602.759765625 848
8605.326171875 871
8607.18359375 893
8619.5732421875 1231
8622.5537109375 1256
8661.2841796875 1315
8661.97265625 1458
8661.97265625 1550
8674.15625 1671
8678.5546875 1711
8730.8505859375 1815
8736.0615234375 1893
8789.5634765625 2312
8800.392578125 2324
8821.333984375 2385
8821.3505859375 2447
8824.375 2562
8834.6025390625 2610
8853.2158203125 2622
8855.65234375 2853
8860.8505859375 2924
8862.642578125 2927
8873.2099609375 2239
8882.3798828125 1362
8895.5966796875 1926
8898.3291015625 2997
8898.3291015625 254
8903.798828125 388
8948.1845703125 465
8978.1875 498
8983.01171875 520
8987.541015625 962
8993.962890625 981
8997.302734375 1156
9004.1103515625 1652
9017.548828125 2205
9047.2265625 2339
9057.3349609375 2417
9065.4775390625 2494
9080.9580078125 2687
9100.423828125 1122
9109.2373046875 1670
9131.478515625 264
9132.6572265625 2173
9134.423828125 1646
9141.00390625 2396
9147.1572265625 49
9169.1484375 189
9176.6083984375 261
9212.828125 263
9217.22265625 430
9222.2998046875 831
9227.8671875 899
9258.3662109375 1123
9262.17578125 1169
9278.8125 1350
9279.0888671875 1405
9311.2490234375 1512
9314.333984375 1750
9320.61328125 1769
9336.517578125 1908
9368.79296875 1966
9393.919921875 1982
9412.0888671875 1993
9423.486328125 2094
9427.8203125 2126
9447.4072265625 2141
9459.900390625 2171
9461.28125 2174
9463.228515625 2177
9467.32421875 2237
9468.7099609375 2367
9470.763671875 2536
9474.7734375 2542
9478.0322265625 2582
9506.9814453125 2675
9507.23046875 2703
9524.1865234375 1873
9534.1572265625 2107
9539.4052734375 1281
9542.001953125 455
9549.837890625 470
9551.947265625 902
9568.537109375 926
9572.4775390625 967
9580.6181640625 1104
9590.6640625 1225
9602.83984375 1286
9612.5869140625 1506
9615.3173828125 1516
9632.2998046875 1599
9633.8466796875 1779
9646.595703125 1848
9648.6171875 1867
9652.5908203125 1883
9661.0439453125 2063
9671.044921875 2210
9699.818359375 2246
9704.9130859375 2285
9716.228515625 2361
9719.4619140625 2686
9748.5673828125 2700
9770.677734375 88
9786.9951171875 586
9799.8095703125 136
9810.09375 1471
9822.1220703125 226
9823.67578125 296
9825.1884765625 1197
9841.87890625 1666
9866.81640625 2511
9872.3759765625 101
9875.3251953125 215
9876.0849609375 549
9878.80859375 550
9884.2666015625 573
9900.955078125 1136
9926.2802734375 1199
9934.861328125 1530
9941.921875 1581
9945.6162109375 1640
9961.869140625 1688
9979.6953125 1968
9988.0947265625 2526
10005.0322265625 2571
10009.494140625 2983
10015.0859375 1787
10020.5556640625 602
10041.7001953125 1146
10042.9638671875 253
10050.4853515625 342
10052.5537109375 843
10064.880859375 1233
10065.228515625 1335
10084.4560546875 1394
10091.111328125 1737
10093.240234375 1784
10097.658203125 1950
10101.81640625 2025
10121.462890625 2473
10126.5703125 2518
10156.931640625 999
10158.2392578125 1056
10161.0576171875 1900
10161.552734375 1304
10163.7919921875 1326
10171.017578125 2967
10194.07421875 1329
10220.919921875 50
10226.7255859375 318
10229.7841796875 389
10234.7939453125 478
10246.630859375 491
10250.634765625 580
10265.611328125 599
10283.1416015625 890
10293.25390625 896
10293.71484375 909
10298.9677734375 919
10308.3173828125 995
10318.11328125 1273
10319.94921875 1342
10322.0400390625 1430
10370.0263671875 1495
10378.68359375 1568
10390.0078125 1583
10422.607421875 1764
10423.03125 1774
10460.1162109375 2065
10461.1171875 2117
10471.78515625 2181
10478.00390625 2268
10482.759765625 2465
10486.541015625 2664
10494.3232421875 2760
10525.3876953125 2764
10536.736328125 2938
10543.4482421875 2943
10543.78515625 1860
10544.8310546875 2880
10564.892578125 1333
10565.71875 2631
10572.6259765625 146
10589.2119140625 1538
10592.708984375 21
10599.2880859375 34
10620.5732421875 200
10632.396484375 288
10642.53515625 336
10658.951171875 385
10679.2939453125 517
10690.1474609375 546
10699.248046875 609
10700.3212890625 614
10702.568359375 683
10714.0234375 686
10727.3544921875 769
10742.1396484375 1097
10763.990234375 1221
10773.44140625 1322
10787.1416015625 1359
10804.283203125 1376
10806.1328125 1686
10809.572265625 1854
10825.4912109375 2513
10837.021484375 2553
10842.7529296875 2650
10862.7568359375 2672
10874.9404296875 2911
10878.431640625 78
10888.8662109375 2713
10888.8662109375 2800
10904.9384765625 2651
10916.0712890625 2970
10918.9794921875 1045
10920.3125 1068
10924.703125 2078
10929.1845703125 884
10960.16796875 886
10969.4296875 1028
10970.423828125 1845
10989.2705078125 1932
10998.33203125 2489
10998.521484375 90
11004.908203125 153
11015.40625 240
11020.8671875 256
11022.4521484375 531
11029.044921875 644
11044.9453125 706
11072.5517578125 775
11084.9140625 1163
11105.548828125 1483
11108.9501953125 2114
11115.6806640625 2379
11125.01171875 2424
11128.83984375 2433
11141.556640625 2435
11178.1953125 2442
11178.3271484375 2683
11245.6318359375 2811
11246.7158203125 2176
11249.1201171875 169
11253.6962890625 2207
11258.5322265625 1144
11263.2958984375 2180
11263.4541015625 73
11267.197265625 663
11300.798828125 677
11340.2275390625 756
11357.0 925
11386.6357421875 927
11421.744140625 946
11425.2998046875 996
11432.21484375 1141
11434.7578125 1202
11435.9140625 1251
11455.7265625 1457
11462.1220703125 1502
11470.06640625 1591
11472.3173828125 1733
11477.7490234375 1735
11486.2666015625 1919
11487.576171875 1933
11498.3828125 1955
11501.90625 2002
11505.5712890625 2335
11514.072265625 2341
11523.298828125 2565
11560.1689453125 2695
11564.9208984375 2763
11565.10546875 2840
11607.115234375 2422
11610.38671875 1020
11648.62109375 640
11654.30859375 59
11662.326171875 177
11667.595703125 191
11672.6611328125 575
11677.015625 687
11730.4814453125 934
11778.47265625 1119
11784.0283203125 1529
11784.6396484375 1697
11791.033203125 1810
11795.5068359375 1831
11795.5068359375 2354
11799.9287109375 2528
11807.9560546875 2679
11807.9794921875 2712
11817.6337890625 2747
11819.197265625 2809
11844.4462890625 2821
11845.04296875 2842
11852.0732421875 2860
11860.4521484375 2906
11862.1298828125 2994
11873.65625 186
11875.7373046875 223
11892.9453125 1594
11902.509765625 410
11904.396484375 631
11907.783203125 132
11912.9443359375 2576
11934.3095703125 1282
11937.0546875 488
11961.515625 869
11973.2734375 2059
11999.57421875 787
12003.736328125 904
12004.25390625 137
12008.1484375 275
12009.470703125 328
12010.5400390625 333
12010.556640625 392
12010.78125 407
12017.4189453125 489
12018.771484375 680
12023.1923828125 1022
12032.34765625 1290
12043.0126953125 1358
12063.3544921875 1607
12066.283203125 1653
12074.375 2024
12083.5068359375 2184
12088.861328125 2221
12100.78515625 2394
12108.513671875 2427
12129.52734375 2517
12134.896484375 2655
12140.4755859375 2704
12154.986328125 2900
12158.9013671875 2946
12159.8642578125 459
12175.064453125 1408
12175.62890625 1339
12181.572265625 22
12183.9462890625 45
12227.6953125 300
12235.1318359375 812
12246.4814453125 922
12265.2158203125 947
12274.7197265625 975
12279.2265625 1001
12291.4931640625 1095
12296.9501953125 1275
12308.1103515625 1664
12313.8125 1708
12316.953125 1763
12321.615234375 1766
12323.7763671875 1889
12327.4638671875 2077
12330.6259765625 2082
12333.28515625 2131
12335.1201171875 2315
12335.41796875 2317
12349.2529296875 2409
12357.0751953125 2608
12362.5029296875 2616
12371.8271484375 2649
12376.1748046875 2819
12379.1669921875 2862
12385.12890625 1164
12392.5693359375 2213
12435.40625 1050
12438.416015625 979
12443.646484375 1562
12469.6220703125 1597
12494.7978515625 2334
12502.287109375 587
12503.96484375 630
12505.6171875 777
12537.6552734375 1012
12538.419921875 1064
12551.5869140625 1082
12559.7666015625 1462
12570.7646484375 1501
12575.7490234375 1654
12576.60546875 1800
12597.2216796875 2656
12597.759765625 2884
12600.0205078125 1416
12607.9619140625 1575
12632.7509765625 2889
12635.8115234375 445
12651.1962890625 30
12674.169921875 2484
12686.3203125 38
12689.43359375 40
12697.837890625 76
12699.6142578125 77
12699.978515625 108
12711.009765625 164
12713.044921875 211
12714.37109375 225
12731.181640625 376
12742.947265625 437
12746.384765625 510
12755.7216796875 646
12767.9609375 671
12768.81640625 738
12785.9375 770
12791.697265625 1434
12814.396484375 1610
12830.4619140625 1662
12841.59375 1709
12856.9267578125 1998
12867.080078125 2166
12875.2109375 2220
12889.7646484375 2238
12890.5966796875 2255
12891.5673828125 2345
12899.4189453125 2510
12905.685546875 2581
12911.76171875 2607
12916.68359375 2807
12930.671875 1015
12933.830078125 1984
12952.896484375 1258
12955.6630859375 2555
12980.044921875 1147
12987.666015625 865
12995.4599609375 939
13006.65234375 1497
13016.5 2630
13019.3134765625 2752
13032.9501953125 457
13053.91796875 309
13055.1865234375 316
13062.625 483
13065.876953125 484
13067.3125 633
13072.0361328125 1026
13090.181640625 1036
13094.0625 1176
13098.5263671875 1423
13099.1455078125 1485
13101.681640625 1590
13107.3056640625 1702
13119.01953125 1759
13123.7275390625 1818
13130.177734375 1958
13138.4775390625 1963
13142.66015625 1977
13144.5859375 2053
13149.9609375 2056
13155.357421875 2125
13164.1962890625 2304
13164.62109375 2356
13165.8310546875 2477
13171.857421875 2533
13178.2470703125 2732
13179.0634765625 2948
13180.802734375 1601
13187.248046875 2256
13206.890625 2104
13219.3994140625 284
13221.978515625 182
13231.75390625 916
13231.7626953125 1667
13240.5830078125 1852
13242.11328125 727
13246.322265625 2036
13257.3359375 2772
13260.369140625 130
13261.2060546875 219
13279.4912109375 394
13280.3486328125 405
13290.7421875 634
13292.482421875 856
13295.2109375 983
13299.3203125 1117
13316.548828125 1386
13322.15625 1791
13322.15625 1991
13341.2021484375 2060
13376.5546875 2215
13377.083984375 2314
13413.0087890625 2440
13429.4267578125 2467
13431.162109375 2618
13442.310546875 2648
13443.41796875 2694
13488.326171875 1772
13500.3173828125 818
13505.2353515625 2907
13509.9375 660
13510.0126953125 1168
13525.2626953125 1145
13544.431640625 1476
13554.3916015625 1618
13556.845703125 655
13561.634765625 1592
13562.818359375 2120
13564.037109375 2557
13590.609375 112
13630.2734375 350
13635.2958984375 356
13637.6064453125 448
13645.19921875 1500
13660.4794921875 1526
13662.0205078125 1587
13664.63671875 1881
13685.099609375 1943
13689.7158203125 1962
13693.162109375 1995
13717.7021484375 2075
13733.904296875 2118
13818.16015625 2309
13827.0810546875 2418
13827.927734375 2516
13836.205078125 2588
13841.3271484375 2605
13852.7099609375 2623
13866.001953125 2937
13885.205078125 1005
13899.697265625 110
13900.1865234375 2360
13904.59765625 121
13905.06640625 1046
13917.0263671875 298
13919.5908203125 372
13919.724609375 492
13919.8330078125 752
13927.6181640625 838
13930.638671875 903
13932.2470703125 1034
13970.7734375 1128
13971.05859375 1187
13996.58984375 1437
14031.841796875 1488
14047.458984375 1534
14049.8203125 1657
14052.736328125 1678
14070.8369140625 1824
14085.583984375 1826
14086.7998046875 1941
14090.2880859375 1997
14097.1826171875 2318
14108.328125 2327
14118.0546875 2362
14126.783203125 2404
14127.6640625 2453
14136.669921875 2458
14151.021484375 2496
14162.654296875 2696
14166.78125 2722
14177.15625 2796
14181.2265625 2584
14216.39453125 2872
14226.2861328125 2589
14228.7158203125 2135
14245.97265625 1802
14270.5927734375 1853
14278.0517578125 1892
14285.6513671875 1580
14290.455078125 25
14297.7978515625 72
14307.38671875 343
14310.3740234375 710
14328.1416015625 755
14335.37109375 885
14383.892578125 1683
14389.1884765625 1776
14394.31640625 1972
14394.890625 2047
14396.2314453125 2138
14399.609375 2185
14414.9384765625 2344
14437.2978515625 2545
14508.3525390625 2573
14524.3017578125 2855
14531.451171875 2159
14532.51171875 1067
14539.79296875 371
14542.763671875 243
14542.931640625 1301
14548.689453125 311
14554.150390625 426
14562.3681640625 648
14564.0234375 720
14564.220703125 792
14649.2421875 940
14657.876953125 1006
14659.890625 1032
14663.03515625 1160
14691.3623046875 1189
14708.4091796875 2183
14722.638671875 2190
14730.828125 2301
14743.2060546875 1459
14765.50390625 1649
14792.8623046875 353
14823.091796875 2706
14866.42578125 1511
14869.318359375 1778
14893.865234375 329
14904.068359375 731
14909.791015625 1400
14911.3212890625 2070
14920.7783203125 1480
14926.94140625 1714
14958.814453125 249
14965.07421875 94
14991.9326171875 2823
15042.70703125 471
15050.150390625 473
15055.9853515625 747
15104.2734375 915
15104.4814453125 921
15115.7919921875 993
15193.037109375 1072
15201.20703125 1415
15204.7646484375 1541
15205.42578125 1746
15207.2275390625 1949
15226.7451171875 2079
15231.435546875 2219
15268.359375 2258
15300.7578125 2413
15307.6845703125 2628
15352.1865234375 2828
15355.2587890625 2903
15358.5615234375 2996
15370.826171875 204
15385.3720703125 1247
15387.93359375 1410
15393.04296875 1888
15398.548828125 1214
15405.435546875 1658
15425.525390625 2587
15447.064453125 380
15460.9755859375 688
15468.3486328125 1761
15502.5732421875 66
15544.8310546875 127
15547.8486328125 179
15567.8212890625 855
15571.7919921875 1198
15580.123046875 1250
15585.0263671875 1507
15587.3466796875 1558
15590.34375 2007
15597.9580078125 2092
15600.7685546875 2231
15603.912109375 2384
15633.1767578125 2457
15664.091796875 2544
15688.9443359375 2717
15698.4306640625 2774
15703.7138671875 2794
15704.28515625 2909
15713.865234375 972
15719.8486328125 1138
15737.486328125 1442
15758.6572265625 1137
15771.423828125 102
15793.41015625 667
15797.677734375 1935
15825.2763671875 2352
15840.9755859375 2887
15847.755859375 427
15893.6455078125 1533
15936.63671875 170
15955.86328125 262
15968.083984375 306
15972.240234375 596
15987.2724609375 805
16021.3984375 849
16040.98046875 850
16113.501953125 965
16116.474609375 976
16135.5244140625 1058
16149.751953125 1403
16167.9091796875 1645
16187.447265625 1999
16197.15625 2292
16207.46484375 2392
16220.703125 2403
16240.064453125 2497
16243.3095703125 2524
16253.4013671875 2601
16255.1552734375 2652
16317.212890625 2657
16327.8544921875 2761
16328.703125 2839
16331.8515625 2939
16337.4482421875 2984
16361.7509765625 1027
16383.6328125 622
16384.734375 417
16465.70703125 450
16478.353515625 690
16518.58203125 969
16556.21484375 982
16590.47265625 1040
16607.12109375 1078
16625.8359375 1083
16653.1796875 1382
16673.404296875 1391
16678.75 1486
16683.84375 1503
16696.373046875 1547
16768.75390625 1561
16795.791015625 1965
16846.35546875 2026
16860.0234375 2066
16870.37109375 2182
16885.52734375 2245
16885.65625 2460
16921.044921875 2466
16965.0703125 2540
16984.9140625 2593
17003.478515625 2632
17004.861328125 2753
17005.51953125 2759
17005.681640625 2793
17024.263671875 2925
17109.099609375 2152
17125.69140625 762
17143.171875 2757
17180.64453125 37
17182.892578125 1624
17219.5 1271
17230.927734375 2370
17244.427734375 2895
17248.28515625 2411
17278.10546875 67
17291.103515625 150
17291.103515625 171
17292.32421875 195
17307.140625 363
17312.63671875 522
17340.658203125 657
17343.69140625 701
17350.814453125 760
17363.83984375 811
17398.974609375 874
17440.767578125 875
17451.34375 1002
17477.056640625 1007
17529.587890625 1023
17542.921875 1356
17626.626953125 1378
17655.44921875 1489
17838.998046875 1629
17972.359375 2721
17995.740234375 2032
18010.583984375 2259
18044.3515625 771
18053.103515625 1543
18059.61328125 2241
18095.67578125 1964
18120.205078125 1625
18131.478515625 2693
18150.98046875 222
18205.400390625 258
18264.771484375 281
18280.8203125 506
18323.65625 582
18427.83203125 724
18428.248046875 879
18459.595703125 1003
18486.84765625 1171
18490.865234375 1182
18503.220703125 1588
18549.220703125 1685
18583.595703125 1758
18675.17578125 2300
18684.34765625 2310
18686.35546875 2705
18706.384765625 2845
18740.9609375 2916
18741.380859375 1811
18773.4296875 2701
18972.833984375 421
18980.404296875 1440
19044.416015625 2337
19136.734375 2531
19150.251953125 18
19264.783203125 29
19284.64453125 31
19317.23046875 104
19318.22265625 274
19380.98828125 321
19488.306640625 370
19555.19140625 375
19558.58203125 562
19777.0078125 914
19779.203125 944
19796.458984375 1672
20007.42578125 1684
20056.04296875 1825
20068.93359375 1846
20087.912109375 1960
20308.947265625 1976
20336.662109375 2006
20476.166015625 2319
20479.560546875 2405
20495.693359375 2550
20567.728515625 2606
20644.154296875 2768
20809.00390625 1081
20897.841796875 1780
20928.94921875 16
20938.646484375 28
20952.982421875 125
21259.5234375 212
21282.83984375 265
21357.140625 295
21410.63671875 360
21482.064453125 364
21644.8046875 937
21925.39453125 1077
22016.31640625 1101
22085.341796875 1241
22134.287109375 1243
22332.580078125 1307
22550.689453125 1343
22687.525390625 1404
22793.908203125 1418
22795.357421875 1585
23068.921875 1719
23248.013671875 1822
23716.025390625 2009
24203.671875 2164
24877.12890625 2214
25746.52734375 2250
26263.123046875 2263
27911.3046875 2342
29508.751953125 2359
31326.583984375 2547
