1067.2427978515625 1646
1278.615966796875 2396
1595.445556640625 49
1862.3914794921875 189
1975.0703125 261
1991.8670654296875 263
2038.74560546875 430
2173.360107421875 831
2285.62744140625 899
2531.1845703125 1123
2749.09521484375 1169
3031.31494140625 1350
3258.7265625 1405
3350.667236328125 1512
3385.587890625 1750
3438.85595703125 1769
3470.656982421875 1908
3769.89794921875 1966
3844.186767578125 1982
3900.31494140625 1993
3929.365478515625 2094
3962.4453125 2126
3996.18505859375 2141
4590.2841796875 2171
4601.9658203125 2174
5195.58984375 2177
5308.6962890625 2237
5466.7470703125 2367
5574.09619140625 2536
5598.10888671875 2542
5634.12841796875 2582
5691.5390625 2675
6095.9375 2703
6096.87548828125 1873
6338.23828125 2107
6638.6123046875 1446
6712.861328125 87
6727.7470703125 251
6740.57177734375 527
6791.080078125 529
6908.0234375 625
6931.53125 641
6980.466796875 693
7017.36279296875 873
7176.943359375 881
7202.6533203125 928
7325.03369140625 1133
7342.1796875 1283
7446.9033203125 1318
7477.09765625 1346
7605.92431640625 1417
7635.71923828125 1720
7653.43798828125 1987
7742.3583984375 2226
7844.20654296875 2296
7906.63818359375 2515
8184.130859375 2572
8190.67822265625 2669
8270.8623046875 2728
8575.3291015625 2734
8729.21875 2746
8873.8681640625 2852
8899.0322265625 2866
8932.341796875 2915
8970.080078125 2949
8995.517578125 377
9003.36328125 2281
9073.3759765625 160
9279.380859375 1
9279.380859375 425
9304.384765625 446
9323.16015625 800
9326.3916015625 918
9370.224609375 953
9414.03125 985
9434.927734375 986
9586.953125 1008
9645.193359375 1043
9651.3525390625 1270
9674.408203125 1317
9834.716796875 1435
9847.19921875 1548
9914.4091796875 1606
9946.658203125 1661
9978.9990234375 1712
10187.068359375 2010
10231.16015625 2088
10259.765625 2365
10271.986328125 2410
10276.693359375 2414
10278.6123046875 2482
10341.05078125 2560
10374.1015625 2781
10394.380859375 2820
10419.1181640625 997
10442.384765625 1781
10478.6787109375 81
10538.0263671875 229
10597.8427734375 440
10612.6591796875 548
10634.2548828125 611
10705.068359375 826
10771.4443359375 834
10809.7080078125 848
10839.283203125 871
10845.65234375 893
10892.0029296875 1231
10918.7197265625 1256
10924.4248046875 1315
10948.0400390625 1458
11015.609375 1550
11020.8896484375 1671
11028.4033203125 1711
11065.716796875 1815
11079.140625 1893
11086.8603515625 2312
11141.5068359375 2324
11180.2197265625 2385
11239.7265625 2447
11257.6953125 2562
11274.095703125 2610
11274.5224609375 2622
11340.8310546875 2853
11361.0703125 2924
11549.802734375 2927
11561.0029296875 2239
11621.6845703125 1362
11693.328125 1926
11760.388671875 2997
11787.021484375 254
11808.94921875 388
11844.712890625 465
11851.6845703125 498
11890.2216796875 520
11914.7236328125 962
11936.158203125 981
11959.20703125 1156
11986.01953125 1652
12009.103515625 2205
12009.1513671875 2339
12009.80078125 2417
12022.017578125 2494
12068.7685546875 2687
12101.7431640625 1122
12181.22265625 1670
12188.16796875 264
12190.2587890625 2173
12230.5751953125 1281
12295.1103515625 455
12326.7802734375 470
12330.6591796875 902
12333.7685546875 926
12337.3232421875 967
12416.5869140625 1104
12421.59765625 1225
12448.7998046875 1286
12475.18359375 1506
12556.818359375 1516
12636.4697265625 1599
12668.626953125 1779
12693.375 1848
12693.375 1867
12729.251953125 1883
12800.8564453125 2063
12838.97265625 2210
12887.904296875 2246
12901.435546875 2285
12902.048828125 2361
12945.1669921875 2686
12950.4111328125 2700
12979.396484375 88
13026.4111328125 586
13050.7998046875 136
13096.1171875 1471
13101.048828125 226
13107.060546875 296
13118.6806640625 1197
13167.39453125 1666
13180.4140625 2511
13217.0615234375 101
13245.73046875 215
13276.0478515625 549
13318.5771484375 550
13323.56640625 573
13361.32421875 1136
13384.005859375 1199
13386.3408203125 1530
13388.482421875 1581
13410.6728515625 1640
13424.6171875 1688
13425.3974609375 1968
13436.609375 2526
13474.5634765625 2571
13501.6611328125 2983
13514.322265625 1787
13537.779296875 602
13595.6376953125 1146
13646.9423828125 253
13653.408203125 342
13719.576171875 843
13725.822265625 1233
13813.2421875 1335
13830.658203125 1394
13867.8291015625 1737
13901.09765625 1784
13926.6884765625 1950
13945.154296875 2025
13965.712890625 2473
13966.2373046875 2518
13981.615234375 999
13989.1298828125 1056
14020.8125 1900
14024.87890625 1304
14052.09765625 1326
14074.6484375 2967
14090.595703125 1329
14097.90625 50
14138.890625 318
14165.1962890625 389
14177.5517578125 478
14270.1591796875 491
14283.3935546875 580
14381.96484375 599
14383.23046875 890
14395.1611328125 896
14461.126953125 909
14467.1708984375 919
14491.158203125 995
14510.7470703125 1273
14588.34765625 1342
14593.103515625 1430
14631.40625 1495
14640.1181640625 1568
14660.380859375 1583
14663.646484375 1764
14672.22265625 1774
14672.4873046875 2065
14683.3818359375 2117
14692.123046875 2181
14697.1904296875 2268
14712.4755859375 2465
14721.9375 2664
14730.6142578125 2760
14735.119140625 2764
14738.4365234375 2938
14756.9921875 2943
14768.9423828125 1860
14817.03125 2880
14821.310546875 1333
14854.7998046875 2631
14865.0810546875 146
14868.15625 1538
14891.296875 21
14906.0869140625 34
14908.640625 200
14926.4521484375 288
14936.47265625 336
14950.044921875 385
14956.9013671875 517
14964.87109375 546
14967.9208984375 609
14975.826171875 614
15000.0615234375 683
15001.177734375 686
15025.4833984375 769
15034.71484375 1097
15034.71484375 1221
15058.642578125 1322
15063.93359375 1359
15084.318359375 1376
15095.73828125 1686
15097.4462890625 1854
15129.236328125 2513
15184.3525390625 2553
15203.0478515625 2650
15229.9521484375 2672
15251.1494140625 2911
15288.974609375 78
15331.197265625 2713
15333.9501953125 2800
15364.2421875 2651
15379.4453125 2970
15391.2236328125 1045
15397.8818359375 1068
15402.96875 2078
15495.5400390625 884
15586.60546875 886
15589.740234375 1028
15597.8349609375 1845
15647.5302734375 1932
15649.7236328125 2489
15693.8232421875 90
15707.3330078125 153
15723.3955078125 240
15730.318359375 256
15804.1826171875 531
15813.7255859375 644
15841.3408203125 706
15851.662109375 775
15903.953125 1163
15932.2705078125 1483
15983.310546875 2114
15987.87890625 2379
16006.7353515625 2424
16020.7509765625 2433
16039.4873046875 2435
16050.6689453125 2442
16058.966796875 2683
16067.49609375 2811
16094.529296875 2176
16104.654296875 169
16112.21484375 2207
16119.1376953125 1144
16131.7978515625 2180
16182.0009765625 73
16202.138671875 663
16220.744140625 677
16261.5283203125 756
16293.783203125 925
16371.7470703125 927
16397.71875 946
16425.8125 996
16469.591796875 1141
16485.45703125 1202
16521.048828125 1251
16522.33984375 1457
16534.615234375 1502
16546.357421875 1591
16563.10546875 1733
16563.349609375 1735
16582.4609375 1919
16584.294921875 1933
16615.53125 1955
16628.5390625 2002
16640.27734375 2335
16654.83984375 2341
16663.931640625 2565
16695.083984375 2695
16707.904296875 2763
16718.203125 2840
16729.849609375 2422
16766.572265625 1020
16769.033203125 640
16776.62109375 59
16787.716796875 177
16820.34765625 191
16835.435546875 575
16849.482421875 687
16918.30859375 934
16929.240234375 1119
16929.326171875 1529
16962.63671875 1697
17003.20703125 1810
17004.599609375 1831
17046.099609375 2354
17053.73828125 2528
17057.240234375 2679
17076.666015625 2712
17086.8671875 2747
17088.8125 2809
17089.01171875 2821
17107.7734375 2842
17121.443359375 2860
17121.494140625 2906
17147.54296875 2994
17177.73828125 186
17189.96875 223
17198.5234375 1594
17214.5078125 410
17219.3125 631
17230.419921875 132
17235.875 2576
17237.611328125 1282
17247.41015625 488
17317.23828125 869
17335.50390625 2059
17340.607421875 787
17355.736328125 904
17368.2109375 137
17374.96484375 275
17386.3125 328
17395.19140625 333
17396.984375 392
17398.47265625 407
17412.2890625 489
17424.52734375 680
17433.744140625 1022
17440.146484375 1290
17455.453125 1358
17464.798828125 1607
17469.244140625 1653
17481.55078125 2024
17486.68359375 2184
17517.59765625 2221
17526.763671875 2394
17553.578125 2427
17599.3046875 2517
17648.904296875 2655
17664.603515625 2704
17672.845703125 2900
17679.830078125 2946
17685.70703125 459
17687.0390625 1408
17730.15625 1339
17759.099609375 22
17761.130859375 45
17785.583984375 300
17832.3046875 812
17840.7109375 922
17850.69140625 947
17854.142578125 975
17889.44140625 1001
17894.068359375 1095
17913.498046875 1275
17913.919921875 1664
17921.37109375 1708
17927.9453125 1763
17932.939453125 1766
17941.986328125 1889
17980.0625 2077
17985.630859375 2082
18012.34765625 2131
18020.68359375 2315
18025.7578125 2317
18025.7578125 2409
18029.541015625 2608
18049.5234375 2616
18080.689453125 2649
18088.8515625 2819
18090.994140625 2862
18145.4140625 1164
18182.787109375 2213
18182.787109375 1050
18191.47265625 979
18208.693359375 1562
18221.4375 1597
18227.650390625 2334
18238.013671875 587
18259.904296875 630
18275.6015625 777
18298.07421875 1012
18320.21484375 1064
18372.330078125 1082
18379.26171875 1462
18383.033203125 1501
18397.775390625 1654
18434.279296875 1800
18441.998046875 2656
18455.6640625 2884
18466.38671875 1416
18484.392578125 1575
18500.107421875 2889
18535.859375 445
18563.634765625 30
18572.99609375 2484
18577.720703125 38
18591.62890625 40
18606.3046875 76
18615.400390625 77
18637.267578125 108
18637.884765625 164
18643.978515625 211
18683.49609375 225
18690.548828125 376
18709.9453125 437
18712.908203125 510
18721.36328125 646
18820.99609375 671
18856.9921875 738
18863.310546875 770
18867.828125 1434
18893.71484375 1610
18901.412109375 1662
18919.0859375 1709
18923.61328125 1998
18927.23046875 2166
18953.095703125 2220
18968.0546875 2238
18969.08203125 2255
18978.462890625 2345
19005.236328125 2510
19025.240234375 2581
19077.8515625 2607
19079.087890625 2807
19088.99609375 1015
19097.7421875 1984
19103.1328125 1258
19111.396484375 2555
19158.1875 1147
19180.857421875 865
19188.814453125 939
19197.408203125 1497
19197.490234375 2630
19226.740234375 2752
19232.361328125 457
19240.267578125 309
19243.4375 316
19248.68359375 483
19255.333984375 484
19272.0703125 633
19274.90625 1026
19300.828125 1036
19319.892578125 1176
19361.392578125 1423
19377.755859375 1485
19382.029296875 1590
19402.2578125 1702
19425.48828125 1759
19430.73046875 1818
19441.724609375 1958
19448.880859375 1963
19449.103515625 1977
19472.69921875 2053
19484.63671875 2056
19488.603515625 2125
19513.5390625 2304
19519.4140625 2356
19520.07421875 2477
19527.3828125 2533
19597.044921875 2732
19607.7734375 2948
19632.146484375 1601
19673.06640625 2256
19682.8125 2104
19697.560546875 284
19713.310546875 182
19713.62890625 916
19743.7109375 1667
19745.318359375 1852
19751.482421875 727
19762.31640625 2036
19765.5546875 2772
19767.484375 130
19805.134765625 219
19886.46875 394
19891.509765625 405
19891.509765625 634
19892.296875 856
19896.95703125 983
19936.890625 1117
19943.48046875 1386
19956.37890625 1791
19962.03515625 1991
19967.765625 2060
19968.7578125 2215
19975.3359375 2314
19978.81640625 2440
19987.251953125 2467
19999.1796875 2618
20001.76953125 2648
20038.90234375 2694
20043.986328125 1772
20046.794921875 818
20209.271484375 2907
20248.9765625 660
20251.63671875 1168
20251.63671875 1145
20262.23046875 1476
20306.177734375 1618
20309.888671875 655
20322.75 1592
20331.50390625 2120
20331.830078125 2557
20367.765625 112
20396.81640625 350
20440.57421875 356
20446.265625 448
20471.1640625 1500
20483.1328125 1526
20484.828125 1587
20491.68359375 1881
20494.470703125 1943
20499.1953125 1962
20519.044921875 1995
20522.91015625 2075
20554.421875 2118
20560.01953125 2309
20565.791015625 2418
20589.595703125 2516
20595.791015625 2588
20613.896484375 2605
20661.27734375 2623
20690.669921875 2937
20698.244140625 1005
20699.755859375 110
20730.0234375 2360
20737.74609375 121
20744.5078125 1046
20773.705078125 298
20784.314453125 372
20790.236328125 492
20791.583984375 752
20795.076171875 838
20803.578125 903
20804.578125 1034
20810.69140625 1128
20826.65625 1187
20828.38671875 1437
20846.568359375 1488
20854.69921875 1534
20885.0390625 1657
20918.208984375 1678
20920.341796875 1824
20926.60546875 1826
20955.3984375 1941
20958.6953125 1997
20969.130859375 2318
20985.16796875 2327
20991.5859375 2362
20993.34375 2404
21011.02734375 2453
21018.021484375 2458
21024.01953125 2496
21042.50390625 2696
21085.947265625 2722
21102.408203125 2796
21110.0078125 2584
21112.158203125 2872
21131.935546875 2589
21158.140625 2135
21159.533203125 1802
21174.166015625 1853
21183.712890625 1892
21197.515625 1580
21200.5859375 25
21203.435546875 72
21232.912109375 343
21235.412109375 710
21247.12109375 755
21252.919921875 885
21266.037109375 1683
21323.2890625 1776
21324.541015625 1972
21330.919921875 2047
21350.193359375 2138
21366.744140625 2185
21420.75390625 2344
21452.939453125 2545
21501.1796875 2573
21516.90625 2855
21518.310546875 2159
21521.18359375 1067
21525.857421875 371
21558.22265625 243
21566.51171875 1301
21573.16015625 311
21602.546875 426
21607.703125 648
21614.205078125 720
21635.611328125 792
21654.07421875 940
21698.296875 1006
21713.65625 1032
21724.12890625 1160
21739.595703125 1189
21742.7578125 2183
21806.392578125 2190
21809.99609375 2301
21812.75390625 1459
21819.404296875 1649
21843.0546875 353
21866.1015625 2706
21879.853515625 1511
21880.67578125 1778
21919.65234375 329
21922.86328125 731
21949.9453125 1400
21952.68359375 2070
21955.546875 1480
21969.525390625 1714
21986.630859375 249
21996.85546875 94
22042.529296875 2823
22075.1484375 471
22140.0703125 473
22159.2734375 747
22162.369140625 915
22201.98046875 921
22220.1953125 993
22221.857421875 1072
22228.11328125 1415
22242.099609375 1541
22242.75 1746
22253.5078125 1949
22267.353515625 2079
22307.609375 2219
22312.708984375 2258
22341.552734375 2413
22343.02734375 2628
22357.384765625 2828
22390.119140625 2903
22403.212890625 2996
22415.162109375 204
22420.587890625 1247
22421.224609375 1410
22435.17578125 1888
22464.083984375 1214
22485.294921875 1658
22507.140625 2587
22509.109375 380
22581.640625 688
22594.724609375 1761
22599.826171875 66
22606.375 127
22631.98828125 179
22637.9296875 855
22643.697265625 1198
22651.970703125 1250
22664.970703125 1507
22712.994140625 1558
22718.42578125 2007
22753.5 2092
22754.56640625 2231
22791.708984375 2384
22867.84765625 2457
22908.740234375 2544
22912.28125 2717
22916.3125 2774
22964.51171875 2794
22969.31640625 2909
22984.775390625 972
23049.833984375 1138
23057.859375 1442
23074.435546875 1137
23086.056640625 102
23105.65234375 667
23149.072265625 1935
23164.896484375 2352
23167.521484375 2887
23191.58984375 427
23194.673828125 1533
23211.642578125 170
23274.142578125 262
23301.240234375 306
23307.123046875 596
23385.056640625 805
23414.37890625 849
23424.765625 850
23442.244140625 965
23442.892578125 976
23452.84375 1058
23495.81640625 1403
23560.95703125 1645
23568.0234375 1999
23601.380859375 2292
23605.224609375 2392
23615.55078125 2403
23632.75390625 2497
23638.9609375 2524
23641.04296875 2601
23651.875 2652
23704.470703125 2657
23721.689453125 2761
23753.6171875 2839
23757.29296875 2939
23777.0 2984
23786.7734375 1027
23832.181640625 622
23853.84375 417
23865.396484375 450
23866.66015625 690
23887.1328125 969
23915.8671875 982
23975.48828125 1040
23980.47265625 1078
24006.55859375 1083
24017.880859375 1382
24021.701171875 1391
24055.150390625 1486
24070.525390625 1503
24108.205078125 1547
24135.1171875 1561
24138.875 1965
24140.421875 2026
24143.904296875 2066
24170.59765625 2182
24174.3125 2245
24218.03515625 2460
24250.25390625 2466
24280.69921875 2540
24316.96484375 2593
24324.34765625 2632
24349.517578125 2753
24360.666015625 2759
24392.2265625 2793
24414.322265625 2925
24427.03125 2152
24470.505859375 762
24523.365234375 2757
24578.853515625 37
24601.158203125 1624
24612.673828125 1271
24618.423828125 2370
24632.771484375 2895
24680.025390625 2411
24683.0078125 67
24693.787109375 150
24727.169921875 171
24783.609375 195
24852.478515625 363
24897.87890625 522
24913.41796875 657
24966.5390625 701
24984.939453125 760
25027.392578125 811
25053.4453125 874
25064.875 875
25089.2734375 1002
25097.73828125 1007
25116.521484375 1023
25130.44140625 1356
25138.349609375 1378
25143.90234375 1489
25203.224609375 1629
25209.546875 2721
25214.623046875 2032
25234.267578125 2259
25262.357421875 771
25360.521484375 1543
25414.6640625 2241
25453.982421875 1964
25483.32421875 1625
25509.001953125 2693
25527.375 222
25555.986328125 258
25596.091796875 281
25658.341796875 506
25789.15234375 582
25876.205078125 724
25929.27734375 879
25958.82421875 1003
25965.666015625 1171
25975.697265625 1182
26062.23046875 1588
26125.330078125 1685
26159.275390625 1758
26190.912109375 2300
26192.125 2310
26210.96875 2705
26292.505859375 2845
26320.0078125 2916
26435.74609375 1811
26441.916015625 2701
26455.306640625 421
26520.708984375 1440
26652.30859375 2337
26804.404296875 2531
26809.572265625 18
26877.171875 29
26916.068359375 31
26965.314453125 104
26990.85546875 274
27127.28515625 321
27165.427734375 370
27214.326171875 375
27226.8515625 562
27283.654296875 914
27473.12109375 944
27487.216796875 1672
27508.328125 1684
27549.10546875 1825
27572.81640625 1846
27575.025390625 1960
27664.033203125 1976
27698.111328125 2006
27797.4296875 2319
27798.63671875 2405
27836.484375 2550
27928.0703125 2606
27966.951171875 2768
28348.705078125 1081
28366.4765625 1780
28628.818359375 16
28655.451171875 28
28917.126953125 125
29154.890625 212
29154.890625 265
29183.720703125 295
29198.779296875 360
29362.6640625 364
29510.50390625 937
30433.60546875 1077
30522.19140625 1101
30631.6640625 1241
30752.58984375 1243
30925.609375 1307
31303.470703125 1343
31399.693359375 1404
31418.43359375 1418
31693.015625 1585
31939.810546875 1719
32299.259765625 1822
32876.14453125 2009
34159.71875 2164
34723.953125 2214
35085.45703125 2250
35955.3984375 2263
36620.3359375 2342
36644.5859375 2359
36648.0625 2547
