222.87579345703125 1046
387.01470947265625 298
400.20770263671875 372
610.2523193359375 492
694.1907348632812 752
714.1650390625 838
722.3740234375 903
764.8674926757812 1034
765.115478515625 1128
773.4735717773438 1187
779.0400390625 1437
809.0912475585938 1488
856.0330810546875 1534
883.2743530273438 1657
883.2743530273438 1678
1006.6246948242188 1824
1042.2095947265625 1826
1042.2095947265625 1941
1137.725341796875 1997
1143.5712890625 2318
1175.526611328125 2327
1368.0050048828125 2362
1379.061767578125 2404
1422.251220703125 2453
1640.1300048828125 2458
1768.109375 2496
2028.9228515625 2696
2029.26318359375 2722
2029.8017578125 2796
2052.268798828125 2584
2389.072265625 2872
2419.4541015625 1446
2557.99658203125 87
2707.343505859375 251
2755.025634765625 527
2776.01025390625 529
2859.43408203125 625
2986.531494140625 641
3281.428955078125 693
3389.04150390625 873
3425.26171875 881
3688.16845703125 928
3788.78369140625 1133
3945.43603515625 1283
4258.20166015625 1318
4383.447265625 1346
4457.29345703125 1417
4698.8671875 1720
4890.63037109375 1987
4976.33837890625 2226
5173.75 2296
5178.853515625 2515
5373.5146484375 2572
5409.69189453125 2669
5633.1962890625 2728
5635.439453125 2734
5700.7373046875 2746
5975.96240234375 2852
6049.95751953125 2866
6101.50439453125 2915
6677.36865234375 2949
7027.7314453125 377
7163.439453125 2281
7246.013671875 160
7498.79052734375 1
7534.72265625 425
7576.1826171875 446
7586.58544921875 800
7789.37744140625 918
7855.0556640625 953
7956.49169921875 985
7998.126953125 986
8216.08984375 1008
8281.115234375 1043
8583.119140625 1270
8702.0146484375 1317
9017.609375 1435
9112.806640625 1548
9242.9931640625 1606
9268.40625 1661
9401.3291015625 1712
9491.3896484375 2010
9577.474609375 2088
9627.228515625 2365
9735.7841796875 2410
10101.6298828125 2414
10107.443359375 2482
10171.9296875 2560
10268.5615234375 2781
10344.37109375 2820
10347.84375 997
10444.5849609375 1781
10535.2646484375 81
10620.560546875 229
11026.2802734375 440
11049.66015625 548
11187.798828125 611
11233.0830078125 826
11417.8642578125 834
11458.5302734375 848
11740.03125 871
11806.3212890625 893
12068.3896484375 1231
12253.927734375 1256
12262.37890625 1315
12284.123046875 1458
12427.1796875 1550
12872.2705078125 1671
12900.4599609375 1711
12918.2275390625 1815
13005.1708984375 1893
13039.005859375 2312
13040.9150390625 2324
13081.9541015625 2385
13084.244140625 2447
13360.4677734375 2562
13366.923828125 2610
13573.48828125 2622
13627.4404296875 2853
13657.3505859375 2924
13744.328125 2927
13832.361328125 2239
13870.2265625 1362
14108.1591796875 1926
14198.732421875 2997
14308.919921875 254
14716.05859375 388
14734.6376953125 465
14791.3955078125 498
14802.1669921875 520
14809.083984375 962
14839.5 981
14948.44140625 1156
15021.732421875 1652
15048.96484375 2205
15131.888671875 2339
15173.1123046875 2417
15250.1015625 2494
15254.923828125 2687
15306.4892578125 1122
15634.27734375 1670
16025.8173828125 264
16141.451171875 2173
16187.236328125 1646
16227.1337890625 2396
16236.2744140625 49
16317.2041015625 189
16356.8583984375 261
16490.005859375 263
16550.751953125 430
16552.8671875 831
16579.5625 899
16691.177734375 1123
16779.107421875 1169
16787.431640625 1350
16793.650390625 1405
16864.6171875 1512
16964.6796875 1750
17055.78125 1769
17156.6328125 1908
17250.6484375 1966
17309.794921875 1982
17354.755859375 1993
17409.375 2094
17436.40234375 2126
17503.677734375 2141
17523.5703125 2171
17582.73046875 2174
17806.6796875 2177
17865.958984375 2237
17963.08984375 2367
18007.3125 2536
18102.591796875 2542
18112.67578125 2582
18141.5703125 2675
18215.529296875 2703
18225.712890625 1873
18270.66015625 2107
18382.08984375 1281
18400.71875 455
18524.072265625 470
18527.1875 902
18571.673828125 926
18576.796875 967
18642.056640625 1104
18650.01953125 1225
18717.009765625 1286
18798.466796875 1506
18804.58984375 1516
18822.71875 1599
19027.912109375 1779
19129.705078125 1848
19142.8203125 1867
19184.224609375 1883
19214.0078125 2063
19228.75390625 2210
19255.578125 2246
19264.6875 2285
19314.77734375 2361
19335.080078125 2686
19338.53125 2700
19388.8984375 88
19428.0 586
19456.826171875 136
19462.998046875 1471
19476.919921875 226
19490.138671875 296
19569.34375 1197
19589.34375 1666
19593.36328125 2511
19596.767578125 101
19600.576171875 215
19601.25 549
19601.25 550
19610.076171875 573
19661.79296875 1136
19662.810546875 1199
19741.96875 1530
19797.126953125 1581
19797.919921875 1640
19876.6796875 1688
19882.94921875 1968
19982.875 2526
20011.669921875 2571
20087.720703125 2983
20123.060546875 1787
20144.2109375 602
20153.287109375 1146
20153.65625 253
20201.55859375 342
20291.974609375 843
20294.306640625 1233
20330.828125 1335
20337.986328125 1394
20351.609375 1737
20377.45703125 1784
20387.751953125 1950
20451.87890625 2025
20525.3359375 2473
20535.68359375 2518
20563.240234375 999
20568.453125 1056
20575.86328125 1900
20587.560546875 1304
20594.251953125 1326
20611.203125 2967
20633.095703125 1329
20649.560546875 50
20717.91015625 318
20723.912109375 389
20743.486328125 478
20764.361328125 491
20782.083984375 580
20796.1875 599
20819.8125 890
20895.12890625 896
20926.76953125 909
20927.37109375 919
20983.533203125 995
20998.48828125 1273
21134.72265625 1342
21137.759765625 1430
21143.845703125 1495
21149.8203125 1568
21193.119140625 1583
21200.40625 1764
21232.90625 1774
21300.955078125 2065
21304.79296875 2117
21326.83984375 2181
21395.236328125 2268
21430.421875 2465
21435.900390625 2664
21511.533203125 2760
21537.24609375 2764
21553.296875 2938
21576.078125 2943
21617.130859375 1860
21637.388671875 2880
21742.15625 1333
21758.2890625 2631
21785.59765625 146
21856.232421875 1538
21857.013671875 21
21875.716796875 34
21886.263671875 200
21899.39453125 288
21899.39453125 336
21899.39453125 385
21964.888671875 517
21996.630859375 546
22003.470703125 609
22011.751953125 614
22032.994140625 683
22043.1640625 686
22047.912109375 769
22084.53515625 1097
22095.11328125 1221
22135.11328125 1322
22172.677734375 1359
22196.234375 1376
22219.81640625 1686
22224.357421875 1854
22260.330078125 2513
22261.048828125 2553
22299.6484375 2650
22304.3828125 2672
22381.095703125 2911
22402.75390625 78
22419.72265625 2713
22421.330078125 2800
22429.919921875 2651
22439.591796875 2970
22454.533203125 1045
22469.365234375 1068
22486.908203125 2078
22509.484375 884
22509.484375 886
22531.44921875 1028
22558.263671875 1845
22560.08203125 1932
22569.158203125 2489
22570.173828125 90
22617.568359375 153
22618.626953125 240
22653.330078125 256
22682.474609375 531
22734.658203125 644
22745.435546875 706
22745.435546875 775
22762.1640625 1163
22804.982421875 1483
22853.40625 2114
22865.240234375 2379
22878.107421875 2424
22888.380859375 2433
22928.654296875 2435
22938.98046875 2442
22944.115234375 2683
22969.638671875 2811
22986.62109375 2176
23030.029296875 169
23035.205078125 2207
23046.53515625 1144
23060.892578125 2180
23072.97265625 73
23073.998046875 663
23077.646484375 677
23092.13671875 756
23146.71875 925
23159.9375 927
23178.1171875 946
23180.48828125 996
23199.373046875 1141
23265.9921875 1202
23270.947265625 1251
23277.287109375 1457
23295.751953125 1502
23318.2265625 1591
23374.552734375 1733
23399.90625 1735
23501.345703125 1919
23514.771484375 1933
23537.427734375 1955
23542.25390625 2002
23547.2890625 2335
23547.361328125 2341
23577.98046875 2565
23579.6171875 2695
23589.193359375 2763
23602.474609375 2840
23617.017578125 2422
23622.2265625 1020
23656.4296875 640
23669.05078125 59
23709.615234375 177
23715.576171875 191
23718.283203125 575
23731.6484375 687
23732.12890625 934
23745.78125 1119
23753.43359375 1529
23770.197265625 1697
23787.8984375 1810
23801.515625 1831
23814.994140625 2354
23829.38671875 2528
23846.822265625 2679
23848.974609375 2712
23900.04296875 2747
23917.416015625 2809
23919.73828125 2821
23922.33203125 2842
23930.71875 2860
23962.640625 2906
23965.416015625 2994
24017.13671875 186
24023.00390625 223
24037.046875 1594
24043.96484375 410
24047.6015625 631
24073.896484375 132
24113.421875 2576
24132.55078125 1282
24152.001953125 488
24179.931640625 869
24183.880859375 2059
24183.880859375 787
24186.478515625 904
24188.294921875 137
24206.251953125 275
24210.4296875 328
24219.90234375 333
24231.091796875 392
24278.63671875 407
24307.83984375 489
24354.169921875 680
24373.22265625 1022
24373.333984375 1290
24388.1875 1358
24401.283203125 1607
24470.703125 1653
24504.421875 2024
24535.560546875 2184
24544.462890625 2221
24573.814453125 2394
24574.966796875 2427
24576.0703125 2517
24587.53515625 2655
24619.931640625 2704
24624.435546875 2900
24626.03125 2946
24651.607421875 459
24663.564453125 1408
24682.658203125 1339
24695.400390625 22
24706.36328125 45
24714.16796875 300
24714.431640625 812
24724.83203125 922
24726.6171875 947
24741.869140625 975
24754.51953125 1001
24763.22265625 1095
24770.283203125 1275
24781.494140625 1664
24785.95703125 1708
24787.767578125 1763
24795.8671875 1766
24802.92578125 1889
24804.203125 2077
24804.564453125 2082
24814.7734375 2131
24831.673828125 2315
24836.146484375 2317
24845.146484375 2409
24872.599609375 2608
24873.33984375 2616
24874.7578125 2649
24874.94140625 2819
24875.990234375 2862
24913.40625 1164
24919.83203125 2213
24927.044921875 1050
24955.763671875 979
24972.087890625 1562
24980.30859375 1597
24994.560546875 2334
25001.947265625 587
25005.4296875 630
25009.810546875 777
25011.375 1012
25016.76953125 1064
25043.04296875 1082
25063.4765625 1462
25068.736328125 1501
25130.408203125 1654
25164.818359375 1800
25169.150390625 2656
25181.392578125 2884
25190.263671875 1416
25201.38671875 1575
25202.046875 2889
25205.51953125 445
25207.408203125 30
25235.962890625 2484
25245.634765625 38
25252.96484375 40
25255.931640625 76
25259.287109375 77
25282.267578125 108
25311.5 164
25317.326171875 211
25321.041015625 225
25321.71875 376
25385.451171875 437
25395.31640625 510
25429.31640625 646
25446.482421875 671
25446.564453125 738
25451.8515625 770
25454.572265625 1434
25514.455078125 1610
25530.81640625 1662
25562.322265625 1709
25563.36328125 1998
25564.49609375 2166
25602.7734375 2220
25627.025390625 2238
25645.873046875 2255
25646.41015625 2345
25656.439453125 2510
25666.55859375 2581
25678.20703125 2607
25694.6875 2807
25696.49609375 1015
25703.666015625 1984
25706.4140625 1258
25717.384765625 2555
25718.6640625 1147
25760.890625 865
25821.947265625 939
25829.185546875 1497
25887.38671875 2630
25890.1015625 2752
25900.46875 457
25926.0 309
25940.12109375 316
25968.76171875 483
25968.833984375 484
25981.86328125 633
25984.724609375 1026
25995.962890625 1036
26012.171875 1176
26013.201171875 1423
26016.138671875 1485
26023.353515625 1590
26030.96484375 1702
26034.689453125 1759
26035.072265625 1818
26051.873046875 1958
26061.193359375 1963
26064.591796875 1977
26067.998046875 2053
26072.51171875 2056
26084.171875 2125
26095.400390625 2304
26106.646484375 2356
26123.640625 2477
26131.099609375 2533
26131.939453125 2732
26140.072265625 2948
26207.931640625 1601
26215.447265625 2256
26238.80859375 2104
26244.625 284
26251.615234375 182
26260.185546875 916
26266.822265625 1667
26294.73828125 1852
26312.154296875 727
26318.69140625 2036
26321.9140625 2772
26324.59765625 130
26349.150390625 219
26354.373046875 394
26357.109375 405
26376.55859375 634
26411.4921875 856
26413.849609375 983
26431.0390625 1117
26489.046875 1386
26504.48046875 1791
26513.583984375 1991
26523.865234375 2060
26543.607421875 2215
26549.6328125 2314
26553.873046875 2440
26559.90234375 2467
26562.720703125 2618
26578.505859375 2648
26582.578125 2694
26584.88671875 1772
26604.701171875 818
26607.103515625 2907
26610.427734375 660
26628.0 1168
26634.36328125 1145
26647.4140625 1476
26658.294921875 1618
26659.255859375 655
26685.8046875 1592
26709.494140625 2120
26759.16015625 2557
26771.84765625 112
26787.0078125 350
26794.52734375 356
26797.048828125 448
26818.1640625 1500
26825.9375 1526
26864.02734375 1587
26866.59765625 1881
26869.90625 1943
26872.61328125 1962
26875.330078125 1995
26879.6484375 2075
26894.19921875 2118
26915.802734375 2309
26924.7421875 2418
26944.14453125 2516
26967.77734375 2588
26985.021484375 2605
26990.021484375 2623
26994.048828125 2937
27023.986328125 1005
27045.673828125 110
27053.1171875 2360
27060.048828125 121
27060.13671875 2589
27071.240234375 2135
27073.810546875 1802
27079.0 1853
27084.431640625 1892
27095.693359375 1580
27110.34765625 25
27116.90625 72
27118.0078125 343
27124.7890625 710
27129.12890625 755
27137.498046875 885
27142.798828125 1683
27187.26953125 1776
27198.017578125 1972
27201.888671875 2047
27213.296875 2138
27244.916015625 2185
27253.53125 2344
27272.91796875 2545
27281.12890625 2573
27284.48046875 2855
27290.744140625 2159
27296.126953125 1067
27319.837890625 371
27325.875 243
27327.51953125 1301
27361.71484375 311
27372.2265625 426
27375.55078125 648
27410.404296875 720
27420.22265625 792
27429.75 940
27438.2890625 1006
27440.634765625 1032
27449.0703125 1160
27470.150390625 1189
27477.044921875 2183
27530.916015625 2190
27538.220703125 2301
27573.978515625 1459
27577.388671875 1649
27578.466796875 353
27581.609375 2706
27588.498046875 1511
27596.416015625 1778
27618.697265625 329
27622.560546875 731
27627.033203125 1400
27627.587890625 2070
27651.8203125 1480
27662.083984375 1714
27703.591796875 249
27705.533203125 94
27708.474609375 2823
27714.337890625 471
27716.859375 473
27718.439453125 747
27738.43359375 915
27739.033203125 921
27777.24609375 993
27784.45703125 1072
27796.96875 1415
27815.208984375 1541
27845.69921875 1746
27884.65625 1949
27891.6640625 2079
27894.7421875 2219
27899.55859375 2258
27901.091796875 2413
27907.64453125 2628
27914.884765625 2828
27942.345703125 2903
27951.30859375 2996
28009.376953125 204
28009.80859375 1247
28016.419921875 1410
28017.720703125 1888
28051.23046875 1214
28066.111328125 1658
28072.75390625 2587
28121.361328125 380
28126.79296875 688
28129.43359375 1761
28176.421875 66
28176.9296875 127
28176.9296875 179
28186.66796875 855
28194.251953125 1198
28213.919921875 1250
28226.41015625 1507
28235.17578125 1558
28283.640625 2007
28290.482421875 2092
28293.845703125 2231
28320.8984375 2384
28323.080078125 2457
28340.41796875 2544
28375.287109375 2717
28389.4609375 2774
28393.125 2794
28435.498046875 2909
28438.52734375 972
28451.111328125 1138
28493.54296875 1442
28498.251953125 1137
28505.400390625 102
28509.822265625 667
28514.6015625 1935
28518.193359375 2352
28526.900390625 2887
28565.244140625 427
28570.88671875 1533
28571.265625 170
28581.0703125 262
28591.103515625 306
28594.51171875 596
28602.6796875 805
28624.806640625 849
28638.1640625 850
28641.818359375 965
28668.037109375 976
28696.26953125 1058
28725.955078125 1403
28738.390625 1645
28747.416015625 1999
28752.5625 2292
28777.337890625 2392
28778.98046875 2403
28813.626953125 2497
28838.203125 2524
28844.912109375 2601
28895.015625 2652
28901.28125 2657
28934.0078125 2761
28934.888671875 2839
28941.1484375 2939
28965.69140625 2984
28971.40234375 1027
28979.998046875 622
28983.29296875 417
28988.1796875 450
29015.890625 690
29029.0625 969
29029.0625 982
29045.408203125 1040
29061.5625 1078
29077.787109375 1083
29090.609375 1382
29103.658203125 1391
29120.708984375 1486
29146.1953125 1503
29155.115234375 1547
29185.970703125 1561
29189.921875 1965
29192.25390625 2026
29194.587890625 2066
29233.8359375 2182
29252.109375 2245
29267.1171875 2460
29281.0390625 2466
29281.369140625 2540
29293.140625 2593
29327.93359375 2632
29354.26171875 2753
29398.271484375 2759
29401.3828125 2793
29415.466796875 2925
29426.51953125 2152
29430.513671875 762
29457.26171875 2757
29491.7421875 37
29509.484375 1624
29515.84765625 1271
29632.798828125 2370
29640.11328125 2895
29673.4921875 2411
29677.931640625 67
29709.140625 150
29714.916015625 171
29737.41796875 195
29778.521484375 363
29786.494140625 522
29788.384765625 657
29802.423828125 701
29819.0703125 760
29833.736328125 811
29861.333984375 874
29861.572265625 875
29864.49609375 1002
29921.01171875 1007
29933.029296875 1023
29936.01953125 1356
29970.681640625 1378
29990.732421875 1489
30066.6171875 1629
30073.42578125 2721
30089.62109375 2032
30093.814453125 2259
30107.078125 771
30113.349609375 1543
30161.0625 2241
30181.96875 1964
30183.255859375 1625
30193.033203125 2693
30199.6796875 222
30209.279296875 258
30210.755859375 281
30248.2734375 506
30278.693359375 582
30285.375 724
30288.517578125 879
30339.041015625 1003
30339.48828125 1171
30382.61328125 1182
30479.43359375 1588
30517.279296875 1685
30541.185546875 1758
30574.49609375 2300
30595.140625 2310
30608.70703125 2705
30653.56640625 2845
30799.650390625 2916
30818.14453125 1811
30847.572265625 2701
30873.32421875 421
30908.482421875 1440
30929.626953125 2337
30976.755859375 2531
31039.3515625 18
31048.943359375 29
31054.27734375 31
31064.01171875 104
31078.708984375 274
31108.935546875 321
31125.451171875 370
31208.26953125 375
31241.865234375 562
31304.419921875 914
31319.23046875 944
31424.74609375 1672
31507.248046875 1684
31541.04296875 1825
31702.283203125 1846
31702.353515625 1960
31821.646484375 1976
31845.357421875 2006
31978.296875 2319
32057.55859375 2405
32265.251953125 2550
32329.890625 2606
32468.615234375 2768
32473.283203125 1081
32507.0234375 1780
32550.150390625 16
32558.9765625 28
32694.193359375 125
32948.8203125 212
33018.48828125 265
33075.79296875 295
33394.96484375 360
33428.95703125 364
33469.37890625 937
33521.69921875 1077
33608.0859375 1101
33677.20703125 1241
33746.0390625 1243
33864.92578125 1307
33908.859375 1343
34336.1640625 1404
34729.515625 1418
34797.78515625 1585
35162.41796875 1719
35257.91015625 1822
35414.11328125 2009
35703.3359375 2164
36351.890625 2214
36470.4453125 2250
36520.7578125 2263
37704.18359375 2342
37705.25390625 2359
40795.640625 2547
