5914.02978515625 2589
6200.986328125 2135
6214.8974609375 1802
6300.384765625 1853
6538.24365234375 1892
6645.78076171875 1580
6659.2109375 25
6763.85546875 72
6766.71826171875 343
6889.4990234375 710
6898.7529296875 755
6941.2939453125 885
6989.2685546875 1683
7081.91650390625 1776
7106.01708984375 1972
7184.740234375 2047
7221.17529296875 2138
7222.03076171875 2185
7223.89599609375 2344
7225.943359375 2545
7239.68310546875 2573
7333.9326171875 2855
7340.6279296875 1446
7371.421875 87
7406.0810546875 251
7420.3984375 527
7424.6298828125 529
7483.6689453125 625
7496.33740234375 641
7540.25 693
7546.505859375 873
7552.29296875 881
7559.2255859375 928
7581.3134765625 1133
7584.626953125 1283
7622.47265625 1318
7630.48095703125 1346
7677.5625 1417
7681.09375 1720
7698.44189453125 1987
7745.90625 2226
7748.8154296875 2296
7768.59326171875 2515
7799.04541015625 2572
7811.451171875 2669
7813.5634765625 2728
7817.41357421875 2734
7835.08447265625 2746
7835.67529296875 2852
7838.681640625 2866
7864.2119140625 2915
7889.849609375 2949
7895.232421875 377
7909.26904296875 2281
7958.0654296875 160
7976.6318359375 1
7978.1611328125 425
8023.908203125 446
8024.6845703125 800
8029.8125 918
8078.826171875 953
8084.06689453125 985
8089.21923828125 986
8100.154296875 1008
8132.26806640625 1043
8135.091796875 1270
8138.3818359375 1317
8142.658203125 1435
8149.78125 1548
8156.95947265625 1606
8160.52197265625 1661
8162.224609375 1712
8175.8193359375 2010
8198.9443359375 2088
8198.98828125 2365
8203.45703125 2410
8212.705078125 2414
8222.2080078125 2482
8234.62890625 2560
8283.517578125 2781
8287.0830078125 2820
8290.083984375 997
8338.80078125 1781
8344.4296875 81
8350.7646484375 229
8357.529296875 440
8366.322265625 548
8374.40234375 611
8378.681640625 826
8435.9248046875 834
8440.0 848
8441.57421875 871
8449.0146484375 893
8464.5 1231
8487.0712890625 1256
8487.0712890625 1315
8500.6962890625 1458
8503.2001953125 1550
8523.888671875 1671
8559.4453125 1711
8586.0146484375 1815
8586.0146484375 1893
8591.3759765625 2312
8630.689453125 2324
8640.0205078125 2385
8649.71484375 2447
8656.9921875 2562
8661.9404296875 2610
8673.2626953125 2622
8674.1083984375 2853
8675.150390625 2924
8684.291015625 2927
8706.294921875 2239
8712.2333984375 1362
8713.7314453125 1926
8714.033203125 2997
8721.5703125 254
8763.4306640625 388
8776.8974609375 465
8787.640625 498
8803.49609375 520
8808.4658203125 962
8818.30859375 981
8844.9794921875 1156
8862.228515625 1652
8882.890625 2205
8883.818359375 2339
8891.28515625 2417
8926.271484375 2494
8941.056640625 2687
8951.900390625 1122
8953.556640625 1670
8959.3818359375 264
8976.7265625 2173
8997.787109375 1646
8998.6982421875 2396
8998.712890625 49
8999.923828125 189
9014.9970703125 261
9016.642578125 263
9029.9423828125 430
9043.306640625 831
9049.4384765625 899
9059.4326171875 1123
9074.384765625 1169
9101.478515625 1350
9129.310546875 1405
9143.30859375 1512
9181.98828125 1750
9184.755859375 1769
9196.591796875 1908
9210.435546875 1966
9214.1142578125 1982
9220.7744140625 1993
9227.6796875 2094
9231.189453125 2126
9246.5341796875 2141
9249.771484375 2171
9279.9296875 2174
9282.2587890625 2177
9303.06640625 2237
9303.224609375 2367
9303.3603515625 2536
9303.5048828125 2542
9307.7861328125 2582
9327.0390625 2675
9347.759765625 2703
9364.158203125 1873
9374.173828125 2107
9385.1865234375 1281
9385.6845703125 455
9397.6884765625 470
9450.306640625 902
9459.3623046875 926
9472.5576171875 967
9479.455078125 1104
9483.787109375 1225
9487.1689453125 1286
9503.404296875 1506
9523.1494140625 1516
9549.875 1599
9560.283203125 1779
9568.75390625 1848
9571.1767578125 1867
9584.521484375 1883
9584.759765625 2063
9586.0224609375 2210
9608.83984375 2246
9634.4169921875 2285
9648.767578125 2361
9649.375 2686
9669.03125 2700
9678.748046875 88
9680.451171875 586
9694.1142578125 136
9704.0322265625 1471
9718.69921875 226
9743.3515625 296
9759.1669921875 1197
9771.970703125 1666
9777.654296875 2511
9784.96484375 101
9793.931640625 215
9807.46484375 549
9808.3994140625 550
9811.6650390625 573
9836.6943359375 1136
9859.0771484375 1199
9877.91796875 1530
9880.044921875 1581
9887.7060546875 1640
9901.111328125 1688
9901.92578125 1968
9937.75390625 2526
9969.90625 2571
9972.6689453125 2983
9997.0673828125 1787
10003.9619140625 602
10026.48046875 1146
10033.6640625 253
10038.2236328125 342
10067.4921875 843
10085.2763671875 1233
10095.748046875 1335
10125.3544921875 1394
10136.009765625 1737
10136.7626953125 1784
10141.6591796875 1950
10143.8837890625 2025
10151.3251953125 2473
10191.63671875 2518
10215.7744140625 999
10275.673828125 1056
10297.626953125 1900
10304.1162109375 1304
10320.61328125 1326
10361.4072265625 2967
10424.103515625 1329
10431.37109375 50
10437.748046875 318
10447.361328125 389
10447.939453125 478
10454.470703125 491
10459.822265625 580
10466.84765625 599
10485.572265625 890
10501.49609375 896
10517.439453125 909
10557.958984375 919
10596.4287109375 995
10602.9697265625 1273
10651.7421875 1342
10661.98046875 1430
10665.119140625 1495
10676.041015625 1568
10682.9130859375 1583
10685.451171875 1764
10685.61328125 1774
10701.2490234375 2065
10703.0205078125 2117
10704.1533203125 2181
10716.6767578125 2268
10748.4091796875 2465
10766.267578125 2664
10775.654296875 2760
10782.0146484375 2764
10785.533203125 2938
10788.0009765625 2943
10791.6787109375 1860
10812.751953125 2880
10814.6064453125 1333
10872.8583984375 2631
10889.310546875 146
10891.79296875 1538
10892.97265625 21
10941.11328125 34
10951.89453125 200
10952.6328125 288
10955.2646484375 336
10958.5615234375 385
10963.81640625 517
10984.30078125 546
10999.9365234375 609
11019.0478515625 614
11069.6708984375 683
11088.6533203125 686
11093.220703125 769
11098.5947265625 1097
11130.2109375 1221
11133.9599609375 1322
11136.84765625 1359
11147.140625 1376
11164.7236328125 1686
11183.1982421875 1854
11203.9697265625 2513
11237.5478515625 2553
11259.1494140625 2650
11262.294921875 2672
11267.5068359375 2911
11279.9990234375 78
11296.171875 2713
11311.1982421875 2800
11315.5048828125 2651
11335.822265625 2970
11340.2421875 1045
11441.146484375 1068
11448.1123046875 2078
11451.1572265625 884
11452.7607421875 886
11473.513671875 1028
11477.0185546875 1845
11508.650390625 1932
11512.26953125 2489
11525.90625 90
11589.568359375 153
11591.6025390625 240
11595.5263671875 256
11607.4775390625 531
11609.4248046875 644
11612.5009765625 706
11617.3486328125 775
11628.2529296875 1163
11639.7626953125 1483
11643.7880859375 2114
11661.3759765625 2379
11669.5078125 2424
11677.177734375 2433
11699.7548828125 2435
11700.201171875 2442
11703.10546875 2683
11713.9599609375 2811
11725.2646484375 2176
11732.953125 169
11743.435546875 2207
11787.296875 1144
11790.734375 2180
11797.779296875 73
11821.349609375 663
11827.2373046875 677
11827.4111328125 756
11836.083984375 925
11875.4873046875 927
11903.91015625 946
11910.3173828125 996
11952.3515625 1141
11963.634765625 1202
11968.9462890625 1251
11968.9462890625 1457
12004.2275390625 1502
12007.0517578125 1591
12007.0517578125 1733
12018.1669921875 1735
12061.5146484375 1919
12081.3984375 1933
12082.443359375 1955
12106.259765625 2002
12131.623046875 2335
12140.9130859375 2341
12151.212890625 2565
12175.970703125 2695
12178.94921875 2763
12183.1923828125 2840
12195.7275390625 2422
12206.2451171875 1020
12263.765625 640
12290.63671875 59
12301.27734375 177
12314.0 191
12348.5029296875 575
12352.3134765625 687
12394.4814453125 934
12417.025390625 1119
12419.2783203125 1529
12426.5595703125 1697
12434.607421875 1810
12439.7607421875 1831
12439.7685546875 2354
12446.2626953125 2528
12452.412109375 2679
12453.79296875 2712
12460.9677734375 2747
12514.44140625 2809
12548.361328125 2821
12560.2900390625 2842
12591.630859375 2860
12605.6044921875 2906
12634.205078125 2994
12640.27734375 186
12683.263671875 223
12689.751953125 1594
12703.8076171875 410
12711.1875 631
12714.998046875 132
12730.884765625 2576
12767.5712890625 1282
12767.76953125 488
12781.330078125 869
12803.1103515625 2059
12811.599609375 787
12832.09375 904
12834.296875 137
12839.8984375 275
12845.365234375 328
12852.130859375 333
12856.970703125 392
12862.84375 407
12886.4716796875 489
12890.0546875 680
12891.458984375 1022
12935.197265625 1290
12965.697265625 1358
12997.5703125 1607
13011.69921875 1653
13020.130859375 2024
13026.474609375 2184
13050.8671875 2221
13055.7646484375 2394
13057.173828125 2427
13083.5908203125 2517
13085.349609375 2655
13113.7373046875 2704
13122.177734375 2900
13135.9072265625 2946
13149.923828125 459
13183.615234375 1408
13199.6015625 1339
13201.939453125 22
13216.7998046875 45
13240.1884765625 300
13294.04296875 812
13296.1376953125 922
13351.8662109375 947
13364.2724609375 975
13371.1923828125 1001
13416.9072265625 1095
13459.439453125 1275
13497.771484375 1664
13513.2978515625 1708
13517.611328125 1763
13524.1455078125 1766
13637.888671875 1889
13684.7939453125 2077
13688.9404296875 2082
13719.0703125 2131
13737.1982421875 2315
13754.162109375 2317
13756.6240234375 2409
13766.86328125 2608
13776.5556640625 2616
13846.2880859375 2649
13883.76171875 2819
13895.6005859375 2862
13898.49609375 1164
13899.31640625 2213
13905.48046875 1050
13909.0751953125 979
13933.66796875 1562
13967.734375 1597
13979.966796875 2334
13988.5048828125 587
13999.2939453125 630
14032.4599609375 777
14035.3876953125 1012
14062.4638671875 1064
14123.251953125 1082
14160.072265625 1462
14177.11328125 1501
14183.5771484375 1654
14196.634765625 1800
14202.2666015625 2656
14206.7529296875 2884
14212.5732421875 1416
14268.5576171875 1575
14272.111328125 2889
14300.748046875 445
14368.4169921875 30
14391.931640625 2484
14433.9921875 38
14529.212890625 40
14532.798828125 76
14533.3095703125 77
14541.0244140625 108
14567.572265625 164
14596.185546875 211
14602.0341796875 225
14613.0537109375 376
14633.9619140625 437
14646.1806640625 510
14647.4541015625 646
14663.0029296875 671
14673.4619140625 738
14699.2900390625 770
14699.59765625 1434
14703.0859375 1610
14703.984375 1662
14736.576171875 1709
14742.5927734375 1998
14753.720703125 2166
14780.205078125 2220
14875.337890625 2238
14879.9384765625 2255
14895.955078125 2345
14901.943359375 2510
14944.134765625 2581
14980.8798828125 2607
14995.16015625 2807
15007.8486328125 1015
15024.841796875 1984
15032.9111328125 1258
15087.2607421875 2555
15088.7109375 1147
15102.5703125 865
15125.4970703125 939
15135.8046875 1497
15168.4794921875 2630
15196.2744140625 2752
15197.80859375 457
15220.8662109375 309
15227.080078125 316
15247.9501953125 483
15256.0390625 484
15256.0390625 633
15281.1181640625 1026
15291.9453125 1036
15297.2353515625 1176
15319.8935546875 1423
15371.48046875 1485
15380.658203125 1590
15454.013671875 1702
15467.982421875 1759
15488.3212890625 1818
15491.7880859375 1958
15496.271484375 1963
15513.947265625 1977
15524.53515625 2053
15566.1083984375 2056
15568.59375 2125
15596.4873046875 2304
15644.5263671875 2356
15650.767578125 2477
15657.935546875 2533
15661.3408203125 2732
15704.697265625 2948
15720.1875 1601
15722.2392578125 2256
15744.408203125 2104
15745.9033203125 284
15765.544921875 182
15789.50390625 916
15883.7412109375 1667
15907.443359375 1852
15915.65234375 727
15937.7021484375 2036
15965.5107421875 2772
15965.8779296875 130
15988.9873046875 219
16017.6669921875 394
16055.474609375 405
16080.15234375 634
16081.693359375 856
16095.9072265625 983
16122.7021484375 1117
16148.0234375 1386
16209.6162109375 1791
16212.4013671875 1991
16215.115234375 2060
16217.6767578125 2215
16222.34375 2314
16223.337890625 2440
16226.935546875 2467
16265.5341796875 2618
16268.7685546875 2648
16296.2705078125 2694
16318.193359375 1772
16323.326171875 818
16351.4873046875 2907
16351.9306640625 660
16387.5234375 1168
16413.212890625 1145
16436.74609375 1476
16455.25 1618
16459.630859375 655
16470.44140625 1592
16480.88671875 2120
16491.1484375 2557
16502.21484375 112
16511.884765625 350
16530.05078125 356
16556.5078125 448
16563.52734375 1500
16578.859375 1526
16581.25 1587
16623.66796875 1881
16657.572265625 1943
16682.650390625 1962
16735.63671875 1995
16754.400390625 2075
16756.05859375 2118
16786.404296875 2309
16828.43359375 2418
16838.78125 2516
16838.78125 2588
16839.978515625 2605
16860.14453125 2623
16883.841796875 2937
16894.892578125 1005
16902.06640625 110
16903.5 2360
16906.650390625 121
16950.7734375 1046
16960.64453125 298
17030.232421875 372
17046.36328125 492
17055.6171875 752
17064.9140625 838
17085.14453125 903
17092.927734375 1034
17093.125 1128
17128.939453125 1187
17129.884765625 1437
17186.97265625 1488
17209.517578125 1534
17261.330078125 1657
17299.44921875 1678
17322.328125 1824
17331.1640625 1826
17335.294921875 1941
17359.802734375 1997
17392.05859375 2318
17424.341796875 2327
17457.68359375 2362
17527.865234375 2404
17568.943359375 2453
17579.3125 2458
17599.087890625 2496
17620.548828125 2696
17629.341796875 2722
17674.546875 2796
17741.248046875 2584
17761.208984375 2872
17767.50390625 2159
17767.521484375 1067
17768.826171875 371
17790.80078125 243
17818.685546875 1301
17833.919921875 311
17842.1875 426
17870.53515625 648
17951.4765625 720
17960.490234375 792
18021.78125 940
18058.44140625 1006
18058.533203125 1032
18061.970703125 1160
18072.70703125 1189
18073.8046875 2183
18080.611328125 2190
18081.380859375 2301
18115.931640625 1459
18131.400390625 1649
18152.537109375 353
18166.392578125 2706
18166.484375 1511
18176.75390625 1778
18193.166015625 329
18208.123046875 731
18228.390625 1400
18259.375 2070
18291.857421875 1480
18306.283203125 1714
18330.8828125 249
18444.111328125 94
18472.552734375 2823
18520.330078125 471
18540.93359375 473
18549.0546875 747
18566.8515625 915
18571.447265625 921
18592.5 993
18599.609375 1072
18637.189453125 1415
18724.90234375 1541
18759.025390625 1746
18796.599609375 1949
18819.6328125 2079
18832.005859375 2219
18838.345703125 2258
18877.7265625 2413
18892.154296875 2628
18895.716796875 2828
18927.73046875 2903
18939.734375 2996
18943.11328125 204
18948.833984375 1247
18972.181640625 1410
18996.796875 1888
19017.59765625 1214
19029.529296875 1658
19068.232421875 2587
19101.681640625 380
19130.84765625 688
19133.251953125 1761
19139.74609375 66
19161.9921875 127
19200.919921875 179
19231.83984375 855
19292.80078125 1198
19320.263671875 1250
19399.31640625 1507
19433.7421875 1558
19453.75 2007
19499.91796875 2092
19530.873046875 2231
19597.171875 2384
19599.44140625 2457
19631.5546875 2544
19631.5546875 2717
19631.712890625 2774
19647.052734375 2794
19663.708984375 2909
19681.236328125 972
19718.71484375 1138
19737.541015625 1442
19756.421875 1137
19757.48046875 102
19789.177734375 667
19793.142578125 1935
19801.43359375 2352
19867.970703125 2887
19874.279296875 427
19944.314453125 1533
19950.224609375 170
20030.166015625 262
20073.75390625 306
20109.80078125 596
20117.076171875 805
20129.21484375 849
20135.83203125 850
20199.818359375 965
20207.552734375 976
20208.130859375 1058
20221.958984375 1403
20223.576171875 1645
20246.3046875 1999
20253.74609375 2292
20261.73828125 2392
20366.50390625 2403
20389.865234375 2497
20411.677734375 2524
20424.875 2601
20432.265625 2652
20507.146484375 2657
20538.1328125 2761
20572.84375 2839
20580.58203125 2939
20582.94140625 2984
20585.646484375 1027
20619.126953125 622
20643.8984375 417
20647.52734375 450
20713.068359375 690
20718.0859375 969
20727.328125 982
20748.271484375 1040
20762.18359375 1078
20763.0859375 1083
20861.12109375 1382
20882.126953125 1391
20943.310546875 1486
20989.052734375 1503
20995.845703125 1547
21007.4453125 1561
21011.201171875 1965
21025.197265625 2026
21030.8125 2066
21047.65625 2182
21121.560546875 2245
21173.0859375 2460
21186.509765625 2466
21218.578125 2540
21221.1953125 2593
21228.38671875 2632
21241.2421875 2753
21294.509765625 2759
21312.923828125 2793
21320.126953125 2925
21341.82421875 2152
21345.84375 762
21347.404296875 2757
21382.1640625 37
21389.376953125 1624
21419.78515625 1271
21675.25 2370
21696.150390625 2895
21697.0546875 2411
21853.3828125 67
21859.123046875 150
21871.361328125 171
21871.87109375 195
21886.791015625 363
21896.904296875 522
22003.921875 657
22021.71875 701
22039.90234375 760
22052.787109375 811
22120.70703125 874
22169.69140625 875
22173.919921875 1002
22180.16015625 1007
22245.89453125 1023
22313.92578125 1356
22418.90625 1378
22434.859375 1489
22489.77734375 1629
22550.677734375 2721
22758.439453125 2032
22796.130859375 2259
22872.08984375 771
22892.111328125 1543
22988.095703125 2241
23007.712890625 1964
23051.416015625 1625
23058.08203125 2693
23085.673828125 222
23134.76171875 258
23157.990234375 281
23206.107421875 506
23209.1328125 582
23220.8828125 724
23310.09375 879
23369.7421875 1003
23392.48828125 1171
23473.48046875 1182
23567.9296875 1588
23590.447265625 1685
23635.49609375 1758
23635.49609375 2300
23674.05078125 2310
23708.15625 2705
23826.525390625 2845
23843.814453125 2916
23850.71875 1811
23930.015625 2701
23935.95703125 421
23942.263671875 1440
24006.642578125 2337
24013.375 2531
24046.783203125 18
24127.921875 29
24165.3984375 31
24246.119140625 104
24276.390625 274
24316.478515625 321
24433.89453125 370
24446.748046875 375
24467.84765625 562
24478.11328125 914
24494.9375 944
24583.42578125 1672
24598.98046875 1684
24768.7109375 1825
24918.767578125 1846
24952.0 1960
24958.73828125 1976
24973.658203125 2006
25044.146484375 2319
25084.849609375 2405
25155.8359375 2550
25155.861328125 2606
25196.349609375 2768
25270.029296875 1081
25470.7578125 1780
25522.73046875 16
25587.03515625 28
25657.00390625 125
25724.205078125 212
25747.96484375 265
25884.462890625 295
25943.03515625 360
26047.630859375 364
26152.720703125 937
26301.9453125 1077
26316.0546875 1101
26384.162109375 1241
26402.63671875 1243
26459.6484375 1307
26634.451171875 1343
26772.412109375 1404
27342.603515625 1418
27525.693359375 1585
27794.802734375 1719
28410.009765625 1822
28892.384765625 2009
30039.986328125 2164
30064.79296875 2214
31069.806640625 2250
31162.87109375 2263
32874.1953125 2342
33970.14453125 2359
38912.890625 2547
