6232.515625 1811
6376.60498046875 2701
7072.52197265625 421
7074.54443359375 1440
7117.8720703125 2337
7408.03173828125 2531
7455.84716796875 18
7549.5263671875 29
7622.2109375 31
7743.29150390625 104
7829.15869140625 274
7888.71875 321
7965.40234375 370
7979.64599609375 375
8006.0625 562
8021.85400390625 914
8086.38427734375 944
8140.296875 1672
8201.6650390625 1684
8201.8876953125 1825
8218.7109375 1846
8218.7109375 1960
8249.28515625 1976
8262.7333984375 2006
8316.939453125 2319
8321.638671875 2405
8436.7685546875 2550
8488.9814453125 2606
8535.455078125 2768
8618.765625 1446
8625.0146484375 87
8637.9248046875 251
8677.5400390625 527
8701.8330078125 529
8725.904296875 625
8736.84375 641
8743.6630859375 693
8753.2490234375 873
8828.0947265625 881
8832.865234375 928
8842.6533203125 1133
8858.6748046875 1283
8979.322265625 1318
8982.673828125 1346
9007.25390625 1417
9059.25390625 1720
9071.7294921875 1987
9088.9130859375 2226
9111.3203125 2296
9134.28125 2515
9167.2744140625 2572
9223.03515625 2669
9228.74609375 2728
9246.33984375 2734
9272.07421875 2746
9284.1640625 2852
9291.515625 2866
9304.3486328125 2915
9316.6455078125 2949
9338.173828125 377
9339.556640625 2281
9341.21875 160
9428.5693359375 1
9503.1064453125 425
9567.970703125 446
9588.5341796875 800
9616.55859375 918
9626.8447265625 953
9678.318359375 985
9708.1689453125 986
9791.142578125 1008
9806.1015625 1043
9818.26953125 1270
9862.0078125 1317
9866.3203125 1435
9867.58984375 1548
9877.9912109375 1606
9923.4716796875 1661
9924.5751953125 1712
9945.7998046875 2010
9968.5234375 2088
9977.796875 2365
9987.5 2410
10120.740234375 2414
10130.779296875 2482
10137.0751953125 2560
10148.271484375 2781
10158.9560546875 2820
10161.7578125 997
10174.033203125 1781
10212.5703125 81
10212.9033203125 229
10251.7607421875 440
10275.1982421875 548
10321.8408203125 611
10329.58203125 826
10337.259765625 834
10349.697265625 848
10365.591796875 871
10407.220703125 893
10422.9794921875 1231
10423.232421875 1256
10439.49609375 1315
10472.1630859375 1458
10472.814453125 1550
10477.2646484375 1671
10487.3583984375 1711
10495.0732421875 1815
10509.537109375 1893
10538.5869140625 2312
10541.435546875 2324
10558.2626953125 2385
10563.99609375 2447
10569.9345703125 2562
10583.837890625 2610
10586.2041015625 2622
10586.8056640625 2853
10591.3125 2924
10598.87890625 2927
10637.7685546875 2239
10648.19921875 1362
10657.396484375 1926
10657.82421875 2997
10658.45703125 254
10670.5126953125 388
10677.01171875 465
10706.1650390625 498
10710.4443359375 520
10718.0869140625 962
10731.9921875 981
10743.05078125 1156
10744.02734375 1652
10764.83203125 2205
10795.892578125 2339
10799.080078125 2417
10812.0849609375 2494
10828.3828125 2687
10840.9453125 1122
10842.560546875 1670
10860.216796875 264
10880.1865234375 2173
10886.8984375 1646
10893.0615234375 2396
10962.8154296875 49
10983.0634765625 189
11020.2509765625 261
11075.7939453125 263
11117.3701171875 430
11118.427734375 831
11121.4814453125 899
11133.65625 1123
11141.7314453125 1169
11149.5703125 1350
11164.5048828125 1405
11191.947265625 1512
11220.439453125 1750
11230.650390625 1769
11262.076171875 1908
11268.0927734375 1966
11277.302734375 1982
11295.0947265625 1993
11329.046875 2094
11339.1591796875 2126
11353.748046875 2141
11355.0302734375 2171
11358.970703125 2174
11366.8623046875 2177
11396.228515625 2237
11447.5634765625 2367
11465.06640625 2536
11470.2900390625 2542
11476.5576171875 2582
11480.310546875 2675
11492.4736328125 2703
11517.5615234375 1873
11518.572265625 2107
11538.9501953125 1281
11548.09765625 455
11576.1875 470
11591.8486328125 902
11606.5498046875 926
11610.98046875 967
11636.9287109375 1104
11659.0947265625 1225
11662.134765625 1286
11680.412109375 1506
11713.7490234375 1516
11724.419921875 1599
11732.8896484375 1779
11757.576171875 1848
11762.30859375 1867
11795.0322265625 1883
11800.603515625 2063
11811.689453125 2210
11822.748046875 2246
11827.4404296875 2285
11842.6865234375 2361
11845.490234375 2686
11856.7265625 2700
11862.66796875 88
11904.9423828125 586
11912.828125 136
11928.3896484375 1471
11929.0830078125 226
11937.6484375 296
11941.7919921875 1197
11965.302734375 1666
11993.8984375 2511
12006.6005859375 101
12019.212890625 215
12022.81640625 549
12049.6220703125 550
12102.2255859375 573
12108.3154296875 1136
12121.8701171875 1199
12128.4208984375 1530
12144.5625 1581
12151.125 1640
12157.0439453125 1688
12182.330078125 1968
12212.408203125 2526
12231.58984375 2571
12238.849609375 2983
12253.591796875 1787
12287.107421875 602
12298.953125 1146
12321.7978515625 253
12358.4697265625 342
12369.822265625 843
12433.5576171875 1233
12465.041015625 1335
12476.46484375 1394
12506.4091796875 1737
12511.8134765625 1784
12521.0283203125 1950
12532.7763671875 2025
12549.86328125 2473
12552.126953125 2518
12556.41796875 999
12570.1865234375 1056
12596.640625 1900
12597.591796875 1304
12603.451171875 1326
12605.5791015625 2967
12608.20703125 1329
12637.9921875 50
12639.080078125 318
12643.6787109375 389
12646.619140625 478
12670.033203125 491
12676.888671875 580
12688.6259765625 599
12700.4560546875 890
12701.5078125 896
12707.314453125 909
12715.76953125 919
12721.412109375 995
12727.546875 1273
12746.2412109375 1342
12748.875 1430
12750.03515625 1495
12815.6640625 1568
12828.9267578125 1583
12829.0126953125 1764
12836.99609375 1774
12840.33984375 2065
12857.3984375 2117
12861.158203125 2181
12861.552734375 2268
12897.2138671875 2465
12908.0400390625 2664
12926.271484375 2760
12930.6298828125 2764
12938.5595703125 2938
12945.8564453125 2943
12983.978515625 1860
12989.0654296875 2880
12989.5498046875 1333
13003.623046875 2631
13020.0595703125 146
13021.8564453125 1538
13035.4404296875 21
13040.080078125 34
13044.6728515625 200
13070.55078125 288
13076.865234375 336
13082.185546875 385
13090.970703125 517
13110.8037109375 546
13118.4150390625 609
13129.0048828125 614
13138.3759765625 683
13140.64453125 686
13162.5087890625 769
13178.9873046875 1097
13186.2734375 1221
13190.4453125 1322
13208.25 1359
13220.314453125 1376
13233.103515625 1686
13248.1640625 1854
13264.5693359375 2513
13267.4306640625 2553
13281.0908203125 2650
13294.287109375 2672
13299.12890625 2911
13321.75 78
13335.4560546875 2713
13336.166015625 2800
13362.8330078125 2651
13365.42578125 2970
13366.9697265625 1045
13439.619140625 1068
13458.05078125 2078
13511.142578125 884
13514.3798828125 886
13531.751953125 1028
13534.6474609375 1845
13536.2998046875 1932
13540.7607421875 2489
13562.654296875 90
13565.732421875 153
13571.064453125 240
13583.244140625 256
13591.85546875 531
13597.193359375 644
13603.7177734375 706
13606.6015625 775
13613.654296875 1163
13621.08203125 1483
13629.169921875 2114
13655.0888671875 2379
13658.6220703125 2424
13676.6962890625 2433
13683.064453125 2435
13691.9453125 2442
13692.2578125 2683
13700.353515625 2811
13705.259765625 2176
13707.0380859375 169
13717.4306640625 2207
13739.8876953125 1144
13764.970703125 2180
13766.544921875 73
13793.359375 663
13797.3857421875 677
13821.8447265625 756
13826.1416015625 925
13856.5439453125 927
13859.2021484375 946
13875.8515625 996
13887.9130859375 1141
13909.5009765625 1202
13912.2763671875 1251
13913.083984375 1457
13942.431640625 1502
13953.189453125 1591
13967.970703125 1733
13980.5439453125 1735
13986.2939453125 1919
13991.666015625 1933
14001.0048828125 1955
14067.6142578125 2002
14077.822265625 2335
14092.2421875 2341
14126.2001953125 2565
14141.232421875 2695
14144.734375 2763
14150.908203125 2840
14151.193359375 2422
14159.0546875 1020
14162.6298828125 640
14171.6943359375 59
14189.86328125 177
14196.1943359375 191
14197.65234375 575
14201.1806640625 687
14216.3798828125 934
14229.58203125 1119
14238.2470703125 1529
14257.353515625 1697
14266.798828125 1810
14274.2685546875 1831
14289.37890625 2354
14345.2763671875 2528
14345.4140625 2679
14354.794921875 2712
14362.3486328125 2747
14362.4755859375 2809
14365.7294921875 2821
14379.4384765625 2842
14413.166015625 2860
14428.05859375 2906
14467.71484375 2994
14473.7646484375 186
14483.619140625 223
14483.810546875 1594
14492.2509765625 410
14531.78515625 631
14539.50390625 132
14542.0341796875 2576
14543.1884765625 1282
14550.4404296875 488
14554.0625 869
14555.84375 2059
14572.2001953125 787
14624.42578125 904
14626.236328125 137
14645.2998046875 275
14653.888671875 328
14653.8955078125 333
14687.30078125 392
14687.30078125 407
14709.8671875 489
14716.482421875 680
14744.8798828125 1022
14751.79296875 1290
14755.0966796875 1358
14763.591796875 1607
14783.248046875 1653
14790.2685546875 2024
14802.263671875 2184
14810.716796875 2221
14821.107421875 2394
14845.376953125 2427
14850.982421875 2517
14867.3095703125 2655
14885.2177734375 2704
14895.263671875 2900
14899.9306640625 2946
14902.2275390625 459
14913.791015625 1408
14916.2587890625 1339
14920.416015625 22
14942.5078125 45
14960.4609375 300
14967.4111328125 812
14977.6689453125 922
14982.890625 947
14986.3994140625 975
14992.287109375 1001
14993.1640625 1095
14996.5263671875 1275
14997.12890625 1664
15002.82421875 1708
15023.017578125 1763
15037.068359375 1766
15039.1953125 1889
15047.171875 2077
15063.453125 2082
15080.1396484375 2131
15083.7080078125 2315
15097.8740234375 2317
15124.3515625 2409
15137.4921875 2608
15137.92578125 2616
15144.3505859375 2649
15155.3369140625 2819
15156.1083984375 2862
15162.0029296875 1164
15181.0458984375 2213
15188.716796875 1050
15196.8701171875 979
15210.2158203125 1562
15217.14453125 1597
15232.1533203125 2334
15234.025390625 587
15239.1513671875 630
15258.3173828125 777
15259.830078125 1012
15264.7919921875 1064
15268.732421875 1082
15269.681640625 1462
15274.0595703125 1501
15325.5166015625 1654
15348.568359375 1800
15350.4755859375 2656
15369.109375 2884
15374.0908203125 1416
15384.1630859375 1575
15386.4599609375 2889
15408.94921875 445
15415.3505859375 30
15422.7587890625 2484
15424.7548828125 38
15431.9765625 40
15432.876953125 76
15440.1826171875 77
15474.021484375 108
15507.931640625 164
15537.9150390625 211
15547.5986328125 225
15557.4248046875 376
15567.53125 437
15568.71875 510
15585.048828125 646
15588.5703125 671
15591.71484375 738
15600.646484375 770
15613.8203125 1434
15614.2880859375 1610
15620.0478515625 1662
15627.490234375 1709
15633.8427734375 1998
15647.9423828125 2166
15652.947265625 2220
15694.5869140625 2238
15704.7041015625 2255
15706.859375 2345
15707.11328125 2510
15715.638671875 2581
15715.890625 2607
15720.8369140625 2807
15728.896484375 1015
15742.1181640625 1984
15744.806640625 1258
15756.755859375 2555
15761.16796875 1147
15797.4541015625 865
15802.783203125 939
15809.3125 1497
15855.794921875 2630
15867.2119140625 2752
15872.544921875 457
15873.0595703125 309
15875.599609375 316
15879.857421875 483
15905.2626953125 484
15911.28125 633
15925.0830078125 1026
15929.62109375 1036
15937.3134765625 1176
15939.1640625 1423
15945.10546875 1485
15955.9892578125 1590
15958.9423828125 1702
15974.8271484375 1759
15990.6484375 1818
15992.80078125 1958
15993.396484375 1963
16020.583984375 1977
16034.8818359375 2053
16060.521484375 2056
16068.337890625 2125
16072.3583984375 2304
16083.9375 2356
16102.759765625 2477
16119.1904296875 2533
16119.7509765625 2732
16121.5830078125 2948
16133.9638671875 1601
16135.853515625 2256
16146.2685546875 2104
16149.357421875 284
16149.6337890625 182
16165.4248046875 916
16190.7431640625 1667
16197.521484375 1852
16231.666015625 727
16263.947265625 2036
16278.572265625 2772
16288.880859375 130
16301.583984375 219
16318.5361328125 394
16322.2275390625 405
16324.3095703125 634
16348.8037109375 856
16364.26171875 983
16371.4765625 1117
16381.58203125 1386
16417.521484375 1791
16435.552734375 1991
16440.38671875 2060
16441.4609375 2215
16441.537109375 2314
16450.548828125 2440
16473.83203125 2467
16504.19921875 2618
16539.408203125 2648
16550.953125 2694
16553.0078125 1772
16555.6328125 818
16555.9453125 2907
16560.57421875 660
16562.625 1168
16562.931640625 1145
16609.337890625 1476
16624.673828125 1618
16626.986328125 655
16629.81640625 1592
16632.5625 2120
16638.134765625 2557
16640.40625 112
16661.9921875 350
16675.244140625 356
16687.412109375 448
16690.861328125 1500
16707.953125 1526
16729.697265625 1587
16735.068359375 1881
16739.587890625 1943
16743.44921875 1962
16753.546875 1995
16769.005859375 2075
16774.892578125 2118
16859.29296875 2309
16865.064453125 2418
16871.17578125 2516
16871.970703125 2588
16878.5 2605
16896.017578125 2623
16897.115234375 2937
16900.619140625 1005
16909.203125 110
16960.115234375 2360
16986.04296875 121
16996.869140625 1046
17020.6484375 298
17050.60546875 372
17056.712890625 492
17059.048828125 752
17062.80859375 838
17062.80859375 903
17071.669921875 1034
17110.48828125 1128
17123.919921875 1187
17126.97265625 1437
17138.42578125 1488
17146.599609375 1534
17168.22265625 1657
17177.318359375 1678
17194.205078125 1824
17208.8515625 1826
17262.00390625 1941
17290.541015625 1997
17298.046875 2318
17300.86328125 2327
17314.64453125 2362
17317.609375 2404
17318.001953125 2453
17337.23828125 2458
17340.34375 2496
17369.0390625 2696
17402.015625 2722
17413.357421875 2796
17425.1796875 2584
17432.580078125 2872
17463.5078125 2589
17465.01953125 2135
17488.744140625 1802
17519.607421875 1853
17528.9609375 1892
17550.80078125 1580
17563.5234375 25
17563.91015625 72
17576.029296875 343
17578.07421875 710
17597.673828125 755
17607.4375 885
17643.3671875 1683
17655.615234375 1776
17674.0234375 1972
17682.935546875 2047
17684.6015625 2138
17713.421875 2185
17729.123046875 2344
17733.8984375 2545
17736.984375 2573
17753.541015625 2855
17758.580078125 2159
17758.580078125 1067
17768.74609375 371
17793.765625 243
17796.521484375 1301
17804.1171875 311
17842.28515625 426
17848.14453125 648
17853.83203125 720
17875.951171875 792
17889.287109375 940
17922.63671875 1006
17989.388671875 1032
18047.6796875 1160
18062.5 1189
18067.73046875 2183
18081.966796875 2190
18117.158203125 2301
18127.966796875 1459
18131.490234375 1649
18181.1796875 353
18194.724609375 2706
18198.578125 1511
18300.3828125 1778
18325.474609375 329
18332.263671875 731
18334.19140625 1400
18376.763671875 2070
18388.400390625 1480
18394.5390625 1714
18414.96875 249
18438.943359375 94
18452.9375 2823
18455.36328125 471
18456.4609375 473
18464.900390625 747
18473.705078125 915
18495.255859375 921
18498.451171875 993
18501.79296875 1072
18519.4609375 1415
18525.33984375 1541
18526.63671875 1746
18527.12109375 1949
18570.072265625 2079
18591.55859375 2219
18592.55859375 2258
18592.9296875 2413
18612.29296875 2628
18624.734375 2828
18647.283203125 2903
18651.9140625 2996
18655.52734375 204
18710.341796875 1247
18711.6875 1410
18727.67578125 1888
18731.119140625 1214
18756.251953125 1658
18769.654296875 2587
18777.90234375 380
18790.9296875 688
18920.228515625 1761
18920.345703125 66
18956.255859375 127
18986.796875 179
18993.783203125 855
19003.560546875 1198
19007.474609375 1250
19040.314453125 1507
19052.916015625 1558
19058.447265625 2007
19064.0546875 2092
19069.423828125 2231
19118.42578125 2384
19152.45703125 2457
19161.56640625 2544
19176.09375 2717
19176.861328125 2774
19192.630859375 2794
19212.767578125 2909
19226.888671875 972
19245.28515625 1138
19261.2421875 1442
19299.916015625 1137
19322.673828125 102
19334.7109375 667
19357.853515625 1935
19363.671875 2352
19385.455078125 2887
19389.46484375 427
19444.1796875 1533
19455.4296875 170
19475.271484375 262
19479.720703125 306
19505.66015625 596
19507.765625 805
19511.447265625 849
19546.00390625 850
19552.4765625 965
19563.673828125 976
19570.83203125 1058
19588.86328125 1403
19593.328125 1645
19594.734375 1999
19641.244140625 2292
19685.970703125 2392
19717.4296875 2403
19732.810546875 2497
19736.388671875 2524
19750.095703125 2601
19755.568359375 2652
19767.3671875 2657
19827.310546875 2761
19840.83203125 2839
19841.32421875 2939
19877.619140625 2984
19932.390625 1027
19945.306640625 622
19967.12109375 417
19980.591796875 450
19994.7109375 690
20000.10546875 969
20031.33984375 982
20095.326171875 1040
20098.318359375 1078
20099.23828125 1083
20109.89453125 1382
20120.3671875 1391
20136.64453125 1486
20150.298828125 1503
20219.64453125 1547
20224.583984375 1561
20224.583984375 1965
20256.66796875 2026
20309.52734375 2066
20315.162109375 2182
20337.412109375 2245
20358.37890625 2460
20490.9453125 2466
20513.5625 2540
20514.326171875 2593
20515.46875 2632
20602.7109375 2753
20629.66015625 2759
20670.716796875 2793
20717.326171875 2925
20753.55859375 2152
20758.470703125 762
20837.421875 2757
20847.9609375 37
20852.04296875 1624
20868.51953125 1271
20901.18359375 2370
20903.23046875 2895
20940.65625 2411
21012.130859375 67
21014.90234375 150
21057.228515625 171
21117.728515625 195
21163.998046875 363
21245.7890625 522
21321.49609375 657
21385.56640625 701
21460.21484375 760
21487.69921875 811
21513.056640625 874
21541.662109375 875
21586.720703125 1002
21595.939453125 1007
21598.60546875 1023
21630.80078125 1356
21630.80078125 1378
21661.529296875 1489
21696.7265625 1629
21702.517578125 2721
21713.07421875 2032
21753.091796875 2259
21767.279296875 771
21792.8046875 1543
21962.646484375 2241
21984.25 1964
22009.677734375 1625
22059.986328125 2693
22083.119140625 222
22147.197265625 258
22278.939453125 281
22316.470703125 506
22334.208984375 582
22334.37890625 724
22351.21484375 879
22358.380859375 1003
22382.076171875 1171
22402.45703125 1182
22488.578125 1588
22606.439453125 1685
22703.193359375 1758
22763.685546875 2300
22777.34765625 2310
23057.9765625 2705
23135.62109375 2845
23234.91796875 2916
23235.119140625 1081
23474.21875 1780
23518.5625 16
23563.544921875 28
23621.400390625 125
23754.83984375 212
24314.201171875 265
24535.05859375 295
24563.5 360
24979.1015625 364
24989.171875 937
25143.158203125 1077
25233.892578125 1101
25268.947265625 1241
25311.9296875 1243
25333.05859375 1307
25741.21875 1343
26382.373046875 1404
26744.953125 1418
26886.728515625 1585
27397.64453125 1719
27646.341796875 1822
28083.068359375 2009
28669.66796875 2164
28802.728515625 2214
29193.494140625 2250
29311.71875 2263
30606.185546875 2342
30721.73046875 2359
36405.01953125 2547
