5340.18310546875 1781
5399.3134765625 81
5498.44140625 229
5656.17041015625 440
5758.98828125 548
5800.599609375 611
5805.3837890625 826
5836.890625 834
5884.6142578125 848
5903.181640625 871
5947.88720703125 893
5983.70458984375 1231
6063.16357421875 1256
6096.52685546875 1315
6129.38232421875 1458
6129.74560546875 1550
6216.845703125 1671
6489.46484375 1711
6600.404296875 1815
6632.2919921875 1893
6639.712890625 2312
6667.328125 2324
6678.591796875 2385
6720.08642578125 2447
6779.69677734375 2562
6796.03759765625 2610
6798.95849609375 2622
6812.48876953125 2853
6851.578125 2924
6867.8857421875 2927
6999.60546875 2239
7007.138671875 1446
7016.55078125 87
7027.84423828125 251
7035.369140625 527
7153.23974609375 529
7159.4453125 625
7182.744140625 641
7317.5927734375 693
7370.830078125 873
7409.05859375 881
7409.14501953125 928
7496.29150390625 1133
7508.01171875 1283
7512.06787109375 1318
7560.2177734375 1346
7727.2197265625 1417
7752.63818359375 1720
7765.4951171875 1987
7784.09765625 2226
7868.63427734375 2296
7887.029296875 2515
7960.77294921875 2572
7999.2373046875 2669
8032.78466796875 2728
8034.888671875 2734
8062.5751953125 2746
8081.9951171875 2852
8153.3369140625 2866
8153.853515625 2915
8175.01025390625 2949
8185.640625 377
8209.1494140625 2281
8227.7275390625 160
8275.201171875 1
8287.083984375 425
8295.865234375 446
8314.744140625 800
8323.4775390625 918
8329.4501953125 953
8376.890625 985
8456.9453125 986
8501.9912109375 1008
8537.8984375 1043
8576.2626953125 1270
8628.1455078125 1317
8710.427734375 1435
8762.6630859375 1548
8783.2197265625 1606
8806.650390625 1661
8808.01171875 1712
8815.2431640625 2010
8841.8623046875 2088
8846.0419921875 2365
8886.2236328125 2410
8887.154296875 2414
8887.154296875 2482
8940.01953125 2560
8990.0439453125 2781
8990.6005859375 2820
8996.5869140625 997
9023.6806640625 1362
9079.5361328125 1926
9096.76171875 2997
9115.712890625 254
9150.076171875 388
9156.0458984375 465
9198.90234375 498
9207.8154296875 520
9214.9755859375 962
9223.6591796875 981
9224.2490234375 1156
9274.0888671875 1652
9343.763671875 2205
9345.1904296875 2339
9368.15234375 2417
9397.4423828125 2494
9404.3642578125 2687
9422.09375 1122
9423.2451171875 1670
9434.5283203125 264
9436.9150390625 2173
9438.7763671875 1646
9440.12890625 2396
9441.677734375 49
9441.677734375 189
9516.771484375 261
9517.892578125 263
9532.78515625 430
9536.240234375 831
9545.599609375 899
9549.439453125 1123
9578.544921875 1169
9588.994140625 1350
9610.3828125 1405
9692.12109375 1512
9702.9296875 1750
9736.0517578125 1769
9740.150390625 1908
9777.8173828125 1966
9840.255859375 1982
9841.3623046875 1993
9848.8125 2094
9862.125 2126
9863.73046875 2141
9870.865234375 2171
9874.2705078125 2174
9880.548828125 2177
9895.96875 2237
9926.45703125 2367
9931.5263671875 2536
9964.853515625 2542
9972.251953125 2582
10043.65625 2675
10051.2490234375 2703
10052.1845703125 1873
10073.322265625 2107
10109.58203125 1281
10131.658203125 455
10133.1220703125 470
10151.5439453125 902
10159.984375 926
10176.28515625 967
10178.7001953125 1104
10178.9814453125 1225
10189.39453125 1286
10194.009765625 1506
10227.6611328125 1516
10238.169921875 1599
10238.4267578125 1779
10244.4052734375 1848
10249.82421875 1867
10251.0810546875 1883
10253.068359375 2063
10255.310546875 2210
10277.4755859375 2246
10285.7412109375 2285
10301.7158203125 2361
10305.123046875 2686
10307.0 2700
10316.537109375 88
10319.1884765625 586
10319.615234375 136
10354.19140625 1471
10393.705078125 226
10402.48828125 296
10424.052734375 1197
10425.6845703125 1666
10427.181640625 2511
10454.3759765625 101
10475.7373046875 215
10483.88671875 549
10489.7265625 550
10507.4091796875 573
10513.744140625 1136
10513.744140625 1199
10515.83984375 1530
10523.86328125 1581
10525.98828125 1640
10541.375 1688
10566.455078125 1968
10574.201171875 2526
10586.521484375 2571
10589.697265625 2983
10644.95703125 1787
10693.97265625 602
10696.19921875 1146
10700.9326171875 253
10713.85546875 342
10720.6630859375 843
10737.015625 1233
10780.021484375 1335
10786.595703125 1394
10808.123046875 1737
10813.9814453125 1784
10823.212890625 1950
10827.359375 2025
10856.3955078125 2473
10857.8603515625 2518
10863.576171875 999
10871.3046875 1056
10897.4287109375 1900
10902.5830078125 1304
10915.791015625 1326
10929.580078125 2967
10946.095703125 1329
10951.4091796875 50
10971.455078125 318
10978.31640625 389
11010.9150390625 478
11026.6865234375 491
11045.0625 580
11046.15234375 599
11065.45703125 890
11071.6708984375 896
11074.587890625 909
11087.1806640625 919
11090.48046875 995
11102.9189453125 1273
11109.05859375 1342
11111.447265625 1430
11121.51171875 1495
11129.63671875 1568
11133.384765625 1583
11134.8125 1764
11136.89453125 1774
11141.1806640625 2065
11155.431640625 2117
11173.671875 2181
11179.58203125 2268
11185.3447265625 2465
11215.599609375 2664
11218.3408203125 2760
11219.0478515625 2764
11226.576171875 2938
11239.0478515625 2943
11252.404296875 1860
11257.328125 2880
11258.0771484375 1333
11281.0654296875 2631
11290.669921875 146
11291.74609375 1538
11310.876953125 21
11321.76171875 34
11324.51953125 200
11339.97265625 288
11340.8701171875 336
11353.4130859375 385
11363.9306640625 517
11407.0908203125 546
11410.63671875 609
11417.646484375 614
11421.248046875 683
11430.7568359375 686
11468.37109375 769
11470.59765625 1097
11471.0634765625 1221
11471.3486328125 1322
11491.4013671875 1359
11498.96484375 1376
11502.716796875 1686
11523.90625 1854
11523.90625 2513
11536.884765625 2553
11556.0087890625 2650
11569.515625 2672
11569.712890625 2911
11578.4619140625 78
11581.064453125 2713
11591.529296875 2800
11591.9775390625 2651
11595.693359375 2970
11604.439453125 1045
11658.189453125 1068
11678.4560546875 2078
11678.462890625 884
11710.9326171875 886
11712.0576171875 1028
11714.0498046875 1845
11718.8564453125 1932
11729.7509765625 2489
11754.068359375 90
11768.26171875 153
11772.208984375 240
11773.525390625 256
11789.34765625 531
11790.513671875 644
11798.5107421875 706
11799.0546875 775
11805.302734375 1163
11815.6904296875 1483
11816.3515625 2114
11837.84765625 2379
11837.88671875 2424
11846.07421875 2433
11850.3359375 2435
11857.6171875 2442
11858.1416015625 2683
11861.9990234375 2811
11866.54296875 2176
11919.69140625 169
11923.7060546875 2207
11926.234375 1144
11936.75390625 2180
11949.9140625 73
11952.1171875 663
11962.462890625 677
11986.966796875 756
12001.525390625 925
12015.9990234375 927
12029.49609375 946
12039.654296875 996
12042.404296875 1141
12060.0830078125 1202
12069.5595703125 1251
12074.375 1457
12089.423828125 1502
12091.484375 1591
12099.0234375 1733
12107.7734375 1735
12128.154296875 1919
12130.671875 1933
12134.7158203125 1955
12158.4169921875 2002
12158.5458984375 2335
12161.5263671875 2341
12169.3818359375 2565
12177.6904296875 2695
12187.150390625 2763
12187.150390625 2840
12187.15625 2422
12198.568359375 1020
12200.9873046875 640
12209.015625 59
12218.0390625 177
12228.064453125 191
12243.4140625 575
12249.3271484375 687
12256.591796875 934
12287.1259765625 1119
12288.0693359375 1529
12299.7099609375 1697
12307.10546875 1810
12313.513671875 1831
12321.0126953125 2354
12347.8984375 2528
12356.9501953125 2679
12364.775390625 2712
12424.611328125 2747
12434.05859375 2809
12451.7158203125 2821
12453.36328125 2842
12454.5654296875 2860
12462.328125 2906
12467.3515625 2994
12468.8427734375 186
12494.197265625 223
12497.826171875 1594
12511.51953125 410
12515.1474609375 631
12517.25390625 132
12519.2216796875 2576
12523.7412109375 1282
12524.7744140625 488
12526.3505859375 869
12532.6201171875 2059
12536.791015625 787
12539.201171875 904
12543.5341796875 137
12555.68359375 275
12556.470703125 328
12582.052734375 333
12589.4287109375 392
12609.7802734375 407
12619.9814453125 489
12629.6123046875 680
12636.2802734375 1022
12644.482421875 1290
12646.3779296875 1358
12651.494140625 1607
12658.8779296875 1653
12659.8603515625 2024
12685.9873046875 2184
12702.78125 2221
12707.072265625 2394
12731.5712890625 2427
12733.287109375 2517
12751.1845703125 2655
12756.431640625 2704
12764.4853515625 2900
12807.32421875 2946
12809.998046875 459
12812.8076171875 1408
12838.451171875 1339
12845.9033203125 22
12852.0751953125 45
12855.576171875 300
12867.8486328125 812
12877.703125 922
12878.0146484375 947
12885.494140625 975
12886.42578125 1001
12888.0146484375 1095
12888.1220703125 1275
12896.8115234375 1664
12907.6103515625 1708
12910.099609375 1763
12930.017578125 1766
12930.0712890625 1889
12934.5244140625 2077
12956.296875 2082
12968.4765625 2131
12969.3359375 2315
12995.8642578125 2317
12997.654296875 2409
13011.251953125 2608
13014.44921875 2616
13018.5986328125 2649
13042.0341796875 2819
13049.234375 2862
13052.583984375 1164
13053.857421875 2213
13056.16796875 1050
13059.001953125 979
13060.400390625 1562
13061.7646484375 1597
13062.4580078125 2334
13082.8193359375 587
13086.6875 630
13090.53515625 777
13091.3134765625 1012
13095.140625 1064
13099.05859375 1082
13107.39453125 1462
13126.90625 1501
13132.876953125 1654
13133.1826171875 1800
13136.68359375 2656
13141.1025390625 2884
13150.08203125 1416
13175.5009765625 1575
13187.9306640625 2889
13211.4599609375 445
13213.1025390625 30
13214.6240234375 2484
13242.3935546875 38
13248.0498046875 40
13268.849609375 76
13286.1337890625 77
13312.732421875 108
13319.009765625 164
13322.5087890625 211
13324.98046875 225
13357.7021484375 376
13377.4658203125 437
13385.83203125 510
13397.072265625 646
13406.5791015625 671
13407.365234375 738
13410.6025390625 770
13432.095703125 1434
13448.7236328125 1610
13460.767578125 1662
13471.5029296875 1709
13474.4482421875 1998
13474.453125 2166
13475.70703125 2220
13480.732421875 2238
13495.626953125 2255
13495.6875 2345
13502.001953125 2510
13514.3681640625 2581
13519.3759765625 2607
13532.345703125 2807
13533.3125 1015
13537.51171875 1984
13549.69921875 1258
13549.765625 2555
13568.2978515625 1147
13580.1640625 865
13580.1640625 939
13608.40234375 1497
13621.42578125 2630
13623.751953125 2752
13625.798828125 457
13635.599609375 309
13635.599609375 316
13662.31640625 483
13675.234375 484
13675.841796875 633
13676.640625 1026
13681.982421875 1036
13697.765625 1176
13698.5380859375 1423
13714.08984375 1485
13730.7890625 1590
13737.408203125 1702
13739.619140625 1759
13755.9453125 1818
13763.9111328125 1958
13770.060546875 1963
13776.5625 1977
13789.427734375 2053
13811.0751953125 2056
13816.20703125 2125
13828.9296875 2304
13833.6591796875 2356
13846.103515625 2477
13846.42578125 2533
13848.232421875 2732
13849.8046875 2948
13858.5966796875 1601
13863.041015625 2256
13878.4580078125 2104
13889.37890625 284
13903.9912109375 182
13914.67578125 916
13920.3779296875 1667
13920.7666015625 1852
13927.3369140625 727
13932.818359375 2036
13939.533203125 2772
13958.4951171875 130
13985.51171875 219
13997.3857421875 394
14006.01171875 405
14031.078125 634
14038.5830078125 856
14041.3701171875 983
14054.326171875 1117
14054.72265625 1386
14070.1884765625 1791
14089.12890625 1991
14097.0859375 2060
14107.705078125 2215
14109.5458984375 2314
14114.8955078125 2440
14117.5546875 2467
14132.0126953125 2618
14137.3779296875 2648
14146.9306640625 2694
14149.654296875 1772
14152.0439453125 818
14160.61328125 2907
14161.9248046875 660
14172.333984375 1168
14174.2783203125 1145
14194.2939453125 1476
14198.2255859375 1618
14225.0478515625 655
14225.234375 1592
14244.4423828125 2120
14261.458984375 2557
14275.126953125 112
14282.349609375 350
14297.69140625 356
14304.87109375 448
14306.7744140625 1500
14313.8056640625 1526
14336.4296875 1587
14355.365234375 1881
14372.330078125 1943
14387.28515625 1962
14392.82421875 1995
14401.6201171875 2075
14412.373046875 2118
14430.8583984375 2309
14468.8076171875 2418
14475.6142578125 2516
14478.751953125 2588
14487.65234375 2605
14490.5947265625 2623
14506.6787109375 2937
14534.0546875 1005
14536.8583984375 110
14541.564453125 2360
14542.248046875 121
14568.0146484375 1046
14580.0859375 298
14585.685546875 372
14593.0439453125 492
14605.818359375 752
14613.2900390625 838
14631.13671875 903
14641.83984375 1034
14643.740234375 1128
14649.8134765625 1187
14669.1650390625 1437
14675.2216796875 1488
14676.9111328125 1534
14678.958984375 1657
14714.4677734375 1678
14715.6767578125 1824
14716.697265625 1826
14728.595703125 1941
14738.1044921875 1997
14766.357421875 2318
14775.900390625 2327
14780.556640625 2362
14789.63671875 2404
14804.474609375 2453
14809.9638671875 2458
14815.6630859375 2496
14832.255859375 2696
14841.6728515625 2722
14843.75390625 2796
14854.18359375 2584
14856.275390625 2872
14865.30859375 2589
14869.05078125 2135
14877.6865234375 1802
14906.66015625 1853
14910.0908203125 1892
14921.1123046875 1580
14930.7587890625 25
14939.345703125 72
14943.5810546875 343
14961.6845703125 710
14963.072265625 755
14977.9931640625 885
14989.4404296875 1683
14996.5380859375 1776
15010.1650390625 1972
15014.19140625 2047
15019.58984375 2138
15022.99609375 2185
15030.923828125 2344
15042.1611328125 2545
15052.8720703125 2573
15054.390625 2855
15068.423828125 2159
15077.8046875 1067
15082.64453125 371
15097.5078125 243
15117.33203125 1301
15132.09375 311
15132.490234375 426
15143.8818359375 648
15158.630859375 720
15162.6689453125 792
15168.318359375 940
15233.1123046875 1006
15239.7236328125 1032
15295.296875 1160
15310.033203125 1189
15314.375 2183
15321.78125 2190
15323.775390625 2301
15356.4951171875 1459
15361.232421875 1649
15369.4150390625 353
15394.734375 2706
15396.8701171875 1511
15399.0302734375 1778
15404.7900390625 329
15407.9140625 731
15414.75390625 1400
15415.75 2070
15418.576171875 1480
15437.66015625 1714
15445.1650390625 249
15455.482421875 94
15465.505859375 2823
15469.4423828125 471
15507.1865234375 473
15514.74609375 747
15515.8125 915
15532.923828125 921
15536.115234375 993
15547.685546875 1072
15563.755859375 1415
15567.021484375 1541
15581.439453125 1746
15585.021484375 1949
15590.9658203125 2079
15599.83203125 2219
15605.6708984375 2258
15607.2275390625 2413
15615.8291015625 2628
15621.919921875 2828
15623.744140625 2903
15628.662109375 2996
15642.75390625 204
15661.8994140625 1247
15664.517578125 1410
15680.3671875 1888
15732.9521484375 1214
15765.412109375 1658
15768.357421875 2587
15791.248046875 380
15799.5166015625 688
15800.294921875 1761
15803.3642578125 66
15829.37109375 127
15840.1005859375 179
15856.4921875 855
15864.83984375 1198
15869.525390625 1250
15874.568359375 1507
15880.3134765625 1558
15880.8203125 2007
15900.455078125 2092
15926.72265625 2231
15947.73828125 2384
15950.091796875 2457
15974.7705078125 2544
15984.251953125 2717
15996.3564453125 2774
16011.533203125 2794
16044.8974609375 2909
16066.8134765625 972
16068.2138671875 1138
16068.291015625 1442
16082.88671875 1137
16102.673828125 102
16105.009765625 667
16108.58203125 1935
16112.67578125 2352
16134.388671875 2887
16139.87890625 427
16165.958984375 1533
16166.90234375 170
16202.369140625 262
16223.189453125 306
16242.0859375 596
16249.35546875 805
16271.2861328125 849
16288.6806640625 850
16300.7109375 965
16326.943359375 976
16333.46484375 1058
16336.6376953125 1403
16364.1669921875 1645
16410.841796875 1999
16421.642578125 2292
16425.857421875 2392
16425.857421875 2403
16432.400390625 2497
16432.455078125 2524
16469.080078125 2601
16482.265625 2652
16512.314453125 2657
16589.4140625 2761
16600.21875 2839
16602.5234375 2939
16612.673828125 2984
16636.849609375 1027
16643.34765625 622
16650.3515625 417
16651.087890625 450
16654.833984375 690
16693.5 969
16698.044921875 982
16728.1328125 1040
16740.943359375 1078
16773.6171875 1083
16783.5546875 1382
16808.876953125 1391
16818.142578125 1486
16818.466796875 1503
16861.90234375 1547
16898.708984375 1561
16899.7890625 1965
16914.66015625 2026
16920.876953125 2066
16931.498046875 2182
16959.40625 2245
16984.7578125 2460
16993.78125 2466
17031.365234375 2540
17040.474609375 2593
17047.201171875 2632
17097.533203125 2753
17128.912109375 2759
17132.828125 2793
17137.443359375 2925
17153.892578125 2152
17156.583984375 762
17172.74609375 2757
17250.306640625 37
17265.79296875 1624
17268.970703125 1271
17349.509765625 2370
17392.740234375 2895
17398.119140625 2411
17400.611328125 67
17415.23828125 150
17428.439453125 171
17432.888671875 195
17446.24609375 363
17465.94140625 522
17467.22265625 657
17476.091796875 701
17531.88671875 760
17593.30859375 811
17627.087890625 874
17676.025390625 875
17681.4375 1002
17716.66796875 1007
17761.31640625 1023
17779.98828125 1356
17784.552734375 1378
17807.232421875 1489
17813.52734375 1629
17825.5234375 2721
17949.88671875 2032
17951.23828125 2259
17964.748046875 771
17996.49609375 1543
18011.568359375 2241
18038.498046875 1964
18050.345703125 1625
18054.712890625 2693
18116.916015625 222
18126.337890625 258
18136.2109375 281
18173.9609375 506
18203.25 582
18245.341796875 724
18274.28515625 879
18304.00390625 1003
18305.791015625 1171
18309.376953125 1182
18314.8125 1588
18395.91015625 1685
18414.337890625 1758
18438.4609375 2300
18723.875 2310
18725.298828125 2705
18727.3828125 2845
18749.5390625 2916
18773.646484375 1811
18831.7734375 2701
18961.78515625 421
19042.025390625 1440
19135.447265625 2337
19204.94921875 2531
19231.650390625 18
19241.40234375 29
19358.826171875 31
19397.603515625 104
19515.98828125 274
19517.955078125 321
19530.0234375 370
19573.3203125 375
19584.298828125 562
19632.35546875 914
19695.19140625 944
19750.890625 1672
19756.18359375 1684
19861.796875 1825
19882.234375 1846
19982.1328125 1960
20088.794921875 1976
20096.716796875 2006
20239.453125 2319
20291.66796875 2405
20441.943359375 2550
20489.14453125 2606
20842.724609375 2768
20850.2421875 1081
20865.76171875 1780
20945.84375 16
21105.74609375 28
21118.6796875 125
21119.29296875 212
21153.53125 265
21188.23828125 295
21203.583984375 360
21303.765625 364
21350.109375 937
21357.654296875 1077
21470.728515625 1101
21727.853515625 1241
21797.072265625 1243
21891.85546875 1307
21977.6796875 1343
21988.513671875 1404
22177.388671875 1418
22247.091796875 1585
22357.412109375 1719
22739.912109375 1822
22947.6484375 2009
24010.861328125 2164
24049.271484375 2214
25239.662109375 2250
26280.982421875 2263
26717.841796875 2342
27211.263671875 2359
31868.330078125 2547
