1842.6072998046875 160
2229.446533203125 1
2605.435302734375 425
2688.701904296875 446
2711.0078125 800
2876.1728515625 918
3225.41162109375 953
3237.9912109375 985
3289.468017578125 986
3317.45654296875 1008
3352.48828125 1043
3393.8515625 1270
3398.6943359375 1317
3399.142822265625 1435
3407.0146484375 1548
3444.740234375 1606
3451.589111328125 1661
3609.46875 1712
3615.620361328125 2010
3791.025146484375 2088
3962.48681640625 2365
4163.77001953125 2410
4185.017578125 2414
4260.28466796875 2482
4305.43408203125 2560
4499.97802734375 2781
4688.51171875 2820
4814.46337890625 997
5008.138671875 1446
5010.8828125 87
5162.1259765625 251
5207.98388671875 527
5207.98388671875 529
5259.32275390625 625
5284.2685546875 641
5380.56689453125 693
5424.9345703125 873
5481.62109375 881
5500.10986328125 928
5539.12451171875 1133
5615.3388671875 1283
5633.044921875 1318
5646.41552734375 1346
5654.8564453125 1417
5715.8642578125 1720
5719.17333984375 1987
5798.03076171875 2226
5874.49609375 2296
5905.826171875 2515
5927.048828125 2572
5957.4794921875 2669
5988.0947265625 2728
6001.1025390625 2734
6126.44189453125 2746
6132.412109375 2852
6205.03173828125 2866
6262.0673828125 2915
6263.5673828125 2949
6277.7763671875 377
6287.9404296875 2281
6371.0205078125 1781
6376.134765625 81
6384.5 229
6412.025390625 440
6430.29736328125 548
6577.7841796875 611
6587.119140625 826
6620.052734375 834
6634.537109375 848
6753.8837890625 871
6760.97265625 893
6781.7294921875 1231
6788.12158203125 1256
6922.9833984375 1315
6925.36376953125 1458
6929.6259765625 1550
6953.1884765625 1671
6991.69189453125 1711
7065.2294921875 1815
7084.89404296875 1893
7123.876953125 2312
7188.39453125 2324
7188.39453125 2385
7245.7451171875 2447
7355.7470703125 2562
7368.7138671875 2610
7459.30859375 2622
7524.78515625 2853
7545.083984375 2924
7591.39453125 2927
7739.48583984375 2239
7776.412109375 1362
7874.6904296875 1926
7923.31201171875 2997
7996.7587890625 254
8054.11083984375 388
8078.6689453125 465
8115.32861328125 498
8250.2587890625 520
8332.5498046875 962
8339.4228515625 981
8532.12890625 1156
8554.716796875 1652
8559.943359375 2205
8569.859375 2339
8582.076171875 2417
8607.123046875 2494
8688.978515625 2687
8696.203125 1122
8749.10546875 1670
8841.408203125 264
8896.07421875 2173
8896.7265625 1646
8950.5322265625 2396
8971.283203125 49
8999.7060546875 189
9055.5556640625 261
9063.890625 263
9145.49609375 430
9175.2294921875 831
9233.109375 899
9241.77734375 1123
9278.1123046875 1169
9298.349609375 1350
9349.478515625 1405
9361.6494140625 1512
9528.19921875 1750
9646.796875 1769
9700.533203125 1908
9701.4658203125 1966
9701.630859375 1982
9838.2255859375 1993
9851.8515625 2094
9881.2099609375 2126
9953.6669921875 2141
10044.87109375 2171
10085.5810546875 2174
10145.59765625 2177
10147.4052734375 2237
10191.27734375 2367
10191.27734375 2536
10248.6357421875 2542
10261.39453125 2582
10275.552734375 2675
10282.15625 2703
10315.4052734375 1873
10334.4658203125 2107
10376.3095703125 1281
10381.5771484375 455
10409.005859375 470
10468.31640625 902
10564.365234375 926
10636.5419921875 967
10679.19140625 1104
10683.791015625 1225
10684.6318359375 1286
10725.27734375 1506
10751.4560546875 1516
10796.603515625 1599
10828.171875 1779
10829.068359375 1848
10839.181640625 1867
10841.53515625 1883
10870.9384765625 2063
10909.9306640625 2210
10944.689453125 2246
10987.21484375 2285
11008.0234375 2361
11017.7353515625 2686
11067.2724609375 2700
11085.240234375 88
11143.689453125 586
11154.9990234375 136
11198.140625 1471
11215.8447265625 226
11274.51953125 296
11283.7392578125 1197
11306.5087890625 1666
11358.8486328125 2511
11390.01171875 101
11416.994140625 215
11417.2978515625 549
11428.1767578125 550
11439.02734375 573
11462.177734375 1136
11468.37109375 1199
11471.9521484375 1530
11477.576171875 1581
11487.7490234375 1640
11507.1953125 1688
11530.408203125 1968
11537.07421875 2526
11565.3740234375 2571
11588.79296875 2983
11670.248046875 1787
11690.9033203125 602
11784.7705078125 1146
11793.623046875 253
11799.8486328125 342
11831.04296875 843
11856.7890625 1233
11889.87890625 1335
11908.177734375 1394
11908.7392578125 1737
11978.8046875 1784
11984.6708984375 1950
12028.3193359375 2025
12034.05078125 2473
12062.095703125 2518
12123.419921875 999
12144.6552734375 1056
12173.849609375 1900
12232.0947265625 1304
12246.927734375 1326
12292.2568359375 2967
12350.037109375 1329
12419.4111328125 50
12473.5078125 318
12475.623046875 389
12496.2958984375 478
12524.6982421875 491
12552.7734375 580
12583.787109375 599
12621.6328125 890
12621.9287109375 896
12654.74609375 909
12662.7294921875 919
12687.888671875 995
12714.5576171875 1273
12807.640625 1342
12813.9609375 1430
12821.56640625 1495
12827.93359375 1568
12834.953125 1583
12875.9736328125 1764
12888.0830078125 1774
12902.51171875 2065
12964.0458984375 2117
13015.294921875 2181
13031.19140625 2268
13075.4228515625 2465
13086.9208984375 2664
13102.798828125 2760
13114.1103515625 2764
13117.826171875 2938
13166.5068359375 2943
13172.03515625 1860
13206.5615234375 2880
13214.7060546875 1333
13230.7255859375 2631
13245.599609375 146
13255.572265625 1538
13256.38671875 21
13260.763671875 34
13263.7578125 200
13287.033203125 288
13291.70703125 336
13305.634765625 385
13337.3857421875 517
13368.8603515625 546
13390.478515625 609
13408.0712890625 614
13410.771484375 683
13431.7919921875 686
13448.138671875 769
13450.134765625 1097
13468.6171875 1221
13470.4384765625 1322
13474.44921875 1359
13474.4677734375 1376
13483.1953125 1686
13523.318359375 1854
13535.1953125 2513
13620.79296875 2553
13625.4765625 2650
13635.8427734375 2672
13663.736328125 2911
13697.67578125 78
13702.19921875 2713
13710.6181640625 2800
13711.7568359375 2651
13736.9267578125 2970
13757.3828125 1045
13757.3828125 1068
13790.763671875 2078
13816.671875 884
13828.9541015625 886
13830.3779296875 1028
13840.5185546875 1845
13893.8251953125 1932
13906.2236328125 2489
13959.498046875 90
13968.755859375 153
13977.2275390625 240
13988.61328125 256
14075.27734375 531
14123.7890625 644
14128.859375 706
14129.310546875 775
14147.0634765625 1163
14162.00390625 1483
14185.92578125 2114
14204.564453125 2379
14219.55078125 2424
14258.7841796875 2433
14265.490234375 2435
14301.796875 2442
14327.4951171875 2683
14377.9013671875 2811
14389.89453125 2176
14394.169921875 169
14409.474609375 2207
14425.3974609375 1144
14489.5390625 2180
14521.49609375 73
14531.3623046875 663
14555.0556640625 677
14555.552734375 756
14560.4775390625 925
14578.8564453125 927
14595.2109375 946
14609.61328125 996
14612.087890625 1141
14617.193359375 1202
14627.2744140625 1251
14660.7734375 1457
14665.306640625 1502
14688.3505859375 1591
14700.3076171875 1733
14740.638671875 1735
14753.7119140625 1919
14758.142578125 1933
14794.9296875 1955
14824.060546875 2002
14927.4814453125 2335
14930.708984375 2341
14930.708984375 2565
14944.44140625 2695
14949.298828125 2763
14985.6494140625 2840
15012.822265625 2422
15053.072265625 1020
15057.51953125 640
15080.53125 59
15087.8662109375 177
15093.138671875 191
15117.1982421875 575
15126.6796875 687
15162.6298828125 934
15163.76953125 1119
15193.736328125 1529
15194.90625 1697
15203.994140625 1810
15209.853515625 1831
15236.5107421875 2354
15255.337890625 2528
15293.716796875 2679
15318.7763671875 2712
15324.0537109375 2747
15345.052734375 2809
15357.7314453125 2821
15365.9892578125 2842
15386.1982421875 2860
15394.3759765625 2906
15420.009765625 2994
15428.607421875 186
15436.619140625 223
15442.072265625 1594
15463.619140625 410
15491.095703125 631
15508.3212890625 132
15528.521484375 2576
15561.494140625 1282
15563.7890625 488
15588.5908203125 869
15598.3515625 2059
15625.2626953125 787
15663.435546875 904
15686.2861328125 137
15689.1083984375 275
15754.7705078125 328
15798.7783203125 333
15824.44921875 392
15842.521484375 407
15923.177734375 489
15960.7958984375 680
15981.9384765625 1022
16002.0205078125 1290
16018.6015625 1358
16022.6005859375 1607
16025.78515625 1653
16038.576171875 2024
16101.3779296875 2184
16122.685546875 2221
16160.7607421875 2394
16166.7265625 2427
16200.802734375 2517
16215.791015625 2655
16221.4052734375 2704
16223.955078125 2900
16234.408203125 2946
16246.064453125 459
16284.8046875 1408
16289.44140625 1339
16302.912109375 22
16342.0654296875 45
16421.79296875 300
16461.47265625 812
16496.75390625 922
16501.46484375 947
16504.90625 975
16530.404296875 1001
16535.083984375 1095
16539.0859375 1275
16546.908203125 1664
16572.21875 1708
16585.205078125 1763
16593.126953125 1766
16611.2734375 1889
16648.234375 2077
16674.201171875 2082
16705.1796875 2131
16706.626953125 2315
16715.587890625 2317
16720.529296875 2409
16726.65625 2608
16791.603515625 2616
16805.62109375 2649
16810.37890625 2819
16818.048828125 2862
16841.984375 1164
16856.05078125 2213
16879.677734375 1050
16961.84765625 979
16968.4140625 1562
16988.935546875 1597
17004.056640625 2334
17006.166015625 587
17006.482421875 630
17011.091796875 777
17022.505859375 1012
17060.02734375 1064
17082.1875 1082
17103.30859375 1462
17120.251953125 1501
17147.548828125 1654
17150.84765625 1800
17165.833984375 2656
17203.18359375 2884
17206.21875 1416
17208.48828125 1575
17251.6328125 2889
17265.197265625 445
17296.91796875 30
17302.587890625 2484
17321.064453125 38
17323.734375 40
17324.125 76
17375.58203125 77
17377.80859375 108
17389.234375 164
17392.255859375 211
17398.625 225
17413.62109375 376
17443.45703125 437
17499.853515625 510
17514.02734375 646
17532.23046875 671
17534.62109375 738
17556.619140625 770
17576.5859375 1434
17578.296875 1610
17595.765625 1662
17602.322265625 1709
17613.177734375 1998
17628.603515625 2166
17640.146484375 2220
17643.751953125 2238
17646.33984375 2255
17658.796875 2345
17671.265625 2510
17674.1171875 2581
17683.966796875 2607
17696.5625 2807
17697.1875 1015
17705.490234375 1984
17722.25390625 1258
17724.373046875 2555
17741.166015625 1147
17752.548828125 865
17766.173828125 939
17772.29296875 1497
17778.8515625 2630
17790.52734375 2752
17819.66015625 457
17832.81640625 309
17848.421875 316
17858.08984375 483
17869.45703125 484
17875.279296875 633
17897.685546875 1026
17899.14453125 1036
17906.60546875 1176
17931.51953125 1423
17950.890625 1485
17957.400390625 1590
17962.33984375 1702
17962.990234375 1759
17964.09765625 1818
18001.72265625 1958
18006.91015625 1963
18007.6015625 1977
18009.19140625 2053
18016.57421875 2056
18036.802734375 2125
18045.880859375 2304
18059.30078125 2356
18103.359375 2477
18108.814453125 2533
18123.259765625 2732
18147.03515625 2948
18153.484375 1601
18161.51953125 2256
18162.533203125 2104
18169.21875 284
18172.78125 182
18212.8203125 916
18215.115234375 1667
18233.1484375 1852
18239.83984375 727
18243.177734375 2036
18250.833984375 2772
18276.546875 130
18280.458984375 219
18282.6953125 394
18286.3125 405
18296.35546875 634
18337.5 856
18351.7109375 983
18351.794921875 1117
18373.18359375 1386
18390.37890625 1791
18392.56640625 1991
18400.28125 2060
18460.9140625 2215
18474.1015625 2314
18482.166015625 2440
18482.423828125 2467
18482.423828125 2618
18483.412109375 2648
18494.93359375 2694
18515.771484375 1772
18528.501953125 818
18558.103515625 2907
18606.76953125 660
18624.70703125 1168
18642.056640625 1145
18647.75390625 1476
18650.751953125 1618
18669.64453125 655
18672.2734375 1592
18688.361328125 2120
18732.119140625 2557
18776.8984375 112
18809.296875 350
18825.0859375 356
18827.830078125 448
18830.6875 1500
18868.837890625 1526
18892.74609375 1587
18892.998046875 1881
18900.32421875 1943
18919.53125 1962
18925.791015625 1995
18965.40625 2075
18967.51171875 2118
18980.5390625 2309
18991.76953125 2418
19043.259765625 2516
19072.08984375 2588
19113.958984375 2605
19134.74609375 2623
19166.1640625 2937
19176.349609375 1005
19186.83984375 110
19186.955078125 2360
19200.796875 121
19211.98828125 1046
19241.59375 298
19273.712890625 372
19275.421875 492
19278.818359375 752
19309.169921875 838
19329.876953125 903
19335.232421875 1034
19338.7109375 1128
19345.34375 1187
19385.19921875 1437
19403.2421875 1488
19484.421875 1534
19484.841796875 1657
19491.453125 1678
19513.357421875 1824
19539.17578125 1826
19541.75390625 1941
19552.5390625 1997
19587.04296875 2318
19593.861328125 2327
19603.25390625 2362
19633.322265625 2404
19647.091796875 2453
19649.806640625 2458
19656.931640625 2496
19664.89453125 2696
19677.056640625 2722
19677.6484375 2796
19680.685546875 2584
19684.919921875 2872
19691.4765625 2589
19694.873046875 2135
19708.732421875 1802
19717.056640625 1853
19722.119140625 1892
19727.607421875 1580
19731.23828125 25
19737.47265625 72
19756.431640625 343
19789.484375 710
19791.73046875 755
19801.94140625 885
19884.263671875 1683
19888.037109375 1776
19906.986328125 1972
19953.939453125 2047
19955.44921875 2138
19975.896484375 2185
20003.787109375 2344
20005.94921875 2545
20015.5859375 2573
20017.833984375 2855
20065.24609375 2159
20097.125 1067
20102.76171875 371
20116.37890625 243
20133.12109375 1301
20144.85546875 311
20145.3203125 426
20166.45703125 648
20167.38671875 720
20170.154296875 792
20179.54296875 940
20181.14453125 1006
20220.61328125 1032
20255.171875 1160
20292.634765625 1189
20312.20703125 2183
20318.8046875 2190
20325.029296875 2301
20345.865234375 1459
20370.70703125 1649
20409.365234375 353
20494.76953125 2706
20508.04296875 1511
20509.91796875 1778
20526.826171875 329
20559.955078125 731
20606.5390625 1400
20625.669921875 2070
20626.40625 1480
20652.580078125 1714
20662.962890625 249
20678.8515625 94
20688.9609375 2823
20693.42578125 471
20777.345703125 473
20778.7578125 747
20783.97265625 915
20813.732421875 921
20814.513671875 993
20822.474609375 1072
20826.5703125 1415
20829.802734375 1541
20830.59375 1746
20836.62109375 1949
20845.12890625 2079
20851.58984375 2219
20867.916015625 2258
20881.703125 2413
20887.177734375 2628
20890.021484375 2828
20890.8828125 2903
20905.125 2996
20908.2109375 204
20911.6328125 1247
20929.73828125 1410
20965.9140625 1888
20966.529296875 1214
21021.171875 1658
21070.51171875 2587
21092.708984375 380
21098.70703125 688
21128.001953125 1761
21146.17578125 66
21147.890625 127
21166.220703125 179
21220.8125 855
21275.482421875 1198
21302.716796875 1250
21331.447265625 1507
21338.185546875 1558
21375.298828125 2007
21375.9140625 2092
21384.97265625 2231
21399.974609375 2384
21407.81640625 2457
21469.72265625 2544
21484.708984375 2717
21517.52734375 2774
21535.30859375 2794
21552.357421875 2909
21562.501953125 972
21571.28125 1138
21578.88671875 1442
21579.3828125 1137
21591.111328125 102
21599.99609375 667
21611.46875 1935
21616.69140625 2352
21623.9921875 2887
21639.93359375 427
21641.4296875 1533
21672.123046875 170
21672.123046875 262
21682.884765625 306
21690.66015625 596
21695.61328125 805
21700.787109375 849
21734.517578125 850
21735.58984375 965
21738.71484375 976
21763.3203125 1058
21764.119140625 1403
21766.49609375 1645
21769.10546875 1999
21776.490234375 2292
21798.634765625 2392
21809.150390625 2403
21859.95703125 2497
21870.458984375 2524
21881.00390625 2601
21935.865234375 2652
21981.669921875 2657
21986.525390625 2761
22006.587890625 2839
22007.091796875 2939
22013.724609375 2984
22027.0234375 1027
22065.416015625 622
22080.201171875 417
22127.87890625 450
22129.466796875 690
22152.400390625 969
22160.51953125 982
22295.720703125 1040
22304.150390625 1078
22356.267578125 1083
22362.84375 1382
22376.869140625 1391
22405.548828125 1486
22469.033203125 1503
22481.27734375 1547
22511.291015625 1561
22533.873046875 1965
22556.40625 2026
22605.3203125 2066
22605.662109375 2182
22606.01171875 2245
22612.08203125 2460
22618.09765625 2466
22642.126953125 2540
22662.453125 2593
22808.505859375 2632
22832.2109375 2753
22845.78515625 2759
22866.39453125 2793
22874.77734375 2925
22875.99609375 2152
22906.892578125 762
22927.41796875 2757
22940.0390625 37
22946.54296875 1624
22967.3984375 1271
23007.744140625 2370
23065.37890625 2895
23081.60546875 2411
23088.56640625 67
23139.265625 150
23148.92578125 171
23198.98046875 195
23203.62109375 363
23372.96484375 522
23376.5078125 657
23410.447265625 701
23499.34765625 760
23505.978515625 811
23510.62109375 874
23529.224609375 875
23540.10546875 1002
23639.578125 1007
23690.84375 1023
23692.8125 1356
23727.759765625 1378
23733.689453125 1489
23735.994140625 1629
23749.490234375 2721
23781.203125 2032
23871.36328125 2259
23955.884765625 771
24080.720703125 1543
24086.94140625 2241
24103.271484375 1964
24117.5703125 1625
24184.826171875 2693
24206.6171875 222
24316.357421875 258
24391.59375 281
24416.63671875 506
24449.6484375 582
24475.96484375 724
24497.017578125 879
24572.107421875 1003
24579.095703125 1171
24599.107421875 1182
24605.576171875 1588
24704.939453125 1685
24906.796875 1758
24947.48046875 2300
24957.92578125 2310
24968.84375 2705
25042.7734375 2845
25064.6953125 2916
25064.859375 1811
25229.9921875 2701
25352.80078125 421
25375.431640625 1440
25375.779296875 2337
25387.255859375 2531
25418.37109375 18
25465.849609375 29
25526.130859375 31
25567.587890625 104
25600.736328125 274
25616.251953125 321
25886.296875 370
25897.07421875 375
25911.0 562
25949.80859375 914
25971.697265625 944
25994.166015625 1672
26000.37890625 1684
26161.978515625 1825
26229.53125 1846
26231.16015625 1960
26247.826171875 1976
26278.560546875 2006
26315.078125 2319
26333.216796875 2405
26415.541015625 2550
26642.041015625 2606
26716.92578125 2768
26744.48828125 1081
26805.0546875 1780
26853.333984375 16
27036.953125 28
27100.138671875 125
27172.90625 212
27230.765625 265
27470.130859375 295
27508.845703125 360
27553.8828125 364
27628.048828125 937
27729.634765625 1077
28052.193359375 1101
28695.1953125 1241
28925.90234375 1243
29049.54296875 1307
29411.892578125 1343
29835.484375 1404
29945.61328125 1418
30168.880859375 1585
30260.5 1719
31396.1875 1822
31566.994140625 2009
31594.4140625 2164
32297.06640625 2214
32355.4375 2250
33432.0078125 2263
33633.875 2342
34073.46875 2359
34241.75390625 2547
