4528.89404296875 1147
5026.396484375 865
5061.12158203125 939
5182.38427734375 1497
5236.41552734375 2630
5351.7626953125 2752
5383.76318359375 457
5389.12890625 309
5407.79345703125 316
5441.8515625 483
5512.27294921875 484
5530.18798828125 633
5558.90380859375 1026
5627.1044921875 1036
5703.578125 1176
5704.06884765625 1423
5818.14990234375 1485
5822.640625 1590
5940.06103515625 1702
6011.1611328125 1759
6027.611328125 1818
6032.9677734375 1958
6054.36865234375 1963
6056.82470703125 1977
6098.5419921875 2053
6310.9326171875 2056
6327.150390625 2125
6335.7919921875 2304
6374.11962890625 2356
6407.076171875 2477
6498.29931640625 2533
6559.39306640625 2732
6588.23046875 2948
6688.53466796875 1601
6689.56298828125 2256
6723.92041015625 2104
6734.44921875 284
6747.96728515625 1446
6748.9140625 87
6784.369140625 251
6928.025390625 527
6958.14453125 529
6978.169921875 625
7053.32958984375 641
7069.06591796875 693
7147.01318359375 873
7185.3134765625 881
7201.33203125 928
7250.3896484375 1133
7469.2421875 1283
7481.39404296875 1318
7493.5078125 1346
7516.103515625 1417
7571.74462890625 1720
7608.822265625 1987
7612.5615234375 2226
7629.1787109375 2296
7633.314453125 2515
7658.8564453125 2572
7666.66357421875 2669
7716.3515625 2728
7761.498046875 2734
7762.5908203125 2746
7820.31591796875 2852
7913.67236328125 2866
7982.53076171875 2915
8024.8515625 2949
8089.6328125 377
8091.37060546875 2281
8102.01171875 160
8110.9013671875 1
8164.0048828125 425
8182.8134765625 446
8203.8916015625 800
8217.2587890625 918
8263.1552734375 953
8286.6484375 985
8379.380859375 986
8389.7392578125 1008
8401.7578125 1043
8433.5048828125 1270
8442.2646484375 1317
8473.224609375 1435
8507.24609375 1548
8541.046875 1606
8590.6845703125 1661
8608.751953125 1712
8637.6865234375 2010
8651.169921875 2088
8656.6591796875 2365
8672.3291015625 2410
8682.4921875 2414
8683.2861328125 2482
8693.072265625 2560
8700.806640625 2781
8798.322265625 2820
8804.48046875 997
8806.9716796875 1781
8819.6875 81
8852.6044921875 229
8860.150390625 440
8861.4912109375 548
8868.2724609375 611
8874.931640625 826
8908.0068359375 834
8953.3974609375 848
8964.9677734375 871
8965.765625 893
8968.4716796875 1231
8978.2568359375 1256
8981.24609375 1315
8989.1572265625 1458
8996.171875 1550
9005.150390625 1671
9016.4013671875 1711
9063.537109375 1815
9111.5810546875 1893
9137.6015625 2312
9143.935546875 2324
9153.9677734375 2385
9193.83203125 2447
9204.84375 2562
9227.3466796875 2610
9231.466796875 2622
9235.4951171875 2853
9311.626953125 2924
9337.767578125 2927
9344.2333984375 2239
9352.3095703125 1362
9352.9873046875 1926
9357.904296875 2997
9370.958984375 254
9378.552734375 388
9401.548828125 465
9415.5390625 498
9419.0126953125 520
9439.576171875 962
9491.7998046875 981
9504.912109375 1156
9510.5595703125 1652
9516.572265625 2205
9520.046875 2339
9522.7099609375 2417
9523.931640625 2494
9524.0419921875 2687
9549.8857421875 1122
9550.955078125 1670
9553.048828125 264
9553.048828125 2173
9558.1298828125 1646
9683.7197265625 2396
9735.728515625 49
9744.95703125 189
9776.466796875 261
9808.431640625 263
9816.47265625 430
9819.900390625 831
9822.798828125 899
9828.50390625 1123
9831.169921875 1169
9836.2734375 1350
9862.9462890625 1405
9869.5654296875 1512
9870.794921875 1750
9888.0986328125 1769
9896.384765625 1908
9946.041015625 1966
9969.8955078125 1982
9993.1318359375 1993
10018.837890625 2094
10059.931640625 2126
10060.1171875 2141
10071.5166015625 2171
10077.71875 2174
10101.9267578125 2177
10133.5791015625 2237
10141.1591796875 2367
10144.533203125 2536
10149.740234375 2542
10165.654296875 2582
10195.435546875 2675
10196.01953125 2703
10196.7548828125 1873
10197.5244140625 2107
10203.599609375 1281
10207.7314453125 455
10209.8916015625 470
10222.005859375 902
10241.3642578125 926
10276.6240234375 967
10283.9453125 1104
10294.271484375 1225
10321.794921875 1286
10349.5390625 1506
10351.888671875 1516
10370.6181640625 1599
10372.935546875 1779
10378.677734375 1848
10382.5712890625 1867
10397.84375 1883
10417.96484375 2063
10424.8759765625 2210
10426.7177734375 2246
10436.9970703125 2285
10439.7119140625 2361
10441.1591796875 2686
10456.6611328125 2700
10463.4150390625 88
10469.396484375 586
10477.87890625 136
10543.8818359375 1471
10576.0400390625 226
10586.931640625 296
10590.8125 1197
10610.76953125 1666
10614.9462890625 2511
10615.6337890625 101
10628.509765625 215
10662.7802734375 549
10676.62109375 550
10680.63671875 573
10681.716796875 1136
10708.18359375 1199
10772.88671875 1530
10791.73828125 1581
10792.4853515625 1640
10797.9384765625 1688
10840.0400390625 1968
10846.1279296875 2526
10852.955078125 2571
10857.783203125 2983
10866.4580078125 1787
10874.4873046875 602
10888.1611328125 1146
10912.138671875 253
10925.5478515625 342
10937.4482421875 843
10938.455078125 1233
10950.07421875 1335
10976.6865234375 1394
10990.1826171875 1737
11003.2265625 1784
11010.505859375 1950
11010.564453125 2025
11020.8017578125 2473
11022.080078125 2518
11027.4873046875 999
11039.4755859375 1056
11043.23046875 1900
11044.599609375 1304
11049.3701171875 1326
11057.138671875 2967
11070.494140625 1329
11086.814453125 50
11102.1640625 318
11125.181640625 389
11131.2724609375 478
11158.095703125 491
11162.126953125 580
11166.0 599
11166.1943359375 890
11200.28515625 896
11225.2451171875 909
11234.3076171875 919
11237.1005859375 995
11246.1416015625 1273
11259.95703125 1342
11314.2060546875 1430
11337.44140625 1495
11338.09765625 1568
11362.314453125 1583
11378.4072265625 1764
11381.337890625 1774
11393.0419921875 2065
11395.890625 2117
11395.890625 2181
11406.126953125 2268
11415.44921875 2465
11418.61328125 2664
11431.7373046875 2760
11431.8408203125 2764
11433.720703125 2938
11459.693359375 2943
11463.037109375 1860
11473.970703125 2880
11499.0087890625 1333
11500.5556640625 2631
11509.677734375 146
11513.42578125 1538
11528.1904296875 21
11536.927734375 34
11556.65625 200
11556.9365234375 288
11557.8310546875 336
11574.6162109375 385
11577.705078125 517
11598.9365234375 546
11600.998046875 609
11615.3427734375 614
11624.2119140625 683
11628.595703125 686
11650.2275390625 769
11655.84765625 1097
11660.291015625 1221
11660.466796875 1322
11672.5810546875 1359
11673.294921875 1376
11674.861328125 1686
11692.67578125 1854
11705.5517578125 2513
11721.7763671875 2553
11722.31640625 2650
11726.798828125 2672
11734.734375 2911
11753.1669921875 78
11800.390625 2713
11801.4375 2800
11804.421875 2651
11817.77734375 2970
11829.8759765625 1045
11841.0244140625 1068
11843.3642578125 2078
11843.66015625 884
11843.736328125 886
11849.310546875 1028
11865.6796875 1845
11869.59375 1932
11880.783203125 2489
11908.6220703125 90
11910.2880859375 153
11911.7001953125 240
11922.1181640625 256
11967.251953125 531
11978.87109375 644
11995.140625 706
12017.12109375 775
12021.681640625 1163
12074.541015625 1483
12083.5234375 2114
12084.28515625 2379
12141.2216796875 2424
12156.5556640625 2433
12176.3271484375 2435
12197.3466796875 2442
12197.4013671875 2683
12211.5869140625 2811
12215.16015625 2176
12220.3583984375 169
12246.814453125 2207
12265.43359375 1144
12269.15234375 2180
12278.0146484375 73
12279.5205078125 663
12287.6796875 677
12297.474609375 756
12299.8349609375 925
12306.923828125 927
12318.9697265625 946
12327.5673828125 996
12383.2275390625 1141
12398.947265625 1202
12420.93359375 1251
12463.8349609375 1457
12478.193359375 1502
12491.392578125 1591
12498.1611328125 1733
12512.248046875 1735
12516.986328125 1919
12517.8583984375 1933
12525.98828125 1955
12545.0224609375 2002
12563.1044921875 2335
12575.0 2341
12581.7705078125 2565
12614.8740234375 2695
12628.412109375 2763
12631.9404296875 2840
12649.1015625 2422
12654.833984375 1020
12671.7294921875 640
12683.8544921875 59
12713.4921875 177
12772.6962890625 191
12799.3154296875 575
12824.9345703125 687
12825.5556640625 934
12832.1767578125 1119
12843.1533203125 1529
12848.966796875 1697
12851.7919921875 1810
12886.7099609375 1831
12891.083984375 2354
12903.9267578125 2528
12931.140625 2679
12932.3759765625 2712
12954.306640625 2747
12957.53515625 2809
12971.873046875 2821
12981.0712890625 2842
12995.8154296875 2860
13025.578125 2906
13026.529296875 2994
13040.896484375 186
13042.046875 223
13049.40234375 1594
13051.1484375 410
13053.298828125 631
13071.330078125 132
13080.4140625 2576
13116.630859375 1282
13130.3330078125 488
13135.443359375 869
13151.1171875 2059
13160.9853515625 787
13171.6328125 904
13172.3115234375 137
13176.32421875 275
13178.626953125 328
13187.203125 333
13191.314453125 392
13195.17578125 407
13196.267578125 489
13204.46484375 680
13214.7099609375 1022
13225.8232421875 1290
13237.123046875 1358
13250.01953125 1607
13274.439453125 1653
13276.5263671875 2024
13297.4140625 2184
13298.3427734375 2221
13304.275390625 2394
13317.751953125 2427
13318.16796875 2517
13322.5078125 2655
13327.5751953125 2704
13327.748046875 2900
13329.3720703125 2946
13337.9453125 459
13353.966796875 1408
13357.939453125 1339
13370.873046875 22
13373.5224609375 45
13380.44921875 300
13385.7470703125 812
13411.0234375 922
13439.302734375 947
13471.2822265625 975
13472.552734375 1001
13487.8544921875 1095
13488.8818359375 1275
13493.408203125 1664
13516.1572265625 1708
13527.71875 1763
13543.8173828125 1766
13550.0810546875 1889
13554.0087890625 2077
13562.31640625 2082
13573.470703125 2131
13581.412109375 2315
13598.32421875 2317
13601.3251953125 2409
13622.86328125 2608
13642.5478515625 2616
13647.19140625 2649
13688.2626953125 2819
13688.302734375 2862
13709.9248046875 1164
13728.98828125 2213
13737.8173828125 1050
13744.73046875 979
13748.4130859375 1562
13753.240234375 1597
13756.287109375 2334
13761.4921875 587
13768.51953125 630
13776.5185546875 777
13783.1787109375 1012
13785.931640625 1064
13814.4208984375 1082
13816.080078125 1462
13816.080078125 1501
13841.9951171875 1654
13844.9619140625 1800
13851.5615234375 2656
13856.6748046875 2884
13860.2197265625 1416
13865.279296875 1575
13874.068359375 2889
13882.6923828125 445
13911.177734375 30
13914.82421875 2484
13924.7373046875 38
13950.025390625 40
13973.416015625 76
13981.1298828125 77
13983.482421875 108
13990.9423828125 164
14014.6064453125 211
14032.9619140625 225
14059.564453125 376
14082.9638671875 437
14083.9833984375 510
14084.65234375 646
14089.7333984375 671
14090.2431640625 738
14091.833984375 770
14099.0302734375 1434
14099.134765625 1610
14102.1953125 1662
14114.951171875 1709
14139.041015625 1998
14161.5908203125 2166
14172.2861328125 2220
14174.1171875 2238
14187.6318359375 2255
14189.5732421875 2345
14210.330078125 2510
14212.8076171875 2581
14221.3125 2607
14242.765625 2807
14247.474609375 1015
14259.1708984375 1984
14283.48046875 1258
14297.384765625 2555
14321.22265625 182
14342.537109375 916
14345.2861328125 1667
14356.765625 1852
14357.9208984375 727
14401.798828125 2036
14405.3505859375 2772
14411.2783203125 130
14413.36328125 219
14433.8974609375 394
14455.0380859375 405
14462.9658203125 634
14466.865234375 856
14469.404296875 983
14471.509765625 1117
14559.611328125 1386
14572.7158203125 1791
14583.01953125 1991
14592.1142578125 2060
14593.2294921875 2215
14599.9130859375 2314
14600.4892578125 2440
14615.345703125 2467
14619.294921875 2618
14621.9013671875 2648
14624.068359375 2694
14659.06640625 1772
14669.5029296875 818
14687.037109375 2907
14698.1279296875 660
14701.109375 1168
14715.6640625 1145
14728.0234375 1476
14728.0234375 1618
14731.4130859375 655
14741.36328125 1592
14750.509765625 2120
14766.8203125 2557
14782.2724609375 112
14834.560546875 350
14848.8017578125 356
14849.2373046875 448
14850.9501953125 1500
14866.5869140625 1526
14880.587890625 1587
14882.6953125 1881
14884.244140625 1943
14892.6640625 1962
14901.4267578125 1995
14926.96484375 2075
14940.25390625 2118
14960.623046875 2309
14962.306640625 2418
14965.4052734375 2516
14992.734375 2588
14994.494140625 2605
14998.091796875 2623
14998.091796875 2937
15002.01953125 1005
15011.251953125 110
15023.1708984375 2360
15043.3720703125 121
15052.806640625 1046
15084.775390625 298
15099.115234375 372
15105.8134765625 492
15120.6337890625 752
15230.7041015625 838
15233.025390625 903
15261.576171875 1034
15311.193359375 1128
15349.693359375 1187
15352.96875 1437
15356.5009765625 1488
15358.0 1534
15372.60546875 1657
15391.42578125 1678
15427.46875 1824
15430.283203125 1826
15436.16796875 1941
15454.4482421875 1997
15457.3056640625 2318
15461.4228515625 2327
15489.1083984375 2362
15496.0 2404
15528.9033203125 2453
15529.501953125 2458
15532.8154296875 2496
15563.7080078125 2696
15571.70703125 2722
15589.552734375 2796
15626.41015625 2584
15635.2490234375 2872
15635.8056640625 2589
15636.623046875 2135
15639.287109375 1802
15660.8408203125 1853
15669.7998046875 1892
15669.8603515625 1580
15680.7666015625 25
15687.6650390625 72
15692.994140625 343
15695.828125 710
15741.919921875 755
15743.83984375 885
15748.0869140625 1683
15767.052734375 1776
15780.83203125 1972
15788.072265625 2047
15806.6572265625 2138
15808.2333984375 2185
15811.8505859375 2344
15812.27734375 2545
15819.1630859375 2573
15826.0419921875 2855
15849.25390625 2159
15890.73828125 1067
15898.3212890625 371
15947.45703125 243
15955.0732421875 1301
15964.8359375 311
15964.9169921875 426
15966.869140625 648
15976.1875 720
15980.404296875 792
16025.685546875 940
16051.306640625 1006
16060.720703125 1032
16071.9013671875 1160
16073.9873046875 1189
16094.8984375 2183
16131.7392578125 2190
16142.791015625 2301
16142.888671875 1459
16146.955078125 1649
16152.1767578125 353
16156.2275390625 2706
16162.521484375 1511
16185.80078125 1778
16209.4541015625 329
16249.7880859375 731
16303.0068359375 1400
16319.25 2070
16346.314453125 1480
16353.115234375 1714
16365.013671875 249
16400.078125 94
16404.54296875 2823
16435.03515625 471
16444.109375 473
16446.234375 747
16458.67578125 915
16459.083984375 921
16469.66015625 993
16514.080078125 1072
16520.611328125 1415
16591.919921875 1541
16602.0703125 1746
16614.634765625 1949
16643.0 2079
16645.83984375 2219
16645.83984375 2258
16658.552734375 2413
16668.37890625 2628
16676.73828125 2828
16683.107421875 2903
16703.34765625 2996
16743.1875 204
16764.31640625 1247
16771.576171875 1410
16794.869140625 1888
16811.875 1214
16822.951171875 1658
16830.052734375 2587
16849.361328125 380
16852.802734375 688
16871.529296875 1761
16873.501953125 66
16885.359375 127
16890.490234375 179
16900.638671875 855
16974.6640625 1198
16974.8828125 1250
17011.640625 1507
17035.08984375 1558
17053.904296875 2007
17091.3515625 2092
17103.447265625 2231
17148.22265625 2384
17177.2578125 2457
17178.955078125 2544
17181.53125 2717
17243.76171875 2774
17263.75390625 2794
17301.625 2909
17316.435546875 972
17317.83984375 1138
17369.6875 1442
17388.69921875 1137
17397.115234375 102
17406.244140625 667
17416.5234375 1935
17447.376953125 2352
17468.751953125 2887
17476.64453125 427
17495.12890625 1533
17503.3203125 170
17505.458984375 262
17520.595703125 306
17549.3671875 596
17560.607421875 805
17583.796875 849
17628.46875 850
17648.4296875 965
17649.958984375 976
17661.82421875 1058
17703.541015625 1403
17709.734375 1645
17733.53515625 1999
17743.30859375 2292
17792.125 2392
17807.072265625 2403
17821.517578125 2497
17854.048828125 2524
17870.359375 2601
17880.82421875 2652
17925.443359375 2657
17986.4921875 2761
18030.01953125 2839
18030.552734375 2939
18040.80859375 2984
18060.23046875 1027
18067.52734375 622
18070.646484375 417
18146.572265625 450
18149.076171875 690
18152.119140625 969
18177.857421875 982
18178.751953125 1040
18180.18359375 1078
18245.56640625 1083
18288.01953125 1382
18296.455078125 1391
18339.11328125 1486
18354.69140625 1503
18369.662109375 1547
18415.05859375 1561
18422.6953125 1965
18423.77734375 2026
18439.791015625 2066
18493.775390625 2182
18496.66796875 2245
18534.796875 2460
18549.943359375 2466
18556.18359375 2540
18588.12109375 2593
18638.642578125 2632
18660.87890625 2753
18666.978515625 2759
18685.107421875 2793
18685.556640625 2925
18696.560546875 2152
18778.96484375 762
18779.927734375 2757
18783.46875 37
18844.642578125 1624
18886.96875 1271
18890.05859375 2370
18936.951171875 2895
18951.669921875 2411
19021.490234375 67
19087.177734375 150
19134.546875 171
19154.224609375 195
19218.2734375 363
19223.689453125 522
19236.197265625 657
19236.376953125 701
19243.68359375 760
19278.853515625 811
19288.955078125 874
19290.171875 875
19347.544921875 1002
19407.33203125 1007
19477.3203125 1023
19533.259765625 1356
19533.943359375 1378
19537.724609375 1489
19558.791015625 1629
19564.267578125 2721
19564.4453125 2032
19707.673828125 2259
19797.703125 771
19871.1171875 1543
19912.50390625 2241
19927.5546875 1964
19932.515625 1625
20065.55078125 2693
20075.173828125 222
20098.15234375 258
20131.5234375 281
20271.23828125 506
20400.07421875 582
20405.642578125 724
20430.787109375 879
20541.19140625 1003
20677.17578125 1171
20679.10546875 1182
20756.7734375 1588
20813.322265625 1685
20828.296875 1758
20902.640625 2300
20944.35546875 2310
20978.71875 2705
21045.044921875 2845
21049.0078125 2916
21067.703125 1811
21175.064453125 2701
21232.318359375 421
21291.93359375 1440
21320.857421875 2337
21367.41796875 2531
21387.208984375 18
21420.474609375 29
21526.4609375 31
21533.62890625 104
21555.376953125 274
21662.6484375 321
21852.201171875 370
21963.48828125 375
22019.990234375 562
22025.984375 914
22153.130859375 944
22175.390625 1672
22189.9453125 1684
22341.138671875 1825
22465.39453125 1846
22509.58203125 1960
22604.412109375 1976
22627.736328125 2006
22640.05859375 2319
22698.095703125 2405
22793.26953125 2550
23071.55859375 2606
23109.248046875 2768
23177.57421875 1081
23475.099609375 1780
23548.0703125 16
23554.73046875 28
23793.51953125 125
23865.4765625 212
24027.373046875 265
24086.669921875 295
24343.0859375 360
24420.478515625 364
24486.8125 937
24640.513671875 1077
24705.365234375 1101
24823.341796875 1241
25171.244140625 1243
25182.9609375 1307
25231.796875 1343
25481.19921875 1404
25564.650390625 1418
26487.681640625 1585
26952.53515625 1719
27241.724609375 1822
27241.724609375 2009
28011.54296875 2164
28667.810546875 2214
28983.080078125 2250
29693.9921875 2263
30749.45703125 2342
31462.4140625 2359
32775.77734375 2547
