7330.61279296875 182
7367.013671875 916
7887.0849609375 1667
8205.1796875 1852
8274.97265625 727
8353.314453125 2036
8371.2548828125 2772
8499.0361328125 130
8588.2998046875 219
8627.125 394
8649.654296875 405
8799.251953125 634
9015.349609375 856
9082.4609375 983
9117.4326171875 1117
9117.4326171875 1386
9150.2451171875 1791
9150.4423828125 1991
9271.0205078125 2060
9280.154296875 2215
9300.599609375 2314
9418.123046875 2440
9486.822265625 2467
9504.212890625 2618
9584.9140625 2648
9700.388671875 2694
9727.3115234375 1772
9761.064453125 818
9879.0751953125 2907
9879.8095703125 660
9895.771484375 1446
9918.53515625 87
9948.84375 251
9974.7998046875 527
10029.564453125 529
10036.0078125 625
10038.904296875 641
10123.470703125 693
10135.3466796875 873
10201.3271484375 881
10244.625 928
10310.857421875 1133
10319.2197265625 1283
10326.12890625 1318
10341.9873046875 1346
10344.2861328125 1417
10345.9404296875 1720
10366.939453125 1987
10390.56640625 2226
10454.6240234375 2296
10504.212890625 2515
10505.36328125 2572
10516.669921875 2669
10552.083984375 2728
10552.083984375 2734
10596.734375 2746
10612.955078125 2852
10644.490234375 2866
10649.625 2915
10657.40234375 2949
10789.97265625 377
10832.28515625 2281
10851.0263671875 160
10867.9833984375 1
10881.1279296875 425
10895.943359375 446
10906.982421875 800
10938.3857421875 918
11028.087890625 953
11029.853515625 985
11049.7421875 986
11074.791015625 1008
11140.515625 1043
11166.96484375 1270
11184.78515625 1317
11243.0888671875 1435
11246.01171875 1548
11268.7412109375 1606
11305.6318359375 1661
11341.4169921875 1712
11350.408203125 2010
11357.5634765625 2088
11375.3779296875 2365
11378.7158203125 2410
11392.2783203125 2414
11415.134765625 2482
11434.7373046875 2560
11436.251953125 2781
11461.1328125 2820
11482.810546875 997
11487.52734375 1781
11488.009765625 81
11547.6787109375 229
11567.2763671875 440
11572.9912109375 548
11589.49609375 611
11595.2451171875 826
11617.1376953125 834
11617.525390625 848
11631.580078125 871
11643.556640625 893
11643.833984375 1231
11655.61328125 1256
11694.787109375 1315
11701.498046875 1458
11708.5625 1550
11724.580078125 1671
11763.2001953125 1711
11772.3115234375 1815
11775.8828125 1893
11789.125 2312
11834.4423828125 2324
11843.279296875 2385
11853.666015625 2447
11879.0419921875 2562
11903.900390625 2610
11907.5498046875 2622
11967.1328125 2853
11981.3134765625 2924
11999.583984375 2927
12005.251953125 2239
12005.6318359375 1362
12007.8720703125 1926
12009.001953125 2997
12009.001953125 254
12010.4453125 388
12014.123046875 465
12033.19921875 498
12096.216796875 520
12099.810546875 962
12114.10546875 981
12115.96875 1156
12138.0068359375 1652
12148.638671875 2205
12160.2177734375 2339
12173.490234375 2417
12194.1748046875 2494
12202.955078125 2687
12235.791015625 1122
12246.3642578125 1670
12258.19921875 264
12259.251953125 2173
12270.6044921875 1646
12278.2197265625 2396
12297.1025390625 49
12300.23828125 189
12318.515625 261
12350.9921875 263
12373.4150390625 430
12378.4619140625 831
12386.892578125 899
12388.3701171875 1123
12390.9736328125 1169
12397.310546875 1350
12406.822265625 1405
12423.2666015625 1512
12468.0068359375 1750
12485.3701171875 1769
12487.9091796875 1908
12490.509765625 1966
12514.6328125 1982
12530.9140625 1993
12559.27734375 2094
12596.7138671875 2126
12613.4306640625 2141
12675.23046875 2171
12695.484375 2174
12714.23046875 2177
12742.9248046875 2237
12749.5556640625 2367
12759.01171875 2536
12782.2763671875 2542
12787.267578125 2582
12791.953125 2675
12803.2255859375 2703
12815.4296875 1873
12817.7333984375 2107
12867.046875 1281
12869.66015625 455
12871.26171875 470
12897.38671875 902
12915.884765625 926
12927.0634765625 967
12933.763671875 1104
12934.328125 1225
12965.64453125 1286
12967.572265625 1506
12974.69140625 1516
12985.53125 1599
12993.3203125 1779
13008.80859375 1848
13012.302734375 1867
13024.0712890625 1883
13033.9560546875 2063
13051.666015625 2210
13062.8828125 2246
13074.5400390625 2285
13075.146484375 2361
13094.8125 2686
13100.9013671875 2700
13109.5791015625 88
13117.12890625 586
13117.3349609375 136
13122.6396484375 1471
13136.8046875 226
13154.18359375 296
13155.6416015625 1197
13184.5205078125 1666
13186.71484375 2511
13204.126953125 101
13215.884765625 215
13254.048828125 549
13254.9345703125 550
13283.3408203125 573
13323.5625 1136
13325.232421875 1199
13327.287109375 1530
13345.68359375 1581
13349.892578125 1640
13354.4326171875 1688
13360.892578125 1968
13393.03125 2526
13397.05859375 2571
13415.4365234375 2983
13422.361328125 1787
13443.0673828125 602
13450.6572265625 1146
13470.255859375 253
13471.8232421875 342
13499.541015625 843
13516.2880859375 1233
13522.10546875 1335
13528.328125 1394
13542.26171875 1737
13552.32421875 1784
13559.7861328125 1950
13569.2197265625 2025
13569.58984375 2473
13601.6025390625 2518
13612.0458984375 999
13612.552734375 1056
13615.7822265625 1900
13651.02734375 1304
13658.568359375 1326
13664.41015625 2967
13680.5751953125 1329
13680.65625 50
13705.673828125 318
13719.7578125 389
13731.9599609375 478
13756.2080078125 491
13782.98046875 580
13784.5400390625 599
13818.6953125 890
13823.0400390625 896
13837.62890625 909
13839.8271484375 919
13845.6728515625 995
13848.578125 1273
13848.8134765625 1342
13852.736328125 1430
13878.3017578125 1495
13878.7177734375 1568
13908.5078125 1583
13927.857421875 1764
13935.626953125 1774
13945.59375 2065
13946.9833984375 2117
13985.296875 2181
13987.87890625 2268
14015.056640625 2465
14016.4609375 2664
14020.080078125 2760
14021.181640625 2764
14081.701171875 2938
14114.8798828125 2943
14142.1298828125 1860
14156.392578125 2880
14163.09765625 1333
14168.24609375 2631
14172.4609375 146
14179.11328125 1538
14192.8896484375 21
14214.2177734375 34
14215.8740234375 200
14216.0673828125 288
14224.103515625 336
14225.82421875 385
14226.3505859375 517
14228.6533203125 546
14238.751953125 609
14240.2607421875 614
14240.2607421875 683
14243.2392578125 686
14245.2001953125 769
14258.8681640625 1097
14259.62890625 1221
14260.0283203125 1322
14279.947265625 1359
14294.126953125 1376
14299.396484375 1686
14299.630859375 1854
14316.3984375 2513
14319.5283203125 2553
14323.2529296875 2650
14323.5322265625 2672
14343.162109375 2911
14364.439453125 78
14372.75 2713
14374.2939453125 2800
14377.041015625 2651
14382.7265625 2970
14384.1103515625 1045
14384.30859375 1068
14387.51953125 2078
14399.537109375 884
14401.681640625 886
14405.6572265625 1028
14414.5625 1845
14415.84765625 1932
14423.173828125 2489
14458.2880859375 90
14462.2763671875 153
14465.0791015625 240
14465.291015625 256
14474.904296875 531
14482.5625 644
14496.53515625 706
14513.517578125 775
14523.29296875 1163
14528.314453125 1483
14528.5361328125 2114
14528.787109375 2379
14538.384765625 2424
14538.443359375 2433
14543.626953125 2435
14543.6318359375 2442
14552.73046875 2683
14567.1337890625 2811
14568.15625 2176
14578.9541015625 169
14589.6279296875 2207
14594.29296875 1144
14595.7958984375 2180
14640.3125 73
14646.921875 663
14657.33203125 677
14674.591796875 756
14678.689453125 925
14681.5712890625 927
14687.9189453125 946
14693.306640625 996
14693.357421875 1141
14699.93359375 1202
14711.2685546875 1251
14720.34375 1457
14724.658203125 1502
14726.4677734375 1591
14740.1005859375 1733
14740.5556640625 1735
14743.82421875 1919
14748.1884765625 1933
14757.0244140625 1955
14764.53125 2002
14768.666015625 2335
14773.5947265625 2341
14807.8603515625 2565
14816.2783203125 2695
14830.5927734375 2763
14833.42578125 2840
14842.6767578125 2422
14846.775390625 1020
14861.814453125 640
14885.099609375 59
14886.841796875 177
14891.53515625 191
14891.9326171875 575
14894.2353515625 687
14901.7373046875 934
14901.798828125 1119
14905.5068359375 1529
14909.9287109375 1697
14916.673828125 1810
14917.1923828125 1831
14917.666015625 2354
14934.4501953125 2528
14942.029296875 2679
14953.943359375 2712
14955.138671875 2747
14975.33984375 2809
14977.7412109375 2821
14978.1533203125 2842
14980.818359375 2860
14987.6650390625 2906
15017.7900390625 2994
15023.59765625 186
15036.6513671875 223
15059.5361328125 1594
15060.462890625 410
15070.5546875 631
15076.373046875 132
15086.5185546875 2576
15086.9150390625 1282
15093.001953125 488
15116.3447265625 869
15117.859375 2059
15119.6279296875 787
15120.7373046875 904
15128.3369140625 137
15141.505859375 275
15150.119140625 328
15150.81640625 333
15153.6142578125 392
15166.19921875 407
15184.8251953125 489
15199.234375 680
15212.8818359375 1022
15214.6240234375 1290
15216.4296875 1358
15216.8037109375 1607
15227.32421875 1653
15231.1669921875 2024
15238.3359375 2184
15253.8984375 2221
15271.85546875 2394
15286.705078125 2427
15287.76171875 2517
15287.8984375 2655
15288.9736328125 2704
15307.8125 2900
15311.208984375 2946
15315.3427734375 459
15329.2724609375 1408
15371.115234375 1339
15372.04296875 22
15380.3046875 45
15393.2333984375 300
15398.21484375 812
15403.46875 922
15405.9365234375 947
15435.40234375 975
15437.38671875 1001
15442.6728515625 1095
15443.1025390625 1275
15455.1494140625 1664
15457.25 1708
15461.23046875 1763
15472.8994140625 1766
15473.794921875 1889
15479.78125 2077
15488.5654296875 2082
15493.6591796875 2131
15506.283203125 2315
15512.5224609375 2317
15526.375 2409
15527.4912109375 2608
15537.048828125 2616
15543.162109375 2649
15553.779296875 2819
15553.9775390625 2862
15559.19140625 1164
15566.1328125 2213
15566.857421875 1050
15575.98828125 979
15577.646484375 1562
15579.947265625 1597
15593.7158203125 2334
15596.15625 587
15612.3857421875 630
15619.779296875 777
15619.861328125 1012
15639.7373046875 1064
15641.951171875 1082
15648.0595703125 1462
15654.2138671875 1501
15655.2705078125 1654
15656.57421875 1800
15668.0888671875 2656
15675.0 2884
15682.751953125 1416
15683.966796875 1575
15688.1796875 2889
15701.92578125 445
15710.3701171875 30
15715.2470703125 2484
15758.4267578125 38
15765.203125 40
15778.431640625 76
15799.318359375 77
15801.279296875 108
15829.994140625 164
15841.9267578125 211
15862.3720703125 225
15869.138671875 376
15869.591796875 437
15876.771484375 510
15889.4716796875 646
15892.251953125 671
15907.763671875 738
15908.677734375 770
15915.6298828125 1434
15919.203125 1610
15944.9755859375 1662
15945.2001953125 1709
15955.5712890625 1998
15966.4931640625 2166
15966.73046875 2220
15969.0625 2238
15972.1943359375 2255
15978.625 2345
15991.0126953125 2510
16012.4833984375 2581
16013.4619140625 2607
16019.6904296875 2807
16022.1298828125 1015
16039.408203125 1984
16052.8173828125 1258
16057.263671875 2555
16064.0361328125 1147
16069.994140625 865
16082.4951171875 939
16082.87890625 1497
16085.822265625 2630
16090.3408203125 2752
16091.0869140625 457
16094.828125 309
16132.6142578125 316
16138.1962890625 483
16147.0380859375 484
16148.126953125 633
16172.1015625 1026
16194.6982421875 1036
16202.703125 1176
16216.70703125 1423
16225.775390625 1485
16239.23046875 1590
16248.0537109375 1702
16259.5126953125 1759
16264.9697265625 1818
16289.90234375 1958
16292.5302734375 1963
16307.0361328125 1977
16308.5205078125 2053
16319.1494140625 2056
16320.58203125 2125
16324.5361328125 2304
16354.345703125 2356
16370.76953125 2477
16387.001953125 2533
16399.43359375 2732
16405.58203125 2948
16406.341796875 1601
16421.044921875 2256
16423.53515625 2104
16441.37890625 284
16462.650390625 1168
16471.3984375 1145
16477.587890625 1476
16490.076171875 1618
16525.267578125 655
16525.798828125 1592
16527.875 2120
16557.421875 2557
16561.552734375 112
16575.45703125 350
16618.716796875 356
16624.130859375 448
16627.89453125 1500
16634.759765625 1526
16640.693359375 1587
16650.298828125 1881
16654.439453125 1943
16659.83203125 1962
16690.939453125 1995
16724.4375 2075
16725.14453125 2118
16748.3984375 2309
16749.638671875 2418
16752.51953125 2516
16753.544921875 2588
16753.974609375 2605
16780.42578125 2623
16787.125 2937
16793.462890625 1005
16794.724609375 110
16799.41015625 2360
16800.09375 121
16809.951171875 1046
16820.587890625 298
16821.283203125 372
16825.623046875 492
16832.421875 752
16848.169921875 838
16850.953125 903
16865.65625 1034
16870.916015625 1128
16878.521484375 1187
16880.8046875 1437
16901.287109375 1488
16918.419921875 1534
16927.1875 1657
16928.6171875 1678
16937.775390625 1824
16939.57421875 1826
16946.015625 1941
16948.703125 1997
16966.302734375 2318
16966.59375 2327
17000.099609375 2362
17002.529296875 2404
17009.98046875 2453
17009.986328125 2458
17039.5546875 2496
17058.435546875 2696
17079.71484375 2722
17086.060546875 2796
17097.0625 2584
17099.5078125 2872
17112.4375 2589
17113.923828125 2135
17128.228515625 1802
17134.98828125 1853
17139.353515625 1892
17168.1875 1580
17178.68359375 25
17200.232421875 72
17207.6796875 343
17208.94140625 710
17222.58984375 755
17228.619140625 885
17229.93359375 1683
17268.375 1776
17347.435546875 1972
17347.697265625 2047
17358.18359375 2138
17366.0234375 2185
17370.28125 2344
17370.71875 2545
17375.15234375 2573
17395.63671875 2855
17395.77734375 2159
17400.48046875 1067
17404.04296875 371
17411.8828125 243
17424.607421875 1301
17429.37890625 311
17435.080078125 426
17436.8203125 648
17460.16796875 720
17471.771484375 792
17476.498046875 940
17487.193359375 1006
17490.5078125 1032
17498.474609375 1160
17500.34375 1189
17504.9765625 2183
17507.943359375 2190
17520.083984375 2301
17583.205078125 1459
17596.171875 1649
17614.58203125 353
17626.03515625 2706
17626.046875 1511
17650.5546875 1778
17660.2578125 329
17665.59375 731
17687.458984375 1400
17696.79296875 2070
17697.6171875 1480
17701.478515625 1714
17707.76171875 249
17710.66796875 94
17719.810546875 2823
17733.255859375 471
17784.189453125 473
17790.193359375 747
17803.984375 915
17812.560546875 921
17816.625 993
17819.07421875 1072
17819.095703125 1415
17825.111328125 1541
17841.06640625 1746
17851.9296875 1949
17856.390625 2079
17882.4921875 2219
17897.837890625 2258
17921.671875 2413
17935.802734375 2628
17940.466796875 2828
17959.53515625 2903
17963.796875 2996
17967.51171875 204
17968.76171875 1247
17975.2421875 1410
17999.669921875 1888
18022.029296875 1214
18036.83203125 1658
18064.900390625 2587
18066.7578125 380
18070.8203125 688
18075.54296875 1761
18088.59375 66
18126.525390625 127
18176.783203125 179
18177.1484375 855
18195.443359375 1198
18230.7734375 1250
18265.703125 1507
18290.1953125 1558
18303.326171875 2007
18323.392578125 2092
18327.3125 2231
18342.5625 2384
18346.296875 2457
18378.802734375 2544
18426.40625 2717
18463.228515625 2774
18470.078125 2794
18507.642578125 2909
18509.22265625 972
18555.666015625 1138
18556.201171875 1442
18559.75390625 1137
18574.458984375 102
18578.462890625 667
18598.8828125 1935
18621.6171875 2352
18647.451171875 2887
18656.2109375 427
18679.349609375 1533
18685.78125 170
18710.005859375 262
18719.26171875 306
18724.47265625 596
18744.904296875 805
18761.189453125 849
18790.640625 850
18790.666015625 965
18794.271484375 976
18823.509765625 1058
18844.21484375 1403
18855.783203125 1645
18907.630859375 1999
18922.619140625 2292
18934.68359375 2392
18937.677734375 2403
19009.470703125 2497
19009.470703125 2524
19027.158203125 2601
19033.8671875 2652
19052.14453125 2657
19053.748046875 2761
19128.0703125 2839
19137.8984375 2939
19149.8125 2984
19219.87890625 1027
19221.98828125 622
19230.05859375 417
19232.123046875 450
19272.20703125 690
19272.376953125 969
19310.142578125 982
19334.26171875 1040
19362.158203125 1078
19368.314453125 1083
19394.755859375 1382
19437.05078125 1391
19444.775390625 1486
19456.68359375 1503
19476.46875 1547
19495.8203125 1561
19499.484375 1965
19512.162109375 2026
19590.265625 2066
19597.078125 2182
19597.134765625 2245
19628.45703125 2460
19631.177734375 2466
19702.095703125 2540
19708.806640625 2593
19762.51171875 2632
19782.76953125 2753
19806.48046875 2759
19841.697265625 2793
19851.94140625 2925
19907.2421875 2152
19938.5078125 762
19948.138671875 2757
19965.60546875 37
19968.734375 1624
19969.05078125 1271
20012.802734375 2370
20047.185546875 2895
20050.904296875 2411
20085.66796875 67
20110.263671875 150
20155.064453125 171
20264.224609375 195
20321.07421875 363
20366.798828125 522
20370.51171875 657
20407.048828125 701
20415.6875 760
20417.712890625 811
20457.314453125 874
20462.359375 875
20518.41015625 1002
20521.109375 1007
20524.166015625 1023
20528.3671875 1356
20542.0859375 1378
20566.310546875 1489
20596.958984375 1629
20640.73828125 2721
20682.21875 2032
20747.8203125 2259
20771.84375 771
20773.55078125 1543
20816.05078125 2241
20820.11328125 1964
20882.01953125 1625
20887.015625 2693
20921.078125 222
20950.873046875 258
21009.544921875 281
21106.546875 506
21165.560546875 582
21177.048828125 724
21191.935546875 879
21207.87109375 1003
21223.849609375 1171
21255.787109375 1182
21256.548828125 1588
21281.619140625 1685
21367.03515625 1758
21368.626953125 2300
21395.5234375 2310
21401.83984375 2705
21407.8203125 2845
21420.498046875 2916
21439.44140625 1811
21539.095703125 2701
21542.013671875 421
21571.80078125 1440
21616.7890625 2337
21629.439453125 2531
21679.41015625 18
21679.41015625 29
21815.6171875 31
21864.498046875 104
21871.8671875 274
21905.41796875 321
21948.470703125 370
22019.478515625 375
22153.359375 562
22244.537109375 914
22390.486328125 944
22400.337890625 1672
22485.46875 1684
22746.853515625 1825
22788.607421875 1846
22805.9140625 1960
22840.123046875 1976
22889.7421875 2006
22905.072265625 2319
22914.923828125 2405
23069.931640625 2550
23146.693359375 2606
23313.841796875 2768
23339.5078125 1081
23494.2890625 1780
23575.083984375 16
23724.083984375 28
23752.73046875 125
23808.30859375 212
23954.98046875 265
24194.19921875 295
24363.048828125 360
24453.431640625 364
24575.310546875 937
24601.48828125 1077
24729.44921875 1101
24953.04296875 1241
25466.84765625 1243
25503.4296875 1307
25727.833984375 1343
26027.79296875 1404
26104.146484375 1418
26153.25 1585
26155.0 1719
26260.64453125 1822
26393.509765625 2009
27544.13671875 2164
28825.955078125 2214
29067.142578125 2250
29219.51953125 2263
30407.4765625 2342
31284.021484375 2359
35601.26171875 2547
