6673.05712890625 1811
6989.06982421875 2701
7157.63916015625 421
7251.48046875 1440
7323.8427734375 2337
7348.52978515625 2531
7395.259765625 18
7400.44775390625 29
7404.0927734375 31
7411.677734375 104
7552.55224609375 274
7730.16650390625 321
7752.14501953125 370
7782.98583984375 375
7819.498046875 562
7855.5634765625 914
7887.2001953125 944
7936.5009765625 1672
7954.5302734375 1684
8027.5673828125 1825
8061.00390625 1846
8137.62939453125 1960
8137.796875 1976
8152.03125 2006
8169.45263671875 2319
8192.2373046875 2405
8203.3388671875 2550
8213.8984375 2606
8226.3564453125 2768
8251.4384765625 1446
8358.58984375 87
8363.78125 251
8416.716796875 527
8434.193359375 529
8512.2314453125 625
8525.732421875 641
8571.4541015625 693
8578.2333984375 873
8586.552734375 881
8593.50390625 928
8594.36328125 1133
8706.5185546875 1283
8741.2568359375 1318
8752.8916015625 1346
8773.34375 1417
8795.291015625 1720
8811.4296875 1987
8820.7763671875 2226
8821.392578125 2296
8882.03515625 2515
8898.869140625 2572
8902.693359375 2669
8955.1943359375 2728
8956.3330078125 2734
8961.3193359375 2746
8983.185546875 2852
9068.3173828125 2866
9094.5498046875 2915
9108.0 2949
9116.9296875 377
9129.3916015625 2281
9137.1669921875 160
9189.47265625 1
9219.216796875 425
9267.3330078125 446
9295.3818359375 800
9295.951171875 918
9298.9375 953
9305.8203125 985
9324.6328125 986
9349.310546875 1008
9354.9150390625 1043
9389.791015625 1270
9399.6416015625 1317
9399.6416015625 1435
9408.8642578125 1548
9424.4052734375 1606
9432.5791015625 1661
9446.6552734375 1712
9451.1220703125 2010
9462.7763671875 2088
9487.984375 2365
9490.2353515625 2410
9513.1923828125 2414
9572.55859375 2482
9581.60546875 2560
9584.28515625 2781
9626.4052734375 2820
9637.626953125 997
9640.21875 1781
9652.3203125 81
9655.8427734375 229
9683.5498046875 440
9685.1357421875 548
9758.8232421875 611
9775.029296875 826
9796.1953125 834
9800.814453125 848
9818.9912109375 871
9826.9384765625 893
9836.693359375 1231
9843.6337890625 1256
9872.2666015625 1315
9876.806640625 1458
9888.203125 1550
9892.205078125 1671
9907.8828125 1711
9907.9365234375 1815
9974.6455078125 1893
10004.6953125 2312
10020.8388671875 2324
10085.1259765625 2385
10087.94921875 2447
10107.0302734375 2562
10111.7724609375 2610
10147.484375 2622
10159.1484375 2853
10197.9765625 2924
10198.4482421875 2927
10206.248046875 2239
10241.7265625 1362
10251.806640625 1926
10281.447265625 2997
10286.1767578125 254
10288.857421875 388
10296.3515625 465
10306.9052734375 498
10327.0283203125 520
10343.2080078125 962
10349.978515625 981
10360.9169921875 1156
10384.9697265625 1652
10385.4931640625 2205
10388.4638671875 2339
10441.0625 2417
10450.931640625 2494
10456.080078125 2687
10474.638671875 1122
10477.0703125 1670
10486.427734375 264
10501.947265625 2173
10504.7412109375 1646
10509.2490234375 2396
10520.173828125 49
10527.0751953125 189
10533.0546875 261
10552.2265625 263
10604.5810546875 430
10615.2451171875 831
10627.765625 899
10637.8916015625 1123
10648.5673828125 1169
10652.3564453125 1350
10669.427734375 1405
10679.044921875 1512
10687.8515625 1750
10699.513671875 1769
10723.3779296875 1908
10723.6708984375 1966
10761.5830078125 1982
10803.3251953125 1993
10815.1201171875 2094
10820.544921875 2126
10838.130859375 2141
10857.263671875 2171
10876.9921875 2174
10891.3818359375 2177
10901.1728515625 2237
10906.3662109375 2367
10926.658203125 2536
10955.373046875 2542
10961.8359375 2582
10974.064453125 2675
10981.958984375 2703
11018.201171875 1873
11022.8466796875 2107
11046.7861328125 1281
11060.61328125 455
11088.15625 470
11094.630859375 902
11098.68359375 926
11139.5107421875 967
11144.021484375 1104
11157.9775390625 1225
11195.6376953125 1286
11198.59375 1506
11205.3212890625 1516
11205.853515625 1599
11210.8681640625 1779
11255.234375 1848
11257.830078125 1867
11312.49609375 1883
11317.802734375 2063
11327.6318359375 2210
11365.1474609375 2246
11395.4375 2285
11406.8251953125 2361
11412.037109375 2686
11414.5 2700
11419.990234375 88
11436.46875 586
11467.580078125 136
11485.91796875 1471
11491.140625 226
11521.39453125 296
11534.1982421875 1197
11539.08984375 1666
11542.263671875 2511
11545.216796875 101
11553.4833984375 215
11586.7412109375 549
11596.5380859375 550
11610.27734375 573
11616.4130859375 1136
11625.7578125 1199
11630.4521484375 1530
11632.833984375 1581
11646.90234375 1640
11649.1328125 1688
11671.845703125 1968
11676.31640625 2526
11695.4951171875 2571
11700.2021484375 2983
11735.482421875 1787
11739.15234375 602
11740.0634765625 1146
11756.849609375 253
11763.5498046875 342
11782.279296875 843
11782.5966796875 1233
11786.8525390625 1335
11790.0556640625 1394
11790.798828125 1737
11805.291015625 1784
11822.7275390625 1950
11824.8642578125 2025
11884.6162109375 2473
11899.296875 2518
11903.6123046875 999
11920.38671875 1056
11930.990234375 1900
11952.0244140625 1304
11980.6748046875 1326
11980.89453125 2967
12010.12890625 1329
12014.1318359375 50
12026.3955078125 318
12051.1533203125 389
12052.869140625 478
12067.900390625 491
12068.60546875 580
12071.7197265625 599
12105.458984375 890
12112.390625 896
12130.2744140625 909
12138.126953125 919
12159.2919921875 995
12167.3349609375 1273
12184.3759765625 1342
12189.0322265625 1430
12193.615234375 1495
12195.990234375 1568
12197.9638671875 1583
12207.73828125 1764
12237.328125 1774
12240.52734375 2065
12264.013671875 2117
12269.8046875 2181
12275.3037109375 2268
12278.7841796875 2465
12285.7685546875 2664
12311.03515625 2760
12325.51171875 2764
12328.3671875 2938
12366.0107421875 2943
12385.1630859375 1860
12386.6865234375 2880
12391.4189453125 1333
12414.943359375 2631
12424.3515625 146
12431.603515625 1538
12466.1376953125 21
12473.7294921875 34
12477.193359375 200
12482.4892578125 288
12507.8486328125 336
12543.5615234375 385
12552.447265625 517
12572.3671875 546
12585.4814453125 609
12598.1767578125 614
12615.169921875 683
12626.8994140625 686
12662.07421875 769
12683.3359375 1097
12694.853515625 1221
12697.7373046875 1322
12703.28125 1359
12718.322265625 1376
12728.310546875 1686
12728.490234375 1854
12729.86328125 2513
12731.9658203125 2553
12757.91015625 2650
12793.7197265625 2672
12794.5107421875 2911
12797.923828125 78
12817.234375 2713
12830.67578125 2800
12853.388671875 2651
12868.619140625 2970
12872.6240234375 1045
12879.1376953125 1068
12889.1689453125 2078
12896.50390625 884
12945.958984375 886
12953.9375 1028
12974.7109375 1845
12987.6416015625 1932
12998.6171875 2489
13003.91015625 90
13006.0 153
13014.6875 240
13039.3408203125 256
13089.7275390625 531
13091.84375 644
13092.2763671875 706
13101.37890625 775
13116.6796875 1163
13132.240234375 1483
13134.60546875 2114
13147.7373046875 2379
13152.2841796875 2424
13156.513671875 2433
13163.896484375 2435
13185.7216796875 2442
13190.7880859375 2683
13196.26953125 2811
13197.796875 2176
13238.802734375 169
13255.4697265625 2207
13268.646484375 1144
13276.7919921875 2180
13292.443359375 73
13293.5361328125 663
13303.71484375 677
13307.24609375 756
13314.1396484375 925
13342.4609375 927
13348.251953125 946
13385.9697265625 996
13386.353515625 1141
13390.916015625 1202
13397.4501953125 1251
13397.9404296875 1457
13398.0703125 1502
13406.294921875 1591
13411.1728515625 1733
13418.0087890625 1735
13420.244140625 1919
13432.9619140625 1933
13443.3623046875 1955
13450.115234375 2002
13457.1669921875 2335
13460.0810546875 2341
13465.32421875 2565
13470.283203125 2695
13478.572265625 2763
13485.466796875 2840
13491.857421875 2422
13506.0517578125 1020
13516.1123046875 640
13534.8486328125 59
13535.8349609375 177
13537.970703125 191
13539.7646484375 575
13576.4462890625 687
13602.2060546875 934
13625.4736328125 1119
13627.92578125 1529
13638.1904296875 1697
13638.43359375 1810
13653.1484375 1831
13665.9765625 2354
13666.8125 2528
13680.068359375 2679
13689.3994140625 2712
13700.9296875 2747
13710.1904296875 2809
13712.828125 2821
13743.3310546875 2842
13745.2978515625 2860
13755.2861328125 2906
13793.2978515625 2994
13838.3388671875 186
13843.2060546875 223
13847.763671875 1594
13885.5458984375 410
13906.1357421875 631
13927.888671875 132
13933.53125 2576
13937.888671875 1282
13944.2939453125 488
13950.0947265625 869
13952.25 2059
13953.7421875 787
13958.1591796875 904
13958.765625 137
13958.765625 275
13960.763671875 328
13963.64453125 333
13987.45703125 392
13996.49609375 407
14000.775390625 489
14001.2138671875 680
14005.8251953125 1022
14007.421875 1290
14008.8330078125 1358
14018.8466796875 1607
14044.9892578125 1653
14055.4404296875 2024
14055.46875 2184
14079.240234375 2221
14079.9599609375 2394
14094.0400390625 2427
14104.39453125 2517
14106.2470703125 2655
14108.7392578125 2704
14118.9169921875 2900
14130.5615234375 2946
14132.0126953125 459
14140.8447265625 1408
14161.9384765625 1339
14195.5595703125 22
14198.2998046875 45
14199.439453125 300
14207.4404296875 812
14213.904296875 922
14215.494140625 947
14241.4736328125 975
14244.5478515625 1001
14304.416015625 1095
14305.5703125 1275
14312.1396484375 1664
14313.537109375 1708
14318.767578125 1763
14326.80078125 1766
14335.7685546875 1889
14344.69140625 2077
14345.0009765625 2082
14373.8896484375 2131
14386.5810546875 2315
14390.77734375 2317
14390.77734375 2409
14392.1943359375 2608
14398.3359375 2616
14398.6484375 2649
14399.55078125 2819
14402.65625 2862
14403.5791015625 1164
14409.955078125 2213
14416.5263671875 1050
14424.62109375 979
14433.3056640625 1562
14450.220703125 1597
14458.15625 2334
14465.7099609375 587
14477.66015625 630
14480.8603515625 777
14487.8076171875 1012
14499.00390625 1064
14508.7080078125 1082
14513.7490234375 1462
14524.5244140625 1501
14532.103515625 1654
14549.4521484375 1800
14557.2392578125 2656
14558.15234375 2884
14566.0947265625 1416
14569.2666015625 1575
14574.212890625 2889
14580.9814453125 445
14583.173828125 30
14593.4599609375 2484
14615.53515625 38
14627.322265625 40
14650.3525390625 76
14661.2216796875 77
14683.8212890625 108
14695.3154296875 164
14697.2265625 211
14734.6884765625 225
14753.548828125 376
14769.26953125 437
14769.615234375 510
14775.6181640625 646
14784.7431640625 671
14789.8017578125 738
14817.5458984375 770
14819.701171875 1434
14831.3330078125 1610
14833.88671875 1662
14845.806640625 1709
14856.7412109375 1998
14857.91015625 2166
14862.5 2220
14878.0283203125 2238
14879.7861328125 2255
14880.7685546875 2345
14893.583984375 2510
14897.1416015625 2581
14934.916015625 2607
14940.443359375 2807
14942.7587890625 1015
14964.85546875 1984
14967.6357421875 1258
15002.181640625 2555
15020.5263671875 1147
15023.00390625 865
15037.9541015625 939
15042.55078125 1497
15050.83203125 2630
15060.4716796875 2752
15076.3466796875 457
15098.0361328125 309
15101.0380859375 316
15103.591796875 483
15122.0634765625 484
15126.33984375 633
15131.650390625 1026
15147.2490234375 1036
15148.65234375 1176
15164.818359375 1423
15173.5341796875 1485
15175.20703125 1590
15185.4326171875 1702
15207.5244140625 1759
15237.1689453125 1818
15238.587890625 1958
15244.1240234375 1963
15273.8056640625 1977
15285.4716796875 2053
15286.9130859375 2056
15310.634765625 2125
15317.185546875 2304
15336.0986328125 2356
15336.1806640625 2477
15338.240234375 2533
15363.509765625 2732
15374.49609375 2948
15402.9638671875 1601
15404.66015625 2256
15412.701171875 2104
15414.822265625 284
15452.779296875 182
15489.3359375 916
15518.240234375 1667
15520.1572265625 1852
15528.4287109375 727
15530.1025390625 2036
15531.318359375 2772
15561.1416015625 130
15582.1298828125 219
15591.26953125 394
15595.595703125 405
15617.3369140625 634
15617.9453125 856
15618.939453125 983
15623.6025390625 1117
15637.1279296875 1386
15638.724609375 1791
15642.4755859375 1991
15646.1767578125 2060
15652.2900390625 2215
15668.9296875 2314
15673.72265625 2440
15674.2919921875 2467
15676.30859375 2618
15688.88671875 2648
15704.875 2694
15710.9755859375 1772
15733.365234375 818
15752.3759765625 2907
15756.87109375 660
15759.6552734375 1168
15759.7509765625 1145
15766.431640625 1476
15775.7255859375 1618
15779.0390625 655
15780.587890625 1592
15780.6875 2120
15793.6513671875 2557
15824.283203125 112
15828.134765625 350
15831.39453125 356
15855.931640625 448
15881.0 1500
15913.0390625 1526
15927.05078125 1587
15944.62109375 1881
15947.58203125 1943
15949.87890625 1962
15952.681640625 1995
15962.16015625 2075
15966.3427734375 2118
15982.16796875 2309
15982.943359375 2418
15994.4189453125 2516
15997.9423828125 2588
16009.6708984375 2605
16009.8125 2623
16015.787109375 2937
16041.2587890625 1005
16110.5703125 110
16141.8271484375 2360
16161.482421875 121
16167.8955078125 1046
16209.767578125 298
16215.7841796875 372
16216.931640625 492
16232.904296875 752
16240.7841796875 838
16241.240234375 903
16241.26953125 1034
16250.2197265625 1128
16261.8056640625 1187
16292.9638671875 1437
16340.6513671875 1488
16340.7158203125 1534
16342.8984375 1657
16349.9091796875 1678
16351.513671875 1824
16353.8115234375 1826
16356.15234375 1941
16411.75 1997
16426.9765625 2318
16433.9375 2327
16457.1484375 2362
16457.7734375 2404
16465.37890625 2453
16465.513671875 2458
16482.1015625 2496
16505.982421875 2696
16510.552734375 2722
16531.478515625 2796
16533.93359375 2584
16534.66015625 2872
16552.564453125 2589
16577.66796875 2135
16578.708984375 1802
16581.83203125 1853
16589.427734375 1892
16592.06640625 1580
16593.67578125 25
16607.126953125 72
16607.126953125 343
16629.421875 710
16633.11328125 755
16658.85546875 885
16695.3828125 1683
16695.880859375 1776
16721.5625 1972
16722.763671875 2047
16739.1171875 2138
16742.146484375 2185
16744.892578125 2344
16744.892578125 2545
16753.759765625 2573
16792.28125 2855
16794.587890625 2159
16804.92578125 1067
16810.484375 371
16814.56640625 243
16814.9296875 1301
16943.34765625 311
16943.51953125 426
16959.2890625 648
16962.720703125 720
16965.203125 792
16967.501953125 940
16976.44921875 1006
17039.189453125 1032
17039.765625 1160
17059.6015625 1189
17063.7578125 2183
17065.146484375 2190
17113.033203125 2301
17137.98828125 1459
17142.619140625 1649
17191.87890625 353
17222.466796875 2706
17223.453125 1511
17224.150390625 1778
17234.9453125 329
17242.80859375 731
17283.142578125 1400
17293.517578125 2070
17294.4921875 1480
17335.65234375 1714
17354.23046875 249
17367.123046875 94
17370.6171875 2823
17371.1484375 471
17378.7265625 473
17406.380859375 747
17435.03125 915
17471.27734375 921
17483.22265625 993
17500.689453125 1072
17530.279296875 1415
17531.302734375 1541
17540.4140625 1746
17543.39453125 1949
17615.72265625 2079
17632.197265625 2219
17633.44140625 2258
17643.462890625 2413
17683.216796875 2628
17684.125 2828
17685.6015625 2903
17692.271484375 2996
17694.30078125 204
17694.30078125 1247
17707.30078125 1410
17720.6796875 1888
17748.42578125 1214
17773.30078125 1658
17778.052734375 2587
17779.12109375 380
17786.19140625 688
17799.9375 1761
17801.0 66
17803.3984375 127
17818.798828125 179
17866.275390625 855
17881.35546875 1198
17898.7890625 1250
17911.27734375 1507
17917.001953125 1558
17921.912109375 2007
17932.2578125 2092
17970.205078125 2231
17980.126953125 2384
18037.908203125 2457
18047.12890625 2544
18050.453125 2717
18065.904296875 2774
18130.78125 2794
18134.009765625 2909
18172.873046875 972
18176.1328125 1138
18216.197265625 1442
18223.00390625 1137
18234.11328125 102
18237.9375 667
18240.953125 1935
18244.353515625 2352
18300.390625 2887
18315.267578125 427
18327.748046875 1533
18350.443359375 170
18380.322265625 262
18389.072265625 306
18405.76953125 596
18439.5546875 805
18442.46484375 849
18450.177734375 850
18464.9921875 965
18501.0390625 976
18514.357421875 1058
18520.400390625 1403
18520.400390625 1645
18547.603515625 1999
18560.32421875 2292
18561.36328125 2392
18618.947265625 2403
18636.080078125 2497
18666.646484375 2524
18670.552734375 2601
18698.376953125 2652
18721.119140625 2657
18802.947265625 2761
18883.9765625 2839
18926.45703125 2939
18929.26171875 2984
18933.17578125 1027
18937.404296875 622
18955.564453125 417
18957.2734375 450
18994.318359375 690
19000.65625 969
19006.455078125 982
19059.5859375 1040
19070.751953125 1078
19075.40234375 1083
19095.189453125 1382
19108.9375 1391
19137.453125 1486
19145.90625 1503
19183.146484375 1547
19199.84375 1561
19202.966796875 1965
19216.099609375 2026
19258.03125 2066
19271.509765625 2182
19349.896484375 2245
19398.83984375 2460
19432.375 2466
19496.052734375 2540
19541.73828125 2593
19589.33984375 2632
19608.357421875 2753
19653.716796875 2759
19699.28515625 2793
19724.796875 2925
19740.921875 2152
19792.130859375 762
19827.265625 2757
19855.380859375 37
19993.53125 1624
20002.375 1271
20057.3203125 2370
20162.521484375 2895
20183.5546875 2411
20207.37890625 67
20209.7109375 150
20210.720703125 171
20278.501953125 195
20340.51171875 363
20388.052734375 522
20410.072265625 657
20415.83203125 701
20431.830078125 760
20708.078125 811
20731.171875 874
20754.46484375 875
20958.390625 1002
20987.8046875 1007
21021.15234375 1023
21086.60546875 1356
21101.4765625 1378
21110.794921875 1489
21120.90234375 1629
21135.2890625 2721
21175.396484375 2032
21222.029296875 2259
21273.619140625 771
21294.46875 1543
21305.876953125 2241
21318.78125 1964
21359.99609375 1625
21406.3515625 2693
21463.31640625 222
21476.2109375 258
21618.97265625 281
21963.13671875 506
21963.13671875 582
21992.232421875 724
22011.599609375 879
22026.814453125 1003
22288.56640625 1171
22439.3515625 1182
22479.97265625 1588
22658.6484375 1685
22762.57421875 1758
22988.68359375 2300
23005.2890625 2310
23223.552734375 2705
23258.634765625 2845
23279.396484375 2916
23329.380859375 1081
23448.56640625 1780
23500.7578125 16
23519.80078125 28
23689.1484375 125
23884.390625 212
23945.689453125 265
24065.16796875 295
24119.67578125 360
24275.76953125 364
24617.57421875 937
24661.90625 1077
25238.697265625 1101
25311.626953125 1241
25332.62109375 1243
25379.962890625 1307
25467.783203125 1343
25667.947265625 1404
25696.771484375 1418
25818.5859375 1585
26466.185546875 1719
27035.484375 1822
27108.509765625 2009
28276.3828125 2164
28462.51953125 2214
28633.984375 2250
28906.61328125 2263
29609.6796875 2342
29952.85546875 2359
30399.173828125 2547
