6085.28759765625 1575
6884.7548828125 2889
6889.529296875 445
6895.4384765625 30
6914.396484375 2484
6950.6416015625 38
6990.3525390625 40
7017.734375 76
7033.66845703125 77
7235.7890625 108
7264.1220703125 164
7272.59912109375 211
7274.43505859375 225
7293.5751953125 376
7316.43310546875 437
7346.95703125 510
7352.89794921875 646
7397.12939453125 671
7398.6123046875 738
7406.876953125 770
7439.189453125 1434
7479.224609375 1610
7504.9765625 1662
7525.64453125 1709
7607.173828125 1998
7617.919921875 2166
7621.34765625 2220
7677.9384765625 2238
7687.45947265625 2255
7753.55224609375 2345
7769.95556640625 2510
7789.255859375 2581
7799.66845703125 2607
7800.9794921875 2807
7805.41015625 1015
7809.64501953125 1984
7821.908203125 1258
7831.966796875 2555
7851.2900390625 1446
7915.58642578125 87
7926.83935546875 251
7962.818359375 527
8008.1748046875 529
8034.65283203125 625
8064.7197265625 641
8066.744140625 693
8077.04931640625 873
8086.341796875 881
8094.20703125 928
8097.0458984375 1133
8102.484375 1283
8121.55908203125 1318
8125.49072265625 1346
8128.36376953125 1417
8181.51513671875 1720
8190.927734375 1987
8198.8271484375 2226
8199.65234375 2296
8224.58203125 2515
8228.9169921875 2572
8229.794921875 2669
8239.451171875 2728
8273.509765625 2734
8311.93359375 2746
8330.662109375 2852
8367.15625 2866
8374.396484375 2915
8374.9638671875 2949
8388.94140625 377
8400.951171875 2281
8404.3076171875 160
8408.5693359375 1
8415.0087890625 425
8415.591796875 446
8420.890625 800
8461.03125 918
8473.490234375 953
8478.4599609375 985
8484.8740234375 986
8496.0703125 1008
8503.265625 1043
8503.564453125 1270
8522.0361328125 1317
8523.41015625 1435
8524.2431640625 1548
8526.287109375 1606
8556.701171875 1661
8576.5400390625 1712
8589.1025390625 2010
8607.1279296875 2088
8634.21875 2365
8637.0146484375 2410
8641.65625 2414
8685.0146484375 2482
8695.4716796875 2560
8698.421875 2781
8712.609375 2820
8736.6005859375 997
8747.1240234375 1781
8749.203125 81
8760.775390625 229
8767.65234375 440
8767.869140625 548
8773.5703125 611
8787.54296875 826
8797.056640625 834
8828.984375 848
8849.2021484375 871
8856.791015625 893
8875.20703125 1231
8886.8505859375 1256
8886.8505859375 1315
8892.2021484375 1458
8897.7265625 1550
8909.740234375 1671
8914.384765625 1711
8922.9931640625 1815
8934.431640625 1893
8955.8671875 2312
8957.337890625 2324
8996.0009765625 2385
9000.42578125 2447
9004.8125 2562
9009.7080078125 2610
9047.765625 2622
9054.1640625 2853
9057.89453125 2924
9058.2685546875 2927
9058.376953125 2239
9063.037109375 1362
9097.626953125 1926
9126.11328125 2997
9142.1044921875 254
9174.0078125 388
9175.2333984375 465
9183.9912109375 498
9189.904296875 520
9193.35546875 962
9206.349609375 981
9217.759765625 1156
9218.388671875 1652
9235.232421875 2205
9239.3623046875 2339
9250.5380859375 2417
9284.2490234375 2494
9291.943359375 2687
9300.537109375 1122
9312.318359375 1670
9318.689453125 264
9348.103515625 2173
9354.5498046875 1646
9377.2109375 2396
9389.443359375 49
9418.357421875 189
9443.392578125 261
9465.3037109375 263
9473.9013671875 430
9509.4541015625 831
9516.8359375 899
9520.984375 1123
9520.984375 1169
9525.529296875 1350
9531.8955078125 1405
9538.9052734375 1512
9539.955078125 1750
9544.564453125 1769
9563.61328125 1908
9565.3623046875 1966
9565.498046875 1982
9570.8818359375 1993
9604.6953125 2094
9611.2021484375 2126
9620.3427734375 2141
9642.30078125 2171
9648.2353515625 2174
9650.3857421875 2177
9681.0478515625 2237
9681.5478515625 2367
9696.7080078125 2536
9713.9462890625 2542
9719.14453125 2582
9735.8828125 2675
9739.724609375 2703
9769.0869140625 1873
9806.01953125 2107
9809.705078125 1281
9810.515625 455
9811.12890625 470
9811.626953125 902
9817.16796875 926
9877.193359375 967
9879.6943359375 1104
9910.4306640625 1225
9913.93359375 1286
9923.068359375 1506
9945.09375 1516
9957.2021484375 1599
9958.7578125 1779
9972.619140625 1848
9979.3447265625 1867
9982.8896484375 1883
9991.9365234375 2063
9992.0556640625 2210
9993.0791015625 2246
10003.4638671875 2285
10016.49609375 2361
10047.8046875 2686
10053.611328125 2700
10053.9482421875 88
10062.41796875 586
10067.541015625 136
10068.666015625 1471
10071.57421875 226
10074.486328125 296
10123.1005859375 1197
10128.638671875 1666
10133.2822265625 2511
10139.810546875 101
10143.4482421875 215
10195.85546875 549
10229.1806640625 550
10249.822265625 573
10252.4345703125 1136
10267.775390625 1199
10286.7021484375 1530
10287.767578125 1581
10298.0693359375 1640
10337.7578125 1688
10339.611328125 1968
10348.2294921875 2526
10350.3818359375 2571
10374.994140625 2983
10404.72265625 1787
10405.884765625 602
10415.2919921875 1146
10427.162109375 253
10432.005859375 342
10452.41796875 843
10475.3662109375 1233
10521.35546875 1335
10527.2890625 1394
10528.5107421875 1737
10553.677734375 1784
10564.658203125 1950
10569.0732421875 2025
10576.541015625 2473
10580.373046875 2518
10609.07421875 999
10626.904296875 1056
10636.9365234375 1900
10638.4833984375 1304
10641.2099609375 1326
10666.2548828125 2967
10684.3779296875 1329
10687.5048828125 50
10689.806640625 318
10700.9375 389
10721.80078125 478
10757.435546875 491
10771.0068359375 580
10788.091796875 599
10794.755859375 890
10796.5830078125 896
10797.1201171875 909
10810.8251953125 919
10814.708984375 995
10826.0234375 1273
10829.3046875 1342
10874.8955078125 1430
10879.4296875 1495
10921.814453125 1568
10925.0322265625 1583
10929.021484375 1764
10931.3681640625 1774
10935.35546875 2065
10942.4130859375 2117
10956.1845703125 2181
10960.2119140625 2268
10977.1787109375 2465
10979.0810546875 2664
11007.5400390625 2760
11012.1240234375 2764
11014.908203125 2938
11019.8798828125 2943
11038.85546875 1860
11048.65234375 2880
11058.09375 1333
11062.625 2631
11085.755859375 146
11167.8671875 1538
11188.34765625 21
11211.189453125 34
11226.8212890625 200
11237.443359375 288
11248.166015625 336
11269.251953125 385
11306.392578125 517
11314.60546875 546
11320.185546875 609
11322.205078125 614
11334.9521484375 683
11355.5556640625 686
11356.8203125 769
11369.10546875 1097
11372.9375 1221
11385.3212890625 1322
11388.4326171875 1359
11389.955078125 1376
11396.6005859375 1686
11426.048828125 1854
11435.0322265625 2513
11435.15625 2553
11439.5341796875 2650
11467.046875 2672
11485.234375 2911
11506.228515625 78
11507.068359375 2713
11507.9560546875 2800
11529.091796875 2651
11546.2236328125 2970
11560.4462890625 1045
11580.7919921875 1068
11604.0361328125 2078
11610.287109375 884
11620.2626953125 886
11675.0078125 1028
11676.326171875 1845
11677.1318359375 1932
11778.859375 2489
11780.576171875 90
11782.3408203125 153
11796.611328125 240
11814.111328125 256
11828.265625 531
11830.4609375 644
11871.646484375 706
11875.14453125 775
11942.36328125 1163
11942.7041015625 1483
11948.0322265625 2114
11974.0830078125 2379
11995.3388671875 2424
12007.4052734375 2433
12009.068359375 2435
12017.11328125 2442
12030.796875 2683
12040.759765625 2811
12047.548828125 2176
12050.3466796875 169
12069.2890625 2207
12073.560546875 1144
12107.421875 2180
12133.1455078125 73
12145.2548828125 663
12170.38671875 677
12172.2626953125 756
12174.861328125 925
12179.6787109375 927
12183.689453125 946
12186.927734375 996
12201.7607421875 1141
12232.34765625 1202
12236.6767578125 1251
12240.8115234375 1457
12265.7705078125 1502
12269.1240234375 1591
12279.16796875 1733
12287.103515625 1735
12296.3193359375 1919
12319.564453125 1933
12337.4775390625 1955
12348.8212890625 2002
12381.8076171875 2335
12409.185546875 2341
12413.6669921875 2565
12435.462890625 2695
12450.396484375 2763
12460.6171875 2840
12467.9755859375 2422
12497.720703125 1020
12517.0361328125 640
12531.85546875 59
12576.099609375 177
12581.54296875 191
12605.259765625 575
12617.171875 687
12655.095703125 934
12655.4873046875 1119
12672.4775390625 1529
12673.5498046875 1697
12692.9453125 1810
12693.25390625 1831
12702.8818359375 2354
12735.390625 2528
12736.578125 2679
12742.31640625 2712
12758.45703125 2747
12766.27734375 2809
12769.74609375 2821
12792.2255859375 2842
12800.41015625 2860
12805.1845703125 2906
12833.1484375 2994
12848.32421875 186
12855.201171875 223
12867.09765625 1594
12930.1455078125 410
12934.7822265625 631
12949.0986328125 132
12967.2451171875 2576
12970.650390625 1282
13011.21484375 488
13031.326171875 869
13037.716796875 2059
13042.73046875 787
13045.173828125 904
13079.349609375 137
13103.265625 275
13117.123046875 328
13120.328125 333
13130.4912109375 392
13147.1923828125 407
13151.751953125 489
13155.15234375 680
13156.2998046875 1022
13161.51953125 1290
13166.41015625 1358
13181.08203125 1607
13183.3408203125 1653
13197.359375 2024
13199.7451171875 2184
13212.3935546875 2221
13293.7451171875 2394
13299.642578125 2427
13331.8798828125 2517
13332.447265625 2655
13356.4326171875 2704
13374.572265625 2900
13398.0078125 2946
13399.7255859375 459
13406.6796875 1408
13410.689453125 1339
13411.0517578125 22
13418.8857421875 45
13429.9833984375 300
13435.5048828125 812
13466.5517578125 922
13489.03515625 947
13496.955078125 975
13519.5986328125 1001
13536.7041015625 1095
13543.375 1275
13553.2216796875 1664
13572.7939453125 1708
13573.2177734375 1763
13573.2177734375 1766
13616.1806640625 1889
13616.322265625 2077
13636.5419921875 2082
13644.822265625 2131
13654.98828125 2315
13658.0458984375 2317
13689.818359375 2409
13700.8671875 2608
13723.25390625 2616
13727.4306640625 2649
13738.91015625 2819
13741.5439453125 2862
13744.5966796875 1164
13752.0341796875 2213
13757.087890625 1050
13783.9375 979
13823.611328125 1562
13824.546875 1597
13829.896484375 2334
13832.90625 587
13840.7236328125 630
13844.4423828125 777
13849.62109375 1012
13853.30078125 1064
13863.625 1082
13887.783203125 1462
13888.33203125 1501
13912.1953125 1654
13928.3408203125 1800
13940.59765625 2656
13951.3046875 2884
13963.9619140625 1416
13972.69140625 1147
13991.1865234375 865
13991.2607421875 939
14000.92578125 1497
14007.638671875 2630
14014.671875 2752
14037.4599609375 457
14069.8837890625 309
14104.181640625 316
14117.4697265625 483
14125.8623046875 484
14132.97265625 633
14176.4326171875 1026
14216.0048828125 1036
14216.587890625 1176
14219.6171875 1423
14219.6171875 1485
14223.73828125 1590
14258.6005859375 1702
14274.70703125 1759
14277.3564453125 1818
14278.111328125 1958
14343.216796875 1963
14350.923828125 1977
14384.18359375 2053
14405.4130859375 2056
14416.5986328125 2125
14421.7802734375 2304
14435.943359375 2356
14444.9384765625 2477
14448.783203125 2533
14450.763671875 2732
14471.84375 2948
14507.5947265625 1601
14525.193359375 2256
14534.6171875 2104
14536.076171875 284
14554.162109375 182
14601.7529296875 916
14619.0556640625 1667
14622.029296875 1852
14660.5009765625 727
14670.8720703125 2036
14673.1650390625 2772
14680.927734375 130
14689.1533203125 219
14712.833984375 394
14736.5263671875 405
14764.001953125 634
14768.751953125 856
14773.5546875 983
14782.849609375 1117
14789.0224609375 1386
14798.828125 1791
14803.34765625 1991
14804.767578125 2060
14817.02734375 2215
14910.4619140625 2314
14959.072265625 2440
14976.22265625 2467
15002.7783203125 2618
15012.1044921875 2648
15031.7568359375 2694
15036.724609375 1772
15038.015625 818
15039.8095703125 2907
15041.7548828125 660
15060.97265625 1168
15068.7392578125 1145
15106.9296875 1476
15114.4833984375 1618
15116.013671875 655
15119.0 1592
15123.9130859375 2120
15136.529296875 2557
15136.916015625 112
15169.4609375 350
15199.1083984375 356
15219.806640625 448
15270.4833984375 1500
15305.9580078125 1526
15319.4658203125 1587
15333.0791015625 1881
15335.884765625 1943
15339.6865234375 1962
15391.2734375 1995
15393.45703125 2075
15405.98046875 2118
15419.642578125 2309
15424.6806640625 2418
15432.3203125 2516
15444.373046875 2588
15465.9111328125 2605
15477.5341796875 2623
15485.109375 2937
15489.2421875 1005
15501.134765625 110
15509.857421875 2360
15546.7822265625 121
15569.26953125 1046
15588.08984375 298
15591.583984375 372
15593.744140625 492
15596.18359375 752
15605.806640625 838
15619.4833984375 903
15627.763671875 1034
15642.77734375 1128
15680.572265625 1187
15692.8701171875 1437
15707.2080078125 1488
15732.4765625 1534
15752.5556640625 1657
15772.91015625 1678
15781.39453125 1824
15828.1796875 1826
15834.15234375 1941
15845.5029296875 1997
15854.78515625 2318
15855.05078125 2327
15863.939453125 2362
15873.974609375 2404
15884.4453125 2453
15896.689453125 2458
15940.9794921875 2496
16026.349609375 2696
16029.3154296875 2722
16032.5908203125 2796
16072.10546875 2584
16100.982421875 2872
16101.52734375 2589
16124.3515625 2135
16171.5830078125 1802
16173.4296875 1853
16175.0322265625 1892
16218.1904296875 1580
16238.576171875 25
16239.46875 72
16273.931640625 343
16277.2099609375 710
16278.984375 755
16303.5107421875 885
16306.275390625 1683
16318.220703125 1776
16330.794921875 1972
16333.8134765625 2047
16344.533203125 2138
16387.400390625 2185
16402.875 2344
16420.900390625 2545
16433.0390625 2573
16454.751953125 2855
16478.72265625 2159
16483.673828125 1067
16511.189453125 371
16517.09765625 243
16518.333984375 1301
16525.568359375 311
16537.830078125 426
16544.84375 648
16558.580078125 720
16611.6796875 792
16626.208984375 940
16626.208984375 1006
16661.55078125 1032
16668.16015625 1160
16670.57421875 1189
16684.5546875 2183
16687.3828125 2190
16691.734375 2301
16698.240234375 1459
16707.259765625 1649
16713.853515625 353
16726.10546875 2706
16731.337890625 1511
16763.443359375 1778
16778.0703125 329
16795.552734375 731
16802.572265625 1400
16820.078125 2070
16824.556640625 1480
16844.666015625 1714
16881.57421875 249
16896.068359375 94
16906.185546875 2823
16906.423828125 471
16916.9453125 473
16929.4140625 747
16932.99609375 915
16944.126953125 921
16973.81640625 993
16978.583984375 1072
16980.474609375 1415
16984.166015625 1541
17044.197265625 1746
17057.09765625 1949
17090.43359375 2079
17106.55078125 2219
17111.572265625 2258
17117.349609375 2413
17134.53515625 2628
17170.787109375 2828
17188.623046875 2903
17223.669921875 2996
17294.291015625 204
17335.408203125 1247
17350.046875 1410
17354.205078125 1888
17363.064453125 1214
17380.923828125 1658
17389.55859375 2587
17446.666015625 380
17453.986328125 688
17457.7109375 1761
17477.951171875 66
17477.97265625 127
17478.7109375 179
17479.2265625 855
17487.203125 1198
17507.1875 1250
17520.546875 1507
17548.71875 1558
17561.994140625 2007
17570.671875 2092
17579.17578125 2231
17596.529296875 2384
17597.16015625 2457
17598.7109375 2544
17602.583984375 2717
17604.41796875 2774
17623.3359375 2794
17707.796875 2909
17713.103515625 972
17728.1640625 1138
17763.62109375 1442
17794.021484375 1137
17830.9140625 102
17834.5703125 667
17848.134765625 1935
17878.09765625 2352
17909.162109375 2887
17912.162109375 427
17918.208984375 1533
17923.341796875 170
17949.037109375 262
17954.01953125 306
17987.56640625 596
17988.53515625 805
18035.81640625 849
18061.4375 850
18137.087890625 965
18154.08984375 976
18165.408203125 1058
18180.654296875 1403
18188.978515625 1645
18196.1796875 1999
18226.8203125 2292
18251.5078125 2392
18258.443359375 2403
18277.533203125 2497
18284.6015625 2524
18293.427734375 2601
18313.548828125 2652
18313.548828125 2657
18329.697265625 2761
18348.34375 2839
18378.21875 2939
18380.5546875 2984
18384.7421875 1027
18408.232421875 622
18423.22265625 417
18451.638671875 450
18468.1640625 690
18510.490234375 969
18520.810546875 982
18555.044921875 1040
18573.359375 1078
18590.40234375 1083
18591.462890625 1382
18591.8046875 1391
18648.072265625 1486
18656.58203125 1503
18675.88671875 1547
18686.423828125 1561
18735.919921875 1965
18736.05859375 2026
18744.689453125 2066
18777.1171875 2182
18807.49609375 2245
18828.8984375 2460
18833.228515625 2466
18835.646484375 2540
18841.224609375 2593
18853.203125 2632
18893.294921875 2753
18900.0859375 2759
18972.05078125 2793
18988.19921875 2925
19034.3671875 2152
19035.37890625 762
19062.591796875 2757
19128.8828125 37
19250.3046875 1624
19264.50390625 1271
19267.48828125 2370
19270.3984375 2895
19351.6640625 2411
19391.98828125 67
19394.80859375 150
19409.404296875 171
19447.400390625 195
19474.1875 363
19534.765625 522
19556.10546875 657
19561.099609375 701
19583.59765625 760
19602.46875 811
19616.169921875 874
19632.375 875
19670.841796875 1002
19706.22265625 1007
19752.111328125 1023
19790.72265625 1356
19790.72265625 1378
19838.57421875 1489
19884.591796875 1629
19886.890625 2721
20028.396484375 2032
20045.685546875 2259
20052.595703125 771
20079.0234375 1543
20098.015625 2241
20124.146484375 1964
20126.0625 1625
20177.83203125 2693
20252.68359375 222
20285.923828125 258
20303.1796875 281
20305.294921875 506
20333.9765625 582
20335.1015625 724
20340.0703125 879
20340.79296875 1003
20341.90234375 1171
20395.349609375 1182
20442.65625 1588
20474.421875 1685
20540.78125 1758
20562.921875 2300
20592.693359375 2310
20672.275390625 2705
20706.298828125 2845
20709.26171875 2916
20723.365234375 1811
20723.421875 2701
20762.53515625 421
20762.62890625 1440
20955.841796875 2337
20962.853515625 2531
20992.74609375 18
21014.509765625 29
21089.681640625 31
21188.267578125 104
21272.427734375 274
21323.85546875 321
21330.033203125 370
21352.240234375 375
21417.59765625 562
21422.7890625 914
21425.5 944
21455.767578125 1672
21497.517578125 1684
21666.625 1825
21833.57421875 1846
21849.46875 1960
21913.91015625 1976
21932.474609375 2006
21943.314453125 2319
21969.1796875 2405
21994.8203125 2550
22038.9765625 2606
22056.80078125 2768
22103.837890625 1081
22139.40625 1780
22219.126953125 16
22383.259765625 28
22437.48046875 125
22490.26171875 212
22513.25390625 265
22570.626953125 295
22572.095703125 360
22699.578125 364
22718.67578125 937
22763.078125 1077
22977.2109375 1101
23159.716796875 1241
23524.314453125 1243
23808.6796875 1307
23841.94140625 1343
23916.4140625 1404
24383.138671875 1418
24462.7890625 1585
24852.220703125 1719
25237.478515625 1822
25448.40234375 2009
25631.484375 2164
26221.220703125 2214
26224.37109375 2250
27500.802734375 2263
28861.314453125 2342
29429.712890625 2359
33339.7734375 2547
