4053.191162109375 1020
4669.37451171875 640
4909.5791015625 59
4969.61328125 177
5252.06396484375 191
5302.70703125 575
5332.966796875 687
5373.83837890625 934
5394.9443359375 1119
5589.53125 1529
5631.203125 1697
5712.22509765625 1810
5886.60546875 1831
5914.4072265625 2354
6121.61767578125 2528
6129.5771484375 2679
6183.66064453125 2712
6221.28857421875 2747
6236.93017578125 2809
6280.6953125 2821
6319.56787109375 2842
6433.07421875 2860
6545.81201171875 2906
6741.21240234375 2994
6837.4375 186
6865.15625 223
7014.6904296875 1594
7033.66796875 410
7099.13818359375 631
7099.615234375 132
7288.28271484375 2576
7539.74658203125 1446
7627.84375 87
7774.5869140625 251
7839.4501953125 527
7906.08447265625 529
8006.01318359375 625
8029.2294921875 641
8066.1455078125 693
8072.65673828125 873
8195.9892578125 881
8217.7412109375 928
8253.2724609375 1133
8399.900390625 1283
8399.900390625 1318
8461.5390625 1346
8461.5390625 1417
8525.322265625 1720
8570.27734375 1987
8655.064453125 2226
8770.1865234375 2296
8889.83984375 2515
8943.9453125 2572
8988.935546875 2669
9000.3701171875 2728
9042.4091796875 2734
9177.6767578125 2746
9224.837890625 2852
9291.2421875 2866
9293.7275390625 2915
9352.3154296875 2949
9412.931640625 377
9531.3330078125 2281
9570.359375 160
9659.0478515625 1
9660.2958984375 425
9683.072265625 446
9746.314453125 800
9747.7470703125 918
9799.55078125 953
9808.1279296875 985
9818.1767578125 986
9829.8203125 1008
9913.59765625 1043
9921.11328125 1270
9933.2646484375 1317
9944.244140625 1435
9989.9970703125 1548
10071.9462890625 1606
10103.431640625 1661
10107.466796875 1712
10203.4892578125 2010
10218.0693359375 2088
10255.5234375 2365
10362.466796875 2410
10442.501953125 2414
10530.53515625 2482
10548.23046875 2560
10551.0712890625 2781
10584.041015625 2820
10602.048828125 997
10690.9873046875 1781
10713.1728515625 81
10733.3525390625 229
10797.10546875 440
10869.8447265625 548
10903.0947265625 611
10905.388671875 826
10952.7587890625 834
11027.5751953125 848
11064.08203125 871
11267.1787109375 893
11278.89453125 1231
11290.9931640625 1256
11324.1298828125 1315
11324.3564453125 1458
11352.6328125 1550
11354.6474609375 1671
11356.7314453125 1711
11416.09765625 1815
11445.0986328125 1893
11481.294921875 2312
11512.3759765625 2324
11574.55859375 2385
11582.349609375 2447
11595.40625 2562
11745.013671875 2610
11905.3740234375 2622
11918.3701171875 2853
11934.90625 2924
11936.513671875 2927
11964.7109375 2239
11980.32421875 1362
11999.078125 1926
12028.55078125 2997
12071.427734375 254
12077.8974609375 388
12094.9619140625 465
12122.6767578125 498
12311.9384765625 520
12314.9609375 962
12316.7646484375 981
12340.478515625 1156
12345.7392578125 1652
12346.02734375 2205
12377.189453125 2339
12411.56640625 2417
12429.3466796875 2494
12449.248046875 2687
12467.8212890625 1122
12470.76171875 1670
12555.0322265625 264
12566.3701171875 2173
12579.1572265625 1646
12593.1171875 2396
12650.3486328125 49
12681.71484375 189
12697.43359375 261
12768.232421875 263
12782.7216796875 430
12852.7265625 831
12886.138671875 899
12930.0888671875 1123
12948.990234375 1169
13021.8291015625 1350
13056.658203125 1405
13066.1455078125 1512
13072.169921875 1750
13085.669921875 1769
13092.0732421875 1908
13095.1298828125 1966
13098.58984375 1982
13117.07421875 1993
13155.861328125 2094
13186.916015625 2126
13205.267578125 2141
13241.5927734375 2171
13242.517578125 2174
13303.66015625 2177
13327.6875 2237
13328.43359375 2367
13342.5654296875 2536
13362.0546875 2542
13362.37109375 2582
13364.2099609375 2675
13410.96484375 2703
13436.35546875 1873
13438.626953125 2107
13478.2646484375 1281
13523.1708984375 455
13527.5546875 470
13538.01171875 902
13615.7705078125 926
13646.80078125 967
13673.955078125 1104
13687.5 1225
13698.6552734375 1286
13715.017578125 1506
13781.669921875 1516
13788.2919921875 1599
13788.5185546875 1779
13799.1748046875 1848
13824.5751953125 1867
13850.2021484375 1883
13950.095703125 2063
13968.71484375 2210
13970.7431640625 2246
13971.4892578125 2285
13973.609375 2361
14025.75 2686
14040.2412109375 2700
14112.421875 88
14115.51171875 586
14132.333984375 136
14232.4130859375 1471
14239.03125 226
14302.7158203125 296
14335.244140625 1197
14372.7470703125 1666
14459.646484375 2511
14460.724609375 101
14501.771484375 215
14520.857421875 549
14525.6025390625 550
14546.064453125 573
14574.224609375 1136
14604.951171875 1199
14610.3232421875 1530
14631.9091796875 1581
14631.9912109375 1640
14645.3447265625 1688
14658.501953125 1968
14670.5654296875 2526
14702.0107421875 2571
14704.755859375 2983
14728.1416015625 1787
14775.71875 602
14806.0224609375 1146
14816.970703125 253
14829.00390625 342
14852.6728515625 843
14864.4638671875 1233
14866.556640625 1335
14868.2919921875 1394
14871.9931640625 1737
14943.4130859375 1784
14974.0 1950
14974.0 2025
15063.099609375 2473
15081.68359375 2518
15082.978515625 999
15092.984375 1056
15095.376953125 1900
15103.83203125 1304
15110.1640625 1326
15136.1708984375 2967
15158.171875 1329
15159.671875 50
15194.658203125 318
15250.86328125 389
15260.794921875 478
15280.912109375 491
15359.083984375 580
15385.2607421875 599
15397.09765625 890
15437.541015625 896
15459.13671875 909
15462.2333984375 919
15488.216796875 995
15491.185546875 1273
15550.169921875 1342
15572.158203125 1430
15573.75 1495
15633.65234375 1568
15688.2744140625 1583
15691.982421875 1764
15712.9619140625 1774
15751.5947265625 2065
15758.876953125 2117
15765.37109375 2181
15799.71875 2268
15819.1181640625 2465
15823.2373046875 2664
15853.8173828125 2760
15891.4248046875 2764
15947.923828125 2938
15957.7666015625 2943
15987.03125 1860
16088.8583984375 2880
16130.705078125 1333
16144.67578125 2631
16162.4677734375 146
16173.1337890625 1538
16205.8916015625 21
16208.4765625 34
16230.068359375 200
16242.7841796875 288
16279.1005859375 336
16320.0908203125 385
16323.140625 517
16418.638671875 546
16443.0078125 609
16455.283203125 614
16477.73046875 683
16485.61328125 686
16502.40625 769
16524.076171875 1097
16557.09765625 1221
16584.28125 1322
16603.4609375 1359
16655.94921875 1376
16668.6328125 1686
16672.404296875 1854
16686.3828125 2513
16715.341796875 2553
16738.6953125 2650
16752.880859375 2672
16768.501953125 2911
16788.68359375 78
16845.02734375 2713
16862.484375 2800
16865.92578125 2651
16870.029296875 2970
16870.15234375 1045
16891.625 1068
16924.80078125 2078
16951.314453125 884
16964.8203125 886
17001.45703125 1028
17047.046875 1845
17082.49609375 1932
17083.466796875 2489
17090.890625 90
17114.12109375 153
17161.873046875 240
17171.45703125 256
17186.013671875 531
17192.5625 644
17195.47265625 706
17202.29296875 775
17225.37109375 1163
17226.005859375 1483
17245.375 2114
17264.27734375 2379
17275.501953125 2424
17299.232421875 2433
17306.08984375 2435
17307.228515625 2442
17329.880859375 2683
17353.423828125 2811
17360.318359375 2176
17388.373046875 169
17401.658203125 2207
17407.2578125 1144
17408.46484375 2180
17410.05078125 73
17429.994140625 663
17481.3046875 677
17490.34375 756
17492.83984375 925
17516.177734375 927
17529.806640625 946
17584.1875 996
17600.794921875 1141
17645.99609375 1202
17646.63671875 1251
17684.28125 1457
17685.037109375 1502
17691.873046875 1591
17703.869140625 1733
17703.92578125 1735
17714.82421875 1919
17725.912109375 1933
17727.5703125 1955
17738.318359375 2002
17739.322265625 2335
17751.349609375 2341
17759.384765625 2565
17759.732421875 2695
17809.560546875 2763
17812.009765625 2840
17812.08984375 2422
17816.826171875 1282
17820.38671875 488
17855.767578125 869
17858.703125 2059
17879.763671875 787
17889.205078125 904
17890.1875 137
17904.234375 275
17962.78125 328
17981.25 333
17990.142578125 392
18006.65625 407
18018.041015625 489
18027.4453125 680
18029.037109375 1022
18038.107421875 1290
18043.279296875 1358
18086.4921875 1607
18115.3125 1653
18132.91796875 2024
18136.814453125 2184
18139.056640625 2221
18170.765625 2394
18172.0546875 2427
18175.857421875 2517
18176.81640625 2655
18189.396484375 2704
18193.1953125 2900
18193.455078125 2946
18202.0546875 459
18220.064453125 1408
18222.990234375 1339
18240.96484375 22
18258.2109375 45
18258.72265625 300
18261.978515625 812
18271.68359375 922
18286.37890625 947
18328.359375 975
18332.5 1001
18338.828125 1095
18360.216796875 1275
18387.619140625 1664
18404.16796875 1708
18426.28125 1763
18438.173828125 1766
18447.58984375 1889
18451.5 2077
18534.490234375 2082
18534.55078125 2131
18573.8671875 2315
18595.673828125 2317
18596.61328125 2409
18596.7265625 2608
18623.375 2616
18626.642578125 2649
18633.984375 2819
18650.236328125 2862
18659.326171875 1164
18683.193359375 2213
18685.712890625 1050
18720.203125 979
18736.06640625 1562
18743.048828125 1597
18751.095703125 2334
18765.654296875 587
18797.23828125 630
18800.162109375 777
18806.0859375 1012
18863.173828125 1064
18867.29296875 1082
18870.77734375 1462
18897.0078125 1501
18903.087890625 1654
18931.767578125 1800
18961.58203125 2656
18969.02734375 2884
19011.533203125 1416
19017.544921875 1575
19021.935546875 2889
19034.185546875 445
19043.037109375 30
19045.71875 2484
19047.18359375 38
19119.984375 40
19150.98828125 76
19158.76953125 77
19175.634765625 108
19240.9765625 164
19256.673828125 211
19263.263671875 225
19265.23046875 376
19280.25390625 437
19292.2109375 510
19293.55859375 646
19311.7578125 671
19336.599609375 738
19337.28515625 770
19366.830078125 1434
19380.2734375 1610
19402.140625 1662
19428.931640625 1709
19431.6640625 1998
19444.798828125 2166
19449.42578125 2220
19455.466796875 2238
19455.853515625 2255
19487.0 2345
19492.328125 2510
19501.009765625 2581
19502.162109375 2607
19503.4765625 2807
19528.24609375 1015
19532.69140625 1984
19539.765625 1258
19547.0625 2555
19559.15625 1147
19575.640625 865
19625.357421875 939
19653.693359375 1497
19666.078125 2630
19682.30859375 2752
19691.373046875 457
19698.619140625 309
19700.05078125 316
19727.34375 483
19729.51953125 484
19733.955078125 633
19765.58203125 1026
19776.67578125 1036
19786.12890625 1176
19787.333984375 1423
19810.96875 1485
19816.49609375 1590
19823.4921875 1702
19841.251953125 1759
19847.78515625 1818
19850.833984375 1958
19871.576171875 1963
19890.341796875 1977
19906.822265625 2053
19908.447265625 2056
19931.7421875 2125
19953.830078125 2304
19957.673828125 2356
19978.54296875 2477
19983.84765625 2533
20004.296875 2732
20007.53125 2948
20011.13671875 1601
20030.18359375 2256
20056.93359375 2104
20057.048828125 284
20066.650390625 182
20073.7578125 916
20074.60546875 1667
20088.486328125 1852
20093.423828125 727
20110.134765625 2036
20125.533203125 2772
20150.037109375 130
20154.01171875 219
20179.6640625 394
20191.068359375 405
20194.052734375 634
20194.4609375 856
20242.6328125 983
20266.125 1117
20271.283203125 1386
20297.849609375 1791
20345.51171875 1991
20354.58984375 2060
20372.697265625 2215
20383.30078125 2314
20384.328125 2440
20390.75390625 2467
20418.357421875 2618
20446.501953125 2648
20467.734375 2694
20479.509765625 1772
20483.634765625 818
20504.595703125 2907
20536.62890625 660
20595.537109375 1168
20598.109375 1145
20601.177734375 1476
20607.05078125 1618
20648.03125 655
20661.484375 1592
20683.376953125 2120
20686.408203125 2557
20712.974609375 112
20722.94140625 350
20768.6953125 356
20808.63671875 448
20809.19140625 1500
20833.029296875 1526
20837.275390625 1587
20874.91796875 1881
20888.62109375 1943
20891.3515625 1962
20907.08203125 1995
20924.435546875 2075
20932.017578125 2118
20935.93359375 2309
20957.568359375 2418
21022.666015625 2516
21022.7265625 2588
21042.77734375 2605
21066.34375 2623
21069.056640625 2937
21082.490234375 1005
21104.4609375 110
21144.044921875 2360
21147.37890625 121
21149.23046875 1046
21152.77734375 298
21155.4453125 372
21184.572265625 492
21194.66796875 752
21194.66796875 838
21217.2265625 903
21234.609375 1034
21251.376953125 1128
21263.27734375 1187
21287.658203125 1437
21301.09765625 1488
21305.626953125 1534
21307.087890625 1657
21340.505859375 1678
21350.24609375 1824
21362.26171875 1826
21379.880859375 1941
21392.689453125 1997
21393.8046875 2318
21397.017578125 2327
21404.34375 2362
21410.380859375 2404
21416.79296875 2453
21419.796875 2458
21433.255859375 2496
21435.8515625 2696
21448.13671875 2722
21461.5 2796
21490.115234375 2584
21492.46484375 2872
21495.470703125 2589
21577.0625 2135
21588.529296875 1802
21635.548828125 1853
21637.388671875 1892
21637.9609375 1580
21667.322265625 25
21683.2109375 72
21694.1875 343
21702.984375 710
21717.638671875 755
21722.447265625 885
21726.6171875 1683
21772.7734375 1776
21844.015625 1972
21869.734375 2047
21883.41796875 2138
21894.84375 2185
21900.619140625 2344
21900.630859375 2545
21905.216796875 2573
21916.439453125 2855
21924.75390625 2159
21927.666015625 1067
21978.67578125 371
21979.181640625 243
21995.83203125 1301
22003.74609375 311
22024.201171875 426
22059.486328125 648
22065.052734375 720
22068.322265625 792
22140.31640625 940
22187.134765625 1006
22206.8125 1032
22255.2421875 1160
22300.595703125 1189
22311.29296875 2183
22338.310546875 2190
22338.33984375 2301
22344.876953125 1459
22354.2734375 1649
22357.515625 353
22366.9609375 2706
22392.24609375 1511
22396.232421875 1778
22410.26171875 329
22447.515625 731
22460.34765625 1400
22497.369140625 2070
22499.650390625 1480
22500.994140625 1714
22528.3671875 249
22553.8203125 94
22556.306640625 2823
22576.7890625 471
22594.892578125 473
22605.83203125 747
22615.37890625 915
22652.474609375 921
22652.9609375 993
22681.787109375 1072
22695.248046875 1415
22739.380859375 1541
22741.927734375 1746
22743.26953125 1949
22749.736328125 2079
22757.83984375 2219
22761.3515625 2258
22790.81640625 2413
22803.69140625 2628
22824.50390625 2828
22836.228515625 2903
22837.869140625 2996
22839.3046875 204
22850.51953125 1247
22861.095703125 1410
22872.822265625 1888
22874.55859375 1214
22874.59765625 1658
22924.96875 2587
22927.9296875 380
22951.2109375 688
22969.517578125 1761
23028.33203125 66
23031.0390625 127
23033.966796875 179
23051.7578125 855
23062.830078125 1198
23075.064453125 1250
23119.029296875 1507
23119.794921875 1558
23126.927734375 2007
23160.349609375 2092
23175.119140625 2231
23219.69140625 2384
23245.044921875 2457
23268.955078125 2544
23276.8671875 2717
23282.10546875 2774
23310.5 2794
23321.02734375 2909
23342.673828125 972
23354.353515625 1138
23355.3203125 1442
23382.34375 1137
23393.3203125 102
23425.62890625 667
23434.23046875 1935
23452.857421875 2352
23455.853515625 2887
23460.787109375 427
23483.78515625 1533
23483.78515625 170
23486.7578125 262
23526.041015625 306
23529.154296875 596
23576.3125 805
23581.720703125 849
23604.755859375 850
23617.84765625 965
23686.21875 976
23740.4765625 1058
23755.87890625 1403
23766.435546875 1645
23791.259765625 1999
23792.48828125 2292
23859.3203125 2392
23890.283203125 2403
23908.74609375 2497
23949.421875 2524
23973.1953125 2601
23987.62890625 2652
24002.755859375 2657
24030.71484375 2761
24032.787109375 2839
24048.310546875 2939
24062.31640625 2984
24119.109375 1027
24120.056640625 622
24167.7734375 417
24183.91796875 450
24194.41015625 690
24194.48046875 969
24198.20703125 982
24238.55859375 1040
24257.48046875 1078
24351.09375 1083
24361.89453125 1382
24498.50390625 1391
24508.55078125 1486
24520.26953125 1503
24557.4453125 1547
24591.587890625 1561
24609.38671875 1965
24612.126953125 2026
24631.802734375 2066
24668.162109375 2182
24671.90234375 2245
24735.2265625 2460
24817.3671875 2466
24844.05078125 2540
24936.41796875 2593
24973.3828125 2632
24990.484375 2753
25006.71484375 2759
25010.013671875 2793
25023.802734375 2925
25067.716796875 2152
25076.40234375 762
25096.986328125 2757
25140.91015625 37
25158.091796875 1624
25189.611328125 1271
25224.47265625 2370
25248.896484375 2895
25288.08203125 2411
25355.931640625 67
25373.623046875 150
25382.287109375 171
25403.3359375 195
25493.447265625 363
25521.61328125 522
25571.490234375 657
25576.439453125 701
25585.4140625 760
25594.076171875 811
25627.2734375 874
25627.75390625 875
25640.650390625 1002
25645.75390625 1007
25687.4609375 1023
25731.779296875 1356
25743.62890625 1378
25750.298828125 1489
25772.68359375 1629
25816.84375 2721
25830.208984375 2032
25832.580078125 2259
25859.4375 771
25876.732421875 1543
25883.53125 2241
26040.267578125 1964
26069.62109375 1625
26136.01171875 2693
26172.0859375 222
26173.34765625 258
26205.296875 281
26223.330078125 506
26246.982421875 582
26256.7734375 724
26317.5078125 879
26387.73046875 1003
26633.103515625 1171
26636.537109375 1182
26636.537109375 1588
26664.828125 1685
26739.68359375 1758
26773.197265625 2300
26875.73046875 2310
26946.609375 2705
26984.2421875 2845
27096.462890625 2916
27140.4140625 1811
27145.3828125 2701
27186.984375 421
27187.1953125 1440
27329.7265625 2337
27342.7109375 2531
27350.9296875 18
27586.9453125 29
27734.46875 31
27809.919921875 104
27853.0 274
27855.283203125 321
27892.08203125 370
28031.314453125 375
28063.052734375 562
28086.27734375 914
28245.75390625 944
28248.02734375 1672
28251.08984375 1684
28320.708984375 1825
28401.6953125 1846
28402.310546875 1960
28406.095703125 1976
28562.310546875 2006
28797.52734375 2319
28802.455078125 2405
28854.9140625 2550
28864.0234375 2606
28920.9453125 2768
29166.751953125 1081
29186.3046875 1780
29287.978515625 16
29349.810546875 28
29453.400390625 125
29516.259765625 212
29564.388671875 265
29723.736328125 295
30424.755859375 360
30493.46875 364
30897.52734375 937
31038.92578125 1077
31361.0078125 1101
31453.337890625 1241
32259.880859375 1243
32605.08984375 1307
33275.96484375 1343
33908.5234375 1404
33953.4609375 1418
33966.94140625 1585
34174.27734375 1719
34566.9453125 1822
34572.6875 2009
35332.15234375 2164
35352.5 2214
35654.09765625 2250
35656.18359375 2263
36324.72265625 2342
36498.66015625 2359
36896.04296875 2547
