5664.140625 1027
5897.54052734375 622
5902.0185546875 417
5951.02490234375 450
6000.63525390625 690
6142.857421875 969
6164.2626953125 982
6379.62158203125 1040
6398.38427734375 1078
6408.72802734375 1083
6440.11669921875 1382
6441.30859375 1391
6516.85205078125 1486
6524.2158203125 1503
6564.7919921875 1547
6684.31005859375 1561
6750.1708984375 1965
6754.376953125 2026
6781.552734375 2066
6806.7548828125 2182
6904.91943359375 2245
6928.337890625 2460
7005.1767578125 2466
7268.9306640625 2540
7299.46826171875 2593
7314.5390625 2632
7438.71923828125 2753
7448.57470703125 2759
7452.82470703125 2793
7544.3134765625 2925
7603.06494140625 1446
7603.82275390625 87
7643.2626953125 251
7693.51611328125 527
7709.4091796875 529
7763.02783203125 625
7765.865234375 641
7770.43701171875 693
7828.548828125 873
7833.54150390625 881
7919.931640625 928
7932.23046875 1133
7938.28564453125 1283
8035.92578125 1318
8049.15869140625 1346
8076.4296875 1417
8094.685546875 1720
8134.939453125 1987
8161.10693359375 2226
8167.779296875 2296
8200.9130859375 2515
8202.970703125 2572
8376.0439453125 2669
8404.4267578125 2728
8462.6328125 2734
8471.0986328125 2746
8485.1728515625 2852
8488.0380859375 2866
8496.88671875 2915
8520.9248046875 2949
8570.8720703125 377
8581.7734375 2281
8592.830078125 160
8606.5634765625 1
8648.5673828125 425
8755.435546875 446
8780.845703125 800
8792.5966796875 918
8798.494140625 953
8806.5126953125 985
8809.947265625 986
8852.212890625 1008
8871.0537109375 1043
8913.078125 1270
8918.201171875 1317
8945.0732421875 1435
8957.890625 1548
8973.14453125 1606
8985.30859375 1661
8987.8466796875 1712
8992.1279296875 2010
9013.765625 2088
9029.6650390625 2365
9048.9775390625 2410
9095.498046875 2414
9117.6865234375 2482
9130.4765625 2560
9148.98046875 2781
9154.87109375 2820
9177.5712890625 997
9196.20703125 1781
9306.470703125 81
9314.7294921875 229
9314.7294921875 440
9327.3603515625 548
9357.3388671875 611
9380.3642578125 826
9474.759765625 834
9513.6376953125 848
9525.9306640625 871
9532.388671875 893
9577.7373046875 1231
9582.6533203125 1256
9601.685546875 1315
9615.2568359375 1458
9665.419921875 1550
9690.404296875 1671
9704.673828125 1711
9728.0029296875 1815
9749.8564453125 1893
9750.0048828125 2312
9782.4189453125 2324
9806.5654296875 2385
9815.8994140625 2447
9830.2998046875 2562
9831.6591796875 2610
9838.703125 2622
9897.2421875 2853
9898.53125 2924
9915.3779296875 2927
9924.501953125 2239
9927.1650390625 1362
9932.1904296875 1926
9938.4150390625 2997
9950.0166015625 254
9954.857421875 388
9977.853515625 465
9982.64453125 498
9983.7119140625 520
9989.2880859375 962
10019.4228515625 981
10027.7939453125 1156
10045.013671875 1652
10062.6240234375 2205
10063.876953125 2339
10084.55859375 2417
10119.0107421875 2494
10123.6259765625 2687
10123.861328125 1122
10127.619140625 1670
10139.1513671875 264
10148.263671875 2173
10154.8955078125 1646
10201.986328125 2396
10213.427734375 49
10236.1474609375 189
10237.0 261
10239.87890625 263
10253.94921875 430
10268.716796875 831
10274.890625 899
10292.0068359375 1123
10296.3203125 1169
10304.21875 1350
10304.4453125 1405
10340.6796875 1512
10342.4794921875 1750
10346.314453125 1769
10361.84375 1908
10362.2734375 1966
10382.7431640625 1982
10390.037109375 1993
10396.0224609375 2094
10397.8359375 2126
10403.9638671875 2141
10406.728515625 2171
10416.2734375 2174
10422.9140625 2177
10436.34375 2237
10437.953125 2367
10468.525390625 2536
10474.0185546875 2542
10477.037109375 2582
10478.3955078125 2675
10484.87890625 2703
10488.888671875 1873
10507.3828125 2107
10509.853515625 1281
10511.0302734375 455
10527.6494140625 470
10546.486328125 902
10557.9697265625 926
10567.775390625 967
10569.5634765625 1104
10584.0947265625 1225
10594.08203125 1286
10599.3232421875 1506
10608.26171875 1516
10613.6689453125 1599
10671.91015625 1779
10673.9228515625 1848
10695.67578125 1867
10698.87890625 1883
10701.052734375 2063
10703.7314453125 2210
10704.5615234375 2246
10730.08984375 2285
10735.09765625 2361
10766.0478515625 2686
10770.2666015625 2700
10790.169921875 88
10791.5048828125 586
10793.87890625 136
10813.4453125 1471
10816.98828125 226
10838.33203125 296
10838.3408203125 1197
10844.505859375 1666
10847.48046875 2511
10849.35546875 101
10862.166015625 215
10869.404296875 549
10869.53125 550
10874.1171875 573
10876.859375 1136
10883.2724609375 1199
10886.6474609375 1530
10887.046875 1581
10894.7509765625 1640
10895.154296875 1688
10910.3837890625 1968
10913.48046875 2526
10913.48046875 2571
10915.4189453125 2983
10923.6005859375 1787
10923.6005859375 602
10930.5048828125 1146
10935.7919921875 253
10945.8994140625 342
10952.1337890625 843
10956.470703125 1233
10965.4228515625 1335
10965.96875 1394
10978.5712890625 1737
10979.53515625 1784
10982.490234375 1950
10998.333984375 2025
11025.8662109375 2473
11033.138671875 2518
11040.58984375 999
11048.7724609375 1056
11050.1884765625 1900
11068.396484375 1304
11069.8310546875 1326
11076.92578125 2967
11112.3095703125 1329
11121.2802734375 50
11126.71484375 318
11141.7939453125 389
11154.953125 478
11160.5400390625 491
11167.708984375 580
11176.1044921875 599
11191.3671875 890
11256.580078125 896
11257.1669921875 909
11267.6611328125 919
11273.134765625 995
11276.736328125 1273
11294.9912109375 1342
11298.1416015625 1430
11300.58203125 1495
11302.0849609375 1568
11303.181640625 1583
11307.2080078125 1764
11307.806640625 1774
11319.6025390625 2065
11321.1328125 2117
11330.587890625 2181
11331.0927734375 2268
11332.3935546875 2465
11358.130859375 2664
11365.73828125 2760
11373.3740234375 2764
11376.96875 2938
11391.818359375 2943
11400.091796875 1860
11403.9453125 2880
11412.4345703125 1333
11430.51953125 2631
11436.2666015625 146
11437.03125 1538
11441.3349609375 21
11450.5634765625 34
11459.5546875 200
11459.583984375 288
11471.9873046875 336
11486.1376953125 385
11495.4013671875 517
11496.8720703125 546
11500.5361328125 609
11500.966796875 614
11519.34765625 683
11522.912109375 686
11531.4521484375 769
11536.94140625 1097
11576.8759765625 1221
11583.408203125 1322
11619.0205078125 1359
11625.654296875 1376
11628.8994140625 1686
11631.9765625 1854
11636.826171875 2513
11643.1416015625 2553
11645.974609375 2650
11647.8759765625 2672
11658.9814453125 2911
11671.6787109375 78
11673.7724609375 2713
11686.203125 2800
11700.580078125 2651
11701.9296875 2970
11708.8916015625 1045
11728.6708984375 1068
11746.0419921875 2078
11755.2265625 884
11758.3681640625 886
11763.0634765625 1028
11767.216796875 1845
11776.1533203125 1932
11785.515625 2489
11789.6298828125 90
11820.7275390625 153
11821.9296875 240
11823.5 256
11826.8623046875 531
11826.8974609375 644
11830.275390625 706
11834.23828125 775
11841.5537109375 1163
11864.345703125 1483
11865.1630859375 2114
11879.875 2379
11931.1787109375 2424
11934.537109375 2433
11942.9501953125 2435
11953.794921875 2442
11957.2890625 2683
11964.2421875 2811
11968.861328125 2176
11969.1240234375 169
11974.1953125 2207
11984.53125 1144
11985.873046875 2180
11987.51171875 73
11995.2646484375 663
12012.7568359375 677
12021.228515625 756
12031.2841796875 925
12033.177734375 927
12036.0205078125 946
12039.865234375 996
12040.8916015625 1141
12053.87890625 1202
12066.2216796875 1251
12068.634765625 1457
12094.51171875 1502
12094.5654296875 1591
12100.1953125 1733
12105.4482421875 1735
12111.603515625 1919
12115.5634765625 1933
12120.5830078125 1955
12123.9853515625 2002
12148.265625 2335
12154.9189453125 2341
12172.36328125 2565
12176.0615234375 2695
12178.9892578125 2763
12187.8994140625 2840
12215.7802734375 2422
12227.712890625 1020
12230.0390625 640
12231.791015625 59
12267.2431640625 177
12272.7392578125 191
12277.7080078125 575
12293.806640625 687
12296.1513671875 934
12301.7841796875 1119
12302.82421875 1529
12304.4228515625 1697
12305.8486328125 1810
12306.3291015625 1831
12308.1015625 2354
12309.3134765625 2528
12316.552734375 2679
12316.9619140625 2712
12321.9189453125 2747
12332.341796875 2809
12336.6220703125 2821
12353.84765625 2842
12360.8720703125 2860
12365.7392578125 2906
12366.3017578125 2994
12373.1689453125 186
12378.6640625 223
12393.203125 1594
12398.5537109375 410
12412.19921875 631
12416.658203125 132
12417.8583984375 2576
12431.1884765625 1282
12435.1845703125 488
12452.16015625 869
12456.0654296875 2059
12458.4560546875 787
12459.021484375 904
12462.34375 137
12463.400390625 275
12464.9765625 328
12469.4296875 333
12497.0234375 392
12504.451171875 407
12511.6650390625 489
12528.482421875 680
12549.810546875 1022
12623.3583984375 1290
12627.58203125 1358
12627.58203125 1607
12632.0244140625 1653
12665.2890625 2024
12673.017578125 2184
12678.3818359375 2221
12727.05078125 2394
12733.5595703125 2427
12737.2333984375 2517
12743.7080078125 2655
12751.916015625 2704
12755.6494140625 2900
12759.609375 2946
12771.482421875 459
12772.560546875 1408
12775.111328125 1339
12780.84765625 22
12790.3984375 45
12790.962890625 300
12795.8486328125 812
12796.939453125 922
12809.1484375 947
12830.15234375 975
12834.109375 1001
12834.9765625 1095
12835.2763671875 1275
12835.3466796875 1664
12836.615234375 1708
12839.892578125 1763
12848.3525390625 1766
12848.7333984375 1889
12867.6162109375 2077
12875.3505859375 2082
12883.37890625 2131
12892.36328125 2315
12917.9033203125 2317
12920.416015625 2409
12940.455078125 2608
12941.0419921875 2616
12949.869140625 2649
12953.71875 2819
12953.8974609375 2862
12954.4423828125 1164
12957.23046875 2213
12964.5771484375 1050
12968.8408203125 979
12971.9765625 1562
12976.625 1597
12986.025390625 2334
13001.6142578125 587
13008.0751953125 630
13014.8984375 777
13031.5126953125 1012
13034.6728515625 1064
13042.849609375 1082
13046.0830078125 1462
13056.6953125 1501
13063.0244140625 1654
13068.4873046875 1800
13078.712890625 2656
13082.2763671875 2884
13085.49609375 1416
13103.1123046875 1575
13103.6796875 2889
13106.423828125 445
13122.7763671875 30
13122.7763671875 2484
13128.400390625 38
13137.7548828125 40
13167.7724609375 76
13172.2587890625 77
13176.59765625 108
13177.0224609375 164
13181.11328125 211
13198.7919921875 225
13199.650390625 376
13201.3486328125 437
13201.56640625 510
13212.140625 646
13215.78125 671
13221.798828125 738
13235.69140625 770
13253.3193359375 1434
13284.1650390625 1610
13284.962890625 1662
13288.1572265625 1709
13305.859375 1998
13309.0546875 2166
13311.3193359375 2220
13321.32421875 2238
13344.255859375 2255
13345.9755859375 2345
13348.853515625 2510
13358.099609375 2581
13358.6435546875 2607
13403.576171875 2807
13405.1796875 1015
13408.662109375 1984
13431.2421875 1258
13432.083984375 2555
13435.0087890625 1147
13450.3935546875 865
13450.994140625 939
13455.462890625 1497
13462.349609375 2630
13472.8427734375 2752
13475.076171875 457
13499.361328125 309
13502.587890625 316
13516.412109375 483
13525.0947265625 484
13527.060546875 633
13541.767578125 1026
13546.5595703125 1036
13547.2255859375 1176
13548.30078125 1423
13556.09375 1485
13568.392578125 1590
13579.5419921875 1702
13580.884765625 1759
13605.01953125 1818
13606.515625 1958
13614.7890625 1963
13616.6171875 1977
13628.6865234375 2053
13651.83203125 2056
13651.83203125 2125
13665.001953125 2304
13666.716796875 2356
13677.150390625 2477
13715.73828125 2533
13715.939453125 2732
13718.7255859375 2948
13718.8701171875 1601
13722.677734375 2256
13727.5576171875 2104
13731.291015625 284
13736.13671875 182
13751.1220703125 916
13756.42578125 1667
13768.5771484375 1852
13788.4072265625 727
13790.0126953125 2036
13806.64453125 2772
13815.658203125 130
13820.1064453125 219
13820.638671875 394
13838.5634765625 405
13847.83984375 634
13853.94140625 856
13861.4736328125 983
13867.650390625 1117
13883.46875 1386
13899.666015625 1791
13930.3916015625 1991
13937.763671875 2060
13960.9873046875 2215
13964.3134765625 2314
13980.83984375 2440
13988.3505859375 2467
13993.4287109375 2618
13993.4287109375 2648
13993.4609375 2694
13993.703125 1772
13993.861328125 818
14009.908203125 2907
14028.1318359375 660
14047.328125 1168
14056.703125 1145
14063.8857421875 1476
14066.1572265625 1618
14072.6669921875 655
14080.658203125 1592
14089.7470703125 2120
14096.2724609375 2557
14097.7392578125 112
14113.8271484375 350
14114.0 356
14120.619140625 448
14138.4384765625 1500
14145.466796875 1526
14161.6025390625 1587
14174.2646484375 1881
14178.447265625 1943
14187.87109375 1962
14202.34375 1995
14202.34375 2075
14215.0458984375 2118
14233.7978515625 2309
14241.8251953125 2418
14250.4853515625 2516
14257.2353515625 2588
14262.26171875 2605
14268.3837890625 2623
14270.4697265625 2937
14279.9794921875 1005
14288.517578125 110
14297.724609375 2360
14311.5615234375 121
14324.228515625 1046
14328.697265625 298
14334.583984375 372
14336.734375 492
14337.9501953125 752
14337.9501953125 838
14344.7919921875 903
14379.2744140625 1034
14381.0703125 1128
14387.736328125 1187
14390.3173828125 1437
14392.5751953125 1488
14392.875 1534
14401.41796875 1657
14406.2177734375 1678
14411.5068359375 1824
14414.654296875 1826
14423.119140625 1941
14435.1064453125 1997
14452.5751953125 2318
14461.01953125 2327
14507.2490234375 2362
14518.5732421875 2404
14522.28515625 2453
14529.2294921875 2458
14530.15234375 2496
14540.341796875 2696
14553.25 2722
14572.4365234375 2796
14578.2978515625 2584
14584.2431640625 2872
14587.779296875 2589
14588.14453125 2135
14603.6845703125 1802
14637.9453125 1853
14660.234375 1892
14694.6015625 1580
14696.294921875 25
14702.357421875 72
14726.9404296875 343
14736.9404296875 710
14743.9658203125 755
14747.5693359375 885
14766.09765625 1683
14766.4306640625 1776
14789.189453125 1972
14806.3115234375 2047
14806.3349609375 2138
14833.826171875 2185
14838.2607421875 2344
14839.337890625 2545
14860.6875 2573
14874.978515625 2855
14875.669921875 2159
14883.5673828125 1067
14892.08203125 371
14893.08203125 243
14896.8115234375 1301
14903.5859375 311
14932.8466796875 426
14940.994140625 648
14959.75390625 720
14981.1875 792
14988.6640625 940
15016.6796875 1006
15075.0693359375 1032
15130.189453125 1160
15131.26171875 1189
15149.326171875 2183
15174.619140625 2190
15180.2451171875 2301
15181.341796875 1459
15196.9248046875 1649
15211.556640625 353
15231.759765625 2706
15248.169921875 1511
15250.5615234375 1778
15256.44140625 329
15273.4052734375 731
15287.8779296875 1400
15288.9423828125 2070
15298.9765625 1480
15299.736328125 1714
15299.8525390625 249
15303.87109375 94
15313.640625 2823
15339.943359375 471
15340.603515625 473
15348.9033203125 747
15349.20703125 915
15351.181640625 921
15361.548828125 993
15371.44140625 1072
15380.615234375 1415
15412.18359375 1541
15442.7666015625 1746
15462.4169921875 1949
15502.876953125 2079
15516.671875 2219
15537.078125 2258
15555.974609375 2413
15563.4697265625 2628
15582.0625 2828
15594.630859375 2903
15609.1103515625 2996
15660.267578125 204
15664.09765625 1247
15697.6650390625 1410
15714.3642578125 1888
15734.841796875 1214
15740.623046875 1658
15742.875 2587
15763.021484375 380
15768.43359375 688
15783.41015625 1761
15794.943359375 66
15839.791015625 127
15846.763671875 179
15853.244140625 855
15864.2890625 1198
15884.14453125 1250
15899.087890625 1507
15917.201171875 1558
15936.0634765625 2007
15936.1328125 2092
15952.486328125 2231
15954.0400390625 2384
15961.978515625 2457
15984.2890625 2544
16001.1513671875 2717
16009.650390625 2774
16023.515625 2794
16056.2373046875 2909
16061.638671875 972
16080.3037109375 1138
16088.07421875 1442
16104.4306640625 1137
16169.4609375 102
16173.7958984375 667
16179.322265625 1935
16184.6884765625 2352
16203.4560546875 2887
16233.103515625 427
16273.603515625 1533
16278.4716796875 170
16298.416015625 262
16312.72265625 306
16324.3984375 596
16346.0517578125 805
16369.6884765625 849
16375.2275390625 850
16437.78515625 965
16466.908203125 976
16472.521484375 1058
16472.673828125 1403
16476.59375 1645
16487.04296875 1999
16487.3828125 2292
16543.5546875 2392
16570.912109375 2403
16580.8046875 2497
16585.697265625 2524
16605.626953125 2601
16616.244140625 2652
16628.625 2657
16659.5859375 2761
16690.96484375 2839
16723.376953125 2939
16817.0234375 2984
16827.595703125 2152
16836.544921875 762
16875.044921875 2757
16927.6796875 37
16927.931640625 1624
16946.115234375 1271
17009.37890625 2370
17038.603515625 2895
17039.88671875 2411
17048.109375 67
17068.166015625 150
17082.34765625 171
17109.552734375 195
17144.03125 363
17179.900390625 522
17186.865234375 657
17209.37109375 701
17230.06640625 760
17246.666015625 811
17296.400390625 874
17309.78125 875
17340.16796875 1002
17418.064453125 1007
17489.611328125 1023
17508.91015625 1356
17547.625 1378
17589.1640625 1489
17592.505859375 1629
17599.748046875 2721
17654.21875 2032
17686.677734375 2259
17692.443359375 771
17871.3515625 1543
17962.41015625 2241
17983.107421875 1964
18000.48828125 1625
18009.8203125 2693
18014.853515625 222
18024.603515625 258
18066.30078125 281
18234.443359375 506
18243.369140625 582
18362.3046875 724
18380.7578125 879
18430.9765625 1003
18436.8515625 1171
18455.443359375 1182
18481.818359375 1588
18488.205078125 1685
18560.732421875 1758
18565.572265625 2300
18576.09375 2310
18598.453125 2705
18609.708984375 2845
18680.798828125 2916
18723.48828125 1811
18791.8671875 2701
18858.23046875 421
18863.03515625 1440
18873.388671875 2337
18922.8671875 2531
19053.875 18
19130.09375 29
19184.994140625 31
19223.8125 104
19236.0546875 274
19239.103515625 321
19242.255859375 370
19254.419921875 375
19283.03515625 562
19316.103515625 914
19337.265625 944
19348.6328125 1672
19401.8125 1684
19404.986328125 1825
19420.61328125 1846
19536.806640625 1960
19706.158203125 1976
19714.2265625 2006
19736.97265625 2319
19829.888671875 2405
19858.572265625 2550
19871.1484375 2606
20035.453125 2768
20068.5625 1081
20116.767578125 1780
20144.3359375 16
20289.904296875 28
20328.4609375 125
20456.150390625 212
20471.29296875 265
20540.3828125 295
20677.51953125 360
20966.390625 364
21354.7578125 937
21518.044921875 1077
21719.33203125 1101
21901.69921875 1241
22230.0234375 1243
22778.51953125 1307
22808.740234375 1343
23281.828125 1404
23768.580078125 1418
23871.833984375 1585
24131.98828125 1719
25108.099609375 1822
25303.7890625 2009
25340.9453125 2164
25706.455078125 2214
25926.9765625 2250
26411.55859375 2263
27800.126953125 2342
30054.474609375 2359
31412.830078125 2547
