7276.5927734375 1281
7475.16064453125 455
7640.68505859375 470
7668.0380859375 902
7750.61572265625 926
7786.58203125 967
7885.11474609375 1104
8230.919921875 1225
8268.8564453125 1286
8355.15625 1506
8434.2939453125 1516
8472.00390625 1599
8479.7685546875 1779
8508.1865234375 1848
8633.2666015625 1867
8716.8857421875 1883
8745.37109375 2063
8749.3828125 2210
8779.3525390625 2246
8843.146484375 2285
8920.3623046875 2361
8990.478515625 2686
9029.11328125 2700
9031.8125 88
9084.3916015625 586
9171.955078125 136
9212.44921875 1471
9286.0458984375 226
9289.6826171875 296
9291.7607421875 1197
9292.2421875 1666
9293.048828125 1446
9349.24609375 87
9384.060546875 251
9386.3505859375 527
9402.0771484375 529
9406.74609375 625
9429.822265625 641
9453.2294921875 693
9474.7890625 873
9489.318359375 881
9553.06640625 928
9561.6533203125 1133
9563.6552734375 1283
9569.3046875 1318
9578.51953125 1346
9588.375 1417
9622.79296875 1720
9633.0234375 1987
9636.826171875 2226
9666.810546875 2296
9680.125 2515
9705.4072265625 2572
9722.265625 2669
9758.2314453125 2728
9762.033203125 2734
9807.232421875 2746
9820.4091796875 2852
9824.9892578125 2866
9853.291015625 2915
9914.869140625 2949
9920.1640625 377
9927.875 2281
9953.1865234375 160
9963.3583984375 1
9967.4951171875 425
10014.181640625 446
10018.927734375 800
10024.693359375 918
10031.6875 953
10032.1044921875 985
10049.501953125 986
10050.447265625 1008
10061.6435546875 1043
10076.1884765625 1270
10077.1279296875 1317
10078.3974609375 1435
10078.7958984375 1548
10087.4599609375 1606
10119.25 1661
10158.134765625 1712
10165.33203125 2010
10166.0400390625 2088
10195.2900390625 2365
10225.0634765625 2410
10226.43359375 2414
10237.04296875 2482
10261.50390625 2560
10273.52734375 2781
10273.9638671875 2820
10286.8828125 997
10317.109375 1781
10325.1787109375 81
10342.2587890625 229
10351.6162109375 440
10354.6494140625 548
10367.3056640625 611
10374.5244140625 826
10379.6416015625 834
10391.083984375 848
10393.01953125 871
10397.943359375 893
10404.2236328125 1231
10404.962890625 1256
10414.748046875 1315
10418.587890625 1458
10423.9462890625 1550
10432.4091796875 1671
10433.0234375 1711
10447.0390625 1815
10450.685546875 1893
10462.8896484375 2312
10465.783203125 2324
10469.294921875 2385
10484.9013671875 2447
10496.0556640625 2562
10501.6904296875 2610
10514.720703125 2622
10516.4619140625 2853
10536.443359375 2924
10580.013671875 2927
10590.650390625 2239
10592.1845703125 1362
10593.8740234375 1926
10622.373046875 2997
10624.9013671875 254
10671.427734375 388
10674.1484375 465
10691.28515625 498
10724.435546875 520
10726.6708984375 962
10763.3427734375 981
10770.04296875 1156
10792.6982421875 1652
10796.353515625 2205
10807.099609375 2339
10810.41796875 2417
10815.6689453125 2494
10831.60546875 2687
10841.837890625 1122
10847.11328125 1670
10848.7451171875 264
10859.7587890625 2173
10869.0830078125 1646
10873.5078125 2396
10886.923828125 49
10896.669921875 189
10917.759765625 261
10953.740234375 263
10953.740234375 430
10958.2451171875 831
10960.4677734375 899
10981.73828125 1123
10988.8994140625 1169
10991.578125 1350
10996.880859375 1405
11000.5810546875 1512
11011.0693359375 1750
11011.92578125 1769
11015.091796875 1908
11015.716796875 1966
11033.5009765625 1982
11038.5751953125 1993
11048.494140625 2094
11076.1162109375 2126
11081.1259765625 2141
11082.9130859375 2171
11088.453125 2174
11094.5966796875 2177
11100.96875 2237
11117.2978515625 2367
11117.37109375 2536
11122.1962890625 2542
11130.328125 2582
11131.63671875 2675
11140.3037109375 2703
11142.134765625 1873
11146.259765625 2107
11163.17578125 2511
11196.8994140625 101
11204.2783203125 215
11211.095703125 549
11213.3486328125 550
11220.611328125 573
11230.755859375 1136
11235.5224609375 1199
11241.2978515625 1530
11259.041015625 1581
11265.6025390625 1640
11288.8193359375 1688
11324.1220703125 1968
11325.2021484375 2526
11336.4462890625 2571
11342.2451171875 2983
11346.26171875 1787
11348.0283203125 602
11354.7275390625 1146
11358.32421875 253
11360.126953125 342
11363.421875 843
11373.51953125 1233
11374.3671875 1335
11375.4091796875 1394
11393.267578125 1737
11396.8779296875 1784
11398.08203125 1950
11414.70703125 2025
11424.5244140625 2473
11425.7001953125 2518
11432.126953125 999
11433.888671875 1056
11434.0087890625 1900
11446.337890625 1304
11449.6982421875 1326
11458.2607421875 2967
11467.17578125 1329
11469.814453125 50
11488.236328125 318
11492.146484375 389
11493.05078125 478
11506.7509765625 491
11507.88671875 580
11515.4423828125 599
11517.5966796875 890
11525.5732421875 896
11528.9306640625 909
11536.0966796875 919
11536.5166015625 995
11540.1826171875 1273
11540.283203125 1342
11550.830078125 1430
11553.8642578125 1495
11558.5751953125 1568
11561.884765625 1583
11563.86328125 1764
11598.595703125 1774
11603.3212890625 2065
11610.00390625 2117
11632.015625 2181
11634.20703125 2268
11639.47265625 2465
11646.400390625 2664
11654.7177734375 2760
11657.0732421875 2764
11660.8935546875 2938
11673.3955078125 2943
11675.982421875 1860
11681.2734375 2880
11691.62890625 1333
11691.833984375 2631
11698.064453125 146
11709.05078125 1538
11711.4189453125 21
11713.1337890625 34
11713.44140625 200
11727.3935546875 288
11730.61328125 336
11740.255859375 385
11749.06640625 517
11762.1015625 546
11784.0380859375 609
11793.9765625 614
11794.2880859375 683
11801.5078125 686
11808.2978515625 769
11809.021484375 1097
11813.349609375 1221
11813.349609375 1322
11816.359375 1359
11830.40234375 1376
11840.3984375 1686
11840.7880859375 1854
11844.3994140625 2513
11852.4765625 2553
11860.6396484375 2650
11866.4775390625 2672
11872.958984375 2911
11895.3759765625 78
11918.443359375 2713
11924.931640625 2800
11931.875 2651
11932.451171875 2970
11945.1025390625 1045
11968.8017578125 1068
11973.337890625 2078
11989.5068359375 884
11992.216796875 886
11993.142578125 1028
11994.0390625 1845
11995.3857421875 1932
12017.611328125 2489
12029.154296875 90
12030.193359375 153
12033.8115234375 240
12039.70703125 256
12044.9208984375 531
12045.4521484375 644
12074.3349609375 706
12079.5595703125 775
12097.078125 1163
12098.9111328125 1483
12101.0546875 2114
12114.849609375 2379
12124.2021484375 2424
12131.0625 2433
12134.8056640625 2435
12140.2822265625 2442
12140.962890625 2683
12148.7294921875 2811
12149.833984375 2176
12160.078125 169
12162.41796875 2207
12167.271484375 1144
12167.515625 2180
12170.3720703125 73
12172.59375 663
12183.91015625 677
12184.9140625 756
12193.9658203125 925
12195.5791015625 927
12206.005859375 946
12211.59765625 996
12213.2841796875 1141
12229.154296875 1202
12235.2666015625 1251
12245.9404296875 1457
12257.666015625 1502
12282.6875 1591
12282.8359375 1733
12283.396484375 1735
12283.857421875 1919
12285.8623046875 1933
12294.9326171875 1955
12294.9892578125 2002
12299.4306640625 2335
12304.8857421875 2341
12323.673828125 2565
12324.3984375 2695
12333.0400390625 2763
12335.765625 2840
12343.9365234375 2422
12345.015625 1020
12346.076171875 640
12348.5087890625 59
12358.884765625 177
12365.609375 191
12378.5361328125 575
12378.908203125 687
12407.94921875 934
12408.669921875 1119
12409.0859375 1529
12442.365234375 1697
12451.986328125 1810
12467.943359375 1831
12477.759765625 2354
12486.0859375 2528
12496.810546875 2679
12501.5595703125 2712
12506.9404296875 2747
12507.134765625 2809
12507.3212890625 2821
12513.1240234375 2842
12515.845703125 2860
12518.5283203125 2906
12527.546875 2994
12534.9658203125 186
12540.05078125 223
12542.6240234375 1594
12549.0615234375 410
12577.529296875 631
12579.3466796875 132
12580.6640625 2576
12581.8974609375 1282
12591.15625 488
12600.654296875 869
12606.1943359375 2059
12613.0908203125 787
12614.2470703125 904
12617.7607421875 137
12622.5537109375 275
12633.98046875 328
12652.544921875 333
12663.4296875 392
12666.6875 407
12670.361328125 489
12680.982421875 680
12690.8212890625 1022
12699.5537109375 1290
12711.1953125 1358
12723.2666015625 1607
12727.697265625 1653
12728.541015625 2024
12729.6806640625 2184
12742.22265625 2221
12745.5146484375 2394
12745.888671875 2427
12753.4091796875 2517
12754.2900390625 2655
12762.978515625 2704
12766.9619140625 2900
12783.66015625 2946
12786.6171875 459
12789.896484375 1408
12794.947265625 1339
12800.568359375 22
12838.5576171875 45
12838.609375 300
12843.18359375 812
12845.78515625 922
12868.845703125 947
12871.177734375 975
12877.701171875 1001
12880.57421875 1095
12885.3525390625 1275
12891.9912109375 1664
12897.3828125 1708
12900.4375 1763
12903.974609375 1766
12914.5361328125 1889
12916.3056640625 2077
12923.2578125 2082
12953.7431640625 2131
12954.302734375 2315
12954.6513671875 2317
12974.18359375 2409
13011.9013671875 2608
13012.8095703125 2616
13013.365234375 2649
13021.2685546875 2819
13021.2685546875 2862
13045.630859375 1164
13048.896484375 2213
13067.7333984375 1050
13069.7001953125 979
13070.6943359375 1562
13070.94140625 1597
13070.9658203125 2334
13072.09375 587
13083.01171875 630
13083.412109375 777
13084.5068359375 1012
13106.802734375 1064
13126.623046875 1082
13132.748046875 1462
13159.9541015625 1501
13165.494140625 1654
13200.5244140625 1800
13200.837890625 2656
13202.919921875 2884
13215.4560546875 1416
13233.291015625 1575
13236.9111328125 2889
13255.326171875 445
13288.779296875 30
13291.109375 2484
13291.109375 38
13305.9208984375 40
13319.6416015625 76
13322.48828125 77
13323.2265625 108
13325.5244140625 164
13330.0322265625 211
13336.0322265625 225
13349.03125 376
13355.5068359375 437
13356.0927734375 510
13361.2890625 646
13366.0791015625 671
13407.5986328125 738
13420.26953125 770
13421.0859375 1434
13428.4228515625 1610
13437.5546875 1662
13439.49609375 1709
13450.0205078125 1998
13462.8037109375 2166
13465.51171875 2220
13473.294921875 2238
13473.294921875 2255
13477.931640625 2345
13505.7177734375 2510
13506.6708984375 2581
13510.1953125 2607
13517.29296875 2807
13525.169921875 1015
13528.880859375 1984
13529.6767578125 1258
13535.443359375 2555
13535.869140625 1147
13538.93359375 865
13545.9873046875 939
13552.115234375 1497
13564.880859375 2630
13576.6787109375 2752
13577.1025390625 457
13590.98046875 309
13591.4970703125 316
13593.01171875 483
13598.814453125 484
13617.3525390625 633
13628.5400390625 1026
13630.6005859375 1036
13638.7646484375 1176
13641.3173828125 1423
13644.76171875 1485
13645.5625 1590
13660.9951171875 1702
13674.2890625 1759
13674.8251953125 1818
13676.0791015625 1958
13682.068359375 1963
13696.662109375 1977
13712.2421875 2053
13712.3671875 2056
13712.59375 2125
13746.04296875 2304
13771.205078125 2356
13788.1904296875 2477
13820.7939453125 2533
13828.7294921875 2732
13829.2080078125 2948
13833.87109375 1601
13857.8564453125 2256
13878.58984375 2104
13895.6142578125 284
13906.318359375 182
13924.296875 916
13934.1669921875 1667
13974.9462890625 1852
13987.9765625 727
13995.8408203125 2036
14012.876953125 2772
14024.9072265625 130
14033.5087890625 219
14056.3818359375 394
14056.728515625 405
14058.05859375 634
14058.328125 856
14071.70703125 983
14075.5927734375 1117
14079.548828125 1386
14081.6650390625 1791
14082.43359375 1991
14089.6904296875 2060
14101.443359375 2215
14105.234375 2314
14108.8427734375 2440
14112.03125 2467
14121.1181640625 2618
14157.39453125 2648
14165.6865234375 2694
14171.2666015625 1772
14188.125 818
14190.275390625 2907
14191.232421875 660
14198.0546875 1168
14231.052734375 1145
14231.552734375 1476
14255.380859375 1618
14264.373046875 655
14270.041015625 1592
14276.939453125 2120
14340.302734375 2557
14340.580078125 112
14345.91796875 350
14348.685546875 356
14361.458984375 448
14363.8173828125 1500
14403.8046875 1526
14404.9921875 1587
14410.6572265625 1881
14431.6220703125 1943
14433.396484375 1962
14455.3291015625 1995
14455.462890625 2075
14456.783203125 2118
14475.2685546875 2309
14478.439453125 2418
14485.720703125 2516
14501.1630859375 2588
14501.96484375 2605
14516.7802734375 2623
14527.068359375 2937
14538.875 1005
14577.34375 110
14580.1005859375 2360
14583.3115234375 121
14586.798828125 1046
14615.6142578125 298
14617.67578125 372
14626.09375 492
14635.7568359375 752
14638.302734375 838
14638.392578125 903
14645.4248046875 1034
14658.1201171875 1128
14662.5703125 1187
14666.4248046875 1437
14691.99609375 1488
14702.29296875 1534
14748.4580078125 1657
14758.35546875 1678
14761.130859375 1824
14796.8427734375 1826
14798.0361328125 1941
14806.2783203125 1997
14823.6201171875 2318
14825.3818359375 2327
14844.2744140625 2362
14844.5703125 2404
14860.0126953125 2453
14865.0537109375 2458
14877.05859375 2496
14901.0009765625 2696
14909.234375 2722
14928.7158203125 2796
14954.998046875 2584
14978.4287109375 2872
14984.314453125 2589
14985.8916015625 2135
14986.458984375 1802
14993.921875 1853
15023.0458984375 1892
15044.30078125 1580
15059.9765625 25
15084.5546875 72
15091.9873046875 343
15098.3984375 710
15104.220703125 755
15114.3837890625 885
15120.34375 1683
15137.3017578125 1776
15155.37890625 1972
15165.19140625 2047
15169.912109375 2138
15177.201171875 2185
15189.3603515625 2344
15199.3916015625 2545
15215.2060546875 2573
15238.4150390625 2855
15241.583984375 2159
15246.6064453125 1067
15264.8818359375 371
15268.767578125 243
15271.306640625 1301
15313.5244140625 311
15313.99609375 426
15332.3857421875 648
15349.330078125 720
15350.2138671875 792
15369.2275390625 940
15388.1689453125 1006
15391.6298828125 1032
15397.6357421875 1160
15412.197265625 1189
15424.7177734375 2183
15454.8720703125 2190
15463.90234375 2301
15465.09765625 1459
15465.505859375 1649
15466.837890625 353
15511.2548828125 2706
15515.376953125 1511
15522.4873046875 1778
15582.6845703125 329
15584.2734375 731
15616.759765625 1400
15623.1259765625 2070
15628.39453125 1480
15641.7490234375 1714
15654.5029296875 249
15656.6611328125 94
15661.44921875 2823
15676.1943359375 471
15716.841796875 473
15732.962890625 747
15804.298828125 915
15813.365234375 921
15813.509765625 993
15832.607421875 1072
15837.041015625 1415
15839.0048828125 1541
15844.6044921875 1746
15858.3994140625 1949
15875.0419921875 2079
15937.2587890625 2219
15951.67578125 2258
15965.0576171875 2413
15978.53515625 2628
16011.060546875 2828
16053.6259765625 2903
16073.4619140625 2996
16090.580078125 204
16099.7265625 1247
16121.1865234375 1410
16140.529296875 1888
16148.29296875 1214
16165.9443359375 1658
16183.1728515625 2587
16204.5380859375 380
16215.0693359375 688
16223.7119140625 1761
16245.7734375 66
16265.1015625 127
16265.1015625 179
16294.408203125 855
16346.2431640625 1198
16359.8642578125 1250
16366.04296875 1507
16366.04296875 1558
16369.2490234375 2007
16374.8544921875 2092
16395.6484375 2231
16442.716796875 2384
16457.658203125 2457
16466.54296875 2544
16492.337890625 2717
16503.142578125 2774
16509.912109375 2794
16541.80859375 2909
16593.794921875 972
16655.37109375 1138
16663.95703125 1442
16665.41015625 1137
16687.796875 102
16701.822265625 667
16771.2734375 1935
16794.048828125 2352
16804.4375 2887
16823.7109375 427
16832.626953125 1533
16838.5625 170
16865.109375 262
16885.97265625 306
16903.6015625 596
16931.986328125 805
16954.05859375 849
17000.205078125 850
17017.455078125 965
17052.6171875 976
17082.1015625 1058
17107.19140625 1403
17138.517578125 1645
17142.447265625 1999
17149.017578125 2292
17150.50390625 2392
17239.97265625 2403
17264.63671875 2497
17316.78515625 2524
17345.66015625 2601
17382.326171875 2652
17423.037109375 2657
17444.95703125 2761
17454.423828125 2839
17454.935546875 2939
17475.4296875 2984
17496.357421875 1027
17543.5234375 622
17607.625 417
17639.68359375 450
17653.900390625 690
17657.455078125 969
17683.46484375 982
17690.580078125 1040
17793.9921875 1078
17798.044921875 1083
17823.12890625 1382
17866.8359375 1391
17882.955078125 1486
17887.841796875 1503
17933.876953125 1547
17934.458984375 1561
17940.380859375 1965
17945.05859375 2026
17946.01171875 2066
17957.8515625 2182
18010.396484375 2245
18015.291015625 2460
18096.599609375 2466
18118.73046875 2540
18190.94140625 2593
18191.171875 2632
18210.92578125 2753
18262.34765625 2759
18304.806640625 2793
18309.01953125 2925
18361.546875 2152
18369.119140625 762
18397.947265625 2757
18404.158203125 37
18427.923828125 1624
18434.158203125 1271
18443.205078125 2370
18453.30078125 2895
18479.212890625 2411
18482.150390625 67
18522.98046875 150
18539.83203125 171
18583.59375 195
18593.0546875 363
18623.16796875 522
18803.814453125 657
18820.193359375 701
18823.0546875 760
18858.7578125 811
18883.5 874
18893.111328125 875
18900.673828125 1002
18913.51953125 1007
18925.61328125 1023
18935.421875 1356
18944.767578125 1378
19003.767578125 1489
19033.013671875 1629
19082.82421875 2721
19104.55078125 2032
19133.376953125 2259
19181.275390625 771
19203.21875 1543
19234.466796875 2241
19235.728515625 1964
19285.724609375 1625
19294.74609375 2693
19305.568359375 222
19358.712890625 258
19373.837890625 281
19383.9921875 506
19419.939453125 582
19429.88671875 724
19495.865234375 879
19504.4453125 1003
19539.517578125 1171
19543.28515625 1182
19588.7421875 1588
19614.978515625 1685
19640.53515625 1758
19667.28125 2300
19690.576171875 2310
19723.4765625 2705
19858.529296875 2845
20043.740234375 2916
20063.255859375 1811
20087.91796875 2701
20103.80078125 421
20163.775390625 1440
20221.0234375 2337
20251.5078125 2531
20325.458984375 18
20362.099609375 29
20473.318359375 31
20608.115234375 104
20611.8828125 274
20764.162109375 321
20799.462890625 370
20869.03515625 375
20900.638671875 562
20909.98828125 914
20952.60546875 944
21135.33203125 1672
21149.42578125 1684
21202.83203125 1825
21267.6015625 1846
21346.083984375 1960
21420.43359375 1976
21432.998046875 2006
21583.3203125 2319
21595.7265625 2405
21625.79296875 2550
21666.59375 2606
21833.54296875 2768
21884.80078125 1081
21932.255859375 1780
22162.140625 16
22264.37890625 28
22415.0234375 125
22467.01953125 212
22624.984375 265
22860.22265625 295
23126.771484375 360
23131.6015625 364
23152.85546875 937
23473.05859375 1077
23714.115234375 1101
23771.677734375 1241
23806.2265625 1243
23936.32421875 1307
23965.7890625 1343
23991.970703125 1404
23992.0546875 1418
24253.98828125 1585
25487.9609375 1719
26535.341796875 1822
26625.14453125 2009
26679.2578125 2164
27096.287109375 2214
27513.6875 2250
27550.943359375 2263
27898.4140625 2342
30182.6171875 2359
30933.6171875 2547
