3218.13037109375 1147
3247.559326171875 865
3337.29736328125 939
3337.706787109375 1497
3487.5927734375 2630
3498.7158203125 2752
3610.230224609375 457
3622.316650390625 309
3706.656494140625 316
3712.02001953125 483
3852.05126953125 484
3990.15771484375 633
4039.518798828125 1026
4060.126220703125 1036
4066.12255859375 1176
4089.44921875 1423
4119.34033203125 1485
4158.27587890625 1590
4169.1513671875 1702
4174.69970703125 1759
4175.318359375 1818
4305.71337890625 1958
4352.65478515625 1963
4390.53759765625 1977
4439.306640625 2053
4513.626953125 2056
4517.16845703125 2125
4648.15771484375 2304
4718.62744140625 2356
4749.84716796875 2477
4787.62158203125 2533
4934.2724609375 2732
4967.28125 2948
4996.3642578125 1601
4999.64892578125 2256
5058.6943359375 2104
5085.33740234375 284
5196.07861328125 1446
5230.40087890625 87
5243.87890625 251
5382.29638671875 527
5406.88134765625 529
5424.91552734375 625
5458.705078125 641
5587.37109375 693
5650.7509765625 873
5726.3955078125 881
5770.6123046875 928
5771.5810546875 1133
5818.94921875 1283
5820.2685546875 1318
5835.74658203125 1346
5849.474609375 1417
5864.63818359375 1720
5871.23046875 1987
5910.6083984375 2226
5913.25830078125 2296
5915.4443359375 2515
6038.0947265625 2572
6060.869140625 2669
6116.193359375 2728
6129.53955078125 2734
6162.34130859375 2746
6188.00439453125 2852
6202.912109375 2866
6209.525390625 2915
6259.11767578125 2949
6410.36181640625 377
6426.87255859375 2281
6456.61474609375 160
6483.6884765625 1
6486.373046875 425
6501.095703125 446
6570.8701171875 800
6600.5556640625 918
6631.4775390625 953
6644.416015625 985
6674.65869140625 986
6735.17822265625 1008
6744.84521484375 1043
6772.30712890625 1270
6801.3671875 1317
6818.787109375 1435
6825.08154296875 1548
6830.51953125 1606
6849.900390625 1661
6918.314453125 1712
6918.52392578125 2010
6938.08447265625 2088
6980.64111328125 2365
6988.35595703125 2410
6992.92578125 2414
7049.2138671875 2482
7078.728515625 2560
7146.51171875 2781
7154.1572265625 2820
7174.4130859375 997
7196.2353515625 1781
7262.5517578125 81
7276.931640625 229
7311.115234375 440
7311.41162109375 548
7311.41162109375 611
7322.447265625 826
7342.21240234375 834
7354.001953125 848
7400.875 871
7414.54345703125 893
7415.7177734375 1231
7423.35546875 1256
7426.56298828125 1315
7430.6552734375 1458
7448.31396484375 1550
7474.2685546875 1671
7533.75390625 1711
7537.55810546875 1815
7571.60400390625 1893
7582.56884765625 2312
7609.2158203125 2324
7619.25390625 2385
7619.7119140625 2447
7675.35986328125 2562
7715.98291015625 2610
7724.01123046875 2622
7782.88330078125 2853
7884.470703125 2924
7896.482421875 2927
8057.53515625 2239
8080.4267578125 1362
8081.73681640625 1926
8122.7294921875 2997
8153.689453125 254
8167.45947265625 388
8196.205078125 465
8222.482421875 498
8232.8818359375 520
8236.3271484375 962
8304.4453125 981
8323.287109375 1156
8332.443359375 1652
8332.71875 2205
8353.17578125 2339
8365.94140625 2417
8371.927734375 2494
8395.640625 2687
8407.46875 1122
8420.0419921875 1670
8426.9296875 264
8458.09375 2173
8554.732421875 1646
8580.12890625 2396
8591.74609375 49
8627.8984375 189
8636.2890625 261
8675.533203125 263
8693.26171875 430
8719.8759765625 831
8748.8837890625 899
8761.5498046875 1123
8795.775390625 1169
8854.46875 1350
8866.375 1405
8914.0458984375 1512
8915.7666015625 1750
8918.015625 1769
8919.23828125 1908
8966.3251953125 1966
8976.2021484375 1982
9009.197265625 1993
9045.5244140625 2094
9047.5244140625 2126
9053.0830078125 2141
9094.626953125 2171
9140.7373046875 2174
9210.416015625 2177
9218.5576171875 2237
9224.0712890625 2367
9281.1484375 2536
9286.3037109375 2542
9301.197265625 2582
9413.7890625 2675
9414.1181640625 2703
9415.3935546875 1873
9453.2216796875 2107
9522.2802734375 1281
9545.4140625 455
9545.4140625 470
9560.96484375 902
9583.00390625 926
9597.3857421875 967
9598.572265625 1104
9603.0546875 1225
9616.08984375 1286
9631.9375 1506
9641.8017578125 1516
9649.3671875 1599
9662.5146484375 1779
9675.7333984375 1848
9724.6279296875 1867
9736.9951171875 1883
9759.6015625 2063
9761.6396484375 2210
9762.4306640625 2246
9787.65234375 2285
9803.130859375 2361
9817.0712890625 2686
9856.66796875 2700
9876.0830078125 88
9877.2958984375 586
9889.958984375 136
9891.34765625 1471
9893.49609375 226
9896.103515625 296
9942.6240234375 1197
9942.7939453125 1666
9944.68359375 2511
9944.8935546875 101
10007.6064453125 215
10039.2470703125 549
10048.529296875 550
10054.1669921875 573
10067.7744140625 1136
10077.4482421875 1199
10131.017578125 1530
10132.501953125 1581
10154.5146484375 1640
10156.9423828125 1688
10179.1220703125 1968
10201.2431640625 2526
10224.3798828125 2571
10254.46484375 2983
10272.2978515625 1787
10290.6845703125 602
10294.1787109375 1146
10302.4404296875 253
10315.8642578125 342
10321.75 843
10331.6044921875 1233
10343.685546875 1335
10346.251953125 1394
10349.857421875 1737
10376.759765625 1784
10391.8671875 1950
10397.57421875 2025
10407.6962890625 2473
10440.6279296875 2518
10459.775390625 999
10484.1982421875 1056
10493.505859375 1900
10497.556640625 1304
10512.0419921875 1326
10521.6865234375 2967
10550.4306640625 1329
10551.78515625 50
10579.015625 318
10616.107421875 389
10656.890625 478
10675.08984375 491
10699.5546875 580
10734.181640625 599
10750.3984375 890
10766.1806640625 896
10771.3203125 909
10774.9228515625 919
10787.39453125 995
10806.34765625 1273
10815.8505859375 1342
10824.169921875 1430
10850.021484375 1495
10895.337890625 1568
10903.1708984375 1583
10910.4814453125 1764
10917.5380859375 1774
10948.24609375 2065
10948.9912109375 2117
10957.4990234375 2181
10958.40625 2268
10983.1845703125 2465
10994.005859375 2664
10994.044921875 2760
11026.287109375 2764
11033.7958984375 2938
11034.2216796875 2943
11040.2646484375 1860
11055.38671875 2880
11091.607421875 1333
11107.142578125 2631
11151.912109375 146
11156.265625 1538
11161.6650390625 21
11164.142578125 34
11195.4326171875 200
11222.337890625 288
11236.232421875 336
11248.3544921875 385
11259.390625 517
11290.7978515625 546
11298.7333984375 609
11310.1669921875 614
11318.6337890625 683
11326.013671875 686
11338.041015625 769
11375.5869140625 1097
11377.560546875 1221
11383.37109375 1322
11418.3466796875 1359
11454.185546875 1376
11470.17578125 1686
11520.26171875 1854
11536.556640625 2513
11540.322265625 2553
11560.435546875 2650
11571.83203125 2672
11573.83984375 2911
11591.537109375 78
11603.2001953125 2713
11606.384765625 2800
11643.498046875 2651
11651.9814453125 2970
11665.9541015625 1045
11667.625 1068
11669.291015625 2078
11672.33203125 884
11674.0380859375 886
11677.33984375 1028
11685.033203125 1845
11726.08203125 1932
11728.0517578125 2489
11747.755859375 90
11755.2490234375 153
11766.4013671875 240
11787.69921875 256
11812.439453125 531
11813.02734375 644
11815.62109375 706
11816.0107421875 775
11816.814453125 1163
11836.3876953125 1483
11851.341796875 2114
11859.787109375 2379
11863.048828125 2424
11874.57421875 2433
11878.912109375 2435
11883.2373046875 2442
11900.7890625 2683
11910.0576171875 2811
11914.337890625 2176
11929.193359375 169
11931.40234375 2207
11936.58984375 1144
11942.296875 2180
11950.8134765625 73
11957.6943359375 663
11959.037109375 677
11969.7314453125 756
11971.705078125 925
11984.30078125 927
11990.56640625 946
12002.150390625 996
12011.77734375 1141
12017.6025390625 1202
12050.1298828125 1251
12060.4677734375 1457
12090.0810546875 1502
12110.38671875 1591
12127.9345703125 1733
12151.1650390625 1735
12152.548828125 1919
12174.921875 1933
12175.7646484375 1955
12194.005859375 2002
12211.1318359375 2335
12214.6318359375 2341
12215.32421875 2565
12239.10546875 2695
12255.013671875 2763
12256.4326171875 2840
12257.8486328125 2422
12261.0849609375 1020
12311.7119140625 640
12318.5302734375 59
12332.845703125 177
12357.6904296875 191
12380.751953125 575
12381.2734375 687
12388.7880859375 934
12388.8671875 1119
12395.1875 1529
12402.734375 1697
12427.474609375 1810
12450.578125 1831
12450.734375 2354
12467.3603515625 2528
12472.0517578125 2679
12533.982421875 2712
12535.541015625 2747
12547.69140625 2809
12558.2890625 2821
12573.4580078125 2842
12576.912109375 2860
12595.4482421875 2906
12605.08984375 2994
12617.71484375 186
12631.9541015625 223
12636.544921875 1594
12637.2939453125 410
12647.4375 631
12655.3349609375 132
12680.0732421875 2576
12688.9501953125 1282
12696.689453125 488
12699.80859375 869
12712.2744140625 2059
12715.73828125 787
12736.2763671875 904
12736.576171875 137
12740.9521484375 275
12744.318359375 328
12748.6494140625 333
12761.998046875 392
12779.412109375 407
12803.845703125 489
12814.630859375 680
12821.8828125 1022
12847.3720703125 1290
12856.478515625 1358
12879.8369140625 1607
12904.94140625 1653
12909.7412109375 2024
12912.521484375 2184
12924.2490234375 2221
12937.7216796875 2394
12958.1953125 2427
12961.94921875 2517
12966.884765625 2655
12973.171875 2704
12986.1767578125 2900
13025.0380859375 2946
13030.2822265625 459
13059.5859375 1408
13063.1865234375 1339
13076.9287109375 22
13088.341796875 45
13095.67578125 300
13096.763671875 812
13116.607421875 922
13120.69140625 947
13128.4345703125 975
13140.40625 1001
13154.4111328125 1095
13171.57421875 1275
13174.08984375 1664
13176.5986328125 1708
13179.2705078125 1763
13193.771484375 1766
13209.4423828125 1889
13220.048828125 2077
13227.6640625 2082
13239.6533203125 2131
13247.306640625 2315
13248.8271484375 2317
13253.3544921875 2409
13261.5146484375 2608
13271.841796875 2616
13289.7939453125 2649
13306.9013671875 2819
13314.6064453125 2862
13327.8388671875 1164
13350.111328125 2213
13382.1865234375 1050
13408.470703125 979
13411.578125 1562
13420.609375 1597
13440.2255859375 2334
13440.525390625 587
13444.57421875 630
13465.0751953125 777
13484.6123046875 1012
13507.2861328125 1064
13536.23046875 1082
13539.8916015625 1462
13560.6533203125 1501
13587.5224609375 1654
13625.9169921875 1800
13628.603515625 2656
13675.556640625 2884
13676.552734375 1416
13691.2802734375 1575
13696.638671875 2889
13702.2060546875 445
13704.78125 30
13710.740234375 2484
13714.548828125 38
13719.7021484375 40
13720.2314453125 76
13721.73046875 77
13726.412109375 108
13731.4873046875 164
13737.8642578125 211
13756.5078125 225
13787.2412109375 376
13787.67578125 437
13803.34765625 510
13811.455078125 646
13829.2958984375 671
13851.58984375 738
13854.8837890625 770
13877.642578125 1434
13896.1884765625 1610
13903.310546875 1662
13950.5791015625 1709
13962.806640625 1998
13970.9765625 2166
13971.5888671875 2220
13973.2265625 2238
13977.2587890625 2255
14001.576171875 2345
14007.779296875 2510
14023.84375 2581
14053.79296875 2607
14062.08984375 2807
14065.197265625 1015
14095.365234375 1984
14115.17578125 1258
14143.947265625 2555
14158.48046875 182
14182.0380859375 916
14193.435546875 1667
14197.892578125 1852
14198.7685546875 727
14213.458984375 2036
14228.9775390625 2772
14257.3779296875 130
14270.6572265625 219
14270.8515625 394
14275.3388671875 405
14283.2158203125 634
14295.23828125 856
14296.505859375 983
14298.4921875 1117
14313.42578125 1386
14338.28125 1791
14342.751953125 1991
14344.078125 2060
14366.8857421875 2215
14367.990234375 2314
14386.31640625 2440
14389.0693359375 2467
14407.232421875 2618
14409.4716796875 2648
14427.8994140625 2694
14429.0498046875 1772
14450.712890625 818
14453.341796875 2907
14467.009765625 660
14475.7822265625 1168
14492.0849609375 1145
14495.0322265625 1476
14496.6875 1618
14510.923828125 655
14515.53515625 1592
14521.84765625 2120
14597.98046875 2557
14611.3974609375 112
14611.6669921875 350
14626.720703125 356
14635.9794921875 448
14646.703125 1500
14650.861328125 1526
14656.8037109375 1587
14659.5908203125 1881
14688.9482421875 1943
14700.095703125 1962
14700.517578125 1995
14714.6865234375 2075
14729.3173828125 2118
14751.8642578125 2309
14754.16015625 2418
14765.4208984375 2516
14781.76953125 2588
14788.3466796875 2605
14791.765625 2623
14801.3857421875 2937
14806.16796875 1005
14811.169921875 110
14833.265625 2360
14841.20703125 121
14848.701171875 1046
14876.0048828125 298
14907.01953125 372
14907.73046875 492
14917.9755859375 752
14919.7958984375 838
14934.654296875 903
14937.884765625 1034
14974.779296875 1128
14996.9970703125 1187
15002.466796875 1437
15020.908203125 1488
15057.927734375 1534
15065.859375 1657
15091.2314453125 1678
15097.1376953125 1824
15097.802734375 1826
15112.0595703125 1941
15117.77734375 1997
15131.357421875 2318
15131.357421875 2327
15137.775390625 2362
15156.05859375 2404
15159.521484375 2453
15159.521484375 2458
15159.6533203125 2496
15167.748046875 2696
15172.8310546875 2722
15176.423828125 2796
15226.4140625 2584
15230.06640625 2872
15242.1142578125 2589
15284.599609375 2135
15287.7275390625 1802
15289.693359375 1853
15323.9892578125 1892
15327.6435546875 1580
15344.333984375 25
15353.1337890625 72
15353.1337890625 343
15362.7607421875 710
15398.2890625 755
15408.6123046875 885
15421.828125 1683
15426.8798828125 1776
15435.7802734375 1972
15444.4208984375 2047
15466.9345703125 2138
15471.7890625 2185
15487.5576171875 2344
15497.7734375 2545
15503.1845703125 2573
15513.8916015625 2855
15520.248046875 2159
15521.4384765625 1067
15542.6376953125 371
15568.185546875 243
15571.66015625 1301
15572.5146484375 311
15590.962890625 426
15593.1142578125 648
15603.1396484375 720
15611.7373046875 792
15618.87109375 940
15622.6064453125 1006
15641.71875 1032
15644.66015625 1160
15668.3427734375 1189
15678.2392578125 2183
15690.736328125 2190
15696.23828125 2301
15726.5205078125 1459
15744.1005859375 1649
15767.044921875 353
15789.521484375 2706
15811.6962890625 1511
15812.689453125 1778
15818.259765625 329
15821.83984375 731
15885.8671875 1400
15894.5302734375 2070
15896.8486328125 1480
15913.7412109375 1714
15928.435546875 249
15949.5908203125 94
15960.5712890625 2823
15998.73046875 471
15999.1953125 473
16001.5341796875 747
16004.2109375 915
16004.9453125 921
16017.7001953125 993
16020.66796875 1072
16028.138671875 1415
16032.162109375 1541
16033.318359375 1746
16054.5791015625 1949
16111.080078125 2079
16123.748046875 2219
16129.66015625 2258
16170.6591796875 2413
16197.966796875 2628
16240.208984375 2828
16289.271484375 2903
16301.1953125 2996
16313.8466796875 204
16314.0498046875 1247
16329.83984375 1410
16352.822265625 1888
16385.40234375 1214
16414.556640625 1658
16414.94140625 2587
16453.240234375 380
16477.787109375 688
16539.5546875 1761
16543.27734375 66
16575.91015625 127
16599.63671875 179
16601.583984375 855
16636.4609375 1198
16641.439453125 1250
16681.607421875 1507
16681.759765625 1558
16684.1328125 2007
16709.552734375 2092
16740.216796875 2231
16743.392578125 2384
16751.80078125 2457
16784.701171875 2544
16801.97265625 2717
16844.08203125 2774
16854.9765625 2794
16864.20703125 2909
16872.318359375 972
16914.87109375 1138
16925.19921875 1442
16937.62109375 1137
16968.15234375 102
16969.892578125 667
17012.6796875 1935
17024.482421875 2352
17031.47265625 2887
17051.49609375 427
17155.650390625 1533
17166.826171875 170
17166.826171875 262
17247.064453125 306
17249.162109375 596
17255.5390625 805
17270.01171875 849
17283.806640625 850
17304.177734375 965
17306.19140625 976
17338.673828125 1058
17373.94140625 1403
17441.39453125 1645
17457.94140625 1999
17470.25390625 2292
17486.248046875 2392
17499.609375 2403
17532.5390625 2497
17559.673828125 2524
17562.076171875 2601
17595.2578125 2652
17659.80078125 2657
17687.7734375 2761
17694.01171875 2839
17715.970703125 2939
17726.380859375 2984
17734.91015625 1027
17759.986328125 622
17782.26171875 417
17842.02734375 450
17843.228515625 690
17911.9453125 969
17919.8359375 982
17927.22265625 1040
17935.015625 1078
17997.849609375 1083
18011.658203125 1382
18076.57421875 1391
18096.341796875 1486
18165.015625 1503
18203.763671875 1547
18234.76171875 1561
18241.51171875 1965
18275.4765625 2026
18346.541015625 2066
18356.80078125 2182
18458.158203125 2245
18501.759765625 2460
18527.34375 2466
18551.6015625 2540
18574.0 2593
18594.689453125 2632
18638.75 2753
18644.515625 2759
18682.83984375 2793
18686.638671875 2925
18711.931640625 2152
18743.3828125 762
18790.291015625 2757
18848.697265625 37
18860.37109375 1624
18875.255859375 1271
18919.435546875 2370
18924.220703125 2895
19035.0390625 2411
19070.005859375 67
19089.87109375 150
19092.546875 171
19119.6328125 195
19172.986328125 363
19175.05078125 522
19210.185546875 657
19213.7578125 701
19223.3515625 760
19235.794921875 811
19247.345703125 874
19259.95703125 875
19262.017578125 1002
19268.3984375 1007
19287.546875 1023
19311.0625 1356
19316.998046875 1378
19335.41015625 1489
19357.115234375 1629
19361.939453125 2721
19367.173828125 2032
19383.533203125 2259
19383.8984375 771
19472.7734375 1543
19501.248046875 2241
19508.6328125 1964
19549.98046875 1625
19552.794921875 2693
19579.39453125 222
19623.2109375 258
19630.265625 281
19665.916015625 506
19781.43359375 582
19808.880859375 724
19836.400390625 879
19878.103515625 1003
19898.6484375 1171
19921.6640625 1182
19941.951171875 1588
19957.544921875 1685
19979.16015625 1758
19986.99609375 2300
20056.138671875 2310
20245.265625 2705
20276.576171875 2845
20284.580078125 2916
20296.70703125 1811
20364.796875 2701
20502.240234375 421
20560.939453125 1440
20681.51953125 2337
20687.7265625 2531
20892.35546875 18
20906.76171875 29
20917.21484375 31
20951.486328125 104
21010.52734375 274
21019.232421875 321
21081.73046875 370
21110.466796875 375
21117.81640625 562
21221.95703125 914
21230.07421875 944
21232.95703125 1672
21316.97265625 1684
21336.732421875 1825
21387.69921875 1846
21458.498046875 1960
21482.72265625 1976
22017.34375 2006
22088.208984375 2319
22180.14453125 2405
22213.806640625 2550
22307.63671875 2606
22338.580078125 2768
22342.48046875 1081
22383.419921875 1780
22418.814453125 16
22419.04296875 28
22433.095703125 125
22491.341796875 212
22535.05859375 265
22643.58203125 295
22736.884765625 360
23216.439453125 364
23586.904296875 937
23595.8671875 1077
23625.732421875 1101
23861.701171875 1241
23918.341796875 1243
23928.37890625 1307
24102.2109375 1343
24204.388671875 1404
24302.091796875 1418
24858.263671875 1585
25264.615234375 1719
25264.615234375 1822
26584.322265625 2009
26699.22265625 2164
27115.51171875 2214
28619.6875 2250
30375.916015625 2263
30924.61328125 2342
31053.404296875 2359
33066.06640625 2547
