975.9081420898438 1027
1378.0419921875 622
1842.68212890625 417
2135.70703125 450
2406.2412109375 690
2444.350830078125 969
2495.7578125 982
2628.22216796875 1040
2739.011474609375 1078
2977.021484375 1083
2999.09716796875 1382
3049.408447265625 1391
3079.074951171875 1486
3139.149169921875 1503
3352.64892578125 1547
3376.19873046875 1561
3681.195068359375 1965
3724.512451171875 2026
3782.4248046875 2066
3817.15869140625 2182
3833.352294921875 2245
3834.052978515625 2460
3863.46044921875 2466
3913.29736328125 2540
3992.36474609375 2593
4017.464599609375 2632
4061.500244140625 2753
4076.4150390625 2759
4209.41064453125 2793
4305.0791015625 2925
4315.66015625 1446
4365.8134765625 87
4474.28515625 251
4595.4404296875 527
4612.06884765625 529
4636.671875 625
4672.947265625 641
4817.89111328125 693
4982.1474609375 873
5012.955078125 881
5028.42529296875 928
5067.59521484375 1133
5067.59521484375 1283
5096.67578125 1318
5219.33203125 1346
5378.771484375 1417
5724.078125 1720
6061.2265625 1987
6104.8916015625 2226
6124.5595703125 2296
6160.111328125 2515
6399.44140625 2572
6497.7216796875 2669
6698.35986328125 2728
6760.9501953125 2734
6808.7421875 2746
6894.509765625 2852
7247.7099609375 2866
7328.91552734375 2915
7480.2099609375 2949
7510.3935546875 377
7653.7919921875 2281
7793.7265625 160
7860.751953125 1
7961.41552734375 425
8171.88671875 446
8180.78662109375 800
8231.791015625 918
8325.833984375 953
8384.9541015625 985
8485.783203125 986
8671.06640625 1008
8879.21875 1043
8895.060546875 1270
8900.533203125 1317
9009.0302734375 1435
9016.818359375 1548
9032.048828125 1606
9232.4443359375 1661
9478.2138671875 1712
9523.1943359375 2010
9560.4072265625 2088
9570.216796875 2365
9641.81640625 2410
9670.244140625 2414
9702.728515625 2482
9705.943359375 2560
9792.7451171875 2781
9800.369140625 2820
9817.33203125 997
9964.0498046875 1781
10114.455078125 81
10230.0517578125 229
10279.5341796875 440
10285.8046875 548
10287.123046875 611
10350.3583984375 826
10362.3779296875 834
10370.033203125 848
10469.1435546875 871
10502.6943359375 893
10867.2333984375 1231
10889.07421875 1256
11061.990234375 1315
11162.84375 1458
11201.7255859375 1550
11201.7548828125 1671
11295.74609375 1711
11297.7734375 1815
11365.205078125 1893
11444.2919921875 2312
11445.3193359375 2324
11452.6669921875 2385
11498.541015625 2447
11534.322265625 2562
11542.28125 2610
11670.7705078125 2622
11733.796875 2853
11886.423828125 2924
11887.19140625 2927
11894.482421875 2239
11903.83203125 1362
11962.138671875 1926
11981.32421875 2997
12013.37890625 254
12073.3955078125 388
12154.8095703125 465
12175.92578125 498
12220.603515625 520
12292.205078125 962
12331.1884765625 981
12387.5986328125 1156
12460.875 1652
12588.078125 2205
12606.26953125 2339
12678.734375 2417
12680.0888671875 2494
12741.9501953125 2687
12804.0166015625 1122
13025.7578125 1670
13033.275390625 264
13092.296875 2173
13142.9609375 1646
13166.220703125 2396
13194.2890625 49
13313.7685546875 189
13337.484375 261
13369.1875 263
13385.8583984375 430
13388.505859375 831
13430.0693359375 899
13539.470703125 1123
13609.1669921875 1169
13650.2177734375 1350
13658.060546875 1405
13697.3798828125 1512
13705.388671875 1750
13746.38671875 1769
13746.97265625 1908
13780.59765625 1966
13793.4375 1982
13880.5693359375 1993
13931.697265625 2094
13977.54296875 2126
14055.9921875 2141
14108.32421875 2171
14132.373046875 2174
14180.5595703125 2177
14195.150390625 2237
14220.275390625 2367
14388.6416015625 2536
14402.2470703125 2542
14487.685546875 2582
14528.4736328125 2675
14546.787109375 2703
14609.271484375 1873
14619.85546875 2107
14649.291015625 1281
14659.794921875 455
14693.3828125 470
14763.6826171875 902
14768.2578125 926
14783.79296875 967
14786.9296875 1104
14831.318359375 1225
14859.470703125 1286
14876.3095703125 1506
14905.87890625 1516
14910.1982421875 1599
14938.2099609375 1779
14947.92578125 1848
14961.095703125 1867
14983.861328125 1883
15054.2998046875 2063
15064.080078125 2210
15107.693359375 2246
15119.4404296875 2285
15124.5205078125 2361
15128.6103515625 2686
15143.62890625 2700
15178.2841796875 88
15199.69140625 586
15210.21484375 136
15211.2587890625 1471
15270.51171875 226
15305.0615234375 296
15325.416015625 1197
15339.212890625 1666
15351.8193359375 2511
15354.9306640625 101
15375.5302734375 215
15399.2802734375 549
15403.900390625 550
15421.9794921875 573
15451.185546875 1136
15466.6787109375 1199
15518.9775390625 1530
15569.7099609375 1581
15631.958984375 1640
15644.5595703125 1688
15681.91015625 1968
15742.9794921875 2526
15745.9765625 2571
15751.435546875 2983
15787.1455078125 1787
15816.58203125 602
15824.63671875 1146
15833.373046875 253
15897.0634765625 342
15903.9365234375 843
15915.9169921875 1233
15936.2998046875 1335
15965.1630859375 1394
15989.013671875 1737
16078.8203125 1784
16125.51953125 1950
16125.51953125 2025
16156.107421875 2473
16168.4033203125 2518
16185.7158203125 999
16186.2412109375 1056
16256.4921875 1900
16267.0830078125 1304
16277.7451171875 1326
16280.7734375 2967
16305.4921875 1329
16350.306640625 50
16393.82421875 318
16429.1640625 389
16524.44140625 478
16539.19140625 491
16542.03125 580
16553.431640625 599
16561.296875 890
16565.912109375 896
16604.693359375 909
16658.517578125 919
16659.619140625 995
16664.28125 1273
16717.787109375 1342
16797.25 1430
16821.23046875 1495
16837.251953125 1568
16846.7890625 1583
16848.13671875 1764
16895.96484375 1774
16967.001953125 2065
16975.232421875 2117
16977.220703125 2181
17011.54296875 2268
17028.19140625 2465
17039.6484375 2664
17042.283203125 2760
17042.31640625 2764
17054.919921875 2938
17068.58984375 2943
17109.208984375 1860
17112.162109375 2880
17117.576171875 1333
17140.359375 2631
17199.001953125 146
17207.486328125 1538
17231.439453125 21
17234.931640625 34
17235.66796875 200
17235.947265625 288
17243.720703125 336
17248.876953125 385
17277.083984375 517
17301.046875 546
17321.990234375 609
17331.6484375 614
17339.111328125 683
17355.08203125 686
17369.09375 769
17373.30078125 1097
17377.212890625 1221
17428.84765625 1322
17449.81640625 1359
17466.01953125 1376
17467.021484375 1686
17469.525390625 1854
17474.5078125 2513
17474.736328125 2553
17484.103515625 2650
17499.333984375 2672
17499.333984375 2911
17503.166015625 78
17509.841796875 2713
17515.798828125 2800
17548.298828125 2651
17549.884765625 2970
17571.23046875 1045
17576.515625 1068
17588.08203125 2078
17594.337890625 884
17611.197265625 886
17628.283203125 1028
17628.619140625 1845
17641.2265625 1932
17644.0078125 2489
17649.10546875 90
17691.439453125 153
17700.88671875 240
17701.80078125 256
17740.982421875 531
17741.060546875 644
17758.998046875 706
17761.8359375 775
17762.46484375 1163
17805.75 1483
17809.53515625 2114
17811.248046875 2379
17823.486328125 2424
17856.802734375 2433
17861.205078125 2435
17864.580078125 2442
17865.83984375 2683
17872.578125 2811
17883.9375 2176
17918.126953125 169
17923.83203125 2207
17925.1171875 1144
17958.080078125 2180
17960.0 73
18012.5546875 663
18017.833984375 677
18018.09375 756
18023.58984375 925
18023.58984375 927
18062.451171875 946
18074.66015625 996
18098.888671875 1141
18100.80078125 1202
18112.15234375 1251
18146.78125 1457
18155.060546875 1502
18156.318359375 1591
18159.572265625 1733
18212.150390625 1735
18247.041015625 1919
18250.365234375 1933
18270.2109375 1955
18308.255859375 2002
18342.171875 2335
18349.943359375 2341
18360.3046875 2565
18390.275390625 2695
18403.708984375 2763
18405.625 2840
18455.275390625 2422
18468.2734375 1020
18475.384765625 640
18495.849609375 59
18508.806640625 177
18512.0859375 191
18516.767578125 575
18527.1953125 687
18543.390625 934
18546.845703125 1119
18549.892578125 1529
18560.8671875 1697
18562.78125 1810
18578.826171875 1831
18583.21875 2354
18612.490234375 2528
18614.734375 2679
18621.83203125 2712
18622.298828125 2747
18628.650390625 2809
18649.91015625 2821
18650.64453125 2842
18656.7421875 2860
18660.15234375 2906
18706.396484375 2994
18716.23828125 186
18720.12109375 223
18757.927734375 1594
18859.107421875 410
18883.6328125 631
18884.19140625 132
18892.48046875 2576
18895.736328125 1282
18904.08203125 488
18935.951171875 869
18939.697265625 2059
18949.05078125 787
18961.34765625 904
18979.6015625 137
18986.962890625 275
19007.748046875 328
19022.82421875 333
19049.541015625 392
19092.40625 407
19100.73046875 489
19143.6328125 680
19155.103515625 1022
19183.17578125 1290
19213.330078125 1358
19234.77734375 1607
19235.708984375 1653
19240.251953125 2024
19263.291015625 2184
19265.2109375 2221
19323.1796875 2394
19330.939453125 2427
19333.6484375 2517
19349.35546875 2655
19368.396484375 2704
19390.95703125 2900
19392.580078125 2946
19409.15625 459
19409.611328125 1408
19427.962890625 1339
19438.77734375 22
19445.537109375 45
19453.306640625 300
19462.576171875 812
19488.57421875 922
19489.138671875 947
19519.22265625 975
19531.55078125 1001
19532.521484375 1095
19541.1953125 1275
19566.5234375 1664
19570.388671875 1708
19591.72265625 1763
19613.642578125 1766
19623.705078125 1889
19640.52734375 2077
19677.388671875 2082
19689.935546875 2131
19703.283203125 2315
19770.06640625 2317
19776.6171875 2409
19809.83984375 2608
19813.244140625 2616
19829.33203125 2649
19836.79296875 2819
19853.576171875 2862
19860.4140625 1164
19876.505859375 2213
19932.625 1050
19935.619140625 979
19938.41796875 1562
19955.146484375 1597
19957.634765625 2334
19979.228515625 587
20003.771484375 630
20022.693359375 777
20029.029296875 1012
20109.41796875 1064
20133.22265625 1082
20144.98828125 1462
20149.306640625 1501
20149.30859375 1654
20177.189453125 1800
20178.2109375 2656
20194.283203125 2884
20256.11328125 1416
20257.671875 1575
20260.25390625 2889
20263.078125 445
20272.451171875 30
20278.501953125 2484
20287.296875 38
20294.22265625 40
20302.83984375 76
20311.962890625 77
20317.544921875 108
20402.255859375 164
20418.48046875 211
20422.240234375 225
20434.7578125 376
20462.634765625 437
20507.587890625 510
20520.640625 646
20532.53125 671
20544.728515625 738
20561.498046875 770
20564.11328125 1434
20567.109375 1610
20583.876953125 1662
20630.5703125 1709
20633.0625 1998
20675.642578125 2166
20675.8671875 2220
20683.76953125 2238
20695.40234375 2255
20697.67578125 2345
20723.927734375 2510
20766.533203125 2581
20812.208984375 2607
20814.4375 2807
20838.046875 1015
20853.130859375 1984
20867.0859375 1258
20867.794921875 2555
20883.337890625 1147
20909.13671875 865
20910.728515625 939
20911.57421875 1497
20927.16796875 2630
20948.5078125 2752
20977.857421875 457
20982.33203125 309
21008.46484375 316
21014.294921875 483
21041.9375 484
21051.724609375 633
21059.384765625 1026
21067.478515625 1036
21087.48828125 1176
21103.162109375 1423
21104.09375 1485
21110.02734375 1590
21112.34375 1702
21143.09765625 1759
21159.115234375 1818
21166.201171875 1958
21170.970703125 1963
21178.74609375 1977
21183.119140625 2053
21194.740234375 2056
21240.87890625 2125
21264.578125 2304
21284.015625 2356
21341.197265625 2477
21365.3671875 2533
21403.31640625 2732
21426.318359375 2948
21426.427734375 1601
21428.833984375 2256
21448.07421875 2104
21466.455078125 284
21473.40234375 182
21481.50390625 916
21496.52734375 1667
21516.318359375 1852
21525.89453125 727
21526.650390625 2036
21531.44140625 2772
21538.146484375 130
21541.328125 219
21541.484375 394
21564.515625 405
21573.67578125 634
21649.15234375 856
21684.8671875 983
21689.7421875 1117
21697.05859375 1386
21697.876953125 1791
21707.849609375 1991
21707.923828125 2060
21708.142578125 2215
21775.998046875 2314
21778.03125 2440
21794.509765625 2467
21797.7890625 2618
21828.958984375 2648
21838.91796875 2694
21844.80859375 1772
21856.630859375 818
21859.900390625 2907
21884.69921875 660
21907.2265625 1168
21909.33203125 1145
21916.427734375 1476
21920.84375 1618
21930.798828125 655
21953.521484375 1592
21996.39453125 2120
22002.0703125 2557
22002.83984375 112
22026.970703125 350
22038.7109375 356
22041.556640625 448
22045.5546875 1500
22111.83203125 1526
22161.9609375 1587
22186.263671875 1881
22200.826171875 1943
22201.28515625 1962
22220.94921875 1995
22227.322265625 2075
22258.44140625 2118
22258.5625 2309
22278.251953125 2418
22326.9140625 2516
22333.578125 2588
22353.99609375 2605
22355.4375 2623
22365.029296875 2937
22393.638671875 1005
22404.712890625 110
22415.037109375 2360
22417.732421875 121
22423.658203125 1046
22431.35546875 298
22453.546875 372
22461.564453125 492
22484.751953125 752
22515.185546875 838
22566.724609375 903
22596.859375 1034
22601.443359375 1128
22641.865234375 1187
22656.419921875 1437
22665.0859375 1488
22670.298828125 1534
22675.0546875 1657
22675.1796875 1678
22697.791015625 1824
22747.48046875 1826
22763.353515625 1941
22780.69140625 1997
22822.666015625 2318
22859.072265625 2327
22863.486328125 2362
22883.9296875 2404
22894.51171875 2453
22896.8203125 2458
22911.412109375 2496
22914.978515625 2696
22919.16015625 2722
22974.8046875 2796
22975.119140625 2584
23019.26953125 2872
23044.6953125 2589
23098.408203125 2135
23099.998046875 1802
23100.35546875 1853
23110.296875 1892
23134.978515625 1580
23139.06640625 25
23189.689453125 72
23209.92578125 343
23243.84765625 710
23270.6875 755
23275.1484375 885
23346.578125 1683
23367.091796875 1776
23408.15234375 1972
23408.837890625 2047
23423.19140625 2138
23508.03125 2185
23517.08203125 2344
23525.896484375 2545
23545.40234375 2573
23574.056640625 2855
23579.234375 2159
23584.32421875 1067
23584.4609375 371
23593.5390625 243
23598.572265625 1301
23599.890625 311
23619.7734375 426
23667.3125 648
23674.466796875 720
23675.408203125 792
23675.57421875 940
23682.703125 1006
23711.783203125 1032
23744.3828125 1160
23744.3828125 1189
23747.70703125 2183
23751.2421875 2190
23766.08203125 2301
23770.47265625 1459
23776.587890625 1649
23805.330078125 353
23814.62890625 2706
23827.59375 1511
23827.650390625 1778
23878.984375 329
23895.412109375 731
23909.625 1400
23980.921875 2070
23987.81640625 1480
24013.240234375 1714
24032.3125 249
24033.466796875 94
24069.91015625 2823
24096.875 471
24100.986328125 473
24150.328125 747
24151.921875 915
24162.701171875 921
24164.701171875 993
24169.82421875 1072
24178.650390625 1415
24201.396484375 1541
24211.58984375 1746
24219.875 1949
24258.708984375 2079
24268.8125 2219
24272.25 2258
24286.73046875 2413
24359.71875 2628
24396.447265625 2828
24447.361328125 2903
24481.28515625 2996
24485.5703125 204
24520.763671875 1247
24527.591796875 1410
24672.67578125 1888
24688.908203125 1214
24693.31640625 1658
24705.654296875 2587
24745.67578125 380
24774.755859375 688
24807.296875 1761
24809.166015625 66
24815.341796875 127
24837.373046875 179
24866.82421875 855
24876.427734375 1198
24903.689453125 1250
24918.380859375 1507
24934.98828125 1558
24945.828125 2007
24954.517578125 2092
24982.927734375 2231
24989.791015625 2384
25085.80078125 2457
25095.0390625 2544
25108.53125 2717
25124.96484375 2774
25130.212890625 2794
25168.43359375 2909
25224.806640625 972
25246.908203125 1138
25296.353515625 1442
25305.123046875 1137
25351.361328125 102
25365.0703125 667
25373.646484375 1935
25380.095703125 2352
25391.169921875 2887
25397.4375 427
25397.4375 1533
25399.373046875 170
25406.634765625 262
25427.96875 306
25458.966796875 596
25485.04296875 805
25587.810546875 849
25593.470703125 850
25619.58203125 965
25631.2578125 976
25633.095703125 1058
25672.095703125 1403
25672.095703125 1645
25756.07421875 1999
25801.806640625 2292
25841.556640625 2392
25851.71484375 2403
25863.494140625 2497
25890.580078125 2524
25939.740234375 2601
25961.052734375 2652
25962.4453125 2657
25985.951171875 2761
26064.49609375 2839
26066.107421875 2939
26074.6796875 2984
26110.30859375 2152
26156.015625 762
26174.78125 2757
26253.54296875 37
26397.0078125 1624
26415.083984375 1271
26419.962890625 2370
26493.75 2895
26525.390625 2411
26525.625 67
26528.78515625 150
26544.90625 171
26580.6796875 195
26658.65625 363
26684.61328125 522
26701.919921875 657
26740.46875 701
26765.73828125 760
26771.697265625 811
26786.8046875 874
26813.4765625 875
26819.423828125 1002
26829.87890625 1007
26874.482421875 1023
26924.4296875 1356
26940.58203125 1378
26943.150390625 1489
27080.53515625 1629
27092.763671875 2721
27223.37109375 2032
27350.787109375 2259
27380.93359375 771
27407.19921875 1543
27484.556640625 2241
27507.54296875 1964
27510.287109375 1625
27643.92578125 2693
27680.240234375 222
27692.3359375 258
27722.474609375 281
27742.212890625 506
27766.865234375 582
27789.703125 724
27817.23046875 879
27881.298828125 1003
27913.798828125 1171
28027.369140625 1182
28037.794921875 1588
28045.2265625 1685
28152.763671875 1758
28232.5078125 2300
28264.37890625 2310
28303.140625 2705
28377.9609375 2845
28454.7578125 2916
28505.5234375 1811
28524.158203125 2701
28543.1484375 421
28570.51171875 1440
28570.73828125 2337
28593.072265625 2531
28601.689453125 18
28938.923828125 29
29066.494140625 31
29082.53515625 104
29253.248046875 274
29271.69921875 321
29281.283203125 370
29359.576171875 375
29411.55078125 562
29489.728515625 914
29546.162109375 944
29786.353515625 1672
29810.912109375 1684
29884.7890625 1825
29891.69140625 1846
29905.53125 1960
29938.212890625 1976
29958.73828125 2006
29975.037109375 2319
30101.552734375 2405
30119.158203125 2550
30187.3359375 2606
30197.353515625 2768
30280.13671875 1081
30292.474609375 1780
30693.22265625 16
31247.828125 28
31407.634765625 125
31562.19921875 212
31657.728515625 265
32021.0 295
32143.275390625 360
32200.24609375 364
32311.11328125 937
32401.75390625 1077
33100.48046875 1101
33311.84375 1241
33654.59765625 1243
33964.35546875 1307
33989.6171875 1343
34722.4453125 1404
35052.6328125 1418
35097.203125 1585
35281.125 1719
35356.8984375 1822
35524.19921875 2009
35725.9453125 2164
36798.37109375 2214
37097.76171875 2250
37494.03515625 2263
38271.34375 2342
38322.26171875 2359
41318.8984375 2547
