4025.803955078125 1646
4626.291015625 2396
4771.37060546875 49
4776.36328125 189
4855.208984375 261
4888.15625 263
5021.2451171875 430
5254.05029296875 831
5311.50732421875 899
5323.88232421875 1123
5492.25 1169
5635.9873046875 1350
5800.98828125 1405
5868.82470703125 1512
5910.8330078125 1750
5930.318359375 1769
5932.8837890625 1908
6109.02685546875 1966
6114.0087890625 1982
6252.87646484375 1993
6277.01220703125 2094
6403.1708984375 2126
6483.91357421875 2141
6615.52392578125 2171
6654.79833984375 2174
6723.85009765625 2177
6778.44091796875 2237
6794.28076171875 2367
6822.2861328125 2536
6823.46826171875 2542
6855.39404296875 2582
6869.58251953125 2675
6895.73388671875 2703
6925.861328125 1873
6964.23779296875 2107
6968.00390625 1446
6994.54296875 87
6995.6220703125 251
7020.33935546875 527
7057.587890625 529
7077.66943359375 625
7197.0478515625 641
7292.1728515625 693
7304.1640625 873
7312.74462890625 881
7473.40625 928
7516.38818359375 1133
7562.212890625 1283
7562.5029296875 1318
7594.3544921875 1346
7603.3427734375 1417
7632.515625 1720
7668.7177734375 1987
7701.81884765625 2226
7709.087890625 2296
7715.2861328125 2515
7757.84033203125 2572
7861.84912109375 2669
7881.93603515625 2728
7885.052734375 2734
7903.3408203125 2746
7906.09033203125 2852
7909.8525390625 2866
7934.15478515625 2915
8006.28173828125 2949
8017.646484375 377
8021.67333984375 2281
8054.82470703125 160
8058.05810546875 1
8060.27001953125 425
8092.91845703125 446
8103.48388671875 800
8121.646484375 918
8132.26513671875 953
8167.27197265625 985
8203.998046875 986
8221.384765625 1008
8247.521484375 1043
8262.8857421875 1270
8262.8857421875 1317
8266.150390625 1435
8286.6044921875 1548
8287.9169921875 1606
8289.10546875 1661
8347.6484375 1712
8363.7333984375 2010
8364.0478515625 2088
8379.029296875 2365
8384.9462890625 2410
8388.548828125 2414
8447.66796875 2482
8460.7607421875 2560
8470.845703125 2781
8493.828125 2820
8519.28515625 997
8548.1728515625 1781
8563.5380859375 81
8628.4189453125 229
8672.0341796875 440
8675.537109375 548
8699.8251953125 611
8702.52734375 826
8744.318359375 834
8749.607421875 848
8759.1220703125 871
8816.6318359375 893
8924.9873046875 1231
8968.4580078125 1256
8973.3134765625 1315
8987.9091796875 1458
9025.724609375 1550
9068.2109375 1671
9070.6796875 1711
9088.970703125 1815
9091.1455078125 1893
9092.703125 2312
9107.4443359375 2324
9117.9267578125 2385
9128.6142578125 2447
9139.96875 2562
9142.1171875 2610
9166.3408203125 2622
9195.4580078125 2853
9208.220703125 2924
9215.9228515625 2927
9256.876953125 2239
9259.359375 1362
9328.1826171875 1926
9346.046875 2997
9347.2470703125 254
9351.7841796875 388
9352.994140625 465
9370.7451171875 498
9376.869140625 520
9460.916015625 962
9472.51171875 981
9500.9443359375 1156
9513.1044921875 1652
9520.2275390625 2205
9523.28515625 2339
9534.521484375 2417
9538.0546875 2494
9560.884765625 2687
9582.298828125 1122
9644.03125 1670
9667.861328125 264
9675.40625 2173
9688.4501953125 1281
9704.2421875 455
9714.8095703125 470
9717.8408203125 902
9721.28125 926
9735.525390625 967
9745.4619140625 1104
9783.75390625 1225
9784.2880859375 1286
9830.037109375 1506
9833.8193359375 1516
9846.3388671875 1599
9869.6748046875 1779
9882.50390625 1848
9898.3603515625 1867
9903.806640625 1883
9912.8583984375 2063
9923.2109375 2210
9936.7109375 2246
9942.455078125 2285
9945.3193359375 2361
9949.0380859375 2686
9953.71484375 2700
9961.69140625 88
9974.896484375 586
10044.927734375 136
10046.943359375 1471
10050.357421875 226
10068.7021484375 296
10071.6015625 1197
10075.6904296875 1666
10078.05859375 2511
10081.3056640625 101
10091.0390625 215
10097.7060546875 549
10107.705078125 550
10112.4755859375 573
10125.7421875 1136
10131.599609375 1199
10165.7158203125 1530
10175.826171875 1581
10177.43359375 1640
10199.19921875 1688
10201.09765625 1968
10220.3251953125 2526
10237.4130859375 2571
10242.63671875 2983
10260.533203125 1787
10272.203125 602
10274.0234375 1146
10297.5791015625 253
10330.7333984375 342
10336.0615234375 843
10345.1103515625 1233
10358.376953125 1335
10374.7646484375 1394
10377.5712890625 1737
10379.3369140625 1784
10379.798828125 1950
10418.1376953125 2025
10423.5087890625 2473
10426.7783203125 2518
10432.0859375 999
10447.359375 1056
10478.4736328125 1900
10478.765625 1304
10510.56640625 1326
10520.353515625 2967
10552.6298828125 1329
10554.6962890625 50
10555.1357421875 318
10560.0498046875 389
10578.3583984375 478
10578.68359375 491
10579.580078125 580
10590.7509765625 599
10594.1337890625 890
10597.91015625 896
10622.8212890625 909
10636.6494140625 919
10647.10546875 995
10651.51171875 1273
10653.83984375 1342
10654.4189453125 1430
10657.115234375 1495
10659.73046875 1568
10685.017578125 1583
10716.5302734375 1764
10719.0859375 1774
10725.41015625 2065
10761.4814453125 2117
10772.5771484375 2181
10782.8525390625 2268
10787.8759765625 2465
10788.21875 2664
10804.267578125 2760
10806.8994140625 2764
10811.8466796875 2938
10812.203125 2943
10839.017578125 1860
10860.3037109375 2880
10870.884765625 1333
10874.599609375 2631
10876.1318359375 146
10890.5439453125 1538
10950.00390625 21
10975.63671875 34
10976.619140625 200
10988.5927734375 288
10995.2734375 336
11022.1298828125 385
11022.1298828125 517
11059.166015625 546
11062.787109375 609
11067.296875 614
11074.3369140625 683
11088.357421875 686
11099.228515625 769
11107.0283203125 1097
11111.49609375 1221
11112.9189453125 1322
11112.9189453125 1359
11120.2578125 1376
11140.4111328125 1686
11154.6650390625 1854
11166.4560546875 2513
11176.244140625 2553
11190.1455078125 2650
11201.6669921875 2672
11202.400390625 2911
11214.345703125 78
11215.62890625 2713
11217.34375 2800
11221.4365234375 2651
11232.943359375 2970
11246.3330078125 1045
11262.98828125 1068
11276.166015625 2078
11307.24609375 884
11310.5849609375 886
11321.01171875 1028
11332.51171875 1845
11344.48828125 1932
11356.958984375 2489
11360.490234375 90
11361.95703125 153
11380.5419921875 240
11390.0283203125 256
11401.6982421875 531
11401.78125 644
11431.6923828125 706
11431.90234375 775
11432.7109375 1163
11464.0341796875 1483
11472.0087890625 2114
11472.67578125 2379
11492.2568359375 2424
11504.396484375 2433
11508.4736328125 2435
11515.0439453125 2442
11536.6416015625 2683
11540.0078125 2811
11547.3349609375 2176
11547.60546875 169
11561.2109375 2207
11565.9267578125 1144
11570.7998046875 2180
11574.251953125 73
11605.4423828125 663
11606.326171875 677
11609.505859375 756
11610.9833984375 925
11625.857421875 927
11626.9921875 946
11636.615234375 996
11647.4423828125 1141
11650.3935546875 1202
11662.826171875 1251
11667.341796875 1457
11684.4658203125 1502
11685.5791015625 1591
11699.0009765625 1733
11739.9970703125 1735
11750.8740234375 1919
11761.2353515625 1933
11762.955078125 1955
11763.701171875 2002
11774.6103515625 2335
11790.0439453125 2341
11799.291015625 2565
11802.056640625 2695
11805.9130859375 2763
11815.76953125 2840
11818.3505859375 2422
11831.1591796875 1020
11857.4169921875 640
11857.41796875 59
11860.669921875 177
11863.669921875 191
11884.0166015625 575
11887.091796875 687
11916.8779296875 934
11930.8974609375 1119
11930.8974609375 1529
11951.462890625 1697
11956.6484375 1810
11959.375 1831
11970.07421875 2354
11971.47265625 2528
11972.6953125 2679
11981.20703125 2712
11983.42578125 2747
12011.5634765625 2809
12013.0029296875 2821
12020.060546875 2842
12024.6796875 2860
12028.685546875 2906
12031.3515625 2994
12038.1826171875 186
12038.69140625 223
12056.669921875 1594
12061.9853515625 410
12076.6630859375 631
12078.5400390625 132
12083.107421875 2576
12097.869140625 1282
12105.3212890625 488
12106.904296875 869
12110.0693359375 2059
12118.01953125 787
12132.330078125 904
12134.6474609375 137
12152.16015625 275
12152.201171875 328
12156.4599609375 333
12162.6005859375 392
12165.494140625 407
12177.515625 489
12181.326171875 680
12197.890625 1022
12204.6943359375 1290
12208.3408203125 1358
12226.30078125 1607
12226.986328125 1653
12238.263671875 2024
12246.04296875 2184
12247.6572265625 2221
12254.111328125 2394
12254.521484375 2427
12263.3359375 2517
12264.61328125 2655
12293.8076171875 2704
12294.4462890625 2900
12297.556640625 2946
12304.392578125 459
12307.419921875 1408
12312.982421875 1339
12331.029296875 22
12340.84375 45
12352.830078125 300
12361.66796875 812
12370.6220703125 922
12411.626953125 947
12421.1181640625 975
12422.23046875 1001
12428.478515625 1095
12458.0419921875 1275
12460.337890625 1664
12466.205078125 1708
12469.7841796875 1763
12490.5908203125 1766
12495.126953125 1889
12496.6962890625 2077
12503.4609375 2082
12506.1630859375 2131
12518.943359375 2315
12529.310546875 2317
12530.869140625 2409
12542.5517578125 2608
12545.494140625 2616
12549.6103515625 2649
12570.5791015625 2819
12576.71484375 2862
12579.654296875 1164
12585.6240234375 2213
12586.8349609375 1050
12596.1259765625 979
12608.9169921875 1562
12623.6044921875 1597
12628.76171875 2334
12633.287109375 587
12636.8056640625 630
12651.9814453125 777
12657.59765625 1012
12677.640625 1064
12679.0419921875 1082
12682.134765625 1462
12683.6513671875 1501
12707.205078125 1654
12714.40234375 1800
12728.388671875 2656
12734.27734375 2884
12735.3662109375 1416
12742.189453125 1575
12742.3466796875 2889
12744.74609375 445
12747.357421875 30
12747.4697265625 2484
12768.5068359375 38
12770.8857421875 40
12792.9228515625 76
12819.048828125 77
12819.3408203125 108
12847.8095703125 164
12858.013671875 211
12867.646484375 225
12871.123046875 376
12875.27734375 437
12878.275390625 510
12885.4140625 646
12891.6875 671
12901.484375 738
12902.3525390625 770
12908.6875 1434
12909.259765625 1610
12938.1904296875 1662
12938.4814453125 1709
12963.029296875 1998
12963.966796875 2166
12965.2958984375 2220
12982.28515625 2238
13033.2177734375 2255
13037.9794921875 2345
13047.7470703125 2510
13051.232421875 2581
13058.1083984375 2607
13074.291015625 2807
13089.6201171875 1015
13092.826171875 1984
13096.6474609375 1258
13102.779296875 2555
13111.08984375 1147
13114.0625 865
13116.306640625 939
13134.0703125 1497
13161.765625 2630
13169.6083984375 2752
13169.8056640625 457
13175.3125 309
13177.357421875 316
13177.357421875 483
13188.1494140625 484
13193.337890625 633
13194.7353515625 1026
13202.755859375 1036
13210.806640625 1176
13220.224609375 1423
13233.4228515625 1485
13236.6162109375 1590
13237.0830078125 1702
13245.462890625 1759
13248.04296875 1818
13249.9658203125 1958
13253.35546875 1963
13257.953125 1977
13311.9619140625 2053
13314.212890625 2056
13317.40625 2125
13317.7998046875 2304
13320.2373046875 2356
13326.6396484375 2477
13328.9052734375 2533
13333.2177734375 2732
13335.431640625 2948
13340.759765625 1601
13350.0322265625 2256
13359.0791015625 2104
13363.28515625 284
13365.267578125 182
13416.517578125 916
13416.677734375 1667
13423.802734375 1852
13423.9453125 727
13454.822265625 2036
13462.2109375 2772
13469.7109375 130
13471.5166015625 219
13519.8583984375 394
13525.9765625 405
13531.96875 634
13552.4208984375 856
13552.4208984375 983
13560.560546875 1117
13589.630859375 1386
13595.2939453125 1791
13602.703125 1991
13605.3681640625 2060
13626.923828125 2215
13630.1953125 2314
13649.1171875 2440
13649.8203125 2467
13665.31640625 2618
13709.43359375 2648
13712.2802734375 2694
13720.2275390625 1772
13726.4873046875 818
13729.3369140625 2907
13732.2275390625 660
13753.21484375 1168
13789.529296875 1145
13798.240234375 1476
13808.3369140625 1618
13818.0166015625 655
13838.619140625 1592
13844.7470703125 2120
13861.19921875 2557
13864.005859375 112
13873.51953125 350
13882.4501953125 356
13883.9716796875 448
13888.4501953125 1500
13899.61328125 1526
13925.376953125 1587
13926.0537109375 1881
13931.263671875 1943
13931.263671875 1962
13934.326171875 1995
13938.78125 2075
13941.9169921875 2118
13946.05078125 2309
13953.828125 2418
13960.357421875 2516
13973.7138671875 2588
13981.83984375 2605
13996.669921875 2623
14002.669921875 2937
14012.60546875 1005
14016.07421875 110
14021.951171875 2360
14037.849609375 121
14040.130859375 1046
14054.6416015625 298
14073.37890625 372
14093.623046875 492
14102.0439453125 752
14106.275390625 838
14107.4248046875 903
14119.4033203125 1034
14139.9951171875 1128
14151.681640625 1187
14157.5126953125 1437
14172.7197265625 1488
14184.6025390625 1534
14195.6611328125 1657
14253.94921875 1678
14274.2216796875 1824
14284.828125 1826
14294.1982421875 1941
14294.1982421875 1997
14319.9658203125 2318
14349.162109375 2327
14353.1376953125 2362
14358.4345703125 2404
14365.5458984375 2453
14374.099609375 2458
14378.9775390625 2496
14379.1416015625 2696
14384.6494140625 2722
14408.1416015625 2796
14408.7099609375 2584
14413.177734375 2872
14416.216796875 2589
14424.6552734375 2135
14447.056640625 1802
14455.9638671875 1853
14469.8154296875 1892
14512.826171875 1580
14516.42578125 25
14526.8828125 72
14530.80859375 343
14545.0263671875 710
14564.79296875 755
14584.607421875 885
14589.0068359375 1683
14589.0546875 1776
14594.802734375 1972
14602.611328125 2047
14612.650390625 2138
14642.3056640625 2185
14658.498046875 2344
14660.826171875 2545
14665.23046875 2573
14666.7412109375 2855
14667.0732421875 2159
14672.7392578125 1067
14675.9853515625 371
14700.1513671875 243
14708.650390625 1301
14754.013671875 311
14757.916015625 426
14767.0576171875 648
14767.91015625 720
14787.3857421875 792
14802.1591796875 940
14811.9853515625 1006
14820.765625 1032
14822.208984375 1160
14829.33984375 1189
14832.953125 2183
14862.01953125 2190
14866.3017578125 2301
14888.2421875 1459
14896.98046875 1649
14915.71875 353
14930.931640625 2706
14935.16796875 1511
14944.548828125 1778
14951.6083984375 329
14968.2578125 731
14983.4453125 1400
15012.4833984375 2070
15023.544921875 1480
15037.646484375 1714
15066.3798828125 249
15083.66015625 94
15139.310546875 2823
15140.8515625 471
15145.7861328125 473
15157.3017578125 747
15159.833984375 915
15174.5712890625 921
15175.39453125 993
15190.763671875 1072
15214.41015625 1415
15224.3857421875 1541
15234.27734375 1746
15240.783203125 1949
15261.783203125 2079
15265.3154296875 2219
15268.7314453125 2258
15274.890625 2413
15304.7939453125 2628
15313.0595703125 2828
15322.775390625 2903
15338.8583984375 2996
15356.44921875 204
15392.822265625 1247
15393.08984375 1410
15402.666015625 1888
15413.236328125 1214
15425.8291015625 1658
15426.267578125 2587
15436.6884765625 380
15438.7783203125 688
15475.1494140625 1761
15481.2900390625 66
15486.62109375 127
15507.150390625 179
15509.77734375 855
15511.3154296875 1198
15512.31640625 1250
15520.8466796875 1507
15530.2158203125 1558
15532.615234375 2007
15537.8955078125 2092
15543.896484375 2231
15545.568359375 2384
15554.451171875 2457
15559.0234375 2544
15610.978515625 2717
15613.939453125 2774
15624.9462890625 2794
15625.3212890625 2909
15653.2958984375 972
15715.037109375 1138
15737.1923828125 1442
15750.251953125 1137
15754.396484375 102
15766.9912109375 667
15767.3916015625 1935
15777.44140625 2352
15849.310546875 2887
15852.58203125 427
15862.3603515625 1533
15880.5625 170
15887.8076171875 262
15908.34375 306
15959.638671875 596
15995.3486328125 805
16004.716796875 849
16008.9453125 850
16014.30859375 965
16040.056640625 976
16064.8203125 1058
16101.52734375 1403
16125.4521484375 1645
16130.234375 1999
16132.169921875 2292
16184.521484375 2392
16202.8427734375 2403
16228.5341796875 2497
16232.88671875 2524
16241.9853515625 2601
16245.322265625 2652
16291.2265625 2657
16318.013671875 2761
16325.71875 2839
16327.009765625 2939
16358.6953125 2984
16371.068359375 1027
16391.783203125 622
16421.26171875 417
16435.1015625 450
16453.69921875 690
16459.12109375 969
16471.44140625 982
16475.197265625 1040
16488.13671875 1078
16495.896484375 1083
16516.86328125 1382
16529.47265625 1391
16533.919921875 1486
16570.73046875 1503
16600.490234375 1547
16649.365234375 1561
16685.33203125 1965
16694.591796875 2026
16705.8984375 2066
16723.919921875 2182
16747.2265625 2245
16759.57421875 2460
16780.71875 2466
16791.005859375 2540
16793.669921875 2593
16830.01953125 2632
16834.625 2753
16836.515625 2759
16840.119140625 2793
16850.30078125 2925
16854.09765625 2152
16870.556640625 762
16883.486328125 2757
16913.314453125 37
16935.822265625 1624
16937.921875 1271
16967.18359375 2370
16983.576171875 2895
16984.279296875 2411
17005.462890625 67
17021.798828125 150
17040.787109375 171
17090.9140625 195
17145.82421875 363
17176.5703125 522
17259.9140625 657
17261.76953125 701
17311.763671875 760
17339.765625 811
17406.103515625 874
17422.09375 875
17440.81640625 1002
17444.23828125 1007
17451.09765625 1023
17463.375 1356
17469.9921875 1378
17482.6640625 1489
17495.345703125 1629
17505.880859375 2721
17507.283203125 2032
17559.40625 2259
17660.66015625 771
17679.439453125 1543
17701.279296875 2241
17770.876953125 1964
17787.974609375 1625
17789.009765625 2693
17792.544921875 222
17915.919921875 258
17922.07421875 281
17927.83984375 506
17936.400390625 582
17994.09765625 724
17998.771484375 879
18025.14453125 1003
18051.390625 1171
18115.76171875 1182
18115.76171875 1588
18126.392578125 1685
18154.84765625 1758
18216.87890625 2300
18219.76953125 2310
18461.501953125 2705
18498.744140625 2845
18538.17578125 2916
18557.568359375 1811
18658.716796875 2701
18808.177734375 421
18844.728515625 1440
18883.21875 2337
18888.162109375 2531
18922.603515625 18
18979.42578125 29
19008.8671875 31
19027.1640625 104
19097.240234375 274
19210.634765625 321
19228.853515625 370
19229.59375 375
19250.26953125 562
19262.01171875 914
19294.818359375 944
19387.751953125 1672
19421.072265625 1684
19423.041015625 1825
19476.51171875 1846
19599.291015625 1960
19639.564453125 1976
19934.58984375 2006
19958.818359375 2319
20037.15234375 2405
20097.392578125 2550
20124.498046875 2606
20167.23046875 2768
20183.841796875 1081
20207.419921875 1780
20300.48828125 16
20317.2109375 28
20363.92578125 125
20378.01953125 212
20385.474609375 265
20503.56640625 295
20577.19140625 360
20719.578125 364
20840.044921875 937
20915.65625 1077
21161.349609375 1101
21299.62890625 1241
21468.712890625 1243
21488.9140625 1307
21541.328125 1343
21546.61328125 1404
21647.708984375 1418
21684.26953125 1585
21914.369140625 1719
22544.201171875 1822
22913.44140625 2009
22942.8359375 2164
23457.169921875 2214
23733.142578125 2250
24008.798828125 2263
25294.251953125 2342
25394.76171875 2359
26679.283203125 2547
