3397.924072265625 1362
3695.84521484375 1926
3968.326416015625 2997
4044.7177734375 254
4049.672607421875 388
4284.791015625 465
4335.50048828125 498
4477.99951171875 520
4687.9697265625 962
4707.1318359375 981
4739.41796875 1156
4774.625 1652
4962.45654296875 2205
5018.32861328125 2339
5037.85107421875 2417
5095.97119140625 2494
5117.66162109375 2687
5151.6884765625 1122
5207.39892578125 1670
5302.9560546875 264
5415.94140625 2173
5429.158203125 1446
5475.814453125 87
5513.8525390625 251
5524.591796875 527
5549.27001953125 529
5580.18115234375 625
5587.14208984375 641
5615.51416015625 693
5683.7294921875 873
5758.0693359375 881
5783.48876953125 928
5863.91943359375 1133
5913.61376953125 1283
5980.6826171875 1318
5987.158203125 1346
5991.154296875 1417
6025.57275390625 1720
6065.3203125 1987
6067.94287109375 2226
6096.23779296875 2296
6113.533203125 2515
6194.3564453125 2572
6238.6865234375 2669
6255.537109375 2728
6289.55029296875 2734
6326.91943359375 2746
6378.89990234375 2852
6399.44873046875 2866
6400.357421875 2915
6405.15380859375 2949
6429.36669921875 377
6497.83544921875 2281
6503.49560546875 160
6511.44677734375 1
6530.560546875 425
6532.408203125 446
6552.67138671875 800
6588.24267578125 918
6589.2548828125 953
6598.9833984375 985
6710.6650390625 986
6712.416015625 1008
6741.89208984375 1043
6822.28125 1270
6837.736328125 1317
6839.3818359375 1435
6871.9619140625 1548
6918.4658203125 1606
6937.27294921875 1661
6970.896484375 1712
7055.18798828125 2010
7058.53564453125 2088
7095.4345703125 2365
7095.4345703125 2410
7121.228515625 2414
7134.8525390625 2482
7213.66796875 2560
7213.66796875 2781
7242.75634765625 2820
7268.923828125 997
7290.279296875 1781
7320.279296875 81
7356.14013671875 229
7364.8955078125 440
7388.38232421875 548
7390.83447265625 611
7431.67724609375 826
7434.82080078125 834
7435.82861328125 848
7516.29736328125 871
7649.16796875 893
7649.26123046875 1231
7675.78564453125 1256
7681.7177734375 1315
7686.66259765625 1458
7711.72900390625 1550
7751.37548828125 1671
7755.0810546875 1711
7759.4140625 1815
7790.00830078125 1893
7815.9853515625 2312
7859.64501953125 2324
7879.103515625 2385
7949.46533203125 2447
7995.94873046875 2562
8067.23193359375 2610
8079.2373046875 2622
8100.21533203125 2853
8125.4033203125 2924
8139.4921875 2927
8162.33056640625 2239
8176.388671875 1646
8186.84716796875 2396
8189.83349609375 49
8190.7158203125 189
8210.68359375 261
8272.1689453125 263
8294.5830078125 430
8329.4609375 831
8334.7109375 899
8343.5791015625 1123
8381.708984375 1169
8392.6240234375 1350
8423.0888671875 1405
8443.001953125 1512
8452.947265625 1750
8459.5185546875 1769
8468.7021484375 1908
8489.564453125 1966
8530.0302734375 1982
8533.767578125 1993
8535.111328125 2094
8537.6357421875 2126
8560.943359375 2141
8562.283203125 2171
8574.1953125 2174
8603.7607421875 2177
8624.138671875 2237
8634.419921875 2367
8670.857421875 2536
8681.365234375 2542
8682.5107421875 2582
8719.353515625 2675
8719.9921875 2703
8735.37109375 1873
8736.310546875 2107
8756.3603515625 1281
8756.82421875 455
8760.8779296875 470
8768.2138671875 902
8813.5068359375 926
8831.1318359375 967
8859.7353515625 1104
8895.275390625 1225
8912.91015625 1286
8913.4892578125 1506
8954.00390625 1516
8964.490234375 1599
8974.0625 1779
9002.541015625 1848
9005.568359375 1867
9012.0654296875 1883
9025.765625 2063
9043.302734375 2210
9065.6513671875 2246
9109.080078125 2285
9122.33984375 2361
9144.759765625 2686
9165.185546875 2700
9166.509765625 88
9186.328125 586
9196.771484375 136
9209.0087890625 1471
9211.12890625 226
9221.640625 296
9231.83984375 1197
9237.1318359375 1666
9242.5166015625 2511
9250.921875 101
9342.08203125 215
9449.6103515625 549
9461.01171875 550
9464.76171875 573
9478.208984375 1136
9527.7861328125 1199
9534.162109375 1530
9544.1396484375 1581
9583.1708984375 1640
9591.9140625 1688
9597.6220703125 1968
9606.2421875 2526
9623.4375 2571
9632.859375 2983
9645.0458984375 1787
9645.0458984375 602
9645.4267578125 1146
9721.53125 253
9727.5078125 342
9736.01171875 843
9744.3095703125 1233
9752.21484375 1335
9754.16015625 1394
9756.5869140625 1737
9767.22265625 1784
9788.46484375 1950
9821.3583984375 2025
9821.7919921875 2473
9832.3193359375 2518
9854.5390625 999
9862.861328125 1056
9903.384765625 1900
9916.9150390625 1304
9936.84765625 1326
9950.6064453125 2967
9951.3525390625 1329
9986.36328125 50
10002.0908203125 318
10014.2373046875 389
10024.7724609375 478
10031.169921875 491
10031.7939453125 580
10043.0341796875 599
10045.6591796875 890
10049.8212890625 896
10062.9248046875 909
10065.515625 919
10065.5771484375 995
10076.275390625 1273
10140.7333984375 1342
10154.84765625 1430
10160.8330078125 1495
10165.40234375 1568
10167.568359375 1583
10188.9775390625 1764
10193.2333984375 1774
10200.572265625 2065
10206.96484375 2117
10213.10546875 2181
10220.7841796875 2268
10230.6806640625 2465
10285.9111328125 2664
10311.220703125 2760
10329.0185546875 2764
10330.490234375 2938
10336.0126953125 2943
10342.193359375 1860
10347.2109375 2880
10361.177734375 1333
10364.884765625 2631
10376.3828125 146
10396.9248046875 1538
10397.0654296875 21
10413.5576171875 34
10415.265625 200
10423.8740234375 288
10425.970703125 336
10430.828125 385
10508.380859375 517
10534.3291015625 546
10551.4873046875 609
10577.5390625 614
10592.333984375 683
10594.33984375 686
10594.4189453125 769
10599.3505859375 1097
10602.5654296875 1221
10603.419921875 1322
10607.09375 1359
10614.7216796875 1376
10626.7265625 1686
10639.5654296875 1854
10674.8447265625 2513
10675.3662109375 2553
10685.0146484375 2650
10699.2001953125 2672
10703.4501953125 2911
10723.666015625 78
10729.41796875 2713
10743.3232421875 2800
10755.0908203125 2651
10798.2880859375 2970
10799.099609375 1045
10806.9921875 1068
10812.5888671875 2078
10830.6298828125 884
10835.1220703125 886
10846.865234375 1028
10855.662109375 1845
10855.9091796875 1932
10860.447265625 2489
10870.46875 90
10870.5947265625 153
10889.9501953125 240
10932.8837890625 256
10942.29296875 531
10950.205078125 644
10957.8271484375 706
10971.0634765625 775
10980.5380859375 1163
11002.8330078125 1483
11005.3447265625 2114
11010.8818359375 2379
11015.283203125 2424
11043.1884765625 2433
11050.734375 2435
11058.1962890625 2442
11065.0126953125 2683
11068.712890625 2811
11102.080078125 2176
11174.4697265625 169
11212.921875 2207
11218.2509765625 1144
11237.2841796875 2180
11265.1796875 73
11265.7734375 663
11280.5703125 677
11296.158203125 756
11311.1884765625 925
11342.650390625 927
11346.33984375 946
11346.6494140625 996
11408.15625 1141
11408.7978515625 1202
11418.02734375 1251
11419.94921875 1457
11458.3251953125 1502
11471.0712890625 1591
11479.076171875 1733
11508.9140625 1735
11519.0869140625 1919
11530.626953125 1933
11534.8984375 1955
11540.90234375 2002
11551.9453125 2335
11562.94921875 2341
11565.3701171875 2565
11576.04296875 2695
11584.837890625 2763
11585.197265625 2840
11617.8310546875 2422
11649.0439453125 1020
11660.3837890625 640
11673.978515625 59
11680.23046875 177
11681.8740234375 191
11704.5 575
11704.8955078125 687
11708.46484375 934
11725.03515625 1119
11725.8046875 1529
11731.0625 1697
11732.142578125 1810
11743.6982421875 1831
11760.7734375 2354
11767.3759765625 2528
11769.158203125 2679
11778.8154296875 2712
11779.51953125 2747
11794.2861328125 2809
11796.2587890625 2821
11803.2783203125 2842
11803.314453125 2860
11803.6083984375 2906
11810.1591796875 2994
11830.3515625 186
11830.60546875 223
11839.71484375 1594
11846.8427734375 410
11876.3896484375 631
11882.03125 132
11894.3828125 2576
11901.677734375 1282
11953.3466796875 488
11954.4599609375 869
11980.912109375 2059
11986.091796875 787
12012.26171875 904
12019.28125 137
12025.4345703125 275
12030.8125 328
12040.501953125 333
12063.064453125 392
12066.6591796875 407
12067.298828125 489
12069.16796875 680
12080.427734375 1022
12091.251953125 1290
12103.7109375 1358
12113.0302734375 1607
12113.03125 1653
12119.1416015625 2024
12123.900390625 2184
12148.755859375 2221
12153.220703125 2394
12159.927734375 2427
12163.884765625 2517
12167.3046875 2655
12169.6103515625 2704
12186.044921875 2900
12188.830078125 2946
12189.2822265625 459
12199.10546875 1408
12199.419921875 1339
12200.009765625 22
12210.0126953125 45
12225.466796875 300
12230.578125 812
12231.439453125 922
12238.224609375 947
12270.9296875 975
12291.12890625 1001
12329.9384765625 1095
12351.9130859375 1275
12368.6337890625 1664
12371.388671875 1708
12385.9345703125 1763
12390.16015625 1766
12396.083984375 1889
12449.48046875 2077
12455.5966796875 2082
12472.6728515625 2131
12486.44140625 2315
12494.4248046875 2317
12532.060546875 2409
12533.3056640625 2608
12547.919921875 2616
12554.755859375 2649
12564.34765625 2819
12590.4384765625 2862
12605.8212890625 1164
12613.9033203125 2213
12626.0029296875 1050
12635.4853515625 979
12639.0947265625 1562
12648.9326171875 1597
12665.4208984375 2334
12668.7548828125 587
12672.5517578125 630
12675.8330078125 777
12680.90625 1012
12691.484375 1064
12704.40625 1082
12709.1484375 1462
12711.60546875 1501
12775.2587890625 1654
12783.318359375 1800
12813.109375 2656
12818.9296875 2884
12822.373046875 1416
12822.8515625 1575
12830.1455078125 2889
12849.23828125 445
12917.5439453125 30
12931.3818359375 2484
12951.2861328125 38
12974.4228515625 40
12999.658203125 76
13001.751953125 77
13003.765625 108
13013.0625 164
13016.4306640625 211
13023.490234375 225
13055.2373046875 376
13067.4873046875 437
13072.7607421875 510
13073.369140625 646
13075.35546875 671
13080.400390625 738
13085.88671875 770
13101.4150390625 1434
13102.8427734375 1610
13117.248046875 1662
13134.26171875 1709
13141.46484375 1998
13149.33203125 2166
13177.12890625 2220
13186.853515625 2238
13186.853515625 2255
13198.1982421875 2345
13205.154296875 2510
13205.994140625 2581
13238.3125 2607
13294.9072265625 2807
13295.5703125 1015
13365.125 1984
13383.4228515625 1258
13414.017578125 2555
13420.318359375 1147
13427.28515625 865
13446.8642578125 939
13451.82421875 1497
13470.76171875 2630
13473.0234375 2752
13477.037109375 457
13485.5517578125 309
13539.765625 316
13543.244140625 483
13579.9794921875 484
13587.45703125 633
13593.0654296875 1026
13594.90625 1036
13598.521484375 1176
13626.529296875 1423
13640.244140625 1485
13668.75 1590
13670.1689453125 1702
13707.3232421875 1759
13717.2470703125 1818
13719.01953125 1958
13728.091796875 1963
13793.4453125 1977
13799.9638671875 2053
13828.3701171875 2056
13833.0859375 2125
13840.525390625 2304
13843.740234375 2356
13872.5419921875 2477
13875.30859375 2533
13876.4423828125 2732
13887.3017578125 2948
13891.958984375 1601
13891.9599609375 2256
13894.9375 2104
13906.4912109375 284
13909.9873046875 182
13918.9638671875 916
13939.1328125 1667
13959.8876953125 1852
13960.0556640625 727
13961.955078125 2036
13969.42578125 2772
13987.150390625 130
14004.865234375 219
14009.33203125 394
14011.001953125 405
14018.8212890625 634
14021.5927734375 856
14031.5478515625 983
14052.12890625 1117
14054.4326171875 1386
14054.5283203125 1791
14060.681640625 1991
14076.1787109375 2060
14090.9296875 2215
14091.2783203125 2314
14100.330078125 2440
14120.8134765625 2467
14135.6533203125 2618
14146.443359375 2648
14190.708984375 2694
14210.708984375 1772
14212.37890625 818
14223.958984375 2907
14225.9970703125 660
14232.3828125 1168
14239.0498046875 1145
14252.3095703125 1476
14274.826171875 1618
14285.79296875 655
14312.3583984375 1592
14319.3828125 2120
14325.0703125 2557
14344.46484375 112
14348.3603515625 350
14352.583984375 356
14358.6171875 448
14382.376953125 1500
14398.4111328125 1526
14445.6640625 1587
14449.2763671875 1881
14450.8466796875 1943
14451.4638671875 1962
14466.70703125 1995
14481.2177734375 2075
14492.28125 2118
14492.91015625 2309
14514.1142578125 2418
14540.4130859375 2516
14542.7939453125 2588
14570.09375 2605
14585.978515625 2623
14593.873046875 2937
14597.1259765625 1005
14618.1953125 110
14630.0703125 2360
14637.4833984375 121
14659.837890625 1046
14666.9072265625 298
14673.953125 372
14701.16796875 492
14707.0654296875 752
14709.7900390625 838
14719.7734375 903
14723.048828125 1034
14732.603515625 1128
14743.2890625 1187
14744.36328125 1437
14763.8349609375 1488
14778.5732421875 1534
14785.3623046875 1657
14791.41796875 1678
14808.646484375 1824
14818.109375 1826
14821.1982421875 1941
14836.052734375 1997
14842.259765625 2318
14851.43359375 2327
14851.53125 2362
14859.1806640625 2404
14862.8232421875 2453
14862.833984375 2458
14870.9287109375 2496
14883.0087890625 2696
14898.2255859375 2722
14901.380859375 2796
14911.0615234375 2584
14930.8427734375 2872
14937.4423828125 2589
14946.703125 2135
14976.267578125 1802
14988.5576171875 1853
14997.046875 1892
15001.8984375 1580
15018.2021484375 25
15028.1142578125 72
15035.4375 343
15045.341796875 710
15047.7548828125 755
15051.12109375 885
15063.96875 1683
15078.01953125 1776
15141.685546875 1972
15146.673828125 2047
15148.544921875 2138
15149.8447265625 2185
15163.880859375 2344
15167.462890625 2545
15176.11328125 2573
15210.1357421875 2855
15218.9599609375 2159
15229.4765625 1067
15279.84375 371
15281.6962890625 243
15292.0146484375 1301
15293.140625 311
15301.0 426
15303.361328125 648
15343.2587890625 720
15356.0595703125 792
15380.40234375 940
15412.0859375 1006
15432.10546875 1032
15455.109375 1160
15456.8193359375 1189
15508.2490234375 2183
15532.6845703125 2190
15566.37890625 2301
15578.728515625 1459
15584.15234375 1649
15584.8349609375 353
15677.8046875 2706
15678.3125 1511
15721.4296875 1778
15903.8095703125 329
15909.2626953125 731
15909.701171875 1400
15914.5322265625 2070
15914.8359375 1480
15917.5244140625 1714
15927.056640625 249
15973.681640625 94
16020.7021484375 2823
16039.8896484375 471
16047.13671875 473
16078.1376953125 747
16094.7734375 915
16106.8173828125 921
16174.529296875 993
16193.259765625 1072
16218.1015625 1415
16228.0888671875 1541
16229.7255859375 1746
16239.3310546875 1949
16252.267578125 2079
16261.6005859375 2219
16307.025390625 2258
16403.96484375 2413
16423.02734375 2628
16462.5703125 2828
16476.326171875 2903
16483.8984375 2996
16486.43359375 204
16488.443359375 1247
16509.43359375 1410
16516.3984375 1888
16545.61328125 1214
16567.10546875 1658
16598.83984375 2587
16603.755859375 380
16626.78515625 688
16658.48828125 1761
16714.11328125 66
16719.845703125 127
16728.654296875 179
16747.0546875 855
16748.18359375 1198
16754.5625 1250
16770.310546875 1507
16823.0625 1558
16843.291015625 2007
16866.91015625 2092
16880.720703125 2231
16881.35546875 2384
16883.216796875 2457
16932.580078125 2544
16951.611328125 2717
17055.76953125 2774
17082.7578125 2794
17084.779296875 2909
17090.6640625 972
17166.962890625 1138
17186.681640625 1442
17192.720703125 1137
17196.775390625 102
17323.34765625 667
17324.19921875 1935
17345.59375 2352
17356.265625 2887
17370.13671875 427
17372.23046875 1533
17431.279296875 170
17456.2734375 262
17456.275390625 306
17464.865234375 596
17530.439453125 805
17549.9296875 849
17562.1953125 850
17579.078125 965
17611.462890625 976
17664.025390625 1058
17691.236328125 1403
17733.126953125 1645
17744.05078125 1999
17755.765625 2292
17771.779296875 2392
17790.462890625 2403
17799.962890625 2497
17897.12109375 2524
17943.841796875 2601
17982.26953125 2652
18016.466796875 2657
18019.556640625 2761
18022.4140625 2839
18048.9375 2939
18089.8671875 2984
18117.15625 1027
18139.7890625 622
18157.365234375 417
18220.609375 450
18222.1328125 690
18248.791015625 969
18271.806640625 982
18319.025390625 1040
18339.146484375 1078
18340.822265625 1083
18349.79296875 1382
18401.83203125 1391
18403.419921875 1486
18465.41796875 1503
18488.4140625 1547
18489.8828125 1561
18509.931640625 1965
18558.84765625 2026
18594.755859375 2066
18600.6171875 2182
18668.59765625 2245
18746.322265625 2460
18777.13671875 2466
18778.302734375 2540
18803.78125 2593
18808.751953125 2632
18853.771484375 2753
18879.037109375 2759
18913.341796875 2793
18991.58203125 2925
19056.2578125 2152
19062.84765625 762
19182.162109375 2757
19185.302734375 37
19189.74609375 1624
19303.31640625 1271
19311.123046875 2370
19339.69140625 2895
19494.033203125 2411
19505.3671875 67
19535.08203125 150
19657.14453125 171
19665.53125 195
19773.494140625 363
19791.126953125 522
19800.8515625 657
19838.80859375 701
19867.4453125 760
19870.05078125 811
19899.921875 874
19911.94140625 875
20013.267578125 1002
20044.298828125 1007
20044.431640625 1023
20047.65234375 1356
20069.181640625 1378
20220.43359375 1489
20307.556640625 1629
20359.8671875 2721
20362.880859375 2032
20424.4375 2259
20424.4375 771
20431.65625 1543
20529.841796875 2241
20579.857421875 1964
20637.630859375 1625
20654.63671875 2693
20693.6953125 222
20735.99609375 258
20770.322265625 281
20995.609375 506
21018.720703125 582
21020.029296875 724
21046.427734375 879
21047.458984375 1003
21047.458984375 1171
21047.998046875 1182
21086.8671875 1588
21254.994140625 1685
21295.6953125 1758
21301.17578125 2300
21371.94921875 2310
21394.103515625 2705
21562.431640625 2845
21570.720703125 2916
21570.98046875 1811
21637.78515625 2701
21718.8359375 421
21762.015625 1440
21788.923828125 2337
21896.244140625 2531
22029.1328125 18
22029.150390625 29
22368.638671875 31
22368.859375 104
22503.310546875 274
22693.587890625 321
22729.1484375 370
22911.337890625 375
23003.90625 562
23013.40625 914
23039.994140625 944
23242.056640625 1672
23296.78515625 1684
23399.849609375 1825
23440.912109375 1846
23477.396484375 1960
23488.77734375 1976
23500.46484375 2006
23651.02734375 2319
23738.30078125 2405
23814.41796875 2550
23898.98828125 2606
23899.904296875 2768
23901.572265625 1081
23925.99609375 1780
24079.748046875 16
24090.861328125 28
24096.427734375 125
24190.203125 212
24236.927734375 265
24436.392578125 295
24470.85546875 360
24497.630859375 364
24499.9453125 937
24499.9453125 1077
24598.404296875 1101
24657.62109375 1241
24726.984375 1243
25461.638671875 1307
25530.63671875 1343
25650.671875 1404
26046.91015625 1418
26048.84765625 1585
26253.189453125 1719
26329.162109375 1822
26417.810546875 2009
26561.13671875 2164
27317.193359375 2214
28315.9296875 2250
29149.4921875 2263
29259.265625 2342
29383.673828125 2359
30513.33984375 2547
