3977.32470703125 1446
4187.78662109375 87
4319.6455078125 251
4382.01953125 527
4415.154296875 529
4427.75439453125 625
4502.08203125 641
4641.7568359375 693
4734.931640625 873
4750.0849609375 881
4889.0126953125 928
4944.693359375 1133
5025.84765625 1283
5075.197265625 1318
5179.7421875 1346
5209.29150390625 1417
5217.8251953125 1720
5237.44384765625 1987
5298.5625 2226
5316.47265625 2296
5325.5244140625 2515
5405.6689453125 2572
5419.2587890625 2669
5433.71533203125 2728
5530.36474609375 2734
5558.62060546875 2746
5632.4306640625 2852
5667.20068359375 2866
5681.623046875 2915
5710.47265625 2949
5800.64794921875 377
5819.7021484375 2281
5864.48828125 160
5869.94384765625 1
5948.1337890625 425
5977.31884765625 446
6073.265625 800
6106.76025390625 918
6115.79443359375 953
6144.1337890625 985
6218.63232421875 986
6237.921875 1008
6238.0712890625 1043
6279.27685546875 1270
6330.12890625 1317
6341.8876953125 1435
6342.5322265625 1548
6448.7255859375 1606
6465.0224609375 1661
6471.9638671875 1712
6496.00146484375 2010
6524.21435546875 2088
6560.0595703125 2365
6620.47314453125 2410
6648.0302734375 2414
6664.67236328125 2482
6687.466796875 2560
6710.86474609375 2781
6714.80908203125 2820
6744.556640625 997
6764.13671875 1781
6804.19189453125 81
6865.1201171875 229
6892.296875 440
6893.59228515625 548
6908.37109375 611
6923.74169921875 826
6953.1650390625 834
6962.19189453125 848
6998.53564453125 871
7016.6220703125 893
7021.02001953125 1231
7021.02001953125 1256
7035.09326171875 1315
7155.55224609375 1458
7156.58349609375 1550
7165.0576171875 1671
7199.85302734375 1711
7306.70751953125 1815
7358.3740234375 1893
7370.0048828125 2312
7375.947265625 2324
7399.1455078125 2385
7403.4365234375 2447
7406.205078125 2562
7428.318359375 2610
7450.5810546875 2622
7476.201171875 2853
7478.294921875 2924
7478.54296875 2927
7482.2919921875 2239
7482.2919921875 1362
7491.44384765625 1926
7516.197265625 2997
7536.142578125 254
7598.791015625 388
7602.97216796875 465
7674.7529296875 498
7711.8525390625 520
7727.6767578125 962
7754.396484375 981
7762.947265625 1156
7784.9228515625 1652
7792.6728515625 2205
7835.826171875 2339
7863.34814453125 2417
7873.33349609375 2494
7933.37548828125 2687
7939.8828125 1122
7973.87744140625 1670
7980.6982421875 264
7991.40966796875 2173
8000.38134765625 1646
8006.37890625 2396
8024.12158203125 49
8038.20166015625 189
8078.6337890625 261
8086.15625 263
8158.025390625 430
8182.8515625 831
8186.36865234375 899
8204.1787109375 1123
8233.8447265625 1169
8241.1201171875 1350
8243.8818359375 1405
8261.0732421875 1512
8270.8037109375 1750
8279.9560546875 1769
8292.966796875 1908
8327.8837890625 1966
8350.228515625 1982
8358.5908203125 1993
8388.1181640625 2094
8395.322265625 2126
8413.5771484375 2141
8426.8125 2171
8462.79296875 2174
8504.7314453125 2177
8507.6611328125 2237
8530.6796875 2367
8535.388671875 2536
8540.5439453125 2542
8577.869140625 2582
8589.5888671875 2675
8592.2939453125 2703
8633.310546875 1873
8640.826171875 2107
8649.234375 1281
8674.16796875 455
8675.3671875 470
8680.7802734375 902
8685.8173828125 926
8816.6806640625 967
8845.6640625 1104
8853.2421875 1225
8864.0908203125 1286
8908.8515625 1506
8917.8779296875 1516
8939.892578125 1599
8954.3828125 1779
8961.1875 1848
8978.4365234375 1867
9020.2890625 1883
9023.9951171875 2063
9029.853515625 2210
9066.0615234375 2246
9084.041015625 2285
9105.947265625 2361
9114.6435546875 2686
9118.724609375 2700
9189.0732421875 88
9190.765625 586
9197.15234375 136
9201.90234375 1471
9207.19140625 226
9233.63671875 296
9241.3203125 1197
9270.705078125 1666
9275.146484375 2511
9280.537109375 101
9284.1025390625 215
9296.7919921875 549
9322.7724609375 550
9342.48046875 573
9351.708984375 1136
9352.4853515625 1199
9358.9833984375 1530
9368.7138671875 1581
9381.623046875 1640
9389.2275390625 1688
9390.6796875 1968
9406.908203125 2526
9408.123046875 2571
9412.7470703125 2983
9423.5927734375 1787
9434.796875 602
9439.779296875 1146
9448.021484375 253
9451.96875 342
9459.7919921875 843
9502.30859375 1233
9512.4306640625 1335
9527.259765625 1394
9528.86328125 1737
9532.9345703125 1784
9537.4716796875 1950
9589.4296875 2025
9624.0009765625 2473
9652.716796875 2518
9668.927734375 999
9709.2880859375 1056
9711.1494140625 1900
9712.8046875 1304
9753.4208984375 1326
9780.345703125 2967
9803.4677734375 1329
9824.072265625 50
9879.130859375 318
9929.1015625 389
9943.2236328125 478
9950.203125 491
9955.4921875 580
9957.21484375 599
9966.4287109375 890
10015.78515625 896
10024.533203125 909
10046.841796875 919
10053.3955078125 995
10066.5322265625 1273
10108.90625 1342
10144.9169921875 1430
10173.005859375 1495
10208.8681640625 1568
10210.21875 1583
10218.015625 1764
10219.0244140625 1774
10235.2109375 2065
10239.9140625 2117
10253.294921875 2181
10267.91015625 2268
10272.5712890625 2465
10283.455078125 2664
10288.6513671875 2760
10299.65625 2764
10301.298828125 2938
10307.5009765625 2943
10325.552734375 1860
10337.1650390625 2880
10354.9921875 1333
10362.16796875 2631
10407.62109375 146
10419.34375 1538
10420.53515625 21
10432.8046875 34
10438.2216796875 200
10462.0908203125 288
10488.951171875 336
10491.0888671875 385
10492.123046875 517
10499.8642578125 546
10516.013671875 609
10571.9716796875 614
10571.9716796875 683
10592.388671875 686
10615.224609375 769
10621.2080078125 1097
10631.498046875 1221
10642.4990234375 1322
10657.8046875 1359
10678.994140625 1376
10703.19140625 1686
10704.3212890625 1854
10709.4658203125 2513
10719.3359375 2553
10761.283203125 2650
10782.8173828125 2672
10790.55859375 2911
10809.275390625 78
10815.05859375 2713
10818.48046875 2800
10821.302734375 2651
10859.138671875 2970
10875.876953125 1045
10913.56640625 1068
10957.7451171875 2078
10980.6748046875 884
11016.07421875 886
11031.4794921875 1028
11053.79296875 1845
11068.30078125 1932
11087.119140625 2489
11098.005859375 90
11158.076171875 153
11199.0068359375 240
11199.189453125 256
11200.75390625 531
11214.052734375 644
11217.7705078125 706
11220.62890625 775
11230.6171875 1163
11292.337890625 1483
11299.201171875 2114
11299.9716796875 2379
11300.072265625 2424
11303.943359375 2433
11306.146484375 2435
11306.5146484375 2442
11334.1455078125 2683
11343.7890625 2811
11348.109375 2176
11372.4072265625 169
11398.0078125 2207
11409.9912109375 1144
11410.6396484375 2180
11414.2001953125 73
11437.67578125 663
11440.580078125 677
11446.681640625 756
11448.8994140625 925
11462.7919921875 927
11464.1865234375 946
11477.70703125 996
11481.76953125 1141
11489.138671875 1202
11493.3017578125 1251
11565.357421875 1457
11577.703125 1502
11585.9853515625 1591
11590.3193359375 1733
11594.1982421875 1735
11602.09375 1919
11605.84375 1933
11609.58984375 1955
11613.072265625 2002
11618.2353515625 2335
11627.4951171875 2341
11658.5517578125 2565
11669.8642578125 2695
11676.26953125 2763
11690.638671875 2840
11696.9248046875 2422
11727.1572265625 1020
11734.0341796875 640
11745.5302734375 59
11756.8486328125 177
11762.193359375 191
11765.05078125 575
11768.82421875 687
11770.2490234375 934
11795.259765625 1119
11804.0546875 1529
11818.033203125 1697
11831.5732421875 1810
11852.4921875 1831
11872.58984375 2354
11874.61328125 2528
11875.8212890625 2679
11875.912109375 2712
11880.5107421875 2747
11886.658203125 2809
11889.29296875 2821
11905.6552734375 2842
11952.021484375 2860
11952.7900390625 2906
11958.1123046875 2994
11962.1484375 186
11965.412109375 223
11973.158203125 1594
11973.2216796875 410
11975.88671875 631
11975.88671875 132
11979.3359375 2576
11984.744140625 1282
11987.529296875 488
12004.111328125 869
12019.044921875 2059
12041.794921875 787
12047.275390625 904
12060.150390625 137
12099.142578125 275
12134.611328125 328
12159.1123046875 333
12159.5693359375 392
12176.169921875 407
12176.837890625 489
12183.0654296875 680
12196.9521484375 1022
12204.7060546875 1290
12223.5546875 1358
12225.2900390625 1607
12235.765625 1653
12256.39453125 2024
12259.28515625 2184
12266.40625 2221
12281.8369140625 2394
12291.21875 2427
12302.5556640625 2517
12329.865234375 2655
12331.3203125 2704
12334.962890625 2900
12336.283203125 2946
12337.8349609375 459
12338.3974609375 1408
12359.8037109375 1339
12361.7998046875 22
12373.4677734375 45
12387.486328125 300
12388.2265625 812
12392.98046875 922
12402.9521484375 947
12402.9521484375 975
12457.05859375 1001
12461.82421875 1095
12470.0810546875 1275
12475.994140625 1664
12479.15625 1708
12479.3271484375 1763
12507.609375 1766
12510.9091796875 1889
12511.91015625 2077
12521.6708984375 2082
12527.013671875 2131
12530.130859375 2315
12531.4697265625 2317
12532.84375 2409
12538.794921875 2608
12543.8203125 2616
12555.6357421875 2649
12562.458984375 2819
12572.341796875 2862
12576.615234375 1164
12598.6416015625 2213
12603.982421875 1050
12605.3427734375 979
12614.9873046875 1562
12624.6796875 1597
12627.80078125 2334
12638.5556640625 587
12639.0322265625 630
12648.9833984375 777
12666.3828125 1012
12667.3349609375 1064
12668.75390625 1082
12670.5390625 1462
12671.234375 1501
12676.583984375 1654
12686.416015625 1800
12688.439453125 2656
12688.7998046875 2884
12705.642578125 1416
12706.033203125 1575
12716.65625 2889
12721.7568359375 445
12757.208984375 30
12762.1787109375 2484
12766.259765625 38
12785.1787109375 40
12808.7265625 76
12844.4296875 77
12846.927734375 108
12848.9208984375 164
12860.14453125 211
12887.658203125 225
12915.12109375 376
12928.0302734375 437
12928.732421875 510
12929.302734375 646
12939.451171875 671
12946.3310546875 738
12959.876953125 770
12968.9873046875 1434
12972.861328125 1610
12974.185546875 1662
12983.81640625 1709
12991.361328125 1998
12992.98828125 2166
12999.4736328125 2220
13026.447265625 2238
13044.0537109375 2255
13044.9814453125 2345
13047.6767578125 2510
13054.451171875 2581
13093.564453125 2607
13111.09375 2807
13120.314453125 1015
13161.013671875 1984
13165.46484375 1258
13169.8046875 2555
13192.2294921875 1147
13241.2548828125 865
13253.8359375 939
13255.3271484375 1497
13267.345703125 2630
13271.736328125 2752
13274.4873046875 457
13280.2314453125 309
13283.859375 316
13287.91015625 483
13302.2294921875 484
13305.9716796875 633
13328.1943359375 1026
13336.7099609375 1036
13373.60546875 1176
13377.1923828125 1423
13380.7109375 1485
13395.1630859375 1590
13400.8125 1702
13402.744140625 1759
13410.541015625 1818
13420.6826171875 1958
13455.482421875 1963
13466.2265625 1977
13486.16015625 2053
13487.3740234375 2056
13492.15234375 2125
13498.44140625 2304
13499.84765625 2356
13509.76171875 2477
13512.560546875 2533
13520.5595703125 2732
13539.529296875 2948
13545.2529296875 1601
13583.6640625 2256
13588.599609375 2104
13642.53125 284
13650.705078125 182
13665.7099609375 916
13670.984375 1667
13683.294921875 1852
13703.1337890625 727
13710.767578125 2036
13711.6171875 2772
13712.4599609375 130
13736.84765625 219
13751.7509765625 394
13778.4306640625 405
13782.798828125 634
13789.1484375 856
13790.23046875 983
13817.2509765625 1117
13826.4462890625 1386
13836.7509765625 1791
13840.087890625 1991
13845.7568359375 2060
13867.8984375 2215
13878.810546875 2314
13917.947265625 2440
13936.837890625 2467
13950.576171875 2618
13951.5107421875 2648
13954.015625 2694
13960.9404296875 1772
13970.1533203125 818
13970.9931640625 2907
13977.62890625 660
14019.8857421875 1168
14021.0625 1145
14045.7490234375 1476
14063.5361328125 1618
14076.8720703125 655
14084.921875 1592
14088.0693359375 2120
14109.609375 2557
14117.1474609375 112
14121.087890625 350
14122.3916015625 356
14126.88671875 448
14149.478515625 1500
14203.73046875 1526
14204.41015625 1587
14214.20703125 1881
14237.8173828125 1943
14253.4033203125 1962
14258.6923828125 1995
14269.052734375 2075
14284.7197265625 2118
14297.642578125 2309
14315.93359375 2418
14323.83203125 2516
14328.841796875 2588
14339.357421875 2605
14351.7509765625 2623
14358.1640625 2937
14362.38671875 1005
14364.44921875 110
14365.92578125 2360
14374.11328125 121
14382.71484375 1046
14384.8779296875 298
14418.34765625 372
14418.9453125 492
14436.3447265625 752
14453.9794921875 838
14454.486328125 903
14467.693359375 1034
14468.3427734375 1128
14492.9296875 1187
14499.421875 1437
14521.0302734375 1488
14525.1044921875 1534
14525.9248046875 1657
14545.7353515625 1678
14550.78125 1824
14565.359375 1826
14569.3056640625 1941
14588.36328125 1997
14598.92578125 2318
14633.70703125 2327
14636.892578125 2362
14639.048828125 2404
14666.587890625 2453
14679.2275390625 2458
14690.22265625 2496
14702.2431640625 2696
14714.5263671875 2722
14726.7236328125 2796
14733.3125 2584
14739.8740234375 2872
14740.521484375 2589
14742.3916015625 2135
14743.86328125 1802
14768.310546875 1853
14773.8291015625 1892
14787.48828125 1580
14787.701171875 25
14793.083984375 72
14806.5830078125 343
14810.5400390625 710
14812.51953125 755
14816.8388671875 885
14827.0927734375 1683
14831.9521484375 1776
14875.94140625 1972
14892.5595703125 2047
14920.390625 2138
14949.4755859375 2185
14963.998046875 2344
14966.677734375 2545
14983.2314453125 2573
14993.212890625 2855
14996.041015625 2159
15011.12890625 1067
15032.408203125 371
15045.4033203125 243
15052.8603515625 1301
15085.484375 311
15125.4150390625 426
15135.7255859375 648
15194.6640625 720
15202.509765625 792
15206.8828125 940
15214.2177734375 1006
15224.2978515625 1032
15260.26171875 1160
15280.1826171875 1189
15313.396484375 2183
15316.58203125 2190
15343.0078125 2301
15369.06640625 1459
15376.9482421875 1649
15384.8916015625 353
15390.2646484375 2706
15404.4912109375 1511
15422.4560546875 1778
15472.0537109375 329
15472.8193359375 731
15488.962890625 1400
15494.1044921875 2070
15500.63671875 1480
15508.896484375 1714
15548.9619140625 249
15557.373046875 94
15572.9287109375 2823
15576.296875 471
15614.0400390625 473
15631.5771484375 747
15643.7353515625 915
15649.8056640625 921
15656.01953125 993
15659.380859375 1072
15661.525390625 1415
15665.5625 1541
15671.38671875 1746
15679.8984375 1949
15686.1259765625 2079
15687.869140625 2219
15689.3671875 2258
15703.3505859375 2413
15710.9326171875 2628
15723.068359375 2828
15761.251953125 2903
15824.4365234375 2996
15827.17578125 204
15831.6943359375 1247
15836.23046875 1410
15838.4140625 1888
15854.912109375 1214
15871.251953125 1658
15884.7392578125 2587
15906.802734375 380
15922.1064453125 688
15946.26171875 1761
15981.5986328125 66
15993.6591796875 127
16056.8857421875 179
16117.880859375 855
16120.349609375 1198
16151.28515625 1250
16152.4248046875 1507
16164.2177734375 1558
16170.4951171875 2007
16186.74609375 2092
16190.205078125 2231
16228.28515625 2384
16238.701171875 2457
16251.7421875 2544
16272.759765625 2717
16278.5537109375 2774
16293.1328125 2794
16313.9609375 2909
16313.9609375 972
16321.458984375 1138
16324.845703125 1442
16338.978515625 1137
16348.7451171875 102
16406.15625 667
16423.8203125 1935
16456.416015625 2352
16482.224609375 2887
16518.490234375 427
16525.328125 1533
16541.564453125 170
16550.74609375 262
16564.798828125 306
16584.388671875 596
16651.84375 805
16651.89453125 849
16675.3828125 850
16695.66015625 965
16724.185546875 976
16728.525390625 1058
16773.384765625 1403
16777.892578125 1645
16791.44140625 1999
16806.658203125 2292
16832.177734375 2392
16860.6015625 2403
16864.142578125 2497
16891.94921875 2524
16893.55078125 2601
16898.453125 2652
16914.376953125 2657
16927.568359375 2761
16927.62890625 2839
16939.892578125 2939
16966.677734375 2984
16968.953125 1027
16996.294921875 622
17007.29296875 417
17039.982421875 450
17087.1484375 690
17123.322265625 969
17148.4296875 982
17171.38671875 1040
17217.755859375 1078
17258.625 1083
17295.693359375 1382
17321.697265625 1391
17405.48046875 1486
17423.48828125 1503
17455.380859375 1547
17481.263671875 1561
17516.796875 1965
17536.0625 2026
17540.10546875 2066
17541.3203125 2182
17599.767578125 2245
17629.8203125 2460
17691.97265625 2466
17707.75 2540
17708.8203125 2593
17717.5625 2632
17783.169921875 2753
17869.140625 2759
17895.416015625 2793
17924.853515625 2925
17995.06640625 2152
18004.703125 762
18014.630859375 2757
18036.9140625 37
18069.51171875 1624
18083.861328125 1271
18116.587890625 2370
18161.48046875 2895
18173.791015625 2411
18228.2578125 67
18319.90625 150
18337.04296875 171
18342.134765625 195
18355.4453125 363
18361.060546875 522
18403.259765625 657
18442.265625 701
18472.9296875 760
18545.17578125 811
18558.18359375 874
18690.59375 875
18693.515625 1002
18762.89453125 1007
18844.427734375 1023
18865.986328125 1356
18953.1171875 1378
19066.0 1489
19088.630859375 1629
19220.130859375 2721
19220.130859375 2032
19331.52734375 2259
19562.611328125 771
19614.82421875 1543
19701.0 2241
19735.20703125 1964
19792.24609375 1625
19854.375 2693
19858.646484375 222
19937.7734375 258
19953.001953125 281
19979.146484375 506
20062.939453125 582
20160.15234375 724
20277.19921875 879
20312.31640625 1003
20491.4609375 1171
20553.08203125 1182
20575.615234375 1588
20661.1171875 1685
20840.275390625 1758
20860.3515625 2300
20949.7109375 2310
20979.4921875 2705
21112.54296875 2845
21164.66796875 2916
21168.080078125 1811
21192.08984375 2701
21222.71875 421
21235.240234375 1440
21381.703125 2337
21386.009765625 2531
21482.740234375 18
21638.041015625 29
21769.921875 31
21787.060546875 104
21787.103515625 274
21919.5625 321
21964.96484375 370
22073.9375 375
22227.60546875 562
22348.423828125 914
22504.873046875 944
22756.66796875 1672
22882.39453125 1684
23116.3125 1825
23203.431640625 1846
23288.814453125 1960
23578.6328125 1976
24354.27734375 2006
24420.064453125 2319
24559.345703125 2405
24646.619140625 2550
24992.009765625 2606
25132.16796875 2768
25135.37109375 1081
25204.88671875 1780
25343.541015625 16
25380.41015625 28
25401.484375 125
25431.630859375 212
25669.263671875 265
25691.28515625 295
25804.783203125 360
26003.1953125 364
26377.02734375 937
26496.169921875 1077
26567.546875 1101
26642.322265625 1241
26705.828125 1243
26984.37890625 1307
27124.58984375 1343
27425.63671875 1404
27518.833984375 1418
27540.603515625 1585
27970.193359375 1719
28227.201171875 1822
28310.271484375 2009
28430.28125 2164
29653.78125 2214
30511.638671875 2250
33126.90234375 2263
33979.15234375 2342
34552.93359375 2359
36243.48828125 2547
