2508.96240234375 1144
3705.951171875 2180
3805.65771484375 73
3842.9228515625 663
3895.4345703125 677
4063.38134765625 756
4102.88134765625 925
4157.84912109375 927
4243.11669921875 946
4399.4267578125 996
4414.42626953125 1141
4500.1259765625 1202
4563.1923828125 1251
4757.0947265625 1457
4812.3662109375 1502
4911.9677734375 1591
5022.8828125 1733
5206.8623046875 1735
5257.18212890625 1919
5446.4072265625 1933
5756.69921875 1955
5832.169921875 2002
6194.0107421875 2335
6205.646484375 2341
6280.6103515625 2565
6314.515625 2695
6321.841796875 2763
6391.97021484375 2840
6426.412109375 2422
6589.541015625 1446
6613.76513671875 87
6640.52099609375 251
6654.6533203125 527
6751.7783203125 529
6908.48193359375 625
6928.337890625 641
6981.2275390625 693
7032.46875 873
7134.91259765625 881
7220.5283203125 928
7222.13037109375 1133
7335.291015625 1283
7337.7509765625 1318
7425.44580078125 1346
7483.2373046875 1417
7548.08251953125 1720
7548.08251953125 1987
7550.31005859375 2226
7565.5498046875 2296
7604.31787109375 2515
7630.4775390625 2572
7645.4326171875 2669
7672.47705078125 2728
7796.404296875 2734
7826.7529296875 2746
7832.115234375 2852
7887.27685546875 2866
7953.0048828125 2915
7967.0048828125 2949
8044.6513671875 377
8120.814453125 2281
8187.779296875 160
8208.6572265625 1
8343.203125 425
8344.93359375 446
8418.3076171875 800
8520.658203125 918
8527.681640625 953
8558.9755859375 985
8641.2099609375 986
8726.103515625 1008
8748.0185546875 1043
8751.8662109375 1270
8796.369140625 1317
8806.021484375 1435
8821.736328125 1548
8841.291015625 1606
8874.787109375 1661
8953.05078125 1712
8977.1044921875 2010
8995.1591796875 2088
9003.65234375 2365
9011.603515625 2410
9018.8349609375 2414
9022.2158203125 2482
9177.5146484375 2560
9209.6201171875 2781
9264.625 2820
9274.986328125 997
9322.345703125 1781
9323.4052734375 81
9323.4052734375 229
9384.1943359375 440
9402.8193359375 548
9455.5263671875 611
9461.572265625 826
9546.1103515625 834
9587.103515625 848
9642.87109375 871
9821.4404296875 893
9906.916015625 1231
9921.1171875 1256
9998.658203125 1315
10014.2919921875 1458
10020.8330078125 1550
10085.8427734375 1671
10123.912109375 1711
10125.5107421875 1815
10167.88671875 1893
10171.3388671875 2312
10196.076171875 2324
10215.1982421875 2385
10251.666015625 2447
10251.666015625 2562
10254.75 2610
10278.345703125 2622
10317.7626953125 2853
10322.7265625 2924
10336.96875 2927
10339.625 2239
10354.50390625 1362
10447.9423828125 1926
10453.55078125 2997
10460.4267578125 254
10496.4755859375 388
10529.810546875 465
10596.2109375 498
10612.01171875 520
10634.048828125 962
10683.6650390625 981
10781.83203125 1156
10816.8427734375 1652
10893.447265625 2205
10904.853515625 2339
10908.033203125 2417
10912.4619140625 2494
10920.7509765625 2687
10925.203125 1122
10950.763671875 1670
10984.45703125 264
10992.4365234375 2173
11003.7734375 1646
11010.267578125 2396
11028.6376953125 49
11078.7177734375 189
11078.7177734375 261
11079.603515625 263
11080.544921875 430
11087.0322265625 831
11087.0517578125 899
11110.6513671875 1123
11253.748046875 1169
11299.390625 1350
11310.7177734375 1405
11358.3388671875 1512
11362.83203125 1750
11404.1484375 1769
11480.9638671875 1908
11512.73828125 1966
11521.28515625 1982
11521.3779296875 1993
11524.34765625 2094
11531.375 2126
11558.5908203125 2141
11572.755859375 2171
11577.8876953125 2174
11590.4873046875 2177
11630.5458984375 2237
11634.0751953125 2367
11634.953125 2536
11639.0947265625 2542
11673.607421875 2582
11720.076171875 2675
11721.5546875 2703
11749.84375 1873
11772.7314453125 2107
11804.5078125 1281
11822.2236328125 455
11839.380859375 470
11844.20703125 902
11861.248046875 926
11872.9521484375 967
11874.27734375 1104
11887.7177734375 1225
11896.330078125 1286
11902.55078125 1506
11921.8203125 1516
11963.8583984375 1599
12022.92578125 1779
12046.716796875 1848
12110.05859375 1867
12153.3916015625 1883
12154.796875 2063
12188.19921875 2210
12238.720703125 2246
12276.6083984375 2285
12284.84375 2361
12288.0419921875 2686
12295.033203125 2700
12323.478515625 88
12354.9921875 586
12362.18359375 136
12365.9990234375 1471
12375.40234375 226
12452.2666015625 296
12462.50390625 1197
12526.34765625 1666
12565.771484375 2511
12577.0673828125 101
12580.01953125 215
12624.0146484375 549
12630.96875 550
12641.5458984375 573
12648.7763671875 1136
12650.583984375 1199
12653.0078125 1530
12723.0673828125 1581
12742.90625 1640
12751.490234375 1688
12755.3427734375 1968
12761.0234375 2526
12768.2099609375 2571
12771.4013671875 2983
12805.9794921875 1787
12822.2421875 602
12824.8583984375 1146
12843.3828125 253
12880.4521484375 342
12899.5625 843
12926.9921875 1233
12964.052734375 1335
13002.2978515625 1394
13006.78125 1737
13029.228515625 1784
13078.8193359375 1950
13092.4033203125 2025
13096.0703125 2473
13110.6005859375 2518
13138.2763671875 999
13141.91796875 1056
13162.357421875 1900
13170.6337890625 1304
13170.7705078125 1326
13236.193359375 2967
13250.185546875 1329
13277.4560546875 50
13282.6875 318
13314.447265625 389
13320.9423828125 478
13328.494140625 491
13388.7236328125 580
13399.876953125 599
13400.412109375 890
13401.591796875 896
13406.2939453125 909
13421.5693359375 919
13423.67578125 995
13458.056640625 1273
13469.505859375 1342
13493.0048828125 1430
13494.78515625 1495
13503.326171875 1568
13529.9208984375 1583
13547.185546875 1764
13559.7841796875 1774
13564.025390625 2065
13594.2421875 2117
13600.552734375 2181
13602.8583984375 2268
13606.3505859375 2465
13628.5888671875 2664
13636.7548828125 2760
13645.818359375 2764
13671.2177734375 2938
13672.2822265625 2943
13686.2138671875 1860
13709.392578125 2880
13742.3203125 1333
13751.00390625 2631
13763.8876953125 146
13773.5283203125 1538
13806.197265625 21
13807.470703125 34
13819.7236328125 200
13823.1513671875 288
13839.126953125 336
13843.23828125 385
13849.173828125 517
13958.6884765625 546
13966.34375 609
13987.998046875 614
14006.912109375 683
14014.3388671875 686
14025.0078125 769
14037.4775390625 1097
14038.23828125 1221
14049.5595703125 1322
14064.298828125 1359
14065.5087890625 1376
14092.07421875 1686
14117.6865234375 1854
14122.0888671875 2513
14168.9287109375 2553
14185.8974609375 2650
14194.3955078125 2672
14209.341796875 2911
14209.7392578125 78
14214.97265625 2713
14215.0859375 2800
14220.1103515625 2651
14230.6669921875 2970
14231.046875 1045
14250.8828125 1068
14251.8291015625 2078
14270.625 884
14276.556640625 886
14290.943359375 1028
14300.4970703125 1845
14326.68359375 1932
14339.361328125 2489
14370.9072265625 90
14389.662109375 153
14394.4921875 240
14406.755859375 256
14408.818359375 531
14412.8125 644
14422.919921875 706
14442.7568359375 775
14447.9267578125 1163
14455.169921875 1483
14456.35546875 2114
14456.8349609375 2379
14492.8984375 2424
14518.3154296875 2433
14523.048828125 2435
14529.3984375 2442
14536.7744140625 2683
14540.2431640625 2811
14545.4892578125 2176
14553.08203125 169
14580.66796875 2207
14601.0087890625 1020
14610.26953125 640
14612.1572265625 59
14626.1669921875 177
14637.220703125 191
14660.384765625 575
14672.7041015625 687
14692.40625 934
14693.0810546875 1119
14720.4521484375 1529
14734.0771484375 1697
14745.8212890625 1810
14764.8349609375 1831
14782.615234375 2354
14790.453125 2528
14791.119140625 2679
14799.2978515625 2712
14841.8154296875 2747
14887.353515625 2809
14934.6259765625 2821
14935.640625 2842
14955.7978515625 2860
14969.962890625 2906
14984.744140625 2994
15014.26171875 186
15052.8037109375 223
15052.8251953125 1594
15076.98046875 410
15098.24609375 631
15101.90234375 132
15110.80078125 2576
15115.6748046875 1282
15123.857421875 488
15144.6396484375 869
15145.81640625 2059
15148.037109375 787
15165.626953125 904
15176.208984375 137
15184.1982421875 275
15186.095703125 328
15193.4765625 333
15206.4794921875 392
15208.4453125 407
15235.1748046875 489
15242.9873046875 680
15260.40625 1022
15269.1044921875 1290
15284.265625 1358
15318.65234375 1607
15320.919921875 1653
15323.890625 2024
15325.87890625 2184
15326.412109375 2221
15329.888671875 2394
15360.6005859375 2427
15365.2841796875 2517
15371.861328125 2655
15375.59375 2704
15384.5693359375 2900
15399.76171875 2946
15400.29296875 459
15403.3564453125 1408
15456.0107421875 1339
15464.41015625 22
15473.6103515625 45
15478.1337890625 300
15516.9375 812
15518.4375 922
15550.8564453125 947
15551.896484375 975
15564.76171875 1001
15577.95703125 1095
15592.91796875 1275
15595.0166015625 1664
15601.2919921875 1708
15602.458984375 1763
15645.9833984375 1766
15673.310546875 1889
15686.556640625 2077
15728.9833984375 2082
15753.8173828125 2131
15755.0498046875 2315
15770.419921875 2317
15797.9599609375 2409
15799.0556640625 2608
15829.0537109375 2616
15832.3037109375 2649
15834.3857421875 2819
15834.4716796875 2862
15837.306640625 1164
15853.9296875 2213
15857.3125 1050
15887.650390625 979
15899.8076171875 1562
15917.9853515625 1597
15919.3115234375 2334
15932.431640625 587
15935.9765625 630
15959.7373046875 777
15976.17578125 1012
15994.583984375 1064
16006.23828125 1082
16013.359375 1462
16025.943359375 1501
16058.5703125 1654
16078.6123046875 1800
16084.884765625 2656
16088.7587890625 2884
16155.751953125 1416
16169.9130859375 1575
16178.0615234375 2889
16181.5400390625 445
16188.015625 30
16220.9560546875 2484
16249.9287109375 38
16256.49609375 40
16285.62890625 76
16291.3984375 77
16306.7578125 108
16308.5341796875 164
16319.337890625 211
16331.19921875 225
16331.6328125 376
16331.6328125 437
16335.1220703125 510
16341.7119140625 646
16366.818359375 671
16379.3203125 738
16380.580078125 770
16383.615234375 1434
16389.298828125 1610
16394.08984375 1662
16401.919921875 1709
16412.51171875 1998
16471.78515625 2166
16481.490234375 2220
16486.296875 2238
16487.31640625 2255
16518.01953125 2345
16538.458984375 2510
16555.1484375 2581
16559.068359375 2607
16575.36328125 2807
16578.33203125 1015
16600.798828125 1984
16609.06640625 1258
16640.869140625 2555
16641.716796875 1147
16651.6171875 865
16664.1328125 939
16673.248046875 1497
16688.564453125 2630
16707.0234375 2752
16719.64453125 457
16727.3515625 309
16729.572265625 316
16736.87890625 483
16737.3671875 484
16739.927734375 633
16741.794921875 1026
16755.296875 1036
16755.978515625 1176
16772.31640625 1423
16801.84765625 1485
16837.169921875 1590
16844.57421875 1702
16852.166015625 1759
16861.47265625 1818
16876.166015625 1958
16904.3125 1963
16909.4921875 1977
16916.33984375 2053
16939.5078125 2056
16948.564453125 2125
16973.1640625 2304
16975.126953125 2356
16997.62109375 2477
17005.55859375 2533
17021.814453125 2732
17038.41015625 2948
17072.03515625 1601
17106.5 2256
17138.05859375 2104
17141.15234375 284
17149.39453125 182
17164.173828125 916
17179.208984375 1667
17206.71484375 1852
17206.71484375 727
17243.3828125 2036
17247.53125 2772
17250.359375 130
17251.88671875 219
17277.806640625 394
17279.060546875 405
17282.1796875 634
17306.42578125 856
17319.578125 983
17332.15234375 1117
17344.66015625 1386
17346.6328125 1791
17346.689453125 1991
17386.435546875 2060
17419.17578125 2215
17459.9140625 2314
17460.7109375 2440
17473.62109375 2467
17480.0078125 2618
17484.83984375 2648
17491.99609375 2694
17516.1171875 1772
17528.2734375 818
17529.68359375 2907
17536.32421875 660
17550.25 1168
17579.3125 1145
17597.38671875 1476
17604.888671875 1618
17626.96484375 655
17681.974609375 1592
17685.8828125 2120
17713.34375 2557
17737.0390625 112
17774.154296875 350
17779.591796875 356
17823.66015625 448
17828.638671875 1500
17862.27734375 1526
17868.2890625 1587
17890.296875 1881
17909.560546875 1943
17914.337890625 1962
17916.51171875 1995
17932.275390625 2075
17934.232421875 2118
17986.873046875 2309
17992.0546875 2418
17998.6875 2516
18001.212890625 2588
18001.47265625 2605
18001.896484375 2623
18011.99609375 2937
18012.7734375 1005
18042.865234375 110
18047.654296875 2360
18051.91796875 121
18077.7265625 1046
18080.833984375 298
18083.541015625 372
18115.328125 492
18120.25390625 752
18147.1875 838
18147.55859375 903
18152.130859375 1034
18175.3046875 1128
18209.986328125 1187
18225.451171875 1437
18240.458984375 1488
18249.04296875 1534
18274.431640625 1657
18275.291015625 1678
18279.142578125 1824
18284.29296875 1826
18303.51953125 1941
18304.015625 1997
18333.58203125 2318
18342.29296875 2327
18350.349609375 2362
18365.857421875 2404
18375.98046875 2453
18378.177734375 2458
18385.080078125 2496
18401.42578125 2696
18412.35546875 2722
18436.294921875 2796
18447.21875 2584
18460.3515625 2872
18469.169921875 2589
18471.7265625 2135
18476.640625 1802
18498.8515625 1853
18500.703125 1892
18504.544921875 1580
18511.2890625 25
18580.220703125 72
18587.48046875 343
18587.671875 710
18598.48046875 755
18601.53515625 885
18627.470703125 1683
18710.474609375 1776
18714.6640625 1972
18723.890625 2047
18726.755859375 2138
18793.705078125 2185
18796.298828125 2344
18800.853515625 2545
18805.490234375 2573
18805.634765625 2855
18827.865234375 2159
18864.83203125 1067
18868.255859375 371
18885.123046875 243
18907.927734375 1301
18908.740234375 311
18909.98046875 426
18923.76171875 648
18944.35546875 720
18962.13671875 792
18973.87109375 940
19030.150390625 1006
19030.625 1032
19048.5859375 1160
19080.798828125 1189
19088.068359375 2183
19097.419921875 2190
19123.611328125 2301
19138.291015625 1459
19146.048828125 1649
19177.216796875 353
19205.271484375 2706
19215.935546875 1511
19218.326171875 1778
19243.015625 329
19251.71484375 731
19259.029296875 1400
19293.326171875 2070
19293.326171875 1480
19302.65625 1714
19325.884765625 249
19346.26953125 94
19357.044921875 2823
19359.486328125 471
19379.625 473
19417.857421875 747
19430.3125 915
19434.154296875 921
19469.33203125 993
19474.181640625 1072
19510.197265625 1415
19522.984375 1541
19541.42578125 1746
19556.248046875 1949
19556.810546875 2079
19556.90625 2219
19585.279296875 2258
19627.265625 2413
19650.869140625 2628
19653.1171875 2828
19660.046875 2903
19674.984375 2996
19702.1484375 204
19708.435546875 1247
19716.2734375 1410
19725.29296875 1888
19794.439453125 1214
19797.65234375 1658
19805.005859375 2587
19806.9140625 380
19825.947265625 688
19861.4921875 1761
19879.82421875 66
19916.384765625 127
19960.2265625 179
19979.68359375 855
19985.4453125 1198
20000.689453125 1250
20022.8671875 1507
20024.009765625 1558
20054.787109375 2007
20082.634765625 2092
20131.037109375 2231
20135.033203125 2384
20140.380859375 2457
20159.09765625 2544
20206.88671875 2717
20223.60546875 2774
20237.583984375 2794
20238.26171875 2909
20276.53125 972
20291.236328125 1138
20354.048828125 1442
20358.65234375 1137
20373.515625 102
20446.17578125 667
20447.05859375 1935
20486.63671875 2352
20489.4453125 2887
20512.11328125 427
20568.4453125 1533
20576.3515625 170
20632.01171875 262
20635.892578125 306
20684.26953125 596
20689.861328125 805
20698.642578125 849
20718.26953125 850
20729.20703125 965
20747.173828125 976
20772.845703125 1058
20779.908203125 1403
20782.31640625 1645
20793.119140625 1999
20813.287109375 2292
20837.626953125 2392
20907.068359375 2403
20934.94140625 2497
20938.720703125 2524
20941.52734375 2601
20942.052734375 2652
20960.71484375 2657
21032.083984375 2761
21033.408203125 2839
21036.150390625 2939
21079.5703125 2984
21086.041015625 1027
21200.91015625 622
21205.353515625 417
21233.603515625 450
21256.87109375 690
21301.27734375 969
21312.546875 982
21317.33203125 1040
21338.220703125 1078
21357.068359375 1083
21363.6328125 1382
21465.169921875 1391
21509.376953125 1486
21512.833984375 1503
21538.75390625 1547
21553.302734375 1561
21553.95703125 1965
21561.830078125 2026
21570.505859375 2066
21576.1796875 2182
21591.2265625 2245
21604.65234375 2460
21616.14453125 2466
21663.185546875 2540
21794.60546875 2593
21863.8828125 2632
21884.359375 2753
21906.375 2759
21922.060546875 2793
22003.18359375 2925
22020.630859375 2152
22073.880859375 762
22077.546875 2757
22125.85546875 37
22133.837890625 1624
22135.51953125 1271
22145.921875 2370
22172.0703125 2895
22195.970703125 2411
22214.1796875 67
22223.51953125 150
22232.720703125 171
22265.673828125 195
22284.77734375 363
22308.740234375 522
22326.8828125 657
22409.748046875 701
22446.6953125 760
22483.7265625 811
22555.021484375 874
22577.26953125 875
22611.953125 1002
22674.5 1007
22675.10546875 1023
22682.939453125 1356
22803.63671875 1378
22806.716796875 1489
22884.0390625 1629
22916.53515625 2721
22924.326171875 2032
23000.083984375 2259
23020.8984375 771
23061.1796875 1543
23092.609375 2241
23128.48046875 1964
23140.697265625 1625
23151.724609375 2693
23307.583984375 222
23309.212890625 258
23378.982421875 281
23438.029296875 506
23496.3984375 582
23524.38671875 724
23531.931640625 879
23563.2890625 1003
23644.7578125 1171
23673.880859375 1182
23676.9453125 1588
23714.513671875 1685
23719.890625 1758
23759.396484375 2300
23829.55078125 2310
23899.0859375 2705
24060.298828125 2845
24092.49609375 2916
24190.7734375 1811
24201.173828125 2701
24214.94140625 421
24238.55078125 1440
24289.2109375 2337
24316.25390625 2531
24346.919921875 18
24429.796875 29
24488.298828125 31
24494.447265625 104
24598.279296875 274
24630.423828125 321
24732.919921875 370
24741.333984375 375
24833.18359375 562
24861.23828125 914
24912.4609375 944
25000.6484375 1672
25000.6484375 1684
25071.275390625 1825
25360.939453125 1846
25597.83984375 1960
25617.435546875 1976
25658.79296875 2006
25778.44140625 2319
25824.865234375 2405
25827.02734375 2550
25923.11328125 2606
25942.53515625 2768
25975.701171875 1081
26001.15234375 1780
26139.4921875 16
26207.751953125 28
26304.2421875 125
26357.71484375 212
26595.1328125 265
26770.876953125 295
27077.208984375 360
27274.033203125 364
27358.34765625 937
27609.943359375 1077
27732.162109375 1101
28214.60546875 1241
28313.4453125 1243
28441.611328125 1307
28608.865234375 1343
29094.5078125 1404
29101.380859375 1418
29341.96875 1585
29586.279296875 1719
29846.998046875 1822
30039.265625 2009
30164.09765625 2164
30236.357421875 2214
30493.849609375 2250
30640.849609375 2263
31141.490234375 2342
31854.00390625 2359
34033.9765625 2547
