4327.34912109375 160
4327.34912109375 1
4351.76611328125 425
4966.72509765625 446
5223.25732421875 800
5236.03076171875 918
5260.29150390625 953
5348.66064453125 985
5490.42041015625 986
5666.38232421875 1008
5738.244140625 1043
5766.623046875 1270
5790.59033203125 1317
5799.6416015625 1435
5814.40869140625 1548
5908.01318359375 1606
5987.3466796875 1661
6000.42236328125 1712
6056.44384765625 2010
6071.13818359375 2088
6073.8505859375 2365
6090.126953125 2410
6111.55517578125 2414
6122.3271484375 2482
6130.24951171875 2560
6194.37841796875 2781
6235.77392578125 2820
6240.4189453125 997
6327.15625 1446
6393.05859375 87
6393.11474609375 251
6589.88720703125 527
6593.6826171875 529
6603.10302734375 625
6645.099609375 641
6663.30615234375 693
6763.61181640625 873
6858.10400390625 881
6879.45361328125 928
6913.8251953125 1133
6925.57470703125 1283
6932.21630859375 1318
7021.2275390625 1346
7073.06640625 1417
7179.060546875 1720
7199.95263671875 1987
7201.1220703125 2226
7235.70263671875 2296
7259.5361328125 2515
7366.01708984375 2572
7409.142578125 2669
7416.7080078125 2728
7492.05224609375 2734
7512.7978515625 2746
7553.0224609375 2852
7559.80810546875 2866
7579.95166015625 2915
7600.63134765625 2949
7700.3251953125 377
7703.92431640625 2281
7727.52978515625 1781
7737.05810546875 81
7740.19921875 229
7746.4130859375 440
7854.8125 548
7857.55078125 611
7881.212890625 826
7889.58935546875 834
7898.92919921875 848
7913.9228515625 871
7917.0068359375 893
7936.8173828125 1231
7976.099609375 1256
7995.41650390625 1315
8008.71533203125 1458
8020.0146484375 1550
8038.576171875 1671
8040.5478515625 1711
8042.330078125 1815
8118.123046875 1893
8133.86572265625 2312
8182.20654296875 2324
8251.83984375 2385
8296.935546875 2447
8301.41015625 2562
8302.73046875 2610
8341.6875 2622
8381.8701171875 2853
8409.9833984375 2924
8413.171875 2927
8426.8740234375 2239
8448.9345703125 1362
8463.34765625 1926
8486.1328125 2997
8498.5810546875 254
8520.486328125 388
8527.9775390625 465
8554.1875 498
8635.654296875 520
8635.7509765625 962
8641.298828125 981
8666.392578125 1156
8678.572265625 1652
8682.775390625 2205
8769.908203125 2339
8779.5380859375 2417
8785.212890625 2494
8795.4716796875 2687
8835.8349609375 1122
8856.666015625 1670
8879.044921875 264
8889.8984375 2173
8891.20703125 1646
8891.5986328125 2396
8896.890625 49
8898.052734375 189
8917.244140625 261
8935.0732421875 263
8936.103515625 430
8938.701171875 831
8947.6923828125 899
8954.8994140625 1123
8965.8056640625 1169
8972.37890625 1350
9023.3017578125 1405
9068.4990234375 1512
9072.0869140625 1750
9083.333984375 1769
9109.03125 1908
9122.5029296875 1966
9132.0888671875 1982
9165.5625 1993
9174.220703125 2094
9181.2763671875 2126
9183.8173828125 2141
9225.251953125 2171
9226.27734375 2174
9241.25 2177
9246.2734375 2237
9254.689453125 2367
9278.947265625 2536
9308.5615234375 2542
9319.1826171875 2582
9321.345703125 2675
9347.5107421875 2703
9351.947265625 1873
9391.861328125 2107
9404.9521484375 1281
9422.8798828125 455
9438.169921875 470
9446.79296875 902
9452.115234375 926
9458.880859375 967
9467.861328125 1104
9540.9306640625 1225
9583.328125 1286
9589.2861328125 1506
9593.32421875 1516
9606.705078125 1599
9615.5078125 1779
9651.140625 1848
9661.375 1867
9682.4521484375 1883
9707.8486328125 2063
9734.892578125 2210
9743.314453125 2246
9744.490234375 2285
9750.560546875 2361
9753.396484375 2686
9768.50390625 2700
9799.43359375 88
9813.904296875 586
9816.1181640625 136
9819.0302734375 1471
9825.2607421875 226
9838.9609375 296
9842.67578125 1197
9885.900390625 1666
9900.6630859375 2511
9947.44140625 101
9976.6552734375 215
9992.9306640625 549
10042.775390625 550
10054.2216796875 573
10057.9833984375 1136
10095.6923828125 1199
10111.4765625 1530
10130.3037109375 1581
10145.7470703125 1640
10152.59375 1688
10153.0576171875 1968
10168.0556640625 2526
10178.30078125 2571
10181.4375 2983
10184.416015625 1787
10197.4921875 602
10213.134765625 1146
10214.7822265625 253
10223.0537109375 342
10282.5146484375 843
10290.060546875 1233
10291.158203125 1335
10296.6796875 1394
10301.9716796875 1737
10311.6103515625 1784
10334.060546875 1950
10337.34375 2025
10346.7255859375 2473
10372.84765625 2518
10379.4716796875 999
10395.20703125 1056
10442.0400390625 1900
10445.9833984375 1304
10452.7568359375 1326
10461.97265625 2967
10488.05078125 1329
10514.1484375 50
10534.923828125 318
10536.0712890625 389
10542.798828125 478
10544.888671875 491
10591.125 580
10601.98828125 599
10636.283203125 890
10641.205078125 896
10653.7587890625 909
10673.1484375 919
10689.970703125 995
10691.453125 1273
10704.951171875 1342
10720.5283203125 1430
10735.0087890625 1495
10781.962890625 1568
10788.216796875 1583
10788.216796875 1764
10790.619140625 1774
10816.255859375 2065
10817.97265625 2117
10845.7099609375 2181
10858.25390625 2268
10876.7548828125 2465
10883.916015625 2664
10888.33203125 2760
10892.3779296875 2764
10911.826171875 2938
10918.3876953125 2943
10918.71484375 1860
10921.701171875 2880
10935.228515625 1333
10958.9208984375 2631
10964.37890625 146
10970.7958984375 1538
10993.50390625 21
11009.45703125 34
11011.88671875 200
11013.75 288
11075.8056640625 336
11086.6708984375 385
11087.8310546875 517
11089.4130859375 546
11117.0869140625 609
11122.58984375 614
11136.51953125 683
11158.7451171875 686
11165.625 769
11170.7265625 1097
11204.888671875 1221
11208.763671875 1322
11221.248046875 1359
11221.4453125 1376
11228.3017578125 1686
11267.013671875 1854
11296.6064453125 2513
11296.8427734375 2553
11299.064453125 2650
11302.3837890625 2672
11307.7265625 2911
11310.2529296875 78
11312.91796875 2713
11320.58203125 2800
11323.134765625 2651
11325.61328125 2970
11341.837890625 1045
11350.751953125 1068
11369.6904296875 2078
11375.3515625 884
11383.330078125 886
11394.20703125 1028
11398.375 1845
11399.9287109375 1932
11414.5478515625 2489
11415.36328125 90
11423.568359375 153
11440.2666015625 240
11456.1376953125 256
11501.9580078125 531
11507.59765625 644
11528.3994140625 706
11554.9228515625 775
11565.4697265625 1163
11573.623046875 1483
11595.0849609375 2114
11609.13671875 2379
11639.8583984375 2424
11648.5732421875 2433
11653.9326171875 2435
11666.5419921875 2442
11673.2802734375 2683
11681.9609375 2811
11683.83984375 2176
11718.470703125 169
11736.1044921875 2207
11743.1142578125 1144
11743.90234375 2180
11764.251953125 73
11774.419921875 663
11792.99609375 677
11797.525390625 756
11799.423828125 925
11801.578125 927
11802.3125 946
11808.0859375 996
11809.185546875 1141
11832.2861328125 1202
11838.5029296875 1251
11853.396484375 1457
11861.03125 1502
11866.412109375 1591
11874.5126953125 1733
11878.279296875 1735
11884.2294921875 1919
11886.2333984375 1933
11898.853515625 1955
11902.33203125 2002
11917.419921875 2335
11934.58203125 2341
11939.5185546875 2565
11947.5546875 2695
11959.69921875 2763
11975.349609375 2840
11990.98046875 2422
12016.455078125 1020
12018.9248046875 640
12077.126953125 59
12079.9794921875 177
12112.6826171875 191
12120.470703125 575
12124.8798828125 687
12125.6357421875 934
12131.4541015625 1119
12142.326171875 1529
12167.95703125 1697
12171.6640625 1810
12182.4697265625 1831
12187.365234375 2354
12188.57421875 2528
12200.7109375 2679
12208.65625 2712
12209.90234375 2747
12213.2060546875 2809
12215.5712890625 2821
12239.5380859375 2842
12254.16015625 2860
12270.1240234375 2906
12271.736328125 2994
12274.3203125 186
12275.89453125 223
12292.9189453125 1594
12296.8359375 410
12340.2802734375 631
12355.3671875 132
12363.142578125 2576
12369.9892578125 1282
12403.12109375 488
12438.0498046875 869
12444.0244140625 2059
12448.546875 787
12452.6533203125 904
12459.8212890625 137
12461.7578125 275
12467.7724609375 328
12470.3525390625 333
12492.4677734375 392
12519.439453125 407
12522.419921875 489
12522.419921875 680
12536.591796875 1022
12536.9873046875 1290
12542.927734375 1358
12559.9296875 1607
12559.958984375 1653
12571.8515625 2024
12594.193359375 2184
12634.126953125 2221
12637.064453125 2394
12645.90234375 2427
12648.005859375 2517
12656.9150390625 2655
12657.0888671875 2704
12671.4462890625 2900
12676.14453125 2946
12680.0380859375 459
12693.2841796875 1408
12705.6083984375 1339
12754.9013671875 22
12801.248046875 45
12803.1328125 300
12814.6083984375 812
12844.8369140625 922
12845.7783203125 947
12855.7001953125 975
12879.6943359375 1001
12886.822265625 1095
12907.712890625 1275
12914.86328125 1664
12949.99609375 1708
12953.537109375 1763
12971.4423828125 1766
12984.6357421875 1889
13009.7900390625 2077
13041.107421875 2082
13057.3701171875 2131
13062.783203125 2315
13070.140625 2317
13070.552734375 2409
13071.7158203125 2608
13079.15625 2616
13131.8056640625 2649
13144.0185546875 2819
13177.25390625 2862
13179.189453125 1164
13205.939453125 2213
13249.9736328125 1050
13300.080078125 979
13300.080078125 1562
13302.6044921875 1597
13323.5244140625 2334
13327.32421875 587
13328.814453125 630
13329.2626953125 777
13330.61328125 1012
13342.9404296875 1064
13346.2158203125 1082
13380.3515625 1462
13384.4716796875 1501
13385.0302734375 1654
13390.890625 1800
13398.1689453125 2656
13401.513671875 2884
13401.9033203125 1416
13403.931640625 1575
13410.8525390625 2889
13411.4921875 445
13411.4921875 30
13434.78515625 2484
13439.224609375 38
13444.41796875 40
13447.939453125 76
13455.322265625 77
13460.83984375 108
13461.728515625 164
13486.638671875 211
13493.54296875 225
13513.876953125 376
13521.3740234375 437
13560.48046875 510
13581.1298828125 646
13625.724609375 671
13659.1455078125 738
13699.9375 770
13777.7900390625 1434
13819.12890625 1610
13823.169921875 1662
13835.4931640625 1709
13854.7275390625 1998
13859.828125 2166
13866.7666015625 2220
13875.4296875 2238
13926.2119140625 2255
13931.095703125 2345
13938.599609375 2510
13940.63671875 2581
13961.8681640625 2607
13984.357421875 2807
14017.0869140625 1015
14024.009765625 1984
14033.205078125 1258
14054.0947265625 2555
14064.208984375 1147
14086.5380859375 865
14100.6318359375 939
14110.953125 1497
14158.046875 2630
14174.619140625 2752
14186.986328125 457
14190.138671875 309
14201.4091796875 316
14204.96875 483
14214.7783203125 484
14218.23828125 633
14229.9482421875 1026
14236.4736328125 1036
14245.4541015625 1176
14269.359375 1423
14279.5703125 1485
14302.3408203125 1590
14312.521484375 1702
14331.4716796875 1759
14331.77734375 1818
14351.6591796875 1958
14358.353515625 1963
14359.767578125 1977
14399.08984375 2053
14416.1240234375 2056
14420.107421875 2125
14431.9931640625 2304
14446.5732421875 2356
14465.7685546875 2477
14500.5107421875 2533
14529.951171875 2732
14539.7919921875 2948
14541.84765625 1601
14568.7421875 2256
14569.185546875 2104
14579.1748046875 284
14588.166015625 182
14598.9599609375 916
14616.814453125 1667
14624.8046875 1852
14631.3095703125 727
14631.369140625 2036
14636.03125 2772
14644.7685546875 130
14655.171875 219
14694.294921875 394
14714.654296875 405
14721.205078125 634
14732.8408203125 856
14840.9609375 983
14843.8759765625 1117
14846.0625 1386
14851.125 1791
14855.1953125 1991
14856.177734375 2060
14859.388671875 2215
14870.6083984375 2314
14886.9462890625 2440
14888.5263671875 2467
14930.0654296875 2618
14930.9931640625 2648
14942.7158203125 2694
14959.0595703125 1772
14982.3154296875 818
14984.7236328125 2907
15004.0283203125 660
15011.7568359375 1168
15036.0458984375 1145
15052.1181640625 1476
15104.9287109375 1618
15153.130859375 655
15155.3193359375 1592
15155.3232421875 2120
15179.2138671875 2557
15211.5673828125 112
15241.6748046875 350
15251.931640625 356
15285.25 448
15288.5546875 1500
15318.146484375 1526
15333.287109375 1587
15337.8515625 1881
15343.5908203125 1943
15363.3369140625 1962
15365.5908203125 1995
15367.0654296875 2075
15374.087890625 2118
15393.03515625 2309
15398.0927734375 2418
15445.74609375 2516
15449.103515625 2588
15453.08203125 2605
15482.552734375 2623
15489.830078125 2937
15505.630859375 1005
15516.2724609375 110
15518.603515625 2360
15525.3193359375 121
15537.763671875 1046
15561.9306640625 298
15610.4609375 372
15645.2705078125 492
15672.912109375 752
15700.658203125 838
15735.896484375 903
15745.79296875 1034
15757.46484375 1128
15764.40625 1187
15784.7734375 1437
15787.177734375 1488
15793.8310546875 1534
15803.9130859375 1657
15805.4736328125 1678
15820.197265625 1824
15827.546875 1826
15827.9892578125 1941
15838.9306640625 1997
15848.9873046875 2318
15856.0869140625 2327
15890.9072265625 2362
15891.46875 2404
15918.490234375 2453
15925.23046875 2458
15925.8076171875 2496
15943.9599609375 2696
15952.21484375 2722
15973.0615234375 2796
15975.9140625 2584
15983.37109375 2872
15989.314453125 2589
16009.884765625 2135
16032.1083984375 1802
16085.3486328125 1853
16109.865234375 1892
16125.150390625 1580
16138.107421875 25
16154.1123046875 72
16173.130859375 343
16187.5595703125 710
16217.9814453125 755
16220.1650390625 885
16236.0322265625 1683
16237.8046875 1776
16280.33203125 1972
16317.2705078125 2047
16343.1708984375 2138
16351.74609375 2185
16359.744140625 2344
16364.1513671875 2545
16364.71875 2573
16382.0009765625 2855
16387.990234375 2159
16396.220703125 1067
16415.220703125 371
16419.484375 243
16421.8203125 1301
16465.85546875 311
16499.0703125 426
16521.654296875 648
16527.376953125 720
16549.779296875 792
16550.525390625 940
16553.77734375 1006
16574.01953125 1032
16619.34765625 1160
16711.583984375 1189
16712.40625 2183
16715.884765625 2190
16748.673828125 2301
16756.75 1459
16786.625 1649
16814.625 353
16832.228515625 2706
16838.962890625 1511
16855.41015625 1778
16855.9921875 329
16874.0234375 731
16879.255859375 1400
16913.09375 2070
16913.23046875 1480
16922.646484375 1714
16937.94921875 249
16938.359375 94
16983.294921875 2823
17035.779296875 471
17042.4765625 473
17071.212890625 747
17071.97265625 915
17111.8671875 921
17146.40625 993
17200.578125 1072
17208.251953125 1415
17220.455078125 1541
17229.3203125 1746
17246.740234375 1949
17251.771484375 2079
17258.1875 2219
17269.98828125 2258
17306.46875 2413
17342.57421875 2628
17366.814453125 2828
17391.49609375 2903
17460.33984375 2996
17465.974609375 204
17470.34375 1247
17474.337890625 1410
17483.611328125 1888
17497.771484375 1214
17527.794921875 1658
17527.794921875 2587
17594.392578125 380
17613.400390625 688
17623.3515625 1761
17765.037109375 66
17767.763671875 127
17773.587890625 179
17860.833984375 855
17875.849609375 1198
17903.55859375 1250
17909.671875 1507
17926.53125 1558
17999.748046875 2007
18003.2421875 2092
18075.974609375 2231
18093.998046875 2384
18107.47265625 2457
18133.365234375 2544
18142.62109375 2717
18240.02734375 2774
18242.125 2794
18248.193359375 2909
18313.939453125 972
18356.32421875 1138
18359.98828125 1442
18363.962890625 1137
18369.24609375 102
18370.185546875 667
18370.451171875 1935
18418.50390625 2352
18434.119140625 2887
18531.068359375 427
18531.1953125 1533
18539.232421875 170
18603.28515625 262
18611.3359375 306
18618.86328125 596
18652.734375 805
18656.625 849
18678.939453125 850
18736.14453125 965
18745.017578125 976
18777.17578125 1058
18825.6328125 1403
18841.2734375 1645
18858.138671875 1999
18887.41796875 2292
18893.177734375 2392
18912.181640625 2403
18937.7109375 2497
18960.95703125 2524
19074.5078125 2601
19081.916015625 2652
19101.056640625 2657
19115.673828125 2761
19125.140625 2839
19155.826171875 2939
19178.021484375 2984
19186.720703125 1027
19203.005859375 622
19204.244140625 417
19299.06640625 450
19299.369140625 690
19321.525390625 969
19360.64453125 982
19397.13671875 1040
19412.21875 1078
19415.154296875 1083
19518.375 1382
19564.443359375 1391
19589.701171875 1486
19627.357421875 1503
19675.859375 1547
19717.291015625 1561
19726.80859375 1965
19751.00390625 2026
19770.90625 2066
19783.04296875 2182
19809.00390625 2245
19833.24609375 2460
19856.4921875 2466
19883.623046875 2540
19895.783203125 2593
19896.28125 2632
19949.818359375 2753
19953.13671875 2759
20067.755859375 2793
20085.45703125 2925
20154.1953125 2152
20155.900390625 762
20174.494140625 2757
20179.8828125 37
20245.51171875 1624
20322.712890625 1271
20328.6171875 2370
20365.123046875 2895
20383.490234375 2411
20410.46875 67
20458.361328125 150
20503.740234375 171
20652.9140625 195
20697.1328125 363
20939.548828125 522
20955.263671875 657
21053.154296875 701
21071.900390625 760
21076.341796875 811
21087.013671875 874
21094.876953125 875
21119.4609375 1002
21136.7734375 1007
21349.220703125 1023
21382.708984375 1356
21610.763671875 1378
21644.68359375 1489
21670.009765625 1629
21681.73828125 2721
21696.9140625 2032
21726.53515625 2259
21823.171875 771
21839.61328125 1543
21919.5390625 2241
21966.845703125 1964
22009.15234375 1625
22092.751953125 2693
22221.345703125 222
22272.671875 258
22281.71484375 281
22323.064453125 506
22403.96484375 582
22630.08203125 724
22640.935546875 879
22674.455078125 1003
22751.26171875 1171
22857.11328125 1182
22926.650390625 1588
23078.828125 1685
23155.984375 1758
23191.9765625 2300
23355.107421875 2310
23481.10546875 2705
23535.2109375 2845
23536.123046875 2916
23556.359375 1811
23580.44140625 2701
23596.72265625 421
23596.72265625 1440
23638.685546875 2337
23693.546875 2531
23712.802734375 18
23935.59765625 29
24037.625 31
24075.24609375 104
24216.017578125 274
24269.587890625 321
24302.208984375 370
24320.447265625 375
24370.9140625 562
24393.953125 914
24404.3203125 944
24655.2734375 1672
24659.0 1684
24792.208984375 1825
24832.478515625 1846
25042.94921875 1960
25151.66015625 1976
25257.2265625 2006
25274.767578125 2319
25362.32421875 2405
25393.130859375 2550
25462.04296875 2606
25559.23828125 2768
25623.025390625 1081
25653.521484375 1780
25777.8515625 16
25902.830078125 28
25966.892578125 125
26121.130859375 212
26373.552734375 265
27265.888671875 295
27980.71875 360
28289.55859375 364
28453.890625 937
28855.451171875 1077
28894.28125 1101
29313.6484375 1241
29385.541015625 1243
29623.802734375 1307
29847.3203125 1343
30838.19921875 1404
31059.4453125 1418
31104.5234375 1585
31271.60546875 1719
31360.060546875 1822
32071.1171875 2009
32776.3984375 2164
34250.44140625 2214
34966.90625 2250
35268.23828125 2263
35889.1484375 2342
36521.140625 2359
40417.20703125 2547
