2737.36376953125 1781
3034.62109375 81
3329.63671875 229
4022.31787109375 440
4097.90771484375 548
4134.5458984375 611
4323.3232421875 826
4354.0361328125 834
4532.59375 848
4624.80224609375 871
4684.4599609375 893
4797.5087890625 1231
4861.984375 1256
4914.5458984375 1315
5057.7109375 1458
5085.72412109375 1550
5164.4248046875 1671
5212.8173828125 1711
5225.40576171875 1815
5258.640625 1893
5427.7041015625 2312
5528.71240234375 2324
5553.0224609375 2385
5972.3173828125 2447
5972.93017578125 2562
6100.55517578125 2610
6183.400390625 2622
6263.65966796875 2853
6323.052734375 2924
6326.6591796875 2927
6442.267578125 2239
6463.064453125 1446
6492.6708984375 87
6496.7216796875 251
6527.6689453125 527
6554.6220703125 529
6561.7529296875 625
6566.89404296875 641
6572.59716796875 693
6654.64111328125 873
6665.66796875 881
6678.8662109375 928
6818.59814453125 1133
6860.24462890625 1283
6884.50390625 1318
6934.8564453125 1346
7093.166015625 1417
7194.99951171875 1720
7584.5458984375 1987
7603.8134765625 2226
7636.708984375 2296
7755.4228515625 2515
7863.271484375 2572
8117.6533203125 2669
8150.1337890625 2728
8256.9833984375 2734
8359.2705078125 2746
8453.93359375 2852
8511.97265625 2866
8512.3359375 2915
8684.9453125 2949
8746.3427734375 377
8776.5859375 2281
8840.798828125 160
8898.58984375 1
8989.4306640625 425
9060.26953125 446
9062.56640625 800
9188.6708984375 918
9216.0341796875 953
9244.28515625 985
9257.3505859375 986
9477.4755859375 1008
9618.71484375 1043
9737.2216796875 1270
9760.431640625 1317
9774.63671875 1435
9788.197265625 1548
9796.5810546875 1606
9796.9296875 1661
9895.5791015625 1712
9901.041015625 2010
9905.58203125 2088
10000.02734375 2365
10055.44140625 2410
10084.4677734375 2414
10092.955078125 2482
10098.779296875 2560
10102.8232421875 2781
10105.158203125 2820
10259.9267578125 997
10345.1181640625 1362
10379.6220703125 1926
10443.4091796875 2997
10506.638671875 254
10525.779296875 388
10563.1513671875 465
10621.4296875 498
10638.25390625 520
10644.7451171875 962
10648.365234375 981
10661.48828125 1156
10745.0712890625 1652
10864.2373046875 2205
10950.9765625 2339
10969.2177734375 2417
10974.41796875 2494
10986.078125 2687
11065.763671875 1122
11142.421875 1670
11233.4794921875 264
11258.0615234375 2173
11260.8017578125 1646
11269.8896484375 2396
11321.685546875 49
11324.6640625 189
11342.9287109375 261
11374.8486328125 263
11405.34375 430
11408.974609375 831
11479.134765625 899
11502.783203125 1123
11503.8681640625 1169
11555.6103515625 1350
11659.134765625 1405
11686.1142578125 1512
11742.03515625 1750
11768.462890625 1769
11776.5810546875 1908
11811.263671875 1966
11844.150390625 1982
11852.96484375 1993
11864.4931640625 2094
11902.189453125 2126
11917.9541015625 2141
11971.84765625 2171
11975.376953125 2174
12048.318359375 2177
12070.1103515625 2237
12076.4228515625 2367
12084.4892578125 2536
12097.9296875 2542
12109.86328125 2582
12133.9208984375 2675
12170.09765625 2703
12192.7470703125 1873
12223.36328125 2107
12236.1982421875 1281
12251.71875 455
12292.4765625 470
12295.625 902
12312.1552734375 926
12355.7509765625 967
12356.189453125 1104
12356.572265625 1225
12400.77734375 1286
12458.5556640625 1506
12461.166015625 1516
12509.5517578125 1599
12515.0927734375 1779
12522.529296875 1848
12561.0927734375 1867
12567.607421875 1883
12569.39453125 2063
12611.1171875 2210
12615.0498046875 2246
12641.875 2285
12700.3212890625 2361
12704.958984375 2686
12714.7861328125 2700
12746.5439453125 88
12755.0869140625 586
12778.6513671875 136
12792.595703125 1471
12801.1083984375 226
12813.9736328125 296
12826.9775390625 1197
12874.2587890625 1666
12878.7744140625 2511
12879.005859375 101
12917.3896484375 215
12953.9033203125 549
12966.7421875 550
13088.5009765625 573
13091.3955078125 1136
13100.4248046875 1199
13101.017578125 1530
13114.4560546875 1581
13127.4521484375 1640
13155.431640625 1688
13156.919921875 1968
13169.076171875 2526
13186.0517578125 2571
13239.275390625 2983
13319.57421875 1787
13330.6005859375 602
13330.6552734375 1146
13360.9912109375 253
13365.169921875 342
13382.3896484375 843
13389.6103515625 1233
13423.5478515625 1335
13426.919921875 1394
13522.861328125 1737
13526.197265625 1784
13548.50390625 1950
13556.849609375 2025
13570.021484375 2473
13592.376953125 2518
13598.65625 999
13632.951171875 1056
13649.748046875 1900
13704.671875 1304
13707.64453125 1326
13713.91796875 2967
13716.3408203125 1329
13729.568359375 50
13763.423828125 318
13777.19921875 389
13792.8798828125 478
13810.162109375 491
13884.9453125 580
13920.125 599
13931.6005859375 890
13938.623046875 896
13959.2109375 909
13966.2314453125 919
13979.6474609375 995
13991.2939453125 1273
14050.408203125 1342
14058.2841796875 1430
14134.5341796875 1495
14147.22265625 1568
14158.3466796875 1583
14301.0029296875 1764
14303.13671875 1774
14327.076171875 2065
14343.4453125 2117
14367.515625 2181
14370.68359375 2268
14375.466796875 2465
14449.041015625 2664
14456.9375 2760
14476.056640625 2764
14488.06640625 2938
14509.0400390625 2943
14526.46484375 1860
14540.79296875 2880
14573.5234375 1333
14588.5185546875 2631
14600.78125 146
14611.6640625 1538
14613.1435546875 21
14642.623046875 34
14668.5546875 200
14712.392578125 288
14717.36328125 336
14724.7763671875 385
14734.00390625 517
14743.720703125 546
14767.099609375 609
14800.26953125 614
14842.9697265625 683
14854.169921875 686
14864.5869140625 769
14872.935546875 1097
14889.96484375 1221
14908.830078125 1322
14925.1328125 1359
14934.892578125 1376
14937.20703125 1686
14942.810546875 1854
14952.1796875 2513
14955.83203125 2553
14957.8037109375 2650
14959.0771484375 2672
15018.8779296875 2911
15024.572265625 78
15031.361328125 2713
15058.767578125 2800
15059.748046875 2651
15061.513671875 2970
15067.6142578125 1045
15103.3369140625 1068
15122.466796875 2078
15122.626953125 884
15140.6513671875 886
15140.80078125 1028
15171.9169921875 1845
15203.04296875 1932
15211.0390625 2489
15211.8212890625 90
15260.8125 153
15280.197265625 240
15285.41796875 256
15301.9072265625 531
15309.6357421875 644
15316.6650390625 706
15335.6962890625 775
15346.3701171875 1163
15350.5732421875 1483
15354.4326171875 2114
15358.0068359375 2379
15367.404296875 2424
15367.4951171875 2433
15415.203125 2435
15466.677734375 2442
15474.4208984375 2683
15476.580078125 2811
15482.09375 2176
15506.849609375 169
15512.302734375 2207
15518.19140625 1144
15543.046875 2180
15551.330078125 73
15573.7890625 663
15580.4404296875 677
15610.5 756
15648.498046875 925
15673.4814453125 927
15691.712890625 946
15710.298828125 996
15714.091796875 1141
15714.8671875 1202
15723.7763671875 1251
15727.39453125 1457
15735.4375 1502
15738.22265625 1591
15754.908203125 1733
15761.8583984375 1735
15805.0595703125 1919
15823.3095703125 1933
15843.4453125 1955
15847.224609375 2002
15921.787109375 2335
15922.146484375 2341
15928.5185546875 2565
15932.1357421875 2695
15967.1328125 2763
16009.048828125 2840
16026.453125 2422
16041.603515625 1020
16049.587890625 640
16055.98046875 59
16066.8642578125 177
16087.3154296875 191
16108.7265625 575
16113.4814453125 687
16123.1171875 934
16183.2607421875 1119
16185.9375 1529
16192.3408203125 1697
16228.0302734375 1810
16264.919921875 1831
16270.771484375 2354
16285.4873046875 2528
16316.00390625 2679
16330.9189453125 2712
16384.119140625 2747
16387.56640625 2809
16387.81640625 2821
16388.197265625 2842
16405.9453125 2860
16452.35546875 2906
16489.44921875 2994
16492.123046875 186
16498.140625 223
16502.853515625 1594
16506.38671875 410
16510.91015625 631
16519.341796875 132
16519.341796875 2576
16564.66015625 1282
16573.638671875 488
16575.265625 869
16598.806640625 2059
16605.80078125 787
16652.744140625 904
16683.22265625 137
16687.431640625 275
16695.333984375 328
16721.55078125 333
16752.521484375 392
16790.140625 407
16831.47265625 489
16879.732421875 680
16883.1640625 1022
16886.609375 1290
16889.51953125 1358
16891.5859375 1607
16899.990234375 1653
16905.4140625 2024
16915.42578125 2184
16922.779296875 2221
16922.947265625 2394
16931.6171875 2427
16948.865234375 2517
16955.181640625 2655
16971.19921875 2704
16982.806640625 2900
16984.92578125 2946
16989.3515625 459
17006.55078125 1408
17008.52734375 1339
17044.25 22
17050.779296875 45
17064.833984375 300
17066.59375 812
17080.4296875 922
17091.05078125 947
17093.8046875 975
17095.8046875 1001
17120.365234375 1095
17150.599609375 1275
17166.1015625 1664
17185.255859375 1708
17209.029296875 1763
17232.40625 1766
17240.2890625 1889
17240.2890625 2077
17267.796875 2082
17274.185546875 2131
17287.49609375 2315
17301.87890625 2317
17324.359375 2409
17338.306640625 2608
17343.015625 2616
17376.017578125 2649
17378.60546875 2819
17382.68359375 2862
17396.859375 1164
17444.7265625 2213
17466.8828125 1050
17498.8125 979
17499.740234375 1562
17505.626953125 1597
17522.60546875 2334
17522.60546875 587
17537.23046875 630
17543.091796875 777
17582.267578125 1012
17589.87890625 1064
17622.75390625 1082
17637.435546875 1462
17639.296875 1501
17642.041015625 1654
17685.46484375 1800
17693.796875 2656
17711.6328125 2884
17737.51953125 1416
17754.685546875 1575
17756.455078125 2889
17784.521484375 445
17784.787109375 30
17817.33984375 2484
17837.447265625 38
17838.59375 40
17840.595703125 76
17852.572265625 77
17866.74609375 108
17869.298828125 164
17876.40234375 211
17881.685546875 225
17907.669921875 376
17938.46484375 437
17959.72265625 510
17963.185546875 646
17991.068359375 671
17995.474609375 738
17996.884765625 770
18093.00390625 1434
18097.255859375 1610
18107.609375 1662
18109.482421875 1709
18117.84375 1998
18146.650390625 2166
18151.23828125 2220
18153.857421875 2238
18161.94921875 2255
18190.4609375 2345
18197.6484375 2510
18226.275390625 2581
18256.396484375 2607
18325.892578125 2807
18331.302734375 1015
18341.0859375 1984
18344.87890625 1258
18360.02734375 2555
18368.916015625 1147
18373.89453125 865
18379.02734375 939
18383.388671875 1497
18400.416015625 2630
18417.33984375 2752
18448.337890625 457
18451.869140625 309
18482.373046875 316
18492.841796875 483
18505.490234375 484
18539.298828125 633
18539.298828125 1026
18541.16796875 1036
18563.01171875 1176
18567.8984375 1423
18583.34765625 1485
18588.513671875 1590
18593.48828125 1702
18600.18359375 1759
18625.220703125 1818
18625.7109375 1958
18633.16015625 1963
18652.462890625 1977
18667.91796875 2053
18672.29296875 2056
18704.947265625 2125
18711.77734375 2304
18760.56640625 2356
18764.94921875 2477
18766.72265625 2533
18769.2109375 2732
18773.9375 2948
18774.0546875 1601
18825.671875 2256
18848.2265625 2104
18876.876953125 284
18889.28125 182
18900.875 916
18906.236328125 1667
18907.705078125 1852
18954.611328125 727
18956.388671875 2036
18994.12109375 2772
18995.384765625 130
19008.6875 219
19033.4296875 394
19036.056640625 405
19046.763671875 634
19048.72265625 856
19053.56640625 983
19070.57421875 1117
19088.21875 1386
19103.21484375 1791
19114.65234375 1991
19116.3515625 2060
19141.369140625 2215
19149.623046875 2314
19152.1953125 2440
19169.5703125 2467
19171.890625 2618
19178.896484375 2648
19190.041015625 2694
19190.119140625 1772
19212.93359375 818
19212.943359375 2907
19242.87109375 660
19273.052734375 1168
19291.677734375 1145
19321.751953125 1476
19323.84765625 1618
19341.08203125 655
19373.70703125 1592
19399.060546875 2120
19414.8125 2557
19428.09765625 112
19434.912109375 350
19434.912109375 356
19451.212890625 448
19487.064453125 1500
19514.408203125 1526
19536.947265625 1587
19544.068359375 1881
19580.9609375 1943
19595.95703125 1962
19596.1171875 1995
19608.375 2075
19625.51171875 2118
19644.890625 2309
19650.796875 2418
19662.67578125 2516
19668.48046875 2588
19675.9375 2605
19701.029296875 2623
19702.705078125 2937
19710.24609375 1005
19712.416015625 110
19777.98828125 2360
19783.34765625 121
19802.794921875 1046
19814.392578125 298
19834.41796875 372
19835.513671875 492
19838.3359375 752
19841.48046875 838
19843.05078125 903
19849.77734375 1034
19853.931640625 1128
19858.068359375 1187
19860.79296875 1437
19908.275390625 1488
19938.125 1534
19981.0234375 1657
19988.3671875 1678
19995.87109375 1824
19996.478515625 1826
19998.6796875 1941
20013.826171875 1997
20017.703125 2318
20024.6484375 2327
20024.69140625 2362
20032.07421875 2404
20058.27734375 2453
20074.494140625 2458
20080.44140625 2496
20080.53515625 2696
20080.537109375 2722
20086.666015625 2796
20125.498046875 2584
20146.86328125 2872
20152.220703125 2589
20180.576171875 2135
20183.94140625 1802
20225.94140625 1853
20266.255859375 1892
20269.642578125 1580
20311.056640625 25
20329.359375 72
20336.65625 343
20359.0546875 710
20392.857421875 755
20428.640625 885
20459.06640625 1683
20460.875 1776
20461.595703125 1972
20499.05078125 2047
20520.947265625 2138
20521.623046875 2185
20525.740234375 2344
20541.68359375 2545
20612.09375 2573
20616.552734375 2855
20626.439453125 2159
20632.12109375 1067
20635.298828125 371
20636.947265625 243
20639.2421875 1301
20656.837890625 311
20687.04296875 426
20690.6953125 648
20692.322265625 720
20736.265625 792
20739.31640625 940
20741.8359375 1006
20758.443359375 1032
20769.50390625 1160
20770.2265625 1189
20796.484375 2183
20817.646484375 2190
20820.515625 2301
20833.505859375 1459
20893.572265625 1649
20896.123046875 353
20899.767578125 2706
20913.171875 1511
20945.126953125 1778
21043.21484375 329
21050.505859375 731
21112.34765625 1400
21124.728515625 2070
21124.962890625 1480
21134.87890625 1714
21151.734375 249
21178.9453125 94
21205.142578125 2823
21206.685546875 471
21236.203125 473
21259.962890625 747
21261.74609375 915
21274.716796875 921
21283.484375 993
21288.578125 1072
21303.92578125 1415
21327.7734375 1541
21329.201171875 1746
21330.35546875 1949
21388.7890625 2079
21401.623046875 2219
21406.119140625 2258
21408.9765625 2413
21434.669921875 2628
21457.244140625 2828
21466.369140625 2903
21519.447265625 2996
21528.2734375 204
21564.74609375 1247
21578.521484375 1410
21587.5859375 1888
21609.029296875 1214
21671.384765625 1658
21671.45703125 2587
21715.8515625 380
21776.79296875 688
21788.20703125 1761
21792.904296875 66
21801.458984375 127
21814.115234375 179
21817.87109375 855
21834.521484375 1198
21888.00390625 1250
21902.115234375 1507
21922.1640625 1558
21923.771484375 2007
21927.294921875 2092
21941.6328125 2231
21970.4609375 2384
21987.080078125 2457
21992.521484375 2544
21999.53125 2717
22019.380859375 2774
22053.140625 2794
22062.99609375 2909
22082.658203125 972
22122.123046875 1138
22123.57421875 1442
22129.640625 1137
22154.046875 102
22157.255859375 667
22171.837890625 1935
22195.234375 2352
22199.8828125 2887
22206.69140625 427
22242.455078125 1533
22251.134765625 170
22295.67578125 262
22310.140625 306
22319.498046875 596
22361.263671875 805
22407.765625 849
22421.107421875 850
22453.015625 965
22455.916015625 976
22501.814453125 1058
22504.0078125 1403
22524.044921875 1645
22539.30078125 1999
22556.79296875 2292
22569.669921875 2392
22577.7734375 2403
22588.91796875 2497
22660.5859375 2524
22675.859375 2601
22707.796875 2652
22713.1875 2657
22765.662109375 2761
22770.712890625 2839
22842.58203125 2939
22896.03125 2984
22899.92578125 1027
22917.431640625 622
22922.66015625 417
22928.5703125 450
22944.53515625 690
22947.77734375 969
23015.056640625 982
23017.48828125 1040
23029.41015625 1078
23087.505859375 1083
23122.705078125 1382
23189.078125 1391
23211.494140625 1486
23227.515625 1503
23246.0546875 1547
23346.55078125 1561
23370.673828125 1965
23392.841796875 2026
23565.001953125 2066
23586.888671875 2182
23602.884765625 2245
23617.689453125 2460
23650.939453125 2466
23666.54296875 2540
23682.07421875 2593
23733.310546875 2632
23754.109375 2753
23755.02734375 2759
23762.21484375 2793
23784.9453125 2925
23862.50390625 2152
23868.23828125 762
23871.1015625 2757
23911.009765625 37
23970.01171875 1624
23971.919921875 1271
23984.98828125 2370
24056.42578125 2895
24061.59375 2411
24105.607421875 67
24122.001953125 150
24143.806640625 171
24191.455078125 195
24213.259765625 363
24309.36328125 522
24408.728515625 657
24441.255859375 701
24480.16796875 760
24529.771484375 811
24574.857421875 874
24635.068359375 875
24674.7421875 1002
24696.12890625 1007
24836.55078125 1023
24840.880859375 1356
24901.669921875 1378
24905.658203125 1489
24938.55078125 1629
25060.458984375 2721
25103.26953125 2032
25171.95703125 2259
25172.384765625 771
25176.09765625 1543
25183.578125 2241
25193.267578125 1964
25276.298828125 1625
25352.58984375 2693
25359.181640625 222
25397.630859375 258
25492.673828125 281
25496.23046875 506
25581.787109375 582
25611.28125 724
25712.94921875 879
25747.59765625 1003
25868.521484375 1171
25920.3046875 1182
26027.4609375 1588
26215.3671875 1685
26242.44140625 1758
26280.26953125 2300
26359.4765625 2310
26366.21875 2705
26381.822265625 2845
26403.318359375 2916
26545.232421875 1811
26621.076171875 2701
26646.939453125 421
26780.314453125 1440
26780.314453125 2337
26853.306640625 2531
26935.65234375 18
27018.5234375 29
27035.2890625 31
27128.73046875 104
27256.6328125 274
27346.412109375 321
27598.322265625 370
27817.095703125 375
28103.85546875 562
28240.931640625 914
28372.056640625 944
28430.87890625 1672
28516.615234375 1684
28544.05078125 1825
28584.216796875 1846
28654.861328125 1960
28748.337890625 1976
28754.0234375 2006
28778.44921875 2319
28829.154296875 2405
29161.654296875 2550
29581.087890625 2606
29624.064453125 2768
29735.064453125 1081
29776.28125 1780
29868.466796875 16
29907.505859375 28
29922.6484375 125
30082.021484375 212
30127.568359375 265
30314.76953125 295
30476.015625 360
30498.09765625 364
30589.193359375 937
30755.89453125 1077
30823.240234375 1101
31008.30078125 1241
31301.529296875 1243
31377.361328125 1307
31512.3125 1343
31591.08984375 1404
32085.19921875 1418
32158.2421875 1585
32795.57421875 1719
32862.17578125 1822
32924.92578125 2009
32934.7890625 2164
33045.84765625 2214
33579.7265625 2250
33680.2890625 2263
35612.703125 2342
37217.4765625 2359
37681.54296875 2547
