6460.32373046875 2152
6525.31103515625 762
6602.4345703125 2757
6718.11376953125 37
6991.2958984375 1624
7199.603515625 1271
7379.7451171875 2370
7428.15966796875 2895
7467.1767578125 2411
7472.04248046875 67
7546.6787109375 150
7576.94482421875 171
7768.224609375 195
7920.908203125 363
8003.48876953125 522
8081.38427734375 657
8131.6357421875 701
8144.8037109375 760
8213.4384765625 811
8291.498046875 874
8300.24609375 875
8353.2861328125 1002
8411.0576171875 1007
8423.326171875 1023
8439.4423828125 1356
8446.9658203125 1378
8457.359375 1489
8476.822265625 1629
8503.193359375 2721
8537.33203125 1446
8538.34375 87
8552.4375 251
8607.7392578125 527
8609.693359375 529
8632.4130859375 625
8676.2509765625 641
8709.3486328125 693
8748.830078125 873
8788.4072265625 881
8805.8837890625 928
8825.3232421875 1133
8852.048828125 1283
8903.0341796875 1318
8921.685546875 1346
8929.3720703125 1417
8936.373046875 1720
9006.85546875 1987
9038.5986328125 2226
9066.94140625 2296
9067.283203125 2515
9072.42578125 2572
9097.830078125 2669
9108.8310546875 2728
9120.890625 2734
9220.181640625 2746
9228.181640625 2852
9251.7578125 2866
9256.6767578125 2915
9264.5146484375 2949
9279.76953125 377
9282.830078125 2281
9301.92578125 160
9307.7998046875 1
9347.8310546875 425
9399.353515625 446
9434.9619140625 800
9454.326171875 918
9458.923828125 953
9464.060546875 985
9492.177734375 986
9505.568359375 1008
9555.109375 1043
9636.599609375 1270
9667.70703125 1317
9668.8916015625 1435
9688.470703125 1548
9701.681640625 1606
9724.1357421875 1661
9750.0966796875 1712
9751.94140625 2010
9811.2216796875 2088
9853.7763671875 2365
9878.25390625 2410
9910.46484375 2414
9914.142578125 2482
9938.8662109375 2560
9948.0205078125 2781
9971.5341796875 2820
9980.611328125 997
9988.6943359375 1781
10022.7607421875 81
10030.6767578125 229
10069.861328125 440
10077.94921875 548
10077.94921875 611
10103.5654296875 826
10107.28515625 834
10113.3232421875 848
10120.7919921875 871
10122.083984375 893
10148.419921875 1231
10167.1142578125 1256
10176.134765625 1315
10201.7626953125 1458
10204.697265625 1550
10242.4404296875 1671
10246.775390625 1711
10252.6337890625 1815
10287.1904296875 1893
10288.90625 2312
10293.2958984375 2324
10305.0166015625 2385
10312.4970703125 2447
10326.0068359375 2562
10330.9951171875 2610
10338.080078125 2622
10360.4873046875 2853
10363.5068359375 2924
10378.466796875 2927
10438.4560546875 2239
10441.2783203125 1362
10453.25390625 1926
10463.357421875 2997
10463.4970703125 254
10486.5185546875 388
10498.2060546875 465
10510.03515625 498
10513.8759765625 520
10529.013671875 962
10545.208984375 981
10548.9921875 1156
10560.7490234375 1652
10570.9443359375 2205
10573.3388671875 2339
10584.07421875 2417
10586.7041015625 2494
10588.234375 2687
10595.333984375 1122
10603.453125 1670
10618.0615234375 264
10639.7265625 2173
10640.8369140625 1646
10648.068359375 2396
10660.2529296875 49
10665.853515625 189
10682.490234375 261
10706.798828125 263
10715.3798828125 430
10748.0625 831
10757.83984375 899
10777.9609375 1123
10793.666015625 1169
10826.0625 1350
10844.130859375 1405
10846.5751953125 1512
10849.55078125 1750
10853.888671875 1769
10861.4912109375 1908
10882.7255859375 1966
10884.62109375 1982
10919.3125 1993
10935.90625 2094
10990.4345703125 2126
10991.109375 2141
11006.1123046875 2171
11008.5517578125 2174
11024.7646484375 2177
11041.5205078125 2237
11049.501953125 2367
11055.724609375 2536
11125.6337890625 2542
11135.0986328125 2582
11151.259765625 2675
11151.978515625 2703
11154.1142578125 1873
11155.587890625 2107
11182.140625 1281
11213.52734375 455
11224.12890625 470
11244.6259765625 902
11257.2724609375 926
11262.0185546875 967
11297.572265625 1104
11299.6220703125 1225
11321.03125 1286
11321.490234375 1506
11332.7412109375 1516
11345.765625 1599
11352.9404296875 1779
11359.8330078125 1848
11382.771484375 1867
11388.0390625 1883
11406.53125 2063
11425.009765625 2210
11466.615234375 2246
11470.5380859375 2285
11492.29296875 2361
11492.29296875 2686
11497.705078125 2700
11503.6962890625 88
11504.509765625 586
11520.1904296875 136
11543.3525390625 1471
11556.876953125 226
11560.982421875 296
11576.66015625 1197
11586.609375 1666
11589.9853515625 2511
11607.9931640625 101
11613.712890625 215
11621.9658203125 549
11621.9658203125 550
11644.65234375 573
11660.2548828125 1136
11685.84765625 1199
11690.8359375 1530
11694.0439453125 1581
11699.978515625 1640
11723.841796875 1688
11725.0478515625 1968
11728.564453125 2526
11731.314453125 2571
11733.595703125 2983
11742.9990234375 1787
11775.5771484375 602
11780.435546875 1146
11788.53515625 253
11826.3935546875 342
11835.8203125 843
11839.84375 1233
11858.6455078125 1335
11871.5263671875 1394
11872.9697265625 1737
11911.51171875 1784
11912.982421875 1950
11924.359375 2025
11956.748046875 2473
11957.30859375 2518
11957.98046875 999
11990.6787109375 1056
12001.857421875 1900
12006.4794921875 1304
12013.75 1326
12051.416015625 2967
12067.923828125 1329
12076.7900390625 50
12077.046875 318
12088.65625 389
12090.0986328125 478
12107.1962890625 491
12108.2548828125 580
12113.830078125 599
12115.728515625 890
12135.7197265625 896
12145.6572265625 909
12150.9013671875 919
12182.646484375 995
12183.357421875 1273
12185.3974609375 1342
12190.16796875 1430
12210.2265625 1495
12231.09765625 1568
12245.041015625 1583
12246.4365234375 1764
12246.9267578125 1774
12249.9169921875 2065
12268.7568359375 2117
12279.0966796875 2181
12288.76171875 2268
12301.5615234375 2465
12303.587890625 2664
12303.662109375 2760
12318.1572265625 2764
12326.2646484375 2938
12332.2705078125 2943
12333.4521484375 1860
12339.583984375 2880
12353.4794921875 1333
12353.6240234375 2631
12358.7587890625 146
12362.69921875 1538
12397.609375 21
12433.38671875 34
12441.7138671875 200
12447.1162109375 288
12458.63671875 336
12485.5830078125 385
12506.8623046875 517
12507.857421875 546
12516.8837890625 609
12518.2177734375 614
12521.9228515625 683
12528.1025390625 686
12562.126953125 769
12563.12890625 1097
12569.64453125 1221
12573.259765625 1322
12583.0986328125 1359
12584.1572265625 1376
12586.8681640625 1686
12619.8134765625 1854
12620.8740234375 2513
12646.7119140625 2553
12649.4658203125 2650
12654.6357421875 2672
12658.033203125 2911
12672.4453125 78
12682.732421875 2713
12687.53125 2800
12691.6689453125 2651
12711.162109375 2970
12732.58984375 1045
12736.978515625 1068
12773.1884765625 2078
12782.8662109375 884
12789.5283203125 886
12812.947265625 1028
12813.4931640625 1845
12813.900390625 1932
12832.3564453125 2489
12833.2421875 90
12836.0244140625 153
12847.2353515625 240
12861.0400390625 256
12867.044921875 531
12867.9248046875 644
12877.0068359375 706
12877.0634765625 775
12883.1328125 1163
12889.6796875 1483
12892.9189453125 2114
12909.626953125 2379
12914.556640625 2424
12917.791015625 2433
12926.609375 2435
12941.349609375 2442
12942.9453125 2683
12943.26953125 2811
12943.7724609375 2176
12947.6083984375 169
12953.75390625 2207
12963.134765625 1144
12964.419921875 2180
12976.8642578125 73
12977.5654296875 663
12997.5595703125 677
13024.119140625 756
13036.4833984375 925
13039.9169921875 927
13041.3623046875 946
13045.6865234375 996
13048.9130859375 1141
13059.8974609375 1202
13077.8388671875 1251
13085.03125 1457
13087.3271484375 1502
13108.2109375 1591
13112.89453125 1733
13118.77734375 1735
13119.2490234375 1919
13156.7275390625 1933
13180.8203125 1955
13192.7373046875 2002
13204.9111328125 2335
13211.0283203125 2341
13216.162109375 2565
13218.025390625 2695
13234.53125 2763
13240.4130859375 2840
13243.0380859375 2422
13243.25 1020
13260.232421875 640
13260.923828125 59
13273.7421875 177
13300.982421875 191
13325.5732421875 575
13346.92578125 687
13348.546875 934
13353.546875 1119
13369.755859375 1529
13371.576171875 1697
13381.267578125 1810
13381.380859375 1831
13383.5302734375 2354
13388.966796875 2528
13401.7099609375 2679
13410.330078125 2712
13430.0888671875 2747
13434.7783203125 2809
13452.130859375 2821
13468.2587890625 2842
13468.890625 2860
13472.259765625 2906
13475.78125 2994
13498.1171875 186
13506.203125 223
13507.212890625 1594
13519.9306640625 410
13520.552734375 631
13521.8271484375 132
13529.599609375 2576
13549.3798828125 1282
13565.4716796875 488
13572.0634765625 869
13578.802734375 2059
13585.3564453125 787
13589.4267578125 904
13596.578125 137
13598.23828125 275
13608.2451171875 328
13612.734375 333
13627.3505859375 392
13630.57421875 407
13638.00390625 489
13641.400390625 680
13655.29296875 1022
13658.482421875 1290
13658.7080078125 1358
13664.0 1607
13688.96484375 1653
13689.951171875 2024
13703.5498046875 2184
13719.6767578125 2221
13728.6884765625 2394
13733.1142578125 2427
13736.5126953125 2517
13743.375 2655
13762.609375 2704
13767.1240234375 2900
13770.408203125 2946
13772.4541015625 459
13775.0390625 1408
13837.234375 1339
13851.716796875 22
13867.974609375 45
13877.3984375 300
13883.0126953125 812
13910.5439453125 922
13917.970703125 947
13921.5927734375 975
13927.3984375 1001
13928.1328125 1095
13949.59375 1275
13954.8515625 1664
13957.8662109375 1708
13966.8466796875 1763
13976.1201171875 1766
13976.154296875 1889
13976.5771484375 2077
13978.7041015625 2082
13980.626953125 2131
13984.06640625 2315
13987.4052734375 2317
14004.439453125 2409
14021.4189453125 2608
14031.53125 2616
14046.6640625 2649
14047.32421875 2819
14054.4921875 2862
14074.357421875 1164
14101.720703125 2213
14103.3798828125 1050
14115.75390625 979
14178.7236328125 1562
14189.0361328125 1597
14205.5087890625 2334
14206.3984375 587
14209.5908203125 630
14217.06640625 777
14217.06640625 1012
14219.6357421875 1064
14227.306640625 1082
14247.62109375 1462
14249.267578125 1501
14260.765625 1654
14262.515625 1800
14263.0810546875 2656
14278.451171875 2884
14282.7939453125 1416
14296.1572265625 1575
14301.31640625 2889
14305.28125 445
14305.3662109375 30
14319.265625 2484
14332.6435546875 38
14360.4912109375 40
14367.0283203125 76
14367.353515625 77
14372.8046875 108
14375.58984375 164
14401.8955078125 211
14459.919921875 225
14472.9404296875 376
14479.1708984375 437
14490.4111328125 510
14526.466796875 646
14537.0712890625 671
14550.203125 738
14552.453125 770
14557.3876953125 1434
14565.0546875 1610
14572.0107421875 1662
14588.779296875 1709
14597.3056640625 1998
14639.0634765625 2166
14642.005859375 2220
14643.765625 2238
14696.1416015625 2255
14702.109375 2345
14706.4287109375 2510
14708.9580078125 2581
14710.873046875 2607
14711.3837890625 2807
14725.3203125 1015
14728.63671875 1984
14728.9404296875 1258
14750.4033203125 2555
14751.482421875 1147
14751.8896484375 865
14759.3173828125 939
14765.98828125 1497
14769.0341796875 2630
14771.591796875 2752
14781.2041015625 457
14821.8408203125 309
14833.115234375 316
14846.705078125 483
14854.8076171875 484
14864.59375 633
14868.220703125 1026
14881.5439453125 1036
14892.783203125 1176
14900.6640625 1423
14913.3427734375 1485
14918.22265625 1590
14922.2470703125 1702
14924.9423828125 1759
14928.392578125 1818
14954.5224609375 1958
14957.5263671875 1963
15000.0791015625 1977
15015.951171875 2053
15022.5869140625 2056
15071.8701171875 2125
15092.908203125 2304
15094.8466796875 2356
15123.3798828125 2477
15132.8505859375 2533
15147.451171875 2732
15149.0341796875 2948
15152.388671875 1601
15152.72265625 2256
15187.908203125 2104
15189.0478515625 284
15194.951171875 182
15225.736328125 916
15227.7734375 1667
15245.0068359375 1852
15274.55859375 727
15278.8369140625 2036
15305.5361328125 2772
15342.3076171875 130
15347.8203125 219
15375.046875 394
15398.5 405
15431.7392578125 634
15432.9658203125 856
15468.568359375 983
15470.7353515625 1117
15474.212890625 1386
15491.251953125 1791
15512.705078125 1991
15527.3974609375 2060
15537.650390625 2215
15538.541015625 2314
15540.330078125 2440
15557.6240234375 2467
15560.6259765625 2618
15582.873046875 2648
15585.1357421875 2694
15626.208984375 1772
15627.4140625 818
15632.654296875 2907
15633.294921875 660
15635.15625 1168
15640.798828125 1145
15657.154296875 1476
15680.3212890625 1618
15688.796875 655
15725.5654296875 1592
15726.94140625 2120
15734.095703125 2557
15737.19140625 112
15741.140625 350
15747.80859375 356
15752.3740234375 448
15752.5009765625 1500
15752.7421875 1526
15758.0703125 1587
15766.0908203125 1881
15780.5556640625 1943
15781.8203125 1962
15796.341796875 1995
15801.408203125 2075
15819.119140625 2118
15834.552734375 2309
15847.5048828125 2418
15854.771484375 2516
15857.9833984375 2588
15860.2861328125 2605
15877.603515625 2623
15907.2421875 2937
15928.6357421875 1005
15938.9248046875 110
15966.4755859375 2360
15979.9462890625 121
15987.228515625 1046
16013.861328125 298
16036.078125 372
16052.619140625 492
16071.1953125 752
16071.44140625 838
16084.078125 903
16106.3662109375 1034
16111.376953125 1128
16115.6689453125 1187
16130.033203125 1437
16140.572265625 1488
16160.8818359375 1534
16195.1591796875 1657
16203.916015625 1678
16213.5576171875 1824
16222.720703125 1826
16223.0419921875 1941
16265.400390625 1997
16274.9443359375 2318
16280.564453125 2327
16286.5244140625 2362
16305.2294921875 2404
16310.7080078125 2453
16312.923828125 2458
16320.228515625 2496
16342.568359375 2696
16382.775390625 2722
16385.79296875 2796
16427.990234375 2584
16435.51953125 2872
16442.091796875 2589
16447.884765625 2135
16458.35546875 1802
16461.669921875 1853
16537.53515625 1892
16540.525390625 1580
16545.388671875 25
16551.69921875 72
16556.41015625 343
16559.994140625 710
16588.05078125 755
16618.81640625 885
16642.51171875 1683
16658.01171875 1776
16662.947265625 1972
16689.3515625 2047
16696.701171875 2138
16720.904296875 2185
16726.671875 2344
16739.44140625 2545
16801.728515625 2573
16819.125 2855
16819.857421875 2159
16824.8125 1067
16848.412109375 371
16884.84375 243
16897.4609375 1301
16918.884765625 311
16919.609375 426
16930.201171875 648
16942.232421875 720
16942.484375 792
16992.546875 940
17018.8046875 1006
17067.50390625 1032
17080.220703125 1160
17111.771484375 1189
17112.146484375 2183
17114.462890625 2190
17124.009765625 2301
17153.59375 1459
17165.830078125 1649
17226.578125 353
17289.91015625 2706
17292.28125 1511
17309.71875 1778
17326.53125 329
17327.091796875 731
17327.109375 1400
17374.474609375 2070
17387.767578125 1480
17411.416015625 1714
17423.970703125 249
17466.7265625 94
17495.826171875 2823
17514.951171875 471
17550.833984375 473
17553.23828125 747
17579.1484375 915
17589.89453125 921
17598.673828125 993
17628.75390625 1072
17640.638671875 1415
17642.705078125 1541
17648.12109375 1746
17731.193359375 1949
17733.57421875 2079
17734.9453125 2219
17775.404296875 2258
17776.7421875 2413
17822.837890625 2628
17828.9765625 2828
17831.560546875 2903
17857.78125 2996
17863.296875 204
17905.724609375 1247
17926.765625 1410
17957.75 1888
17957.75 1214
17959.033203125 1658
17962.40625 2587
17964.22265625 380
17965.302734375 688
18023.5859375 1761
18067.583984375 66
18083.095703125 127
18096.09765625 179
18119.109375 855
18168.935546875 1198
18184.005859375 1250
18198.345703125 1507
18252.572265625 1558
18254.232421875 2007
18275.0078125 2092
18313.54296875 2231
18331.736328125 2384
18353.96484375 2457
18392.369140625 2544
18462.09375 2717
18462.09375 2774
18472.873046875 2794
18485.974609375 2909
18499.10546875 972
18512.853515625 1138
18532.099609375 1442
18582.609375 1137
18618.35546875 102
18671.263671875 667
18698.14453125 1935
18709.693359375 2352
18716.46875 2887
18731.15234375 427
18735.609375 1533
18758.740234375 170
18781.234375 262
18797.568359375 306
18804.064453125 596
18812.583984375 805
18823.017578125 849
18855.65234375 850
18977.048828125 965
18993.423828125 976
19014.794921875 1058
19020.140625 1403
19032.9296875 1645
19034.640625 1999
19057.177734375 2292
19073.435546875 2392
19093.4140625 2403
19102.263671875 2497
19105.251953125 2524
19134.15625 2601
19135.537109375 2652
19152.1328125 2657
19238.94140625 2761
19252.12890625 2839
19280.126953125 2939
19282.322265625 2984
19291.55078125 1027
19365.80078125 622
19375.8046875 417
19393.408203125 450
19414.5625 690
19421.93359375 969
19426.322265625 982
19443.625 1040
19449.681640625 1078
19479.1953125 1083
19503.375 1382
19511.482421875 1391
19544.9296875 1486
19604.869140625 1503
19626.318359375 1547
19775.9765625 1561
19801.951171875 1965
19840.6484375 2026
19892.11328125 2066
19903.685546875 2182
19929.400390625 2245
19990.068359375 2460
20052.470703125 2466
20091.591796875 2540
20124.724609375 2593
20141.669921875 2632
20211.744140625 2753
20238.498046875 2759
20271.970703125 2793
20344.91015625 2925
20363.640625 2032
20365.86328125 2259
20393.091796875 771
20409.787109375 1543
20419.82421875 2241
20425.3828125 1964
20431.53515625 1625
20511.390625 2693
20537.46484375 222
20613.890625 258
20617.4140625 281
20700.470703125 506
20710.4453125 582
20710.98828125 724
20751.5234375 879
20786.50390625 1003
20799.5390625 1171
20846.6171875 1182
20973.82421875 1588
21017.6875 1685
21022.400390625 1758
21107.07421875 2300
21125.54296875 2310
21167.162109375 2705
21176.90234375 2845
21183.8359375 2916
21259.296875 1811
21398.6328125 2701
21438.83203125 421
21442.796875 1440
21457.9765625 2337
21631.9921875 2531
21688.328125 18
21793.875 29
21912.484375 31
21981.54296875 104
22066.16015625 274
22122.943359375 321
22193.939453125 370
22269.66015625 375
22381.166015625 562
22460.50390625 914
22635.451171875 944
22836.16015625 1672
22869.953125 1684
22942.134765625 1825
23029.390625 1846
23082.947265625 1960
23180.07421875 1976
23199.02734375 2006
23217.400390625 2319
23396.841796875 2405
23600.208984375 2550
23680.26171875 2606
23701.166015625 2768
23710.498046875 1081
23715.482421875 1780
23872.72265625 16
23876.658203125 28
23934.6953125 125
23977.6015625 212
24299.482421875 265
24397.521484375 295
24579.740234375 360
24660.884765625 364
24793.412109375 937
25103.029296875 1077
25202.45703125 1101
25351.369140625 1241
25384.18359375 1243
25652.708984375 1307
25673.0859375 1343
26323.4765625 1404
26972.25390625 1418
27040.01953125 1585
27236.8515625 1719
27282.6640625 1822
27488.453125 2009
27614.314453125 2164
28205.8671875 2214
29990.576171875 2250
30076.13671875 2263
32435.55078125 2342
33317.19921875 2359
34717.3359375 2547
