4640.08837890625 1333
4688.44873046875 2631
5568.17724609375 146
5622.0419921875 1538
5961.35107421875 21
6593.1923828125 34
6606.06689453125 200
6638.85302734375 288
6690.36328125 336
6806.501953125 385
6968.8740234375 517
7332.6220703125 546
7355.93896484375 609
7454.4189453125 614
7488.98046875 683
7495.2080078125 686
7570.55810546875 769
7606.71728515625 1097
7636.5595703125 1221
7652.16455078125 1322
7791.33935546875 1359
7842.00439453125 1376
7844.6787109375 1686
7845.19140625 1854
7873.89404296875 2513
7935.66845703125 2553
7988.73046875 2650
8009.3046875 2672
8159.89599609375 2911
8163.69140625 78
8284.7392578125 2713
8284.7392578125 2800
8296.90234375 2651
8421.392578125 2970
8484.4794921875 1045
8495.744140625 1068
8544.158203125 1446
8578.20703125 87
8585.86328125 251
8634.810546875 527
8637.2978515625 529
8660.427734375 625
8667.865234375 641
8685.2578125 693
8697.5390625 873
8794.7109375 881
8809.1767578125 928
8843.8916015625 1133
8854.537109375 1283
8869.923828125 1318
8901.76953125 1346
8910.767578125 1417
8916.244140625 1720
8953.88671875 1987
8962.296875 2226
8962.296875 2296
8964.0244140625 2515
8985.587890625 2572
9000.375 2669
9004.328125 2728
9027.275390625 2734
9071.8974609375 2746
9251.6689453125 2852
9297.4267578125 2866
9352.37890625 2915
9363.849609375 2949
9421.4892578125 377
9487.908203125 2281
9503.845703125 160
9507.4072265625 1
9515.4033203125 425
9562.81640625 446
9571.17578125 800
9595.359375 918
9596.486328125 953
9689.4814453125 985
9706.939453125 986
9709.431640625 1008
9790.970703125 1043
9874.861328125 1270
9934.1044921875 1317
9934.64453125 1435
9941.9765625 1548
9943.3505859375 1606
9974.0966796875 1661
9992.0830078125 1712
10061.2841796875 2010
10104.2587890625 2088
10120.162109375 2365
10124.9228515625 2410
10147.5888671875 2414
10150.4990234375 2482
10158.3994140625 2560
10169.5859375 2781
10277.283203125 2820
10289.09765625 997
10297.6552734375 1781
10322.7978515625 81
10327.5498046875 229
10337.15625 440
10369.60546875 548
10389.3642578125 611
10396.779296875 826
10412.234375 834
10436.40234375 848
10458.42578125 871
10473.408203125 893
10480.669921875 1231
10539.029296875 1256
10569.1103515625 1315
10579.033203125 1458
10593.818359375 1550
10603.125 1671
10629.1337890625 1711
10693.701171875 1815
10726.478515625 1893
10741.171875 2312
10754.6787109375 2324
10781.40625 2385
10823.9423828125 2447
10835.158203125 2562
10841.966796875 2610
10858.3701171875 2622
10862.609375 2853
10867.8759765625 2924
10871.7607421875 2927
10886.8134765625 2239
10894.5048828125 1362
10921.6318359375 1926
10924.720703125 2997
10932.9775390625 254
10942.46875 388
10944.5732421875 465
10953.830078125 498
11004.140625 520
11008.80859375 962
11017.62890625 981
11019.1845703125 1156
11064.546875 1652
11076.5576171875 2205
11080.4130859375 2339
11081.3046875 2417
11158.3623046875 2494
11197.1982421875 2687
11213.978515625 1122
11222.3984375 1670
11224.3583984375 264
11226.6220703125 2173
11241.28515625 1646
11266.8466796875 2396
11268.986328125 49
11295.634765625 189
11308.6826171875 261
11318.1201171875 263
11323.359375 430
11336.296875 831
11352.8955078125 899
11362.61328125 1123
11364.958984375 1169
11365.2626953125 1350
11376.009765625 1405
11381.6494140625 1512
11408.90625 1750
11411.888671875 1769
11412.1220703125 1908
11418.87890625 1966
11442.8310546875 1982
11470.1650390625 1993
11478.072265625 2094
11486.2421875 2126
11528.220703125 2141
11541.8134765625 2171
11593.9404296875 2174
11605.53515625 2177
11619.2119140625 2237
11629.1357421875 2367
11648.7041015625 2536
11652.072265625 2542
11660.6748046875 2582
11685.2197265625 2675
11701.384765625 2703
11730.6630859375 1873
11744.3828125 2107
11753.26953125 1281
11756.904296875 455
11758.91796875 470
11767.6669921875 902
11768.677734375 926
11793.6240234375 967
11795.0244140625 1104
11810.28515625 1225
11819.216796875 1286
11834.35546875 1506
11853.541015625 1516
11877.224609375 1599
11882.685546875 1779
11886.3115234375 1848
11886.3876953125 1867
11887.859375 1883
11900.076171875 2063
11939.5517578125 2210
12005.76953125 2246
12015.12890625 2285
12021.728515625 2361
12037.908203125 2686
12054.494140625 2700
12058.4091796875 88
12085.4296875 586
12177.4560546875 136
12187.16015625 1471
12193.7724609375 226
12259.001953125 296
12272.794921875 1197
12308.4296875 1666
12322.8779296875 2511
12327.3857421875 101
12338.9541015625 215
12354.0498046875 549
12363.033203125 550
12376.8173828125 573
12390.2421875 1136
12393.3134765625 1199
12418.1025390625 1530
12437.0751953125 1581
12455.748046875 1640
12467.185546875 1688
12528.8115234375 1968
12529.25 2526
12551.275390625 2571
12571.0244140625 2983
12583.865234375 1787
12587.4951171875 602
12610.552734375 1146
12620.640625 253
12624.2421875 342
12652.62109375 843
12674.390625 1233
12696.375 1335
12706.806640625 1394
12722.21875 1737
12726.041015625 1784
12730.357421875 1950
12759.130859375 2025
12759.45703125 2473
12807.70703125 2518
12809.005859375 999
12811.5205078125 1056
12819.5810546875 1900
12821.4033203125 1304
12826.0966796875 1326
12843.958984375 2967
12851.46875 1329
12870.2275390625 50
12903.8876953125 318
12928.8837890625 389
12948.6640625 478
12957.2734375 491
12960.7294921875 580
12974.380859375 599
12985.953125 890
12987.3017578125 896
13008.8271484375 909
13018.333984375 919
13023.1630859375 995
13026.9033203125 1273
13048.2451171875 1342
13055.8330078125 1430
13062.4814453125 1495
13068.77734375 1568
13070.68359375 1583
13077.3046875 1764
13080.3349609375 1774
13081.482421875 2065
13098.796875 2117
13099.7216796875 2181
13103.125 2268
13110.4296875 2465
13122.8544921875 2664
13136.150390625 2760
13157.60546875 2764
13159.830078125 2938
13163.25390625 2943
13166.529296875 1860
13197.857421875 2880
13198.2265625 2078
13210.212890625 884
13222.25 886
13237.505859375 1028
13256.7626953125 1845
13264.904296875 1932
13305.044921875 2489
13331.1103515625 90
13333.5615234375 153
13349.703125 240
13375.9365234375 256
13383.50390625 531
13401.01953125 644
13404.5947265625 706
13418.1171875 775
13454.76953125 1163
13456.4091796875 1483
13486.1103515625 2114
13510.169921875 2379
13538.3720703125 2424
13564.8828125 2433
13583.0712890625 2435
13584.056640625 2442
13587.986328125 2683
13589.513671875 2811
13598.251953125 2176
13613.232421875 169
13614.267578125 2207
13667.7470703125 1144
13676.6279296875 2180
13687.6962890625 73
13714.4619140625 663
13719.396484375 677
13720.4873046875 756
13722.39453125 925
13727.55859375 927
13779.482421875 946
13783.318359375 996
13791.625 1141
13797.599609375 1202
13799.67578125 1251
13812.0048828125 1457
13820.9814453125 1502
13841.931640625 1591
13857.484375 1733
13860.07421875 1735
13860.93359375 1919
13899.90625 1933
13921.0654296875 1955
13924.3818359375 2002
13929.91015625 2335
13932.361328125 2341
13935.748046875 2565
13938.01953125 2695
13943.5107421875 2763
13971.90625 2840
13985.328125 2422
13997.9267578125 1020
14008.779296875 640
14020.2919921875 59
14022.48046875 177
14030.7724609375 191
14046.16015625 575
14046.2255859375 687
14046.806640625 934
14046.8427734375 1119
14050.2939453125 1529
14057.34375 1697
14069.9111328125 1810
14091.220703125 1831
14114.2529296875 2354
14115.23046875 2528
14135.533203125 2679
14153.3935546875 2712
14160.3330078125 2747
14164.326171875 2809
14190.6669921875 2821
14195.615234375 2842
14202.06640625 2860
14210.796875 2906
14235.0634765625 2994
14236.0546875 186
14254.7275390625 223
14279.8359375 1594
14302.984375 410
14322.37109375 631
14349.76171875 132
14387.15625 2576
14394.8837890625 1282
14411.9169921875 488
14414.8203125 869
14430.3173828125 2059
14470.775390625 787
14474.3291015625 904
14480.505859375 137
14486.6162109375 275
14487.802734375 328
14489.236328125 333
14503.9990234375 392
14523.064453125 407
14567.814453125 489
14581.728515625 680
14589.2431640625 1022
14592.4248046875 1290
14597.501953125 1358
14597.501953125 1607
14604.849609375 1653
14609.587890625 2024
14613.8603515625 2184
14615.1416015625 2221
14621.0224609375 2394
14636.314453125 2427
14638.0 2517
14650.369140625 2655
14666.9609375 2704
14681.6943359375 2900
14703.150390625 2946
14715.9609375 459
14716.025390625 1408
14720.2421875 1339
14725.876953125 22
14725.876953125 45
14741.9921875 300
14754.853515625 812
14763.4892578125 922
14787.7197265625 947
14792.609375 975
14823.166015625 1001
14828.916015625 1095
14833.830078125 1275
14840.44921875 1664
14860.6875 1708
14864.14453125 1763
14872.90234375 1766
14873.6796875 1889
14885.6669921875 2077
14885.9306640625 2082
14886.79296875 2131
14894.310546875 2315
14923.912109375 2317
14941.3603515625 2409
14945.6015625 2608
14963.083984375 2616
14965.2978515625 2649
14966.05859375 2819
14969.677734375 2862
14971.7978515625 1164
14982.3291015625 2213
15005.365234375 1050
15005.484375 979
15037.931640625 1562
15043.21875 1597
15045.857421875 2334
15067.2021484375 587
15073.103515625 630
15075.66015625 777
15094.6376953125 1012
15101.169921875 1064
15108.9091796875 1082
15115.2978515625 1462
15118.5908203125 1501
15121.884765625 1654
15137.4609375 1800
15148.44140625 2656
15151.255859375 2884
15151.5546875 1416
15175.046875 1575
15190.96484375 2889
15200.44140625 445
15208.2255859375 30
15230.4619140625 2484
15263.84765625 38
15268.970703125 40
15273.05859375 76
15276.734375 77
15284.953125 108
15286.85546875 164
15322.615234375 211
15338.884765625 225
15348.45703125 376
15384.79296875 437
15399.2763671875 510
15407.1298828125 646
15439.83203125 671
15445.509765625 738
15446.4423828125 770
15448.24609375 1434
15475.837890625 1610
15486.78125 1662
15499.251953125 1709
15503.2255859375 1998
15512.095703125 2166
15549.7099609375 2220
15557.86328125 2238
15562.783203125 2255
15576.998046875 2345
15607.44921875 2510
15620.72265625 2581
15635.673828125 2607
15636.392578125 2807
15650.78125 1015
15656.1123046875 1984
15661.865234375 1258
15671.48046875 2555
15674.1103515625 1147
15676.197265625 865
15688.6650390625 939
15698.828125 1497
15700.69140625 2630
15701.123046875 2752
15716.380859375 457
15725.8046875 309
15726.78515625 316
15735.3330078125 483
15752.0234375 484
15757.060546875 633
15772.55078125 1026
15773.70703125 1036
15776.7080078125 1176
15820.4306640625 1423
15826.634765625 1485
15867.349609375 1590
15912.294921875 1702
15940.791015625 1759
15944.66015625 1818
15944.8408203125 1958
15953.44921875 1963
15966.486328125 1977
15971.4296875 2053
15974.119140625 2056
15976.9033203125 2125
15989.79296875 2304
15991.3076171875 2356
15991.9248046875 2477
15994.2001953125 2533
15998.6591796875 2732
15999.7109375 2948
16008.98046875 1601
16016.251953125 2256
16016.7607421875 2104
16027.966796875 284
16049.7431640625 182
16054.953125 916
16055.748046875 1667
16068.9169921875 1852
16074.9638671875 727
16086.283203125 2036
16118.9921875 2772
16141.68359375 130
16159.4501953125 219
16179.4609375 394
16190.12890625 405
16234.7490234375 634
16236.5087890625 856
16266.08203125 983
16330.0634765625 1117
16335.4697265625 1386
16337.994140625 1791
16343.798828125 1991
16380.6396484375 2060
16382.7451171875 2215
16424.384765625 2314
16432.138671875 2440
16432.673828125 2467
16443.705078125 2618
16490.140625 2648
16492.3515625 2694
16501.037109375 1772
16504.18359375 818
16507.4453125 2907
16517.001953125 660
16544.7109375 1168
16564.7890625 1145
16601.65234375 1476
16609.33203125 1618
16612.642578125 655
16613.6171875 1592
16615.34765625 2120
16616.619140625 2557
16631.55859375 112
16661.328125 350
16689.009765625 356
16694.3359375 448
16715.640625 1500
16722.1171875 1526
16756.1875 1587
16777.978515625 1881
16786.205078125 1943
16814.58984375 1962
16818.798828125 1995
16857.8046875 2075
16869.58984375 2118
16875.6328125 2309
16900.22265625 2418
16910.82421875 2516
16911.81640625 2588
16970.7734375 2605
17015.498046875 2623
17040.572265625 2937
17043.2265625 1005
17043.2265625 110
17058.068359375 2360
17059.078125 121
17064.96484375 1046
17073.783203125 298
17074.5234375 372
17076.16015625 492
17094.62109375 752
17097.02734375 838
17098.595703125 903
17123.69140625 1034
17152.53515625 1128
17200.951171875 1187
17216.033203125 1437
17218.9765625 1488
17227.833984375 1534
17234.53515625 1657
17246.873046875 1678
17254.88671875 1824
17289.455078125 1826
17306.4140625 1941
17331.765625 1997
17372.306640625 2318
17381.00390625 2327
17394.19921875 2362
17410.58203125 2404
17423.845703125 2453
17448.837890625 2458
17480.703125 2496
17499.73046875 2696
17553.740234375 2722
17583.17578125 2796
17593.900390625 2584
17600.232421875 2872
17621.26171875 2589
17647.322265625 2135
17649.572265625 1802
17671.58203125 1853
17686.0546875 1892
17698.212890625 1580
17710.2890625 25
17773.59765625 72
17804.662109375 343
17823.162109375 710
17826.73828125 755
17829.68359375 885
17843.404296875 1683
17888.53125 1776
17915.412109375 1972
17919.982421875 2047
17950.66015625 2138
17990.279296875 2185
18014.416015625 2344
18024.724609375 2545
18038.2890625 2573
18064.05078125 2855
18090.939453125 2159
18097.51953125 1067
18108.220703125 371
18115.380859375 243
18140.751953125 1301
18143.94140625 311
18186.421875 426
18198.32421875 648
18225.7109375 720
18230.90625 792
18232.533203125 940
18232.564453125 1006
18251.416015625 1032
18265.11328125 1160
18278.16015625 1189
18376.455078125 2183
18380.84765625 2190
18403.146484375 2301
18404.07421875 1459
18406.921875 1649
18423.98828125 353
18435.205078125 2706
18486.259765625 1511
18520.4453125 1778
18578.337890625 329
18586.037109375 731
18598.7734375 1400
18623.046875 2070
18650.564453125 1480
18669.8125 1714
18680.203125 249
18721.54296875 94
18722.8359375 2823
18732.9921875 471
18743.169921875 473
18751.091796875 747
18751.955078125 915
18753.251953125 921
18775.56640625 993
18791.560546875 1072
18824.18359375 1415
18826.779296875 1541
18888.708984375 1746
18918.6171875 1949
18920.380859375 2079
18928.59765625 2219
18939.798828125 2258
18948.546875 2413
18954.5703125 2628
18999.6484375 2828
19026.154296875 2903
19072.744140625 2996
19072.875 204
19076.541015625 1247
19081.0 1410
19098.60546875 1888
19129.75 1214
19147.443359375 1658
19182.49609375 2587
19189.23046875 380
19205.443359375 688
19215.90625 1761
19289.69140625 66
19359.818359375 127
19375.787109375 179
19397.078125 855
19542.421875 1198
19550.4921875 1250
19609.83203125 1507
19668.62890625 1558
19758.99609375 2007
19873.591796875 2092
19885.41015625 2231
20017.439453125 2384
20040.013671875 2457
20041.55078125 2544
20085.869140625 2717
20091.125 2774
20120.34375 2794
20139.595703125 2909
20172.48828125 972
20183.1640625 1138
20192.482421875 1442
20236.73828125 1137
20276.763671875 102
20392.546875 667
20392.853515625 1935
20430.787109375 2352
20443.447265625 2887
20556.83203125 427
20573.07421875 1533
20583.22265625 170
20583.22265625 262
20604.142578125 306
20644.068359375 596
20659.283203125 805
20687.474609375 849
20711.671875 850
20723.01953125 965
20729.892578125 976
20743.06640625 1058
20756.541015625 1403
20787.955078125 1645
20811.1796875 1999
20823.412109375 2292
20839.33203125 2392
20905.03515625 2403
20950.60546875 2497
20954.388671875 2524
20963.8359375 2601
20985.130859375 2652
20996.1484375 2657
21003.650390625 2761
21009.97265625 2839
21032.111328125 2939
21041.33203125 2984
21198.0390625 1027
21200.5625 622
21207.140625 417
21344.302734375 450
21361.796875 690
21441.43359375 969
21479.58203125 982
21518.775390625 1040
21532.34375 1078
21669.18359375 1083
21680.484375 1382
21702.576171875 1391
21817.70703125 1486
21826.359375 1503
21909.59375 1547
21998.373046875 1561
22083.333984375 1965
22085.708984375 2026
22093.8984375 2066
22100.689453125 2182
22134.794921875 2245
22134.794921875 2460
22148.0390625 2466
22162.8046875 2540
22182.630859375 2593
22219.19140625 2632
22226.880859375 2753
22258.1953125 2759
22268.796875 2793
22282.21875 2925
22346.146484375 2152
22376.0390625 762
22521.962890625 2757
22523.80859375 37
22578.87109375 1624
22605.5859375 1271
22668.357421875 2370
22743.53125 2895
22798.330078125 2411
22807.017578125 67
22855.185546875 150
22907.0859375 171
22944.126953125 195
22976.11328125 363
22997.443359375 522
23011.291015625 657
23086.89453125 701
23091.376953125 760
23185.62890625 811
23201.435546875 874
23240.62109375 875
23242.59765625 1002
23320.310546875 1007
23411.771484375 1023
23413.07421875 1356
23515.27734375 1378
23649.970703125 1489
23687.72265625 1629
23804.9296875 2721
23812.943359375 2032
23834.6171875 2259
23869.302734375 771
24118.205078125 1543
24118.626953125 2241
24165.5234375 1964
24198.5 1625
24204.625 2693
24251.333984375 222
24292.986328125 258
24309.38671875 281
24378.919921875 506
24431.67578125 582
24445.853515625 724
24493.6015625 879
24650.744140625 1003
24731.0703125 1171
24774.6171875 1182
24817.7265625 1588
24914.109375 1685
24957.908203125 1758
25091.880859375 2300
25236.708984375 2310
25282.27734375 2705
25324.20703125 2845
25376.736328125 2916
25425.53515625 1811
25449.0625 2701
25495.396484375 421
25520.2734375 1440
25560.46484375 2337
25657.2578125 2531
25801.34375 18
25832.82421875 29
25848.35546875 31
25861.8984375 104
25866.53515625 274
25947.755859375 321
26055.53515625 370
26081.83203125 375
26104.015625 562
26145.01171875 914
26199.3125 944
26210.4296875 1672
26268.34765625 1684
26270.92578125 1825
26414.666015625 1846
26469.91796875 1960
26663.76953125 1976
26717.75390625 2006
26803.1171875 2319
26883.728515625 2405
26888.732421875 2550
27036.421875 2606
27042.365234375 2768
27071.841796875 1081
27086.259765625 1780
27115.26171875 16
27389.166015625 28
27533.0859375 125
27630.52734375 212
27765.751953125 265
28220.771484375 295
28523.44921875 360
28598.4296875 364
28612.47265625 937
28649.69921875 1077
28682.96484375 1101
28972.1953125 1241
29137.71484375 1243
29447.1875 1307
29500.853515625 1343
29557.3359375 1404
29641.830078125 1418
29947.998046875 1585
29966.78125 1719
30029.0625 1822
30443.9453125 2009
30461.5234375 2164
31048.771484375 2214
31945.95703125 2250
32235.91796875 2263
33444.8359375 2342
33522.125 2359
34890.96484375 2547
