7311.1123046875 2152
7432.34716796875 762
7538.02783203125 2757
7730.7890625 37
8024.47021484375 1624
8029.595703125 1271
8123.79296875 2370
8132.56298828125 2895
8153.2373046875 2411
8195.70703125 67
8406.986328125 150
8411.021484375 171
8499.39453125 195
8531.3603515625 363
8541.74609375 522
8556.5908203125 657
8648.0986328125 701
8741.8955078125 760
8776.4931640625 811
8795.306640625 874
8797.3837890625 875
8800.2578125 1002
8840.1630859375 1007
8867.7646484375 1023
8881.7890625 1356
8917.6923828125 1378
8919.609375 1489
8932.2197265625 1629
8937.111328125 2721
8951.8984375 1446
8962.13671875 87
8976.7939453125 251
9010.041015625 527
9013.6435546875 529
9023.9990234375 625
9034.17578125 641
9046.56640625 693
9058.701171875 873
9059.142578125 881
9079.728515625 928
9084.3740234375 1133
9101.056640625 1283
9111.3037109375 1318
9113.53125 1346
9146.02734375 1417
9180.001953125 1720
9236.349609375 1987
9243.015625 2226
9298.767578125 2296
9343.54296875 2515
9435.0009765625 2572
9437.90234375 2669
9456.2646484375 2728
9458.228515625 2734
9464.3271484375 2746
9466.5634765625 2852
9471.2998046875 2866
9485.2724609375 2915
9492.7666015625 2949
9497.16015625 377
9575.4755859375 2281
9595.2412109375 160
9603.138671875 1
9604.166015625 425
9608.15625 446
9624.205078125 800
9654.396484375 918
9680.7998046875 953
9706.0166015625 985
9714.8828125 986
9722.8203125 1008
9730.4423828125 1043
9731.5205078125 1270
9748.8095703125 1317
9750.1611328125 1435
9771.2236328125 1548
9791.0029296875 1606
9812.0390625 1661
9818.8740234375 1712
9824.0 2010
9831.5771484375 2088
9835.7607421875 2365
9841.7470703125 2410
9842.33984375 2414
9850.8154296875 2482
9871.9267578125 2560
9876.90234375 2781
9887.548828125 2820
9895.1123046875 997
9915.60546875 1781
9921.4453125 81
9932.7900390625 229
9933.81640625 440
9952.076171875 548
9962.6943359375 611
9973.162109375 826
9978.4599609375 834
9995.85546875 848
9999.4912109375 871
10042.138671875 893
10069.2373046875 1231
10070.4248046875 1256
10082.1748046875 1315
10082.259765625 1458
10122.3125 1550
10122.7392578125 1671
10141.5478515625 1711
10148.5654296875 1815
10173.0595703125 1893
10179.9267578125 2312
10208.927734375 2324
10215.666015625 2385
10248.9345703125 2447
10249.388671875 2562
10255.0947265625 2610
10261.2666015625 2622
10280.9716796875 2853
10285.6337890625 2924
10287.7490234375 2927
10291.27734375 2239
10300.8466796875 1362
10353.2685546875 1926
10353.455078125 2997
10354.123046875 254
10358.1416015625 388
10362.0322265625 465
10374.3515625 498
10385.86328125 520
10391.6845703125 962
10395.6630859375 981
10404.1865234375 1156
10429.9453125 1652
10444.4287109375 2205
10460.1796875 2339
10474.0791015625 2417
10478.3916015625 2494
10481.7353515625 2687
10482.5478515625 1122
10490.5185546875 1670
10490.5888671875 264
10494.802734375 2173
10495.759765625 1646
10510.8515625 2396
10519.880859375 49
10529.7978515625 189
10539.84375 261
10559.8271484375 263
10578.4296875 430
10590.3291015625 831
10605.9892578125 899
10608.794921875 1123
10655.8017578125 1169
10666.705078125 1350
10666.8271484375 1405
10683.19140625 1512
10698.3984375 1750
10710.365234375 1769
10720.4208984375 1908
10721.63671875 1966
10742.7421875 1982
10750.181640625 1993
10750.541015625 2094
10752.955078125 2126
10755.7890625 2141
10758.517578125 2171
10760.8125 2174
10761.8564453125 2177
10776.802734375 2237
10778.3671875 2367
10804.0166015625 2536
10809.1337890625 2542
10810.10546875 2582
10833.2216796875 2675
10833.2958984375 2703
10837.173828125 1873
10838.58984375 2107
10842.173828125 1281
10846.90625 455
10850.76953125 470
10867.419921875 902
10878.599609375 926
10879.3193359375 967
10906.6171875 1104
10909.25 1225
10929.5556640625 1286
10948.3974609375 1506
10969.158203125 1516
10970.7861328125 1599
10984.3896484375 1779
10998.0029296875 1848
11000.83984375 1867
11019.7890625 1883
11026.017578125 2063
11027.1962890625 2210
11036.353515625 2246
11046.4892578125 2285
11048.19921875 2361
11074.2275390625 2686
11074.59375 2700
11082.99609375 88
11088.58203125 586
11092.6669921875 136
11110.1279296875 1471
11121.7333984375 226
11127.279296875 296
11138.2099609375 1197
11142.7548828125 1666
11144.1787109375 2511
11153.0625 101
11173.736328125 215
11176.3525390625 549
11193.9912109375 550
11211.4091796875 573
11233.1435546875 1136
11237.6982421875 1199
11252.546875 1530
11255.08984375 1581
11257.220703125 1640
11259.4453125 1688
11259.849609375 1968
11264.720703125 2526
11276.0146484375 2571
11283.1396484375 2983
11299.138671875 1787
11308.86328125 602
11315.142578125 1146
11318.833984375 253
11321.5830078125 342
11322.40625 843
11324.9267578125 1233
11327.435546875 1335
11336.6220703125 1394
11345.490234375 1737
11350.3720703125 1784
11354.3291015625 1950
11382.224609375 2025
11385.1962890625 2473
11397.578125 2518
11399.703125 999
11399.705078125 1056
11419.7021484375 1900
11425.0908203125 1304
11430.8232421875 1326
11441.5537109375 2967
11475.1201171875 1329
11478.708984375 50
11480.041015625 318
11483.712890625 389
11484.3154296875 478
11485.2177734375 491
11496.0224609375 580
11498.427734375 599
11501.056640625 890
11503.9033203125 896
11514.8193359375 909
11521.853515625 919
11522.0830078125 995
11534.0712890625 1273
11537.466796875 1342
11540.5712890625 1430
11564.232421875 1495
11575.7939453125 1568
11586.3310546875 1583
11586.55078125 1764
11604.251953125 1774
11606.166015625 2065
11607.4375 2117
11611.0693359375 2181
11611.333984375 2268
11630.0791015625 2465
11630.400390625 2664
11640.41015625 2760
11653.603515625 2764
11653.9150390625 2938
11661.8427734375 2943
11684.7705078125 1860
11688.5771484375 2880
11693.5263671875 1333
11699.7275390625 2631
11701.302734375 146
11716.416015625 1538
11719.0849609375 21
11719.5166015625 34
11721.0166015625 200
11722.5498046875 288
11736.0859375 336
11745.791015625 385
11749.95703125 517
11751.3623046875 546
11751.5693359375 609
11779.19921875 614
11816.615234375 683
11831.302734375 686
11833.728515625 769
11848.6142578125 1097
11860.1875 1221
11879.4228515625 1322
11880.2060546875 1359
11881.55078125 1376
11898.18359375 1686
11908.234375 1854
11924.189453125 2513
11930.619140625 2553
11936.5 2650
11938.9912109375 2672
11939.701171875 2911
11939.701171875 78
11961.259765625 2713
11961.3662109375 2800
11964.3642578125 2651
11973.826171875 2970
11975.1171875 1045
11981.087890625 1068
11989.7138671875 2078
12000.7646484375 884
12001.9599609375 886
12003.2080078125 1028
12011.9423828125 1845
12033.71875 1932
12041.8359375 2489
12043.412109375 90
12057.0615234375 153
12057.6796875 240
12066.0380859375 256
12069.5849609375 531
12069.7353515625 644
12070.16796875 706
12081.3916015625 775
12082.5908203125 1163
12084.751953125 1483
12094.6318359375 2114
12095.7236328125 2379
12099.1455078125 2424
12124.58984375 2433
12150.1748046875 2435
12159.4150390625 2442
12168.1669921875 2683
12172.4580078125 2811
12176.1376953125 2176
12176.1640625 169
12177.052734375 2207
12184.3955078125 1144
12185.7587890625 2180
12208.15234375 73
12219.564453125 663
12224.9404296875 677
12226.212890625 756
12228.7490234375 925
12228.9462890625 927
12234.982421875 946
12235.0625 996
12240.5546875 1141
12265.408203125 1202
12267.962890625 1251
12276.708984375 1457
12287.2080078125 1502
12289.119140625 1591
12304.236328125 1733
12314.03515625 1735
12317.83203125 1919
12321.48828125 1933
12326.1220703125 1955
12327.05078125 2002
12341.9921875 2335
12346.296875 2341
12359.4287109375 2565
12402.85546875 2695
12422.3076171875 2763
12431.5341796875 2840
12452.728515625 2422
12465.126953125 1020
12480.548828125 640
12511.1923828125 59
12549.2587890625 177
12552.8271484375 191
12559.2490234375 575
12605.3701171875 687
12606.4033203125 934
12618.5234375 1119
12632.0625 1529
12641.556640625 1697
12646.2265625 1810
12647.7841796875 1831
12648.2548828125 2354
12653.6845703125 2528
12655.88671875 2679
12656.99609375 2712
12669.6044921875 2747
12683.8271484375 2809
12732.0810546875 2821
12746.9755859375 2842
12749.236328125 2860
12757.4130859375 2906
12768.845703125 2994
12779.6357421875 186
12800.66796875 223
12824.3037109375 1594
12830.9609375 410
12863.8271484375 631
12876.1064453125 132
12884.380859375 2576
12884.994140625 1282
12899.3603515625 488
12907.81640625 869
12920.8994140625 2059
12943.5615234375 787
12944.4970703125 904
12948.6240234375 137
12955.0283203125 275
12957.41796875 328
12960.7119140625 333
12963.7744140625 392
12980.5732421875 407
13000.837890625 489
13001.728515625 680
13002.8154296875 1022
13005.2392578125 1290
13016.6484375 1358
13020.404296875 1607
13026.3388671875 1653
13028.7109375 2024
13029.6650390625 2184
13042.34375 2221
13056.82421875 2394
13066.8349609375 2427
13072.63671875 2517
13074.4384765625 2655
13084.5703125 2704
13092.2509765625 2900
13099.6220703125 2946
13107.833984375 459
13110.75390625 1408
13112.7265625 1339
13136.1650390625 22
13142.4921875 45
13148.78515625 300
13149.70703125 812
13184.16015625 922
13195.796875 947
13197.623046875 975
13215.1142578125 1001
13228.298828125 1095
13256.529296875 1275
13256.701171875 1664
13298.6943359375 1708
13304.091796875 1763
13304.3251953125 1766
13316.2587890625 1889
13328.775390625 2077
13329.7431640625 2082
13330.1298828125 2131
13353.7431640625 2315
13365.0732421875 2317
13369.1748046875 2409
13372.7744140625 2608
13392.8515625 2616
13405.3037109375 2649
13411.47265625 2819
13412.396484375 2862
13418.2822265625 1164
13425.0 2213
13427.04296875 1050
13427.04296875 979
13429.58203125 1562
13435.90234375 1597
13443.0615234375 2334
13447.037109375 587
13454.033203125 630
13460.12890625 777
13493.9794921875 1012
13502.6826171875 1064
13509.306640625 1082
13523.8486328125 1462
13529.1806640625 1501
13541.568359375 1654
13563.7783203125 1800
13569.5517578125 2656
13574.44140625 2884
13579.435546875 1416
13601.33203125 1575
13617.9375 2889
13634.3740234375 445
13639.0625 30
13644.6123046875 2484
13647.8154296875 38
13648.4208984375 40
13649.3984375 76
13683.2373046875 77
13683.8955078125 108
13691.6103515625 164
13693.6943359375 211
13718.068359375 225
13727.5048828125 376
13730.509765625 437
13730.7626953125 510
13734.755859375 646
13748.666015625 671
13765.3603515625 738
13781.5732421875 770
13786.337890625 1434
13794.6337890625 1610
13798.35546875 1662
13803.00390625 1709
13808.212890625 1998
13808.7734375 2166
13823.4111328125 2220
13838.458984375 2238
13841.591796875 2255
13842.205078125 2345
13854.822265625 2510
13901.25390625 2581
13920.76171875 2607
13928.775390625 2807
13934.939453125 1015
13944.615234375 1984
13945.5517578125 1258
13952.9306640625 2555
13957.8271484375 1147
13959.419921875 865
13965.365234375 939
13967.1318359375 1497
13967.40625 2630
13971.796875 2752
14007.1337890625 457
14025.873046875 309
14041.6513671875 316
14046.9736328125 483
14048.041015625 484
14049.26171875 633
14050.0947265625 1026
14059.0380859375 1036
14093.134765625 1176
14100.955078125 1423
14103.9501953125 1485
14109.83203125 1590
14124.3505859375 1702
14139.548828125 1759
14144.314453125 1818
14149.546875 1958
14153.9013671875 1963
14160.7509765625 1977
14180.3515625 2053
14184.8251953125 2056
14197.49609375 2125
14221.205078125 2304
14225.849609375 2356
14246.908203125 2477
14267.654296875 2533
14267.9677734375 2732
14272.435546875 2948
14278.185546875 1601
14278.9990234375 2256
14285.98828125 2104
14300.064453125 284
14305.4775390625 182
14306.5654296875 916
14313.2734375 1667
14321.9326171875 1852
14371.974609375 727
14379.1787109375 2036
14400.2109375 2772
14412.6318359375 130
14417.083984375 219
14419.60546875 394
14422.90625 405
14433.23828125 634
14440.4951171875 856
14442.96484375 983
14457.8486328125 1117
14473.3369140625 1386
14482.6796875 1791
14484.3212890625 1991
14494.4365234375 2060
14511.3466796875 2215
14516.7451171875 2314
14518.5556640625 2440
14527.0595703125 2467
14537.109375 2618
14541.7412109375 2648
14542.765625 2694
14551.9677734375 1772
14561.9912109375 818
14569.0146484375 2907
14583.37890625 660
14610.650390625 1168
14620.6650390625 1145
14642.01953125 1476
14668.08984375 1618
14687.9189453125 655
14690.296875 1592
14694.0654296875 2120
14707.6103515625 2557
14715.5498046875 112
14721.0537109375 350
14725.0576171875 356
14733.1396484375 448
14739.337890625 1500
14755.552734375 1526
14758.650390625 1587
14793.95703125 1881
14804.6240234375 1943
14812.8203125 1962
14815.490234375 1995
14849.1494140625 2075
14867.0185546875 2118
14878.5322265625 2309
14885.3857421875 2418
14893.0341796875 2516
14893.0341796875 2588
14903.0224609375 2605
14907.83203125 2623
14932.9580078125 2937
14946.62890625 1005
14955.0869140625 110
14968.650390625 2360
14996.1767578125 121
15003.8955078125 1046
15014.775390625 298
15014.8017578125 372
15018.5400390625 492
15049.431640625 752
15058.482421875 838
15063.248046875 903
15074.0166015625 1034
15085.7041015625 1128
15097.5478515625 1187
15108.46484375 1437
15118.6279296875 1488
15161.3974609375 1534
15178.58984375 1657
15190.4111328125 1678
15250.9423828125 1824
15273.939453125 1826
15285.7373046875 1941
15293.8115234375 1997
15298.4365234375 2318
15351.19921875 2327
15352.341796875 2362
15395.08203125 2404
15399.650390625 2453
15416.689453125 2458
15416.765625 2496
15420.609375 2696
15422.4306640625 2722
15434.947265625 2796
15441.140625 2584
15445.642578125 2872
15450.763671875 2589
15451.0068359375 2135
15456.046875 1802
15467.0869140625 1853
15472.291015625 1892
15473.724609375 1580
15485.2080078125 25
15492.302734375 72
15504.01171875 343
15506.919921875 710
15506.919921875 755
15515.4306640625 885
15527.021484375 1683
15535.328125 1776
15558.595703125 1972
15560.466796875 2047
15584.6240234375 2138
15649.7890625 2185
15661.3173828125 2344
15665.4619140625 2545
15712.595703125 2573
15726.3115234375 2855
15735.228515625 2159
15747.3720703125 1067
15749.578125 371
15750.5986328125 243
15795.689453125 1301
15811.427734375 311
15852.0322265625 426
15862.5166015625 648
15895.7744140625 720
15903.9169921875 792
15913.0576171875 940
15935.4375 1006
15947.3837890625 1032
15970.3076171875 1160
15980.6259765625 1189
15999.0859375 2183
16010.400390625 2190
16016.685546875 2301
16022.55078125 1459
16041.28125 1649
16053.9794921875 353
16059.0673828125 2706
16084.3427734375 1511
16090.55859375 1778
16100.755859375 329
16121.0400390625 731
16158.36328125 1400
16199.21875 2070
16228.5615234375 1480
16230.337890625 1714
16256.478515625 249
16274.6044921875 94
16296.548828125 2823
16299.072265625 471
16304.005859375 473
16306.703125 747
16314.51171875 915
16317.6064453125 921
16328.5625 993
16332.8603515625 1072
16333.466796875 1415
16375.9443359375 1541
16438.09765625 1746
16451.93359375 1949
16492.76171875 2079
16498.939453125 2219
16501.916015625 2258
16511.3671875 2413
16524.37890625 2628
16557.26953125 2828
16559.123046875 2903
16566.67578125 2996
16576.625 204
16587.515625 1247
16625.841796875 1410
16632.642578125 1888
16652.5 1214
16663.205078125 1658
16732.2265625 2587
16741.65234375 380
16763.3984375 688
16775.744140625 1761
16862.328125 66
16870.505859375 127
16879.732421875 179
16923.439453125 855
16950.734375 1198
16956.150390625 1250
16961.720703125 1507
16975.93359375 1558
16981.84765625 2007
17012.7109375 2092
17023.38671875 2231
17049.80078125 2384
17050.47265625 2457
17070.703125 2544
17091.150390625 2717
17174.4765625 2774
17184.654296875 2794
17208.87890625 2909
17208.87890625 972
17208.94921875 1138
17225.818359375 1442
17228.458984375 1137
17238.091796875 102
17281.890625 667
17321.478515625 1935
17415.2421875 2352
17427.361328125 2887
17461.51171875 427
17519.189453125 1533
17527.541015625 170
17555.828125 262
17566.896484375 306
17602.33203125 596
17634.66796875 805
17636.75 849
17645.994140625 850
17660.62890625 965
17681.53515625 976
17737.591796875 1058
17746.298828125 1403
17751.869140625 1645
17752.62890625 1999
17801.943359375 2292
17801.943359375 2392
17876.646484375 2403
17884.58203125 2497
17902.45703125 2524
17993.25 2601
18018.556640625 2652
18051.435546875 2657
18054.0078125 2761
18093.201171875 2839
18095.23046875 2939
18144.935546875 2984
18172.751953125 1027
18188.8125 622
18204.80859375 417
18261.91015625 450
18287.037109375 690
18306.857421875 969
18377.234375 982
18378.56640625 1040
18380.85546875 1078
18419.8828125 1083
18479.318359375 1382
18598.990234375 1391
18638.453125 1486
18639.2734375 1503
18746.564453125 1547
18751.939453125 1561
18775.806640625 1965
18780.880859375 2026
18787.486328125 2066
18803.599609375 2182
18834.75 2245
18839.552734375 2460
18844.787109375 2466
18905.650390625 2540
18914.64453125 2593
18956.88671875 2632
18965.4140625 2753
19027.802734375 2759
19049.1171875 2793
19069.275390625 2925
19095.2890625 2032
19153.576171875 2259
19158.330078125 771
19162.509765625 1543
19168.6953125 2241
19265.095703125 1964
19302.67578125 1625
19320.939453125 2693
19350.1875 222
19435.806640625 258
19474.9921875 281
19494.46875 506
19498.765625 582
19516.720703125 724
19562.638671875 879
19586.21875 1003
19596.7578125 1171
19667.48046875 1182
19728.896484375 1588
19871.1328125 1685
19892.0625 1758
19987.50390625 2300
19993.34375 2310
20051.994140625 2705
20062.70703125 2845
20071.08203125 2916
20118.78125 1811
20131.400390625 2701
20144.1953125 421
20145.111328125 1440
20152.255859375 2337
20213.330078125 2531
20345.921875 18
20473.275390625 29
20509.447265625 31
20519.70703125 104
20604.6171875 274
20676.076171875 321
20717.638671875 370
20747.22265625 375
20769.234375 562
20792.189453125 914
20794.87890625 944
20896.427734375 1672
20925.955078125 1684
21082.337890625 1825
21103.140625 1846
21131.318359375 1960
21225.369140625 1976
21230.3671875 2006
21385.478515625 2319
21408.640625 2405
21455.779296875 2550
21480.41796875 2606
21533.3515625 2768
21660.21875 1081
21774.58984375 1780
21920.158203125 16
22080.552734375 28
22489.205078125 125
22521.154296875 212
22876.29296875 265
22967.72265625 295
23078.755859375 360
23243.171875 364
23393.72265625 937
23530.396484375 1077
23645.20703125 1101
23655.736328125 1241
23695.98828125 1243
23812.197265625 1307
24083.5234375 1343
24109.283203125 1404
24507.703125 1418
24641.65625 1585
25131.765625 1719
25142.4140625 1822
25411.71484375 2009
25840.02734375 2164
26544.359375 2214
26685.23828125 2250
27646.22265625 2263
28481.296875 2342
28690.267578125 2359
28779.0625 2547
