1574.255615234375 1811
1771.766845703125 2701
1779.1015625 421
1826.072021484375 1440
1840.0286865234375 2337
1957.9461669921875 2531
1992.692138671875 18
2095.623291015625 29
2257.3359375 31
2276.4306640625 104
2429.493408203125 274
2515.473388671875 321
2767.55712890625 370
2852.568359375 375
2980.900390625 562
3198.10400390625 914
3300.822265625 944
3387.06298828125 1672
3566.412109375 1684
3599.230224609375 1825
3859.6328125 1846
3905.14111328125 1960
4083.650146484375 1976
4250.427734375 2006
4646.04296875 2319
4668.26220703125 2405
4743.87255859375 2550
4757.69287109375 2606
4827.0400390625 2768
4958.49365234375 1446
5188.333984375 87
5280.7958984375 251
5429.810546875 527
5454.74169921875 529
5530.1865234375 625
5567.8173828125 641
5937.59765625 693
5988.83544921875 873
6011.1962890625 881
6025.19921875 928
6111.59130859375 1133
6256.986328125 1283
6336.43603515625 1318
6345.1171875 1346
6447.81640625 1417
6636.0556640625 1720
6653.908203125 1987
6764.47119140625 2226
6786.43896484375 2296
6803.19140625 2515
6811.66259765625 2572
6841.39111328125 2669
7475.15234375 2728
7652.673828125 2734
7672.53369140625 2746
7710.998046875 2852
7954.5166015625 2866
7989.142578125 2915
8113.41064453125 2949
8120.27001953125 377
8121.953125 2281
8224.1435546875 160
8227.1318359375 1
8230.064453125 425
8381.26171875 446
8444.8818359375 800
8490.279296875 918
8505.9609375 953
8510.505859375 985
8604.03515625 986
8608.78125 1008
8759.4189453125 1043
9031.33203125 1270
9204.8740234375 1317
9251.69921875 1435
9308.4375 1548
9442.92578125 1606
9455.255859375 1661
9579.390625 1712
9594.8330078125 2010
9602.8515625 2088
9862.0380859375 2365
9936.50390625 2410
10003.4716796875 2414
10038.46484375 2482
10049.9873046875 2560
10168.169921875 2781
10253.21875 2820
10257.3994140625 997
10394.5478515625 1781
10428.0712890625 81
10509.0751953125 229
10519.5224609375 440
10601.40625 548
10652.412109375 611
10893.91015625 826
11155.0458984375 834
11278.0546875 848
11307.18359375 871
11453.9921875 893
11570.8388671875 1231
11582.3564453125 1256
11637.8525390625 1315
11768.1796875 1458
11800.580078125 1550
11814.6484375 1671
11847.181640625 1711
11957.220703125 1815
11979.640625 1893
12076.2373046875 2312
12092.6435546875 2324
12170.056640625 2385
12215.326171875 2447
12246.87109375 2562
12312.095703125 2610
12393.416015625 2622
12513.447265625 2853
12701.0185546875 2924
12790.568359375 2927
12883.8828125 2239
12973.8623046875 1362
13055.353515625 1926
13061.9482421875 2997
13064.2978515625 254
13200.8505859375 388
13360.6396484375 465
13386.19140625 498
13567.666015625 520
13578.7421875 962
13631.8623046875 981
13654.6884765625 1156
13677.927734375 1652
13697.1181640625 2205
13734.4765625 2339
13761.150390625 2417
13792.947265625 2494
13807.7744140625 2687
13849.408203125 1122
13950.0869140625 1670
14032.240234375 264
14140.1826171875 2173
14159.501953125 1646
14197.5029296875 2396
14198.6064453125 49
14205.9033203125 189
14326.892578125 261
14377.931640625 263
14392.83984375 430
14466.45703125 831
14499.0771484375 899
14518.25 1123
14587.83984375 1169
14602.31640625 1350
14614.5634765625 1405
14643.4951171875 1512
14720.5341796875 1750
14730.5966796875 1769
14750.1611328125 1908
14810.7783203125 1966
14849.09765625 1982
14871.015625 1993
14876.138671875 2094
14939.8662109375 2126
15080.42578125 2141
15158.30859375 2171
15177.966796875 2174
15186.8994140625 2177
15192.9951171875 2237
15213.3837890625 2367
15246.0654296875 2536
15349.8828125 2542
15462.8173828125 2582
15543.888671875 2675
15570.5419921875 2703
15662.548828125 1873
15675.54296875 2107
15717.08984375 1281
15741.8740234375 455
15748.1298828125 470
15748.376953125 902
15764.4326171875 926
15773.8232421875 967
15804.111328125 1104
15871.2314453125 1225
15887.103515625 1286
15901.9501953125 1506
15943.2861328125 1516
16013.1865234375 1599
16022.5859375 1779
16033.0791015625 1848
16065.8681640625 1867
16073.21484375 1883
16094.1845703125 2063
16125.91015625 2210
16165.5341796875 2246
16171.693359375 2285
16201.275390625 2361
16208.01953125 2686
16217.40234375 2700
16283.779296875 88
16328.248046875 586
16381.48046875 136
16625.892578125 1471
16634.90234375 226
16681.390625 296
16702.86328125 1197
16707.115234375 1666
16715.0859375 2511
16720.123046875 101
16775.140625 215
16781.2265625 549
16869.376953125 550
16889.072265625 573
16963.85546875 1136
17098.328125 1199
17099.06640625 1530
17125.32421875 1581
17150.759765625 1640
17188.544921875 1688
17261.685546875 1968
17308.3984375 2526
17340.421875 2571
17341.318359375 2983
17354.595703125 1787
17434.916015625 602
17463.017578125 1146
17471.076171875 253
17580.705078125 342
17658.388671875 843
17685.2734375 1233
17705.158203125 1335
17843.134765625 1394
17873.65625 1737
17887.068359375 1784
17898.126953125 1950
17900.8203125 2025
17901.341796875 2473
17904.1328125 2518
17919.36328125 999
17927.765625 1056
17946.09765625 1900
18037.376953125 1304
18046.51171875 1326
18119.16796875 2967
18125.9296875 1329
18157.345703125 50
18177.65625 318
18198.638671875 389
18305.02734375 478
18321.189453125 491
18323.859375 580
18343.630859375 599
18361.447265625 890
18370.921875 896
18370.921875 909
18390.353515625 919
18390.498046875 995
18406.66796875 1273
18459.126953125 1342
18459.53515625 1430
18466.77734375 1495
18466.9921875 1568
18485.3125 1583
18535.123046875 1764
18549.6328125 1774
18601.125 2065
18612.236328125 2117
18628.015625 2181
18628.234375 2268
18647.140625 2465
18652.666015625 2664
18653.78515625 2760
18703.88671875 2764
18762.4453125 2938
18771.28125 2943
18870.97265625 1860
18894.2109375 2880
18896.470703125 1333
18898.197265625 2631
18908.888671875 146
18924.041015625 1538
19059.498046875 21
19066.734375 34
19075.09375 200
19078.45703125 288
19093.119140625 336
19093.619140625 385
19138.19140625 517
19168.6484375 546
19195.095703125 609
19197.19921875 614
19217.365234375 683
19224.62109375 686
19231.814453125 769
19232.25 1097
19317.28125 1221
19345.89453125 1322
19361.236328125 1359
19429.556640625 1376
19432.66015625 1686
19436.919921875 1854
19447.65234375 2513
19457.9609375 2553
19462.287109375 2650
19465.69140625 2672
19471.64453125 2911
19496.84375 78
19556.0390625 2713
19576.162109375 2800
19595.951171875 2651
19648.3515625 2970
19659.771484375 1045
19705.39453125 1068
19710.9453125 2078
19711.404296875 884
19713.310546875 886
19790.791015625 1028
19812.681640625 1845
19818.791015625 1932
19844.732421875 2489
19846.310546875 90
19855.24609375 153
19896.859375 240
19897.564453125 256
19940.552734375 531
19978.884765625 644
19987.77734375 706
20047.40625 775
20053.880859375 1163
20076.1640625 1483
20076.201171875 2114
20105.931640625 2379
20143.63671875 2424
20188.0390625 2433
20221.958984375 2435
20223.328125 2442
20227.8515625 2683
20256.982421875 2811
20258.97265625 2176
20264.52734375 169
20288.568359375 2207
20341.455078125 1144
20342.30859375 2180
20359.84765625 73
20378.40625 663
20409.052734375 677
20455.025390625 756
20466.658203125 925
20479.4921875 927
20483.208984375 946
20501.001953125 996
20511.6875 1141
20514.71484375 1202
20520.822265625 1251
20565.57421875 1457
20581.142578125 1502
20602.41015625 1591
20621.421875 1733
20631.787109375 1735
20682.75390625 1919
20694.88671875 1933
20701.76171875 1955
20716.046875 2002
20743.650390625 2335
20763.826171875 2341
20780.544921875 2565
20784.955078125 2695
20791.365234375 2763
20810.91796875 2840
20819.7734375 2422
20831.837890625 1020
20958.75 640
20960.59375 59
20975.2734375 177
20993.94140625 191
21029.06640625 575
21050.900390625 687
21104.16015625 934
21135.228515625 1119
21141.0703125 1529
21159.357421875 1697
21172.837890625 1810
21175.03125 1831
21175.916015625 2354
21191.072265625 2528
21209.384765625 2679
21225.341796875 2712
21267.73046875 2747
21275.125 2809
21322.423828125 2821
21386.876953125 2842
21409.654296875 2860
21450.150390625 2906
21463.923828125 2994
21476.6796875 186
21481.853515625 223
21489.8515625 1594
21492.806640625 410
21534.654296875 631
21552.4375 132
21552.6015625 2576
21571.685546875 1282
21581.732421875 488
21594.279296875 869
21605.462890625 2059
21617.396484375 787
21626.634765625 904
21692.076171875 137
21710.8046875 275
21743.19921875 328
21751.17578125 333
21773.9453125 392
21788.375 407
21813.6796875 489
21839.2890625 680
21884.84765625 1022
21899.587890625 1290
21902.375 1358
21906.87109375 1607
21918.87109375 1653
21944.767578125 2024
21953.90625 2184
21972.501953125 2221
21977.859375 2394
21987.408203125 2427
21995.09375 2517
22055.775390625 2655
22074.13671875 2704
22093.609375 2900
22172.677734375 2946
22182.0859375 459
22217.115234375 1408
22238.853515625 1339
22246.458984375 22
22265.30859375 45
22276.71484375 300
22316.880859375 812
22322.650390625 922
22363.013671875 947
22403.16015625 975
22478.34375 1001
22529.31640625 1095
22556.17578125 1275
22571.724609375 1664
22597.900390625 1708
22600.205078125 1763
22613.884765625 1766
22617.15625 1889
22625.607421875 2077
22633.00390625 2082
22637.908203125 2131
22664.140625 2315
22679.59375 2317
22707.6171875 2409
22709.23046875 2608
22713.49609375 2616
22731.328125 2649
22758.328125 2819
22790.23828125 2862
22803.662109375 1164
22803.662109375 2213
22820.392578125 1050
22826.2890625 979
22863.2890625 1562
22882.63671875 1597
22935.52734375 2334
22937.916015625 587
22938.5625 630
23026.72265625 777
23063.998046875 1012
23073.58203125 1064
23086.453125 1082
23117.5625 1462
23119.091796875 1501
23159.5859375 1654
23200.81640625 1800
23215.86328125 2656
23223.513671875 2884
23253.04296875 1416
23269.416015625 1575
23274.314453125 2889
23279.443359375 445
23288.115234375 30
23302.65234375 2484
23327.390625 38
23344.498046875 40
23363.44140625 76
23377.716796875 77
23386.833984375 108
23388.08203125 164
23481.279296875 211
23492.150390625 225
23509.927734375 376
23510.626953125 437
23530.388671875 510
23573.16796875 646
23576.5078125 671
23593.978515625 738
23622.2578125 770
23632.5625 1434
23662.55078125 1610
23688.228515625 1662
23692.76171875 1709
23697.94921875 1998
23700.015625 2166
23721.3203125 2220
23723.14453125 2238
23730.25390625 2255
23743.30859375 2345
23753.2734375 2510
23753.9375 2581
23773.044921875 2607
23790.744140625 2807
23800.95703125 1015
23841.04296875 1984
23870.45703125 1258
23893.228515625 2555
23925.537109375 1147
23947.71875 865
23974.421875 939
23989.927734375 1497
24005.62890625 2630
24010.626953125 2752
24037.861328125 457
24040.1953125 309
24044.59375 316
24080.05078125 483
24084.119140625 484
24142.318359375 633
24143.125 1026
24153.275390625 1036
24166.716796875 1176
24168.435546875 1423
24180.162109375 1485
24199.0546875 1590
24233.900390625 1702
24285.880859375 1759
24306.283203125 1818
24308.123046875 1958
24343.97265625 1963
24360.6484375 1977
24372.626953125 2053
24383.767578125 2056
24390.20703125 2125
24392.6640625 2304
24401.998046875 2356
24423.47265625 2477
24450.650390625 2533
24454.9453125 2732
24468.28515625 2948
24557.2109375 1601
24557.9765625 2256
24569.921875 2104
24571.6953125 284
24578.33984375 182
24597.08203125 916
24609.48046875 1667
24610.12109375 1852
24677.849609375 727
24698.421875 2036
24698.421875 2772
24700.962890625 130
24712.287109375 219
24722.330078125 394
24744.37109375 405
24746.86328125 634
24774.33203125 856
24776.607421875 983
24780.80859375 1117
24793.984375 1386
24797.189453125 1791
24824.765625 1991
24827.876953125 2060
24843.12109375 2215
24843.78515625 2314
24846.029296875 2440
24846.931640625 2467
24856.970703125 2618
24860.625 2648
24870.03125 2694
24886.501953125 1772
24897.3515625 818
24899.9453125 2907
24965.3515625 660
24982.009765625 1168
24995.859375 1145
25017.0859375 1476
25027.95703125 1618
25052.81640625 655
25095.25 1592
25131.271484375 2120
25139.048828125 2557
25149.2421875 112
25159.103515625 350
25180.6640625 356
25190.802734375 448
25205.458984375 1500
25207.255859375 1526
25208.662109375 1587
25220.419921875 1881
25220.9140625 1943
25221.345703125 1962
25288.263671875 1995
25302.4453125 2075
25305.064453125 2118
25305.431640625 2309
25313.046875 2418
25313.326171875 2516
25334.861328125 2588
25342.78125 2605
25361.015625 2623
25366.54296875 2937
25388.99609375 1005
25392.982421875 110
25397.21484375 2360
25408.64453125 121
25414.443359375 1046
25441.396484375 298
25445.234375 372
25448.208984375 492
25450.8359375 752
25454.705078125 838
25455.08203125 903
25479.337890625 1034
25482.294921875 1128
25487.44921875 1187
25491.501953125 1437
25514.57421875 1488
25538.955078125 1534
25540.359375 1657
25556.0 1678
25575.17578125 1824
25575.17578125 1826
25575.17578125 1941
25594.53125 1997
25607.291015625 2318
25650.328125 2327
25657.091796875 2362
25658.787109375 2404
25664.474609375 2453
25666.705078125 2458
25681.525390625 2496
25697.67578125 2696
25707.810546875 2722
25727.525390625 2796
25743.931640625 2584
25753.701171875 2872
25782.6796875 2589
25785.103515625 2135
25917.396484375 1802
25931.681640625 1853
25940.86328125 1892
25954.091796875 1580
25994.279296875 25
26018.109375 72
26018.53125 343
26019.470703125 710
26040.111328125 755
26063.025390625 885
26069.00390625 1683
26070.75 1776
26092.57421875 1972
26124.94921875 2047
26132.1953125 2138
26190.580078125 2185
26196.36328125 2344
26197.88671875 2545
26215.990234375 2573
26219.169921875 2855
26252.19140625 2159
26277.15234375 1067
26307.8125 371
26331.36328125 243
26343.6640625 1301
26397.25390625 311
26416.40234375 426
26428.658203125 648
26450.77734375 720
26491.337890625 792
26514.103515625 940
26514.115234375 1006
26522.486328125 1032
26530.513671875 1160
26560.904296875 1189
26572.73046875 2183
26580.42578125 2190
26586.193359375 2301
26604.595703125 1459
26607.24609375 1649
26609.94921875 353
26620.591796875 2706
26623.142578125 1511
26629.20703125 1778
26653.7265625 329
26678.732421875 731
26685.998046875 1400
26726.34375 2070
26747.62890625 1480
26773.568359375 1714
26783.90234375 249
26783.90234375 94
26785.01953125 2823
26786.65625 471
26813.685546875 473
26820.29296875 747
26821.041015625 915
26850.154296875 921
26867.892578125 993
26888.01953125 1072
26908.2421875 1415
26923.66015625 1541
27007.69921875 1746
27023.755859375 1949
27089.173828125 2079
27096.2109375 2219
27129.453125 2258
27151.0 2413
27156.46875 2628
27190.26953125 2828
27193.939453125 2903
27207.501953125 2996
27241.416015625 204
27257.61328125 1247
27260.95703125 1410
27286.046875 1888
27303.22265625 1214
27333.5859375 1658
27339.00390625 2587
27387.919921875 380
27503.97265625 688
27557.904296875 1761
27567.73828125 66
27574.5390625 127
27593.05859375 179
27644.275390625 855
27671.111328125 1198
27713.904296875 1250
27718.638671875 1507
27722.6015625 1558
27729.75 2007
27795.5859375 2092
27798.56640625 2231
27805.900390625 2384
27829.76953125 2457
27956.01171875 2544
27972.724609375 2717
27978.03515625 2774
28006.17578125 2794
28029.89453125 2909
28068.267578125 972
28082.076171875 1138
28089.958984375 1442
28097.953125 1137
28140.69140625 102
28144.76171875 667
28153.03125 1935
28169.28515625 2352
28198.279296875 2887
28236.35546875 427
28254.296875 1533
28261.068359375 170
28264.609375 262
28284.841796875 306
28286.6796875 596
28315.19921875 805
28327.234375 849
28367.22265625 850
28402.0390625 965
28402.91796875 976
28452.650390625 1058
28486.763671875 1403
28487.294921875 1645
28495.478515625 1999
28609.04296875 2292
28624.994140625 2392
28652.654296875 2403
28698.287109375 2497
28722.203125 2524
28728.4296875 2601
28729.419921875 2652
28730.994140625 2657
28776.41796875 2761
28783.3359375 2839
28783.435546875 2939
28849.47265625 2984
28850.435546875 1027
28922.560546875 622
28983.4765625 417
28989.421875 450
29027.109375 690
29043.802734375 969
29049.541015625 982
29128.076171875 1040
29146.81640625 1078
29146.81640625 1083
29190.69140625 1382
29194.05859375 1391
29203.544921875 1486
29234.150390625 1503
29325.5078125 1547
29358.666015625 1561
29376.15234375 1965
29459.86328125 2026
29538.3828125 2066
29583.826171875 2182
29607.9375 2245
29654.8515625 2460
29693.16015625 2466
29703.205078125 2540
29704.78515625 2593
29767.4609375 2632
29803.015625 2753
29870.759765625 2759
30030.421875 2793
30034.205078125 2925
30035.3984375 2152
30035.744140625 762
30103.37109375 2757
30143.48046875 37
30274.63671875 1624
30278.9140625 1271
30361.900390625 2370
30395.712890625 2895
30544.333984375 2411
30560.814453125 67
30576.33203125 150
30697.626953125 171
30772.802734375 195
30844.900390625 363
30936.18359375 522
30975.4453125 657
30985.994140625 701
31031.525390625 760
31162.25390625 811
31271.947265625 874
31297.412109375 875
31358.037109375 1002
31358.037109375 1007
31400.615234375 1023
31416.625 1356
31578.126953125 1378
31590.25390625 1489
31600.67578125 1629
31765.16015625 2721
31782.060546875 2032
31820.658203125 2259
31932.80859375 771
31937.671875 1543
31941.69140625 2241
31962.16015625 1964
32036.169921875 1625
32157.521484375 2693
32224.623046875 222
32261.240234375 258
32352.728515625 281
32384.443359375 506
32399.732421875 582
32595.681640625 724
32740.212890625 879
32744.65625 1003
32811.00390625 1171
32813.96875 1182
32825.8828125 1588
32845.859375 1685
32860.09765625 1758
32910.69140625 2300
32961.125 2310
33033.9765625 2705
33095.3984375 2845
33190.3046875 2916
33403.45703125 1081
33467.609375 1780
33755.89453125 16
33977.64453125 28
34069.9765625 125
34099.39453125 212
34667.74609375 265
34712.484375 295
34771.62890625 360
35064.11328125 364
35174.390625 937
35361.60546875 1077
35559.1484375 1101
35667.19140625 1241
35749.890625 1243
35906.7421875 1307
36379.76953125 1343
36571.76171875 1404
36809.875 1418
36907.79296875 1585
37321.62109375 1719
38109.875 1822
38186.625 2009
38729.1015625 2164
38918.08203125 2214
39183.984375 2250
39533.16015625 2263
39601.13671875 2342
39896.76171875 2359
40580.86328125 2547
