7639.16748046875 1408
7690.1455078125 1339
7915.849609375 22
8219.9970703125 45
8438.630859375 300
8457.5927734375 812
8926.341796875 922
9167.7392578125 947
9273.630859375 975
9321.962890625 1001
9353.4052734375 1095
9435.76953125 1275
9438.18359375 1664
9594.6650390625 1708
9610.2109375 1763
9653.3203125 1766
9727.5234375 1889
9762.1474609375 2077
9866.564453125 2082
9929.0078125 2131
9933.4990234375 2315
9989.03515625 2317
10056.1796875 2409
10099.921875 2608
10107.1162109375 2616
10183.6298828125 2649
10183.6298828125 2819
10260.90234375 2862
10304.4931640625 1164
10311.87109375 2213
10370.9443359375 1446
10386.09765625 87
10424.7685546875 251
10431.03125 527
10486.525390625 529
10525.146484375 625
10601.92578125 641
10608.19140625 693
10625.1533203125 873
10639.99609375 881
10666.44921875 928
10696.8857421875 1133
10701.48828125 1283
10751.3115234375 1318
10756.087890625 1346
10825.5400390625 1417
10825.5400390625 1720
10877.3359375 1987
10903.1533203125 2226
10905.2529296875 2296
10970.2939453125 2515
10972.1748046875 2572
10986.2890625 2669
10989.15625 2728
11033.9765625 2734
11105.1845703125 2746
11145.283203125 2852
11168.94140625 2866
11202.1640625 2915
11207.8603515625 2949
11279.166015625 377
11304.30859375 2281
11310.046875 160
11346.025390625 1
11394.9365234375 425
11485.580078125 446
11503.376953125 800
11540.6923828125 918
11584.279296875 953
11588.021484375 985
11621.9365234375 986
11669.7568359375 1008
11706.7333984375 1043
11709.11328125 1270
11722.923828125 1317
11762.2763671875 1435
11835.646484375 1548
11881.119140625 1606
11912.0048828125 1661
11924.0537109375 1712
11927.8642578125 2010
11941.4375 2088
11978.9853515625 2365
12089.166015625 2410
12095.5849609375 2414
12110.861328125 2482
12113.814453125 2560
12162.177734375 2781
12203.509765625 2820
12204.9716796875 997
12231.373046875 1781
12244.0048828125 81
12282.751953125 229
12285.4521484375 440
12336.5732421875 548
12344.1171875 611
12369.3330078125 826
12381.95703125 834
12404.26171875 848
12425.9619140625 871
12436.865234375 893
12440.37109375 1231
12452.0048828125 1256
12469.1064453125 1315
12540.958984375 1458
12603.890625 1550
12612.396484375 1671
12617.935546875 1711
12647.97265625 1815
12665.4287109375 1893
12671.525390625 2312
12697.251953125 2324
12707.400390625 2385
12712.12109375 2447
12717.5029296875 2562
12719.837890625 2610
12746.3369140625 2622
12755.896484375 2853
12766.564453125 2924
12774.8291015625 2927
12781.01953125 2239
12806.208984375 1362
12812.419921875 1926
12830.8046875 2997
12849.7763671875 254
12881.705078125 388
12897.5947265625 465
12906.75390625 498
12926.8505859375 520
12940.919921875 962
12951.37109375 981
12981.544921875 1156
12999.3603515625 1652
13036.140625 2205
13051.01171875 2339
13053.75 2417
13061.73046875 2494
13066.99609375 2687
13093.296875 1122
13121.5625 1670
13126.001953125 264
13128.037109375 2173
13143.650390625 1646
13207.93359375 2396
13212.73828125 49
13248.9609375 189
13279.6484375 261
13287.412109375 263
13293.607421875 430
13293.9873046875 831
13294.4404296875 899
13301.83203125 1123
13305.96484375 1169
13341.9658203125 1350
13342.6796875 1405
13346.03125 1512
13350.36328125 1750
13353.10546875 1769
13359.2158203125 1908
13369.1279296875 1966
13404.8017578125 1982
13408.3193359375 1993
13425.7763671875 2094
13476.0107421875 2126
13534.5009765625 2141
13542.59375 2171
13544.421875 2174
13551.505859375 2177
13552.5244140625 2237
13582.259765625 2367
13586.50390625 2536
13593.8359375 2542
13595.9970703125 2582
13617.4072265625 2675
13633.8154296875 2703
13644.173828125 1873
13668.1162109375 2107
13674.9482421875 1281
13701.771484375 455
13702.5537109375 470
13749.259765625 902
13774.87109375 926
13785.724609375 967
13807.0654296875 1104
13807.0654296875 1225
13818.28125 1286
13861.505859375 1506
13879.451171875 1516
13897.9638671875 1599
13909.9423828125 1779
13913.28125 1848
13921.51953125 1867
13925.2314453125 1883
13941.9921875 2063
13942.9013671875 2210
13958.6787109375 2246
13975.953125 2285
13994.935546875 2361
14017.595703125 2686
14031.998046875 2700
14036.1201171875 88
14053.5791015625 586
14056.5693359375 136
14078.470703125 1471
14099.0947265625 226
14100.9228515625 296
14119.32421875 1197
14128.7734375 1666
14135.771484375 2511
14184.078125 101
14189.7255859375 215
14193.5107421875 549
14202.2255859375 550
14210.91796875 573
14222.84765625 1136
14236.16796875 1199
14236.5703125 1530
14249.4462890625 1581
14268.51171875 1640
14311.830078125 1688
14333.9296875 1968
14342.3203125 2526
14350.189453125 2571
14350.81640625 2983
14362.2509765625 1787
14364.7294921875 602
14385.8779296875 1146
14395.94140625 253
14430.7333984375 342
14437.693359375 843
14438.6884765625 1233
14457.0419921875 1335
14505.185546875 1394
14507.46875 1737
14533.857421875 1784
14556.361328125 1950
14557.166015625 2025
14567.716796875 2473
14575.6162109375 2518
14582.548828125 999
14583.5966796875 1056
14592.734375 1900
14603.48828125 1304
14612.4365234375 1326
14613.029296875 2967
14614.548828125 1329
14623.568359375 50
14645.736328125 318
14674.8388671875 389
14689.380859375 478
14698.451171875 491
14738.720703125 580
14750.0869140625 599
14778.5947265625 890
14797.837890625 896
14803.7099609375 909
14826.6845703125 919
14833.232421875 995
14841.587890625 1273
14842.22265625 1342
14845.29296875 1430
14852.662109375 1495
14858.919921875 1568
14865.2783203125 1583
14874.142578125 1764
14879.9677734375 1774
14881.60546875 2065
14895.015625 2117
14896.3662109375 2181
14897.6787109375 2268
14907.4365234375 2465
14921.8193359375 2664
14930.859375 2760
14932.802734375 2764
14945.8505859375 2938
14972.30859375 2943
14976.10546875 1860
14988.029296875 2880
14991.3515625 1333
15018.5439453125 2631
15019.041015625 146
15025.5244140625 1538
15035.998046875 21
15051.716796875 34
15055.4833984375 200
15060.1142578125 288
15060.5498046875 336
15062.4462890625 385
15064.3203125 517
15066.6826171875 546
15069.845703125 609
15079.9150390625 614
15087.298828125 683
15091.46875 686
15093.560546875 769
15095.271484375 1097
15119.2265625 1221
15130.9130859375 1322
15148.283203125 1359
15159.828125 1376
15166.6982421875 1686
15169.46875 1854
15181.30078125 2513
15182.439453125 2553
15186.8994140625 2650
15195.2412109375 2672
15202.5537109375 2911
15223.7626953125 78
15233.0498046875 2713
15279.853515625 2800
15289.72265625 2651
15292.4208984375 2970
15300.8515625 1045
15306.7236328125 1068
15312.615234375 2078
15317.3486328125 884
15323.23828125 886
15324.875 1028
15337.75 1845
15350.7412109375 1932
15353.783203125 2489
15382.0126953125 90
15426.2607421875 153
15438.1669921875 240
15486.3115234375 256
15515.298828125 531
15552.587890625 644
15556.306640625 706
15573.716796875 775
15589.912109375 1163
15593.708984375 1483
15600.376953125 2114
15603.59765625 2379
15618.28125 2424
15619.388671875 2433
15629.7724609375 2435
15635.55078125 2442
15654.25390625 2683
15671.357421875 2811
15674.279296875 2176
15691.33203125 169
15703.255859375 2207
15721.4970703125 1144
15743.5751953125 2180
15745.7685546875 73
15751.8486328125 663
15758.0390625 677
15778.369140625 756
15789.49609375 925
15791.0625 927
15804.8271484375 946
15813.9013671875 996
15825.126953125 1141
15843.2744140625 1202
15864.6357421875 1251
15864.6875 1457
15866.6005859375 1502
15880.14453125 1591
15880.9697265625 1733
15885.943359375 1735
15887.748046875 1919
15891.5078125 1933
15899.357421875 1955
15912.61328125 2002
15929.1328125 2335
15947.591796875 2341
15959.1884765625 2565
15965.00390625 2695
15969.16796875 2763
15969.77734375 2840
15976.515625 2422
16000.1298828125 1020
16014.876953125 640
16015.462890625 59
16017.3466796875 177
16023.955078125 191
16031.74609375 575
16044.61328125 687
16046.923828125 934
16053.87890625 1119
16058.6083984375 1529
16060.0703125 1697
16062.3212890625 1810
16063.76953125 1831
16065.6845703125 2354
16066.8857421875 2528
16074.4150390625 2679
16083.0126953125 2712
16087.015625 2747
16090.01953125 2809
16093.54296875 2821
16100.6806640625 2842
16100.986328125 2860
16109.025390625 2906
16109.990234375 2994
16136.232421875 186
16144.189453125 223
16146.0234375 1594
16170.919921875 410
16174.8486328125 631
16178.3466796875 132
16190.986328125 2576
16195.244140625 1282
16202.20703125 488
16209.814453125 869
16213.5439453125 2059
16232.0751953125 787
16237.3037109375 904
16250.73828125 137
16252.5390625 275
16252.837890625 328
16253.1220703125 333
16260.0224609375 392
16267.880859375 407
16272.0703125 489
16280.275390625 680
16288.27734375 1022
16295.228515625 1290
16296.6640625 1358
16310.6142578125 1607
16316.859375 1653
16319.4296875 2024
16319.9306640625 2184
16350.4736328125 2221
16356.373046875 2394
16360.037109375 2427
16370.3828125 2517
16373.302734375 2655
16404.12890625 2704
16408.48828125 2900
16413.36328125 2946
16420.63671875 459
16421.384765625 1050
16433.748046875 979
16443.546875 1562
16447.076171875 1597
16448.791015625 2334
16467.0546875 587
16471.923828125 630
16484.09375 777
16489.98828125 1012
16491.69140625 1064
16504.2421875 1082
16506.150390625 1462
16523.73046875 1501
16597.185546875 1654
16619.96484375 1800
16624.431640625 2656
16634.68359375 2884
16637.5625 1416
16638.18359375 1575
16661.5234375 2889
16677.568359375 445
16702.08984375 30
16706.1484375 2484
16728.25390625 38
16739.875 40
16740.794921875 76
16761.8359375 77
16761.9765625 108
16768.046875 164
16780.599609375 211
16788.4375 225
16793.111328125 376
16803.46875 437
16814.15625 510
16820.611328125 646
16832.28125 671
16834.15234375 738
16840.501953125 770
16843.0234375 1434
16850.798828125 1610
16866.12109375 1662
16872.4296875 1709
16872.587890625 1998
16873.333984375 2166
16883.22265625 2220
16896.853515625 2238
16908.056640625 2255
16917.939453125 2345
16957.21484375 2510
16975.71875 2581
16999.48046875 2607
17000.8515625 2807
17014.259765625 1015
17034.0390625 1984
17048.76953125 1258
17058.2734375 2555
17059.73046875 1147
17062.88671875 865
17064.775390625 939
17065.5859375 1497
17073.216796875 2630
17075.623046875 2752
17096.984375 457
17102.650390625 309
17146.419921875 316
17150.27734375 483
17152.978515625 484
17153.51953125 633
17164.642578125 1026
17173.943359375 1036
17179.8203125 1176
17185.96484375 1423
17220.109375 1485
17228.552734375 1590
17242.013671875 1702
17254.470703125 1759
17257.89453125 1818
17259.861328125 1958
17261.349609375 1963
17268.443359375 1977
17270.654296875 2053
17274.873046875 2056
17277.583984375 2125
17283.423828125 2304
17289.736328125 2356
17292.462890625 2477
17314.0859375 2533
17322.94140625 2732
17346.783203125 2948
17350.849609375 1601
17363.60546875 2256
17385.640625 2104
17388.65625 284
17398.03515625 182
17413.140625 916
17421.626953125 1667
17423.06640625 1852
17428.9296875 727
17430.927734375 2036
17449.919921875 2772
17464.849609375 130
17467.5390625 219
17482.1328125 394
17516.537109375 405
17525.994140625 634
17562.119140625 856
17569.802734375 983
17572.583984375 1117
17575.3828125 1386
17583.75 1791
17586.70703125 1991
17597.142578125 2060
17626.125 2215
17634.236328125 2314
17634.837890625 2440
17636.36328125 2467
17640.46875 2618
17656.361328125 2648
17657.52734375 2694
17664.416015625 1772
17686.17578125 818
17690.703125 2907
17695.40625 660
17703.47265625 1168
17705.546875 1145
17725.373046875 1476
17740.669921875 1618
17753.84765625 655
17758.4921875 1592
17777.712890625 2120
17781.775390625 2557
17785.09765625 112
17793.212890625 350
17795.185546875 356
17800.29296875 448
17812.296875 1500
17817.697265625 1526
17833.935546875 1587
17854.21875 1881
17877.837890625 1943
17879.568359375 1962
17881.443359375 1995
17883.83203125 2075
17886.2109375 2118
17890.728515625 2309
17892.064453125 2418
17898.892578125 2516
17921.453125 2588
17922.22265625 2605
17978.3359375 2623
17993.734375 2937
18001.806640625 1005
18016.095703125 110
18031.5078125 2360
18033.677734375 121
18035.0234375 1046
18053.083984375 298
18056.16796875 372
18077.4921875 492
18090.0546875 752
18102.55078125 838
18113.0390625 903
18115.9921875 1034
18119.291015625 1128
18123.091796875 1187
18128.529296875 1437
18133.8046875 1488
18137.09765625 1534
18196.44921875 1657
18239.3828125 1678
18257.72265625 1824
18269.8984375 1826
18286.21875 1941
18302.763671875 1997
18303.693359375 2318
18308.1484375 2327
18310.37109375 2362
18312.369140625 2404
18315.125 2453
18316.318359375 2458
18363.32421875 2496
18392.765625 2696
18397.896484375 2722
18430.330078125 2796
18488.84765625 2584
18492.935546875 2872
18523.98046875 2589
18534.46875 2135
18534.791015625 1802
18542.837890625 1853
18551.119140625 1892
18583.408203125 1580
18587.25390625 25
18600.685546875 72
18605.271484375 343
18616.22265625 710
18635.564453125 755
18643.267578125 885
18645.8671875 1683
18647.1171875 1776
18670.97265625 1972
18691.736328125 2047
18707.779296875 2138
18710.380859375 2185
18710.923828125 2344
18712.94921875 2545
18713.037109375 2573
18719.392578125 2855
18724.189453125 2159
18724.599609375 1067
18730.50390625 371
18730.50390625 243
18735.693359375 1301
18754.798828125 311
18755.2578125 426
18755.2578125 648
18762.212890625 720
18775.96484375 792
18783.611328125 940
18797.630859375 1006
18806.3125 1032
18817.37109375 1160
18818.86328125 1189
18821.25390625 2183
18840.30078125 2190
18858.298828125 2301
18860.5859375 1459
18870.25 1649
18871.896484375 353
18894.92578125 2706
18896.287109375 1511
18908.662109375 1778
18916.0859375 329
18921.521484375 731
18937.51953125 1400
18943.90625 2070
18969.763671875 1480
18969.765625 1714
19000.16796875 249
19002.1015625 94
19003.982421875 2823
19013.19140625 471
19025.271484375 473
19038.990234375 747
19039.8203125 915
19041.095703125 921
19079.564453125 993
19091.18359375 1072
19129.91796875 1415
19141.033203125 1541
19147.486328125 1746
19159.36328125 1949
19167.8984375 2079
19176.1328125 2219
19178.421875 2258
19191.66015625 2413
19200.54296875 2628
19233.07421875 2828
19249.80859375 2903
19272.44921875 2996
19300.6171875 204
19307.044921875 1247
19326.01953125 1410
19339.048828125 1888
19345.861328125 1214
19371.23828125 1658
19374.609375 2587
19386.08203125 380
19387.869140625 688
19388.810546875 1761
19408.919921875 66
19414.294921875 127
19469.02734375 179
19482.4609375 855
19488.076171875 1198
19499.7421875 1250
19511.7421875 1507
19519.861328125 1558
19528.51171875 2007
19537.546875 2092
19543.15625 2231
19545.150390625 2384
19564.6171875 2457
19567.771484375 2544
19571.6484375 2717
19571.986328125 2774
19576.509765625 2794
19582.541015625 2909
19600.18359375 972
19603.48046875 1138
19637.42578125 1442
19643.76953125 1137
19686.0234375 102
19704.2734375 667
19718.09765625 1935
19734.81640625 2352
19735.75390625 2887
19735.75390625 427
19748.12109375 1533
19809.919921875 170
19823.703125 262
19857.146484375 306
19872.19921875 596
19883.724609375 805
19953.4140625 849
19961.2890625 850
19977.216796875 965
19989.4921875 976
19992.650390625 1058
20001.529296875 1403
20016.16796875 1645
20083.23828125 1999
20088.15625 2292
20107.123046875 2392
20116.673828125 2403
20174.77734375 2497
20188.84375 2524
20198.146484375 2601
20206.349609375 2652
20215.76171875 2657
20219.013671875 2761
20219.51953125 2839
20224.443359375 2939
20229.5546875 2984
20233.912109375 1027
20243.671875 622
20274.0546875 417
20317.46484375 450
20329.353515625 690
20331.513671875 969
20357.091796875 982
20402.447265625 1040
20402.447265625 1078
20425.95703125 1083
20436.443359375 1382
20465.080078125 1391
20514.109375 1486
20531.509765625 1503
20537.451171875 1547
20549.158203125 1561
20573.4453125 1965
20680.076171875 2026
20680.232421875 2066
20687.140625 2182
20700.064453125 2245
20711.111328125 2460
20711.2578125 2466
20742.08984375 2540
20767.814453125 2593
20773.58203125 2632
20776.43359375 2753
20777.02734375 2759
20781.552734375 2793
20796.517578125 2925
20823.583984375 2152
20828.912109375 762
20830.076171875 2757
20864.12109375 37
20898.5078125 1624
20908.978515625 1271
20961.0390625 2370
20963.947265625 2895
20971.634765625 2411
20979.31640625 67
21003.046875 150
21012.318359375 171
21029.349609375 195
21034.86328125 363
21057.59765625 522
21119.693359375 657
21124.56640625 701
21225.431640625 760
21254.89453125 811
21275.755859375 874
21304.765625 875
21349.37109375 1002
21407.974609375 1007
21415.10546875 1023
21442.46875 1356
21449.064453125 1378
21451.939453125 1489
21474.115234375 1629
21511.015625 2721
21519.78125 2032
21525.333984375 2259
21582.599609375 771
21636.87890625 1543
21746.37109375 2241
21755.5859375 1964
21763.201171875 1625
21784.78125 2693
21794.62890625 222
21809.59765625 258
21869.28515625 281
21892.10546875 506
21930.494140625 582
21937.75390625 724
21940.548828125 879
21968.44921875 1003
21969.552734375 1171
21985.0703125 1182
21996.2421875 1588
22094.556640625 1685
22141.17578125 1758
22162.248046875 2300
22179.251953125 2310
22184.82421875 2705
22222.05078125 2845
22287.15234375 2916
22293.3046875 1811
22373.875 2701
22400.84765625 421
22401.458984375 1440
22454.404296875 2337
22465.265625 2531
22571.927734375 18
22575.2890625 29
22625.5 31
22666.453125 104
22725.849609375 274
22859.927734375 321
23060.697265625 370
23070.875 375
23129.283203125 562
23210.34765625 914
23316.958984375 944
23375.849609375 1672
23386.482421875 1684
23494.4296875 1825
23533.13671875 1846
23629.34765625 1960
23785.755859375 1976
23824.7109375 2006
23846.326171875 2319
23865.205078125 2405
24027.103515625 2550
24034.28515625 2606
24147.00390625 2768
24147.3046875 1081
24316.1015625 1780
24438.240234375 16
24476.154296875 28
24528.6015625 125
24612.86328125 212
24928.15234375 265
25083.48046875 295
25134.94921875 360
25169.515625 364
25356.525390625 937
25670.99609375 1077
25932.62109375 1101
26072.1796875 1241
26601.49609375 1243
26674.369140625 1307
26705.06640625 1343
26947.091796875 1404
27180.51953125 1418
27765.669921875 1585
28388.330078125 1719
28433.591796875 1822
28529.18359375 2009
28666.58203125 2164
28882.15625 2214
29215.783203125 2250
31751.658203125 2263
34420.84765625 2342
35282.1171875 2359
40977.90625 2547
