3780.109130859375 2152
4319.388671875 762
4720.533203125 2757
4776.623046875 37
4830.2373046875 1624
4898.607421875 1271
4922.8740234375 2370
5062.14306640625 2895
5186.63330078125 2411
5206.4970703125 67
5485.380859375 150
5627.27880859375 171
5654.2373046875 195
5798.38037109375 363
5955.0849609375 522
5957.67529296875 657
6003.63916015625 701
6008.4736328125 760
6227.978515625 811
6254.2412109375 874
6257.63818359375 875
6407.93994140625 1002
6537.43115234375 1007
6623.70703125 1023
6647.3251953125 1356
6665.095703125 1378
6700.04248046875 1489
6737.97705078125 1629
6749.826171875 2721
6775.8359375 1446
6781.19970703125 87
6881.35205078125 251
6882.81005859375 527
6887.6669921875 529
6959.53369140625 625
6972.71630859375 641
6975.08984375 693
7049.30224609375 873
7064.35693359375 881
7136.5849609375 928
7195.4609375 1133
7195.4609375 1283
7219.845703125 1318
7298.990234375 1346
7383.16015625 1417
7397.67431640625 1720
7439.947265625 1987
7615.54248046875 2226
7852.462890625 2296
8007.08984375 2515
8019.89111328125 2572
8049.0322265625 2669
8078.23291015625 2728
8083.22705078125 2734
8114.490234375 2746
8182.40185546875 2852
8296.0966796875 2866
8306.095703125 2915
8308.0712890625 2949
8345.4052734375 377
8360.0361328125 2281
8360.2451171875 160
8406.572265625 1
8422.48828125 425
8434.3671875 446
8436.0654296875 800
8450.818359375 918
8469.6162109375 953
8471.5048828125 985
8472.0087890625 986
8472.4462890625 1008
8564.9111328125 1043
8579.2080078125 1270
8619.7294921875 1317
8704.3115234375 1435
8731.125 1548
8759.501953125 1606
8822.171875 1661
8836.9638671875 1712
8891.037109375 2010
8913.419921875 2088
8960.1982421875 2365
8971.830078125 2410
8979.1767578125 2414
9008.5888671875 2482
9016.427734375 2560
9036.4951171875 2781
9042.1376953125 2820
9105.97265625 997
9156.3701171875 1781
9182.9140625 81
9206.0498046875 229
9219.474609375 440
9226.07421875 548
9228.1806640625 611
9264.9580078125 826
9279.912109375 834
9391.19921875 848
9424.607421875 871
9431.16015625 893
9443.279296875 1231
9451.048828125 1256
9501.861328125 1315
9690.0537109375 1458
9720.0302734375 1550
9740.9208984375 1671
9754.0048828125 1711
9792.244140625 1815
9841.6884765625 1893
9847.4326171875 2312
9871.857421875 2324
9936.0166015625 2385
9940.5859375 2447
9983.07421875 2562
9985.28515625 2610
9998.0322265625 2622
10086.1435546875 2853
10086.5078125 2924
10093.9169921875 2927
10094.8662109375 2239
10095.9033203125 1362
10101.849609375 1926
10116.73828125 2997
10131.359375 254
10138.416015625 388
10215.744140625 465
10253.1669921875 498
10291.5595703125 520
10341.0341796875 962
10343.9404296875 981
10357.0224609375 1156
10369.388671875 1652
10422.646484375 2205
10424.03515625 2339
10428.408203125 2417
10444.728515625 2494
10452.3310546875 2687
10463.306640625 1122
10463.611328125 1670
10544.7158203125 264
10557.9814453125 2173
10566.1240234375 1646
10582.787109375 2396
10585.2900390625 49
10606.3955078125 189
10607.970703125 261
10609.0517578125 263
10610.048828125 430
10621.5341796875 831
10650.751953125 899
10684.927734375 1123
10688.0009765625 1169
10732.3427734375 1350
10773.53515625 1405
10800.12109375 1512
10804.2158203125 1750
10824.12890625 1769
10858.078125 1908
10880.6220703125 1966
10901.58203125 1982
10924.3818359375 1993
10951.7578125 2094
10983.33203125 2126
10991.970703125 2141
10997.4931640625 2171
11014.083984375 2174
11135.2138671875 2177
11179.7783203125 2237
11191.63671875 2367
11206.9755859375 2536
11244.404296875 2542
11245.521484375 2582
11262.0478515625 2675
11312.7255859375 2703
11339.62109375 1873
11351.6083984375 2107
11389.236328125 1281
11404.82421875 455
11445.66796875 470
11458.373046875 902
11461.2900390625 926
11498.19140625 967
11566.5634765625 1104
11598.099609375 1225
11673.75390625 1286
11681.7685546875 1506
11683.9892578125 1516
11756.6015625 1599
11758.494140625 1779
11767.4267578125 1848
11788.6728515625 1867
11812.875 1883
11843.015625 2063
11843.69140625 2210
11844.361328125 2246
11856.6982421875 2285
11888.6728515625 2361
11902.4658203125 2686
11933.890625 2700
11951.6171875 88
11966.2099609375 586
11990.9990234375 136
12034.8173828125 1471
12056.91796875 226
12060.4072265625 296
12072.1181640625 1197
12109.4091796875 1666
12137.220703125 2511
12151.001953125 101
12152.1640625 215
12153.8798828125 549
12172.60546875 550
12274.451171875 573
12284.6435546875 1136
12318.1396484375 1199
12318.1396484375 1530
12338.65625 1581
12420.8037109375 1640
12427.2294921875 1688
12438.26171875 1968
12466.5126953125 2526
12472.8056640625 2571
12480.728515625 2983
12483.8369140625 1787
12488.408203125 602
12507.5673828125 1146
12525.4169921875 253
12581.6708984375 342
12590.0390625 843
12595.607421875 1233
12607.013671875 1335
12656.7373046875 1394
12660.8701171875 1737
12669.2177734375 1784
12679.201171875 1950
12680.7275390625 2025
12764.6875 2473
12778.453125 2518
12841.779296875 999
12856.4462890625 1056
12908.1640625 1900
12955.5810546875 1304
12974.0703125 1326
13112.98046875 2967
13138.1787109375 1329
13157.908203125 50
13167.4443359375 318
13174.8720703125 389
13179.9345703125 478
13216.5712890625 491
13234.01171875 580
13269.6474609375 599
13292.5107421875 890
13292.90625 896
13297.1689453125 909
13299.6396484375 919
13323.24609375 995
13346.53515625 1273
13357.7177734375 1342
13399.5693359375 1430
13405.2822265625 1495
13427.2080078125 1568
13450.30859375 1583
13504.5029296875 1764
13518.3359375 1774
13535.5439453125 2065
13554.845703125 2117
13563.4521484375 2181
13584.5166015625 2268
13593.13671875 2465
13595.2021484375 2664
13617.0986328125 2760
13621.265625 2764
13644.689453125 2938
13660.6650390625 2943
13665.8818359375 1860
13672.2421875 2880
13680.0771484375 1333
13680.521484375 2631
13715.0234375 146
13716.05859375 1538
13716.05859375 21
13729.8291015625 34
13734.4853515625 200
13734.599609375 288
13744.33984375 336
13762.3427734375 385
13825.8310546875 517
13831.87109375 546
13838.625 609
13858.400390625 614
13874.1142578125 683
13984.50390625 686
14015.751953125 769
14028.232421875 1097
14036.8466796875 1221
14062.6845703125 1322
14086.6513671875 1359
14096.7529296875 1376
14104.943359375 1686
14104.943359375 1854
14116.16015625 2513
14125.19921875 2553
14132.88671875 2650
14141.400390625 2672
14163.9296875 2911
14171.666015625 78
14183.0986328125 2713
14205.939453125 2800
14237.7861328125 2651
14250.078125 2970
14254.8203125 1045
14281.564453125 1068
14302.4345703125 2078
14316.7919921875 884
14349.998046875 886
14363.701171875 1028
14370.1611328125 1845
14372.94140625 1932
14381.87109375 2489
14398.2490234375 90
14423.98828125 153
14430.03125 240
14430.8193359375 256
14436.84765625 531
14438.8203125 644
14472.6865234375 706
14492.8701171875 775
14511.4609375 1163
14551.748046875 1483
14556.05859375 2114
14566.2119140625 2379
14577.94921875 2424
14581.8896484375 2433
14588.8408203125 2435
14602.1044921875 2442
14616.6171875 2683
14639.2236328125 2811
14668.9990234375 2176
14671.6904296875 169
14675.1796875 2207
14685.6220703125 1144
14745.2275390625 2180
14774.7109375 73
14818.5693359375 663
14824.56640625 677
14837.640625 756
14849.91015625 925
14861.076171875 927
14887.6376953125 946
14897.150390625 996
14928.62890625 1141
14946.0107421875 1202
14963.3544921875 1251
15019.638671875 1457
15027.0205078125 1502
15042.7001953125 1591
15051.87109375 1733
15057.7724609375 1735
15063.447265625 1919
15071.31640625 1933
15087.576171875 1955
15096.65625 2002
15129.0478515625 2335
15134.6845703125 2341
15142.8203125 2565
15142.8203125 2695
15159.796875 2763
15170.30859375 2840
15172.626953125 2422
15201.615234375 1020
15251.4560546875 640
15251.8896484375 59
15254.4091796875 177
15255.931640625 191
15278.4111328125 575
15311.73046875 687
15314.9853515625 934
15319.3310546875 1119
15320.5126953125 1529
15369.7490234375 1697
15386.3203125 1810
15397.48046875 1831
15399.8330078125 2354
15403.30859375 2528
15423.546875 2679
15440.1171875 2712
15441.974609375 2747
15459.7724609375 2809
15460.349609375 2821
15470.328125 2842
15530.7666015625 2860
15542.646484375 2906
15549.4296875 2994
15562.650390625 186
15569.3388671875 223
15600.9248046875 1594
15612.3154296875 410
15626.232421875 631
15635.8310546875 132
15637.7412109375 2576
15707.287109375 1282
15750.552734375 488
15770.58203125 869
15786.138671875 2059
15791.8828125 787
15799.693359375 904
15827.0234375 137
15827.5751953125 275
15847.5166015625 328
15878.87109375 333
15889.2724609375 392
15892.16015625 407
15899.861328125 489
15922.1640625 680
15934.685546875 1022
15987.7421875 1290
16104.08203125 1358
16111.103515625 1607
16122.86328125 1653
16131.0322265625 2024
16135.830078125 2184
16140.033203125 2221
16153.041015625 2394
16199.365234375 2427
16222.447265625 2517
16243.5576171875 2655
16258.7314453125 2704
16261.77734375 2900
16274.3203125 2946
16279.197265625 459
16281.052734375 1408
16284.7431640625 1339
16285.7587890625 22
16296.060546875 45
16297.234375 300
16317.7587890625 812
16342.1806640625 922
16342.525390625 947
16347.8203125 975
16364.7353515625 1001
16366.9267578125 1095
16368.8935546875 1275
16370.5234375 1664
16375.15625 1708
16383.359375 1763
16386.294921875 1766
16408.326171875 1889
16426.98046875 2077
16440.189453125 2082
16444.18359375 2131
16454.35546875 2315
16490.412109375 2317
16504.099609375 2409
16505.8671875 2608
16511.1015625 2616
16526.109375 2649
16533.572265625 2819
16552.087890625 2862
16583.013671875 1164
16622.486328125 2213
16643.818359375 1050
16662.8203125 979
16667.154296875 1562
16674.65234375 1597
16712.5 2334
16723.994140625 587
16737.337890625 630
16753.349609375 777
16756.919921875 1012
16765.291015625 1064
16767.9453125 1082
16797.23046875 1462
16802.767578125 1501
16814.974609375 1654
16829.537109375 1800
16867.8515625 2656
16875.48046875 2884
16885.259765625 1416
16887.990234375 1575
16898.4921875 2889
16908.7265625 445
16927.765625 30
16928.91015625 2484
16929.65625 38
16942.23046875 40
16948.552734375 76
16987.21875 77
16989.662109375 108
17085.53125 164
17092.501953125 211
17098.67578125 225
17111.349609375 376
17118.392578125 437
17122.21484375 510
17125.935546875 646
17135.978515625 671
17143.76953125 738
17178.212890625 770
17195.197265625 1434
17211.60546875 1610
17219.765625 1662
17224.03515625 1709
17225.2421875 1998
17250.3046875 2166
17299.37890625 2220
17301.896484375 2238
17339.099609375 2255
17342.14453125 2345
17346.9453125 2510
17377.517578125 2581
17392.3671875 2607
17397.35546875 2807
17407.419921875 1015
17423.130859375 1984
17437.26171875 1258
17461.515625 2555
17470.99609375 1147
17480.037109375 865
17500.615234375 939
17502.8984375 1497
17520.11328125 2630
17522.703125 2752
17530.25390625 457
17538.23828125 309
17556.646484375 316
17569.705078125 483
17570.40234375 484
17591.091796875 633
17605.892578125 1026
17625.6875 1036
17626.78515625 1176
17638.021484375 1423
17676.6171875 1485
17681.7890625 1590
17683.9296875 1702
17696.8984375 1759
17704.8203125 1818
17716.55078125 1958
17717.9765625 1963
17730.494140625 1977
17737.86328125 2053
17742.08203125 2056
17765.263671875 2125
17772.279296875 2304
17791.1171875 2356
17848.146484375 2477
17867.365234375 2533
17904.138671875 2732
17921.466796875 2948
17943.671875 1601
17958.599609375 2256
17975.33203125 2104
17987.8671875 284
18016.27734375 182
18023.22265625 916
18024.5703125 1667
18026.193359375 1852
18028.455078125 727
18028.455078125 2036
18029.60546875 2772
18035.353515625 130
18045.01171875 219
18048.298828125 394
18051.373046875 405
18065.93359375 634
18082.947265625 856
18083.90625 983
18105.625 1117
18110.8984375 1386
18150.0234375 1791
18166.33203125 1991
18171.390625 2060
18213.65625 2215
18225.68359375 2314
18227.0625 2440
18238.048828125 2467
18246.51953125 2618
18251.970703125 2648
18268.509765625 2694
18270.541015625 1772
18286.9375 818
18311.009765625 2907
18332.357421875 660
18374.12890625 1168
18382.619140625 1145
18399.47265625 1476
18434.615234375 1618
18438.77734375 655
18449.5390625 1592
18474.890625 2120
18480.650390625 2557
18518.220703125 112
18526.0390625 350
18560.619140625 356
18565.236328125 448
18580.046875 1500
18587.017578125 1526
18588.43359375 1587
18627.7578125 1881
18639.607421875 1943
18700.48046875 1962
18721.59765625 1995
18745.67578125 2075
18749.91796875 2118
18797.75 2309
18855.142578125 2418
18869.419921875 2516
18874.064453125 2588
18894.318359375 2605
18910.47265625 2623
18914.134765625 2937
18922.412109375 1005
18932.482421875 110
18944.4375 2360
18976.04296875 121
18992.4765625 1046
18999.837890625 298
19000.61328125 372
19008.134765625 492
19011.478515625 752
19038.869140625 838
19123.150390625 903
19124.982421875 1034
19130.60546875 1128
19153.966796875 1187
19213.390625 1437
19236.947265625 1488
19246.4296875 1534
19275.130859375 1657
19305.736328125 1678
19311.876953125 1824
19360.416015625 1826
19366.8515625 1941
19373.158203125 1997
19385.529296875 2318
19401.3125 2327
19422.5859375 2362
19434.8828125 2404
19435.201171875 2453
19465.02734375 2458
19474.13671875 2496
19514.478515625 2696
19523.125 2722
19524.630859375 2796
19528.923828125 2584
19539.314453125 2872
19545.16796875 2589
19566.048828125 2135
19566.50390625 1802
19577.224609375 1853
19585.37109375 1892
19602.404296875 1580
19606.5234375 25
19612.724609375 72
19615.005859375 343
19692.791015625 710
19728.171875 755
19728.689453125 885
19738.712890625 1683
19739.265625 1776
19741.734375 1972
19745.158203125 2047
19786.123046875 2138
19790.498046875 2185
19806.548828125 2344
19813.9609375 2545
19821.490234375 2573
19863.587890625 2855
19884.841796875 2159
19920.509765625 1067
19961.490234375 371
20043.697265625 243
20061.4609375 1301
20074.6015625 311
20117.298828125 426
20126.482421875 648
20155.896484375 720
20216.9296875 792
20233.4296875 940
20247.634765625 1006
20256.166015625 1032
20263.376953125 1160
20264.533203125 1189
20280.337890625 2183
20313.3515625 2190
20327.5546875 2301
20372.9765625 1459
20378.27734375 1649
20387.67578125 353
20397.9296875 2706
20414.919921875 1511
20439.2890625 1778
20442.412109375 329
20480.970703125 731
20492.287109375 1400
20501.87890625 2070
20522.048828125 1480
20525.59375 1714
20594.0390625 249
20668.892578125 94
20672.27734375 2823
20710.46484375 471
20731.0546875 473
20748.615234375 747
20820.990234375 915
20887.1015625 921
20894.705078125 993
20927.923828125 1072
20943.904296875 1415
20992.01171875 1541
20998.125 1746
21007.904296875 1949
21038.73828125 2079
21106.15625 2219
21119.41015625 2258
21171.755859375 2413
21222.15234375 2628
21254.109375 2828
21292.0234375 2903
21301.826171875 2996
21343.765625 204
21370.197265625 1247
21374.9921875 1410
21378.705078125 1888
21406.40234375 1214
21454.625 1658
21467.3671875 2587
21544.0546875 380
21554.859375 688
21567.8515625 1761
21618.65625 66
21624.662109375 127
21684.263671875 179
21731.830078125 855
21750.79296875 1198
21768.439453125 1250
21777.23046875 1507
21805.33984375 1558
21809.5625 2007
21810.78515625 2092
21821.40625 2231
21887.267578125 2384
21901.96875 2457
21916.81640625 2544
21917.48046875 2717
21965.771484375 2774
22002.322265625 2794
22010.7265625 2909
22029.083984375 972
22062.82421875 1138
22063.22265625 1442
22076.283203125 1137
22084.125 102
22197.646484375 667
22220.19921875 1935
22267.138671875 2352
22273.162109375 2887
22291.65234375 427
22302.220703125 1533
22307.76953125 170
22351.232421875 262
22390.9609375 306
22406.220703125 596
22414.337890625 805
22479.357421875 849
22544.048828125 850
22563.015625 965
22677.080078125 976
22679.005859375 1058
22692.564453125 1403
22738.95703125 1645
22783.220703125 1999
22801.380859375 2292
22805.373046875 2392
22806.287109375 2403
22943.14453125 2497
22946.1875 2524
23042.146484375 2601
23054.451171875 2652
23070.140625 2657
23107.01171875 2761
23128.771484375 2839
23136.5 2939
23140.625 2984
23173.56640625 1027
23231.234375 622
23280.130859375 417
23337.970703125 450
23349.29296875 690
23359.072265625 969
23379.73828125 982
23430.607421875 1040
23504.119140625 1078
23628.673828125 1083
23661.919921875 1382
23703.291015625 1391
23783.5703125 1486
23805.03125 1503
23814.318359375 1547
23882.4140625 1561
23944.201171875 1965
23949.6640625 2026
23949.92578125 2066
23969.154296875 2182
24055.126953125 2245
24115.6328125 2460
24118.24609375 2466
24198.525390625 2540
24234.23046875 2593
24243.4609375 2632
24247.498046875 2753
24288.533203125 2759
24383.8046875 2793
24477.353515625 2925
24487.3515625 2032
24502.095703125 2259
24532.224609375 771
24591.12109375 1543
24621.462890625 2241
24703.19140625 1964
24738.607421875 1625
24791.1328125 2693
24802.9921875 222
24931.349609375 258
24964.16796875 281
24973.251953125 506
24990.333984375 582
24994.96875 724
25029.837890625 879
25082.05859375 1003
25136.52734375 1171
25148.017578125 1182
25223.86328125 1588
25249.814453125 1685
25265.091796875 1758
25324.822265625 2300
25362.919921875 2310
25420.90234375 2705
25447.931640625 2845
25554.3671875 2916
25566.625 1811
25602.126953125 2701
25923.404296875 421
25980.044921875 1440
26011.654296875 2337
26037.31640625 2531
26037.31640625 18
26107.15625 29
26161.46484375 31
26194.599609375 104
26249.2578125 274
26251.615234375 321
26252.94140625 370
26274.11328125 375
26383.62109375 562
26484.197265625 914
26550.951171875 944
26590.32421875 1672
26687.138671875 1684
26724.462890625 1825
26738.443359375 1846
26786.2421875 1960
26945.0234375 1976
27233.701171875 2006
27315.205078125 2319
27367.8203125 2405
27403.744140625 2550
27734.671875 2606
27773.697265625 2768
27815.802734375 1081
27823.890625 1780
27862.955078125 16
28012.181640625 28
28016.203125 125
28108.849609375 212
28175.9375 265
28364.580078125 295
28450.248046875 360
28748.3984375 364
28788.05859375 937
28972.787109375 1077
28994.580078125 1101
29178.896484375 1241
29247.48046875 1243
29409.560546875 1307
29502.251953125 1343
29510.7890625 1404
29619.63671875 1418
29725.958984375 1585
29921.13671875 1719
30397.421875 1822
30707.51953125 2009
31281.822265625 2164
31644.755859375 2214
31834.912109375 2250
33232.02734375 2263
33367.02734375 2342
33403.41796875 2359
36502.671875 2547
