1475.4573974609375 1027
1631.0513916015625 622
2111.781982421875 417
2361.5703125 450
2405.42431640625 690
2443.65576171875 969
2495.539794921875 982
2612.94580078125 1040
2703.73291015625 1078
2844.478515625 1083
2849.55859375 1382
2866.161865234375 1391
2939.01708984375 1486
2980.485107421875 1503
3168.652587890625 1547
3178.709228515625 1561
3202.208984375 1965
3308.5458984375 2026
3351.23388671875 2066
3521.845703125 2182
3626.849609375 2245
3669.833984375 2460
3891.266845703125 2466
4012.936279296875 2540
4033.5322265625 2593
4070.50732421875 2632
4088.82275390625 2753
4219.3515625 2759
4340.53857421875 2793
4352.96923828125 2925
4440.4658203125 1446
4457.13916015625 87
4474.36572265625 251
4524.13232421875 527
4549.9072265625 529
4556.521484375 625
4659.37744140625 641
4659.37744140625 693
4702.265625 873
4816.44482421875 881
4902.86083984375 928
4910.76318359375 1133
4917.1474609375 1283
4976.220703125 1318
4996.5751953125 1346
5139.18359375 1417
5152.244140625 1720
5248.21484375 1987
5318.521484375 2226
5361.69677734375 2296
5402.22265625 2515
5452.388671875 2572
5540.4033203125 2669
5556.70166015625 2728
5574.419921875 2734
5574.6103515625 2746
5593.3076171875 2852
5594.5498046875 2866
5665.771484375 2915
5677.240234375 2949
5704.00048828125 377
5704.06640625 2281
5746.1474609375 160
5943.4921875 1
5963.34619140625 425
6011.7626953125 446
6126.8056640625 800
6200.5126953125 918
6216.0078125 953
6220.4306640625 985
6282.9482421875 986
6289.28369140625 1008
6298.7021484375 1043
6298.7021484375 1270
6304.79345703125 1317
6317.59326171875 1435
6439.68212890625 1548
6452.9716796875 1606
6454.83203125 1661
6486.6572265625 1712
6553.326171875 2010
6638.93505859375 2088
6728.9345703125 2365
6744.4638671875 2410
6767.869140625 2414
6770.3837890625 2482
6794.67236328125 2560
6846.3662109375 2781
6867.95263671875 2820
6890.85498046875 997
6927.17578125 1781
7055.51416015625 81
7057.65234375 229
7080.7890625 440
7132.6962890625 548
7269.2431640625 611
7290.8388671875 826
7322.86572265625 834
7709.16552734375 848
7815.3330078125 871
7823.1787109375 893
7835.3037109375 1231
7894.708984375 1256
7908.80029296875 1315
7937.359375 1458
7954.41357421875 1550
8069.9833984375 1671
8313.658203125 1711
8337.294921875 1815
8365.03515625 1893
8422.5537109375 2312
8436.7099609375 2324
8453.8203125 2385
8457.9296875 2447
8485.0126953125 2562
8506.0908203125 2610
8524.826171875 2622
8572.939453125 2853
8713.603515625 2924
8737.8583984375 2927
8748.9765625 2239
8764.4326171875 1362
8771.4697265625 1926
8804.9970703125 2997
8833.6103515625 254
8862.3994140625 388
9079.2890625 465
9111.33984375 498
9155.9931640625 520
9179.232421875 962
9181.328125 981
9226.3916015625 1156
9267.54296875 1652
9270.623046875 2205
9291.470703125 2339
9316.8349609375 2417
9369.8515625 2494
9464.935546875 2687
9481.5927734375 1122
9507.8759765625 1670
9515.119140625 264
9515.17578125 2173
9544.212890625 1646
9619.17578125 2396
9630.6650390625 49
9675.875 189
9723.623046875 261
9779.494140625 263
9799.2314453125 430
9862.474609375 831
9963.625 899
9964.951171875 1123
9988.193359375 1169
9996.37890625 1350
10058.373046875 1405
10129.6220703125 1512
10167.3720703125 1750
10196.98828125 1769
10227.9560546875 1908
10241.6943359375 1966
10267.091796875 1982
10321.5029296875 1993
10381.21484375 2094
10395.072265625 2126
10395.556640625 2141
10405.55859375 2171
10410.5771484375 2174
10411.912109375 2177
10412.291015625 2237
10464.4150390625 2367
10493.30078125 2536
10510.0986328125 2542
10513.6640625 2582
10582.486328125 2675
10589.853515625 2703
10595.443359375 1873
10643.0673828125 2107
10692.9755859375 1281
10716.4404296875 455
10738.728515625 470
10847.5205078125 902
10850.576171875 926
10868.01953125 967
10873.724609375 1104
10873.724609375 1225
10888.12109375 1286
10942.109375 1506
10966.609375 1516
10972.9775390625 1599
11005.0810546875 1779
11025.9775390625 1848
11081.6455078125 1867
11114.0859375 1883
11129.44140625 2063
11192.291015625 2210
11239.947265625 2246
11257.466796875 2285
11262.697265625 2361
11295.291015625 2686
11300.607421875 2700
11304.2861328125 88
11318.5 586
11334.64453125 136
11344.478515625 1471
11365.03125 226
11422.330078125 296
11435.875 1197
11450.392578125 1666
11454.337890625 2511
11497.8349609375 101
11524.501953125 215
11546.46484375 549
11554.1201171875 550
11587.486328125 573
11588.462890625 1136
11686.4375 1199
11732.1162109375 1530
11733.259765625 1581
11794.5146484375 1640
11806.490234375 1688
11826.89453125 1968
11834.310546875 2526
11868.6474609375 2571
11965.630859375 2983
11990.8876953125 1787
11996.76953125 602
11999.8251953125 1146
12057.775390625 253
12060.9384765625 342
12108.703125 843
12116.4609375 1233
12142.0888671875 1335
12152.240234375 1394
12152.3818359375 1737
12188.1162109375 1784
12198.345703125 1950
12231.3623046875 2025
12269.509765625 2473
12279.9208984375 2518
12323.89453125 999
12415.205078125 1056
12425.2236328125 1900
12448.6494140625 1304
12454.0634765625 1326
12457.447265625 2967
12491.9697265625 1329
12532.1103515625 50
12545.86328125 318
12607.1044921875 389
12609.3388671875 478
12617.1865234375 491
12637.07421875 580
12651.548828125 599
12669.8955078125 890
12677.75 896
12683.15625 909
12700.5517578125 919
12725.9873046875 995
12763.7578125 1273
12765.3671875 1342
12799.05078125 1430
12825.7646484375 1495
12867.658203125 1568
12880.509765625 1583
12894.7080078125 1764
12982.00390625 1774
12987.103515625 2065
12993.431640625 2117
12994.3232421875 2181
13100.0947265625 2268
13107.94921875 2465
13117.8408203125 2664
13144.431640625 2760
13251.2275390625 2764
13307.00390625 2938
13314.8876953125 2943
13336.5791015625 1860
13362.58984375 2880
13369.521484375 1333
13427.9052734375 2631
13434.693359375 146
13449.4775390625 1538
13459.576171875 21
13477.8046875 34
13484.5927734375 200
13494.615234375 288
13503.7421875 336
13539.046875 385
13546.875 517
13556.0556640625 546
13580.068359375 609
13595.1845703125 614
13608.017578125 683
13678.2861328125 686
13678.8681640625 769
13689.033203125 1097
13717.7236328125 1221
13730.87890625 1322
13738.41015625 1359
13773.314453125 1376
13790.2548828125 1686
13791.1474609375 1854
13796.453125 2513
13841.8505859375 2553
13869.47265625 2650
13870.181640625 2672
13893.0966796875 2911
13893.0966796875 78
13922.931640625 2713
13967.017578125 2800
13973.384765625 2651
13976.5078125 2970
14000.8232421875 1045
14011.689453125 1068
14026.1474609375 2078
14039.30859375 884
14063.974609375 886
14071.220703125 1028
14072.390625 1845
14096.17578125 1932
14109.431640625 2489
14121.134765625 90
14123.470703125 153
14131.537109375 240
14137.6787109375 256
14144.017578125 531
14181.1484375 644
14195.826171875 706
14213.998046875 775
14336.5361328125 1163
14336.5361328125 1483
14342.7197265625 2114
14349.689453125 2379
14407.3271484375 2424
14423.400390625 2433
14472.5947265625 2435
14485.4833984375 2442
14501.73046875 2683
14502.923828125 2811
14550.7763671875 2176
14582.029296875 169
14611.931640625 2207
14612.9736328125 1144
14617.814453125 2180
14636.892578125 73
14638.296875 663
14639.8515625 677
14648.111328125 756
14676.8349609375 925
14681.8486328125 927
14698.689453125 946
14709.71484375 996
14763.9033203125 1141
14819.5478515625 1202
14844.6923828125 1251
14871.3203125 1457
14910.90234375 1502
14928.666015625 1591
14929.65625 1733
14964.138671875 1735
14967.1982421875 1919
14971.2353515625 1933
14974.98046875 1955
14978.505859375 2002
14982.5009765625 2335
14991.353515625 2341
14998.43359375 2565
15023.87890625 2695
15026.9873046875 2763
15037.9931640625 2840
15038.8857421875 2422
15046.5673828125 1020
15062.623046875 640
15077.890625 59
15122.46484375 177
15130.556640625 191
15151.931640625 575
15156.5107421875 687
15159.9091796875 934
15165.1640625 1119
15172.1689453125 1529
15174.4619140625 1697
15182.2470703125 1810
15191.1025390625 1831
15215.5859375 2354
15247.2666015625 2528
15249.3759765625 2679
15286.8876953125 2712
15293.576171875 2747
15303.3115234375 2809
15319.7412109375 2821
15364.837890625 2842
15374.283203125 2860
15405.6064453125 2906
15435.0830078125 2994
15436.181640625 186
15456.5458984375 223
15460.154296875 1594
15466.568359375 410
15469.306640625 631
15472.2314453125 132
15497.93359375 2576
15529.40625 1282
15558.3779296875 488
15568.6298828125 869
15575.7197265625 2059
15580.3828125 787
15590.14453125 904
15598.3515625 137
15606.7265625 275
15632.8876953125 328
15688.544921875 333
15706.44140625 392
15709.384765625 407
15723.6396484375 489
15749.45703125 680
15761.240234375 1022
15798.6181640625 1290
15809.91796875 1358
15817.955078125 1607
15836.955078125 1653
15856.2080078125 2024
15869.455078125 2184
15906.404296875 2221
15912.396484375 2394
15920.78125 2427
15922.431640625 2517
15937.1181640625 2655
15992.650390625 2704
15997.712890625 2900
16007.4931640625 2946
16013.4482421875 459
16034.12890625 1408
16057.5771484375 1339
16065.599609375 22
16105.025390625 45
16132.16796875 300
16135.58984375 812
16159.10546875 922
16159.4091796875 947
16168.5283203125 975
16175.6796875 1001
16186.392578125 1095
16199.7080078125 1275
16205.337890625 1664
16233.296875 1708
16249.01171875 1763
16277.5888671875 1766
16335.4072265625 1889
16350.1650390625 2077
16351.9072265625 2082
16356.3017578125 2131
16373.943359375 2315
16396.837890625 2317
16410.546875 2409
16411.310546875 2608
16426.083984375 2616
16460.998046875 2649
16470.947265625 2819
16515.66015625 2862
16535.671875 1164
16535.89453125 2213
16545.3046875 1050
16560.2734375 979
16577.982421875 1562
16588.1796875 1597
16632.265625 2334
16642.390625 587
16657.248046875 630
16657.6640625 777
16668.673828125 1012
16669.638671875 1064
16687.53125 1082
16706.02734375 1462
16707.796875 1501
16752.2265625 1654
16771.62109375 1800
16785.865234375 2656
16786.08203125 2884
16802.048828125 1416
16813.0625 1575
16862.291015625 2889
16866.119140625 445
16869.23046875 30
16879.7421875 2484
16886.3203125 38
16887.3984375 40
16899.5 76
16908.28125 77
16916.3515625 108
16921.359375 164
16934.439453125 211
16936.017578125 225
16983.056640625 376
16984.830078125 437
17009.955078125 510
17019.91796875 646
17045.228515625 671
17067.658203125 738
17073.220703125 770
17079.59375 1434
17083.3828125 1610
17095.125 1662
17100.41015625 1709
17104.677734375 1998
17106.775390625 2166
17168.65625 2220
17209.763671875 2238
17211.755859375 2255
17229.23828125 2345
17236.4609375 2510
17243.748046875 2581
17246.79296875 2607
17267.552734375 2807
17277.216796875 1015
17277.923828125 1984
17282.865234375 1258
17283.826171875 2555
17304.43359375 1147
17320.826171875 865
17341.30859375 939
17358.5859375 1497
17366.49609375 2630
17371.990234375 2752
17375.603515625 457
17376.748046875 309
17377.798828125 316
17392.42578125 483
17393.2421875 484
17411.51171875 633
17413.888671875 1026
17432.431640625 1036
17433.69921875 1176
17478.65625 1423
17507.1796875 1485
17514.859375 1590
17524.90234375 1702
17561.291015625 1759
17567.7578125 1818
17594.822265625 1958
17602.1953125 1963
17639.431640625 1977
17645.822265625 2053
17660.671875 2056
17686.400390625 2125
17689.70703125 2304
17699.068359375 2356
17701.59375 2477
17723.517578125 2533
17764.04296875 2732
17766.021484375 2948
17766.716796875 1601
17772.986328125 2256
17831.0 2104
17892.01171875 284
17898.12890625 182
17959.130859375 916
17987.814453125 1667
18013.712890625 1852
18018.716796875 727
18033.796875 2036
18046.224609375 2772
18046.8203125 130
18080.3828125 219
18096.41015625 394
18099.271484375 405
18117.572265625 634
18151.921875 856
18152.029296875 983
18172.609375 1117
18192.44140625 1386
18231.021484375 1791
18247.9609375 1991
18250.376953125 2060
18263.859375 2215
18266.359375 2314
18314.986328125 2440
18370.3828125 2467
18412.9140625 2618
18430.6796875 2648
18475.966796875 2694
18483.6328125 1772
18490.87109375 818
18528.36328125 2907
18532.634765625 660
18594.65625 1168
18597.638671875 1145
18601.744140625 1476
18609.33203125 1618
18629.8828125 655
18686.095703125 1592
18728.4140625 2120
18729.505859375 2557
18760.599609375 112
18773.333984375 350
18835.021484375 356
18862.208984375 448
18865.90234375 1500
18876.96484375 1526
18878.255859375 1587
18906.9921875 1881
18914.421875 1943
18948.7890625 1962
18958.216796875 1995
18961.845703125 2075
18977.365234375 2118
18978.984375 2309
18980.576171875 2418
19002.193359375 2516
19038.69140625 2588
19059.9296875 2605
19090.8125 2623
19092.3828125 2937
19112.033203125 1005
19137.400390625 110
19166.865234375 2360
19177.3515625 121
19199.328125 1046
19208.814453125 298
19209.751953125 372
19212.814453125 492
19213.416015625 752
19219.904296875 838
19220.015625 903
19224.068359375 1034
19226.119140625 1128
19238.8984375 1187
19246.048828125 1437
19256.625 1488
19257.603515625 1534
19258.4140625 1657
19270.400390625 1678
19272.169921875 1824
19282.486328125 1826
19290.923828125 1941
19290.923828125 1997
19302.76953125 2318
19352.51953125 2327
19382.271484375 2362
19384.458984375 2404
19423.365234375 2453
19431.62890625 2458
19454.2890625 2496
19455.82421875 2696
19459.255859375 2722
19546.5859375 2796
19586.046875 2584
19601.158203125 2872
19608.05859375 2589
19669.326171875 2135
19670.46484375 1802
19714.205078125 1853
19717.107421875 1892
19756.17578125 1580
19784.9921875 25
19806.138671875 72
19848.31640625 343
19852.814453125 710
19898.962890625 755
19978.626953125 885
19990.228515625 1683
19997.1796875 1776
20026.92578125 1972
20043.54296875 2047
20050.375 2138
20055.634765625 2185
20070.62890625 2344
20090.783203125 2545
20189.2109375 2573
20192.404296875 2855
20195.818359375 2159
20217.697265625 1067
20219.837890625 371
20224.71484375 243
20232.677734375 1301
20306.119140625 311
20308.51953125 426
20353.25 648
20363.966796875 720
20373.51953125 792
20408.400390625 940
20418.19140625 1006
20432.39453125 1032
20469.111328125 1160
20475.10546875 1189
20481.712890625 2183
20542.748046875 2190
20560.921875 2301
20585.36328125 1459
20592.66015625 1649
20593.861328125 353
20624.412109375 2706
20627.140625 1511
20646.029296875 1778
20664.515625 329
20666.431640625 731
20666.71875 1400
20720.6953125 2070
20831.171875 1480
20845.517578125 1714
20866.365234375 249
20881.533203125 94
20885.87109375 2823
20886.40234375 471
20890.490234375 473
20891.8515625 747
20914.654296875 915
20922.283203125 921
20928.763671875 993
20941.7734375 1072
20949.306640625 1415
20971.1328125 1541
20987.09375 1746
21005.52734375 1949
21031.962890625 2079
21040.6171875 2219
21044.69140625 2258
21132.505859375 2413
21134.125 2628
21197.40625 2828
21226.919921875 2903
21251.947265625 2996
21260.646484375 204
21264.91796875 1247
21288.978515625 1410
21297.0 1888
21323.912109375 1214
21356.1796875 1658
21379.361328125 2587
21392.052734375 380
21419.5859375 688
21419.5859375 1761
21440.994140625 66
21514.91015625 127
21517.052734375 179
21522.689453125 855
21540.34375 1198
21540.453125 1250
21541.05859375 1507
21554.392578125 1558
21560.62890625 2007
21572.271484375 2092
21629.537109375 2231
21646.498046875 2384
21677.798828125 2457
21698.595703125 2544
21716.529296875 2717
21752.140625 2774
21806.443359375 2794
21806.935546875 2909
21820.63671875 972
21824.44921875 1138
21845.65625 1442
21877.830078125 1137
21891.74609375 102
21922.705078125 667
22003.708984375 1935
22030.419921875 2352
22038.84375 2887
22114.62109375 427
22120.79296875 1533
22140.9765625 170
22154.458984375 262
22205.375 306
22208.4375 596
22211.4453125 805
22223.21875 849
22261.759765625 850
22308.087890625 965
22346.400390625 976
22419.94921875 1058
22420.298828125 1403
22430.001953125 1645
22445.939453125 1999
22447.87890625 2292
22504.16015625 2392
22524.859375 2403
22537.078125 2497
22545.037109375 2524
22583.32421875 2601
22601.2265625 2652
22623.767578125 2657
22657.33984375 2761
22682.712890625 2839
22783.009765625 2939
22784.802734375 2984
22795.58984375 2152
22822.921875 762
22895.548828125 2757
22904.775390625 37
23025.849609375 1624
23042.37109375 1271
23089.5625 2370
23202.08984375 2895
23242.482421875 2411
23320.0703125 67
23320.6953125 150
23332.953125 171
23386.880859375 195
23511.337890625 363
23528.5625 522
23538.064453125 657
23553.46484375 701
23630.25 760
23632.1171875 811
23662.125 874
23666.87890625 875
23714.046875 1002
23720.037109375 1007
23723.828125 1023
23786.525390625 1356
23794.462890625 1378
23795.40625 1489
23860.4453125 1629
23896.3984375 2721
23910.08984375 2032
23992.439453125 2259
24066.814453125 771
24143.7578125 1543
24234.974609375 2241
24304.12890625 1964
24307.44921875 1625
24347.306640625 2693
24510.392578125 222
24572.974609375 258
24628.859375 281
24629.92578125 506
24673.5 582
24698.92578125 724
24744.09375 879
24745.07421875 1003
24750.873046875 1171
24796.564453125 1182
24841.982421875 1588
24850.21875 1685
24857.486328125 1758
24944.173828125 2300
24993.57421875 2310
25004.107421875 2705
25022.515625 2845
25032.345703125 2916
25150.4140625 1811
25184.216796875 2701
25394.796875 421
25422.9765625 1440
25436.958984375 2337
25493.96484375 2531
25594.11328125 18
25759.83984375 29
25784.583984375 31
25835.080078125 104
25913.205078125 274
26107.251953125 321
26124.7578125 370
26268.10546875 375
26281.310546875 562
26323.80078125 914
26380.91796875 944
26407.974609375 1672
26456.826171875 1684
26491.537109375 1825
26500.7421875 1846
26517.740234375 1960
26528.50390625 1976
26606.6171875 2006
26694.669921875 2319
26730.96484375 2405
26881.322265625 2550
26892.09375 2606
27086.845703125 2768
27455.041015625 1081
27481.146484375 1780
27978.548828125 16
28262.85546875 28
28265.6953125 125
28268.857421875 212
28646.001953125 265
28902.841796875 295
28908.51953125 360
29036.5625 364
29314.578125 937
29327.216796875 1077
29330.560546875 1101
29412.5234375 1241
29690.359375 1243
29691.916015625 1307
29812.7890625 1343
30495.255859375 1404
31103.86328125 1418
31166.759765625 1585
31230.80859375 1719
31409.4296875 1822
31438.05859375 2009
31543.16796875 2164
31902.28515625 2214
32758.9375 2250
32809.98828125 2263
33465.7109375 2342
34214.55078125 2359
34417.17578125 2547
