6428.25146484375 1168
6574.63818359375 1145
6577.896484375 1476
6877.3515625 1618
6946.0927734375 655
7034.4541015625 1592
7066.5478515625 2120
7079.4619140625 2557
7105.76318359375 112
7169.556640625 350
7189.6923828125 356
7197.32080078125 448
7207.4111328125 1500
7222.5654296875 1526
7240.2451171875 1587
7260.13916015625 1881
7321.0380859375 1943
7344.3046875 1962
7382.5322265625 1995
7401.990234375 2075
7402.73828125 2118
7408.306640625 2309
7455.0634765625 2418
7455.0634765625 2516
7479.6474609375 2588
7488.81005859375 2605
7531.95458984375 2623
7535.9912109375 2937
7559.396484375 1005
7566.1708984375 110
7581.42138671875 2360
7588.0185546875 121
7599.98095703125 1446
7617.75390625 87
7624.0048828125 251
7625.99609375 527
7642.19384765625 529
7693.52490234375 625
7694.71630859375 641
7732.33349609375 693
7746.0859375 873
7772.8056640625 881
7789.7138671875 928
7805.0244140625 1133
7812.40234375 1283
7813.1748046875 1318
7837.61865234375 1346
7837.8505859375 1417
7889.74169921875 1720
7893.4169921875 1987
7893.88232421875 2226
7922.8740234375 2296
7956.3818359375 2515
7960.1220703125 2572
7974.88037109375 2669
8030.24462890625 2728
8077.1103515625 2734
8092.1103515625 2746
8095.1962890625 2852
8127.41845703125 2866
8133.78076171875 2915
8142.7392578125 2949
8165.2900390625 377
8203.017578125 2281
8207.46484375 160
8216.583984375 1
8224.9365234375 425
8232.2353515625 446
8236.48828125 800
8243.912109375 918
8245.904296875 953
8250.6572265625 985
8256.2587890625 986
8263.3408203125 1008
8268.251953125 1043
8274.212890625 1270
8279.3427734375 1317
8285.134765625 1435
8313.8525390625 1548
8387.5849609375 1606
8394.85546875 1661
8395.5615234375 1712
8432.4306640625 2010
8446.517578125 2088
8447.412109375 2365
8449.908203125 2410
8499.1845703125 2414
8510.2568359375 2482
8517.47265625 2560
8518.541015625 2781
8532.6123046875 2820
8544.35546875 997
8584.1982421875 1781
8590.7529296875 81
8606.595703125 229
8609.013671875 440
8614.5625 548
8622.4033203125 611
8630.2021484375 826
8643.1103515625 834
8658.32421875 848
8658.798828125 871
8673.353515625 893
8673.83984375 1231
8680.369140625 1256
8708.2265625 1315
8748.1416015625 1458
8749.69140625 1550
8756.5546875 1671
8759.1171875 1711
8774.498046875 1815
8799.0166015625 1893
8808.8896484375 2312
8809.7001953125 2324
8815.87109375 2385
8835.0029296875 2447
8852.3916015625 2562
8866.9794921875 2610
8868.1884765625 2622
8868.1884765625 2853
8885.0458984375 2924
8896.98046875 2927
8909.5625 2239
8918.12890625 1362
8921.6904296875 1926
8924.86328125 2997
8927.14453125 254
8960.1416015625 388
8988.357421875 465
8988.8642578125 498
8994.119140625 520
9002.8310546875 962
9049.376953125 981
9056.310546875 1156
9057.4345703125 1652
9061.5576171875 2205
9070.5126953125 2339
9072.62109375 2417
9080.298828125 2494
9086.96484375 2687
9090.72265625 1122
9095.5078125 1670
9110.7783203125 264
9114.556640625 2173
9121.2578125 1646
9127.1162109375 2396
9131.8671875 49
9132.48828125 189
9160.90234375 261
9162.005859375 263
9192.6181640625 430
9206.0595703125 831
9206.7314453125 899
9212.3837890625 1123
9214.1474609375 1169
9214.98828125 1350
9229.2685546875 1405
9234.287109375 1512
9246.287109375 1750
9246.44140625 1769
9247.9208984375 1908
9255.1123046875 1966
9259.392578125 1982
9271.115234375 1993
9289.5107421875 2094
9297.7197265625 2126
9313.201171875 2141
9321.5947265625 2171
9329.9912109375 2174
9330.796875 2177
9365.453125 2237
9390.748046875 2367
9395.853515625 2536
9399.02734375 2542
9400.712890625 2582
9459.841796875 2675
9461.5810546875 2703
9465.66015625 1873
9493.775390625 2107
9500.3251953125 1281
9513.37109375 455
9517.138671875 470
9517.916015625 902
9518.115234375 926
9520.25390625 967
9520.669921875 1104
9533.28125 1225
9545.7861328125 1286
9562.6630859375 1506
9580.248046875 1516
9593.783203125 1599
9604.4111328125 1779
9619.53515625 1848
9660.41796875 1867
9662.609375 1883
9668.1123046875 2063
9668.677734375 2210
9683.275390625 2246
9710.869140625 2285
9724.5146484375 2361
9733.41796875 2686
9766.3623046875 2700
9771.412109375 88
9801.39453125 586
9809.939453125 136
9817.4384765625 1471
9820.61328125 226
9831.5146484375 296
9848.6865234375 1197
9848.8447265625 1666
9859.197265625 2511
9875.6787109375 101
9884.455078125 215
9895.2783203125 549
9896.302734375 550
9898.162109375 573
9902.2802734375 1136
9906.03515625 1199
9911.4111328125 1530
9926.9921875 1581
9954.4345703125 1640
9959.46875 1688
9970.7421875 1968
9984.666015625 2526
9997.443359375 2571
10006.5068359375 2983
10006.9794921875 1787
10017.07421875 602
10032.62890625 1146
10037.076171875 253
10039.427734375 342
10062.2744140625 843
10103.7236328125 1233
10123.14453125 1335
10141.201171875 1394
10154.2158203125 1737
10174.904296875 1784
10184.7470703125 1950
10256.8984375 2025
10288.8056640625 2473
10300.0029296875 2518
10311.990234375 999
10315.9267578125 1056
10319.955078125 1900
10328.4873046875 1304
10348.93359375 1326
10352.5673828125 2967
10362.234375 1329
10363.310546875 50
10375.7451171875 318
10385.203125 389
10400.353515625 478
10406.029296875 491
10415.5595703125 580
10423.333984375 599
10425.35546875 890
10425.5341796875 896
10433.353515625 909
10440.2158203125 919
10449.62890625 995
10455.365234375 1273
10466.46484375 1342
10501.16015625 1430
10525.107421875 1495
10537.28125 1568
10540.9375 1583
10541.462890625 1764
10592.103515625 1774
10603.7705078125 2065
10618.37890625 2117
10637.0185546875 2181
10641.7177734375 2268
10645.021484375 2465
10652.0478515625 2664
10668.77734375 2760
10681.3134765625 2764
10687.7490234375 2938
10699.15234375 2943
10700.2578125 1860
10704.8134765625 2880
10712.123046875 1333
10714.6875 2631
10730.6416015625 146
10778.576171875 1538
10790.052734375 21
10790.7724609375 34
10794.5126953125 200
10803.205078125 288
10810.044921875 336
10817.33203125 385
10826.2392578125 517
10863.0302734375 546
10867.509765625 609
10869.6376953125 614
10909.220703125 683
10912.404296875 686
10927.0546875 769
10939.2900390625 1097
10939.421875 1221
10940.87109375 1322
10962.70703125 1359
10990.8291015625 1376
11000.361328125 1686
11003.4599609375 1854
11084.919921875 2513
11088.931640625 2553
11091.7958984375 2650
11106.4306640625 2672
11108.484375 2911
11134.45703125 78
11149.4794921875 2713
11157.9638671875 2800
11180.5439453125 2651
11194.66796875 2970
11213.828125 1045
11222.2177734375 1068
11250.74609375 2078
11282.0654296875 884
11285.2197265625 886
11292.3525390625 1028
11294.5888671875 1845
11314.5361328125 1932
11343.375 2489
11379.673828125 90
11386.7802734375 153
11395.455078125 240
11424.875 256
11434.677734375 531
11461.421875 644
11483.0546875 706
11494.6708984375 775
11494.974609375 1163
11513.56640625 1483
11549.2333984375 2114
11595.48046875 2379
11604.083984375 2424
11605.2724609375 2433
11611.3349609375 2435
11626.6533203125 2442
11629.630859375 2683
11717.3505859375 2811
11729.0361328125 2176
11732.2958984375 169
11750.0224609375 2207
11763.4111328125 1144
11801.919921875 2180
11862.53125 73
11868.4111328125 663
11878.4423828125 677
11881.2490234375 756
11930.009765625 925
11930.814453125 927
11934.09375 946
11940.3701171875 996
11961.2763671875 1141
11966.9736328125 1202
11967.158203125 1251
11972.412109375 1457
11976.84765625 1502
11996.408203125 1591
12007.2138671875 1733
12034.265625 1735
12034.265625 1919
12053.8828125 1933
12072.06640625 1955
12094.466796875 2002
12117.09765625 2335
12118.0849609375 2341
12136.4697265625 2565
12149.6171875 2695
12150.8203125 2763
12151.0400390625 2840
12177.2666015625 2422
12221.7099609375 1020
12321.150390625 640
12332.583984375 59
12346.0166015625 177
12362.1171875 191
12377.810546875 575
12385.1591796875 687
12390.1435546875 934
12414.732421875 1119
12424.9423828125 1529
12483.8203125 1697
12486.3857421875 1810
12503.35546875 1831
12536.857421875 2354
12538.0478515625 2528
12547.86328125 2679
12552.1220703125 2712
12557.615234375 2747
12573.6787109375 2809
12593.38671875 2821
12621.5888671875 2842
12672.3935546875 2860
12694.177734375 2906
12717.767578125 2994
12786.564453125 186
12789.279296875 223
12820.515625 1594
12824.2548828125 410
12837.138671875 631
12865.451171875 132
12923.8173828125 2576
12925.8203125 1282
12969.4013671875 488
12980.2607421875 869
12986.4443359375 2059
12988.40234375 787
12990.916015625 904
13032.4375 137
13032.9599609375 275
13058.2724609375 328
13074.2587890625 333
13084.8671875 392
13095.052734375 407
13119.69140625 489
13188.771484375 680
13225.947265625 1022
13259.2080078125 1290
13266.171875 1358
13291.8544921875 1607
13297.7412109375 1653
13318.349609375 2024
13368.451171875 2184
13409.5830078125 2221
13420.357421875 2394
13447.7724609375 2427
13506.208984375 2517
13510.5029296875 2655
13521.1552734375 2704
13522.603515625 2900
13538.919921875 2946
13551.3046875 459
13611.703125 1408
13617.087890625 1339
13623.58984375 22
13640.529296875 45
13647.79296875 300
13693.2314453125 812
13695.681640625 922
13698.7158203125 947
13762.2939453125 975
13803.1923828125 1001
13809.5205078125 1095
13870.193359375 1275
13877.001953125 1664
13895.990234375 1708
13897.677734375 1763
13923.205078125 1766
13974.7529296875 1889
13979.82421875 2077
13979.8349609375 2082
14001.39453125 2131
14031.5859375 2315
14039.240234375 2317
14065.3818359375 2409
14087.78515625 2608
14095.673828125 2616
14101.255859375 2649
14114.052734375 2819
14133.0380859375 2862
14136.5859375 1164
14179.705078125 2213
14179.705078125 1050
14182.3583984375 979
14216.361328125 1562
14237.8623046875 1597
14302.8330078125 2334
14308.3916015625 587
14372.373046875 630
14392.623046875 777
14412.1484375 1012
14463.6435546875 1064
14520.9453125 1082
14525.7373046875 1462
14541.546875 1501
14572.533203125 1654
14589.26171875 1800
14665.5859375 2656
14674.48046875 2884
14735.9345703125 1416
14775.4541015625 1575
14791.6875 2889
14851.03125 445
14863.1083984375 30
14895.5859375 2484
14928.46484375 38
14945.8203125 40
15018.4736328125 76
15020.517578125 77
15042.3125 108
15060.2177734375 164
15098.90625 211
15114.927734375 225
15134.388671875 376
15161.9521484375 437
15260.57421875 510
15284.369140625 646
15340.2197265625 671
15341.583984375 738
15397.0126953125 770
15403.115234375 1434
15501.96875 1610
15530.30859375 1662
15538.111328125 1709
15546.5400390625 1998
15580.078125 2166
15597.0732421875 2220
15601.3603515625 2238
15642.8232421875 2255
15651.1103515625 2345
15654.490234375 2510
15667.283203125 2581
15681.619140625 2607
15685.7236328125 2807
15712.853515625 1015
15721.5146484375 1984
15730.38671875 1258
15747.572265625 2555
15750.78515625 1147
15806.646484375 865
15852.4228515625 939
15876.658203125 1497
15877.009765625 2630
15890.0625 2752
15896.3662109375 457
15914.33203125 309
15935.2783203125 316
15959.291015625 483
15965.4130859375 484
15977.447265625 633
15989.94921875 1026
16000.1064453125 1036
16013.92578125 1176
16018.5947265625 1423
16029.712890625 1485
16032.32421875 1590
16040.96484375 1702
16045.9326171875 1759
16063.787109375 1818
16136.103515625 1958
16136.103515625 1963
16161.4853515625 1977
16180.0205078125 2053
16186.599609375 2056
16201.634765625 2125
16249.71484375 2304
16254.146484375 2356
16284.4189453125 2477
16288.22265625 2533
16308.310546875 2732
16309.63671875 2948
16324.2294921875 1601
16328.6025390625 2256
16390.927734375 2104
16393.56640625 284
16421.783203125 182
16432.326171875 916
16443.888671875 1667
16445.34765625 1852
16450.5234375 727
16489.0 2036
16506.8359375 2772
16514.7265625 130
16535.07421875 219
16582.173828125 394
16586.3359375 405
16586.607421875 634
16587.384765625 856
16593.8828125 983
16606.3671875 1117
16637.19140625 1386
16640.451171875 1791
16647.01953125 1991
16663.015625 2060
16667.4375 2215
16735.5 2314
16742.705078125 2440
16774.318359375 2467
16777.779296875 2618
16790.01953125 2648
16849.263671875 2694
16863.076171875 1772
16880.56640625 818
16993.134765625 2907
17000.685546875 660
17019.39453125 1046
17036.99609375 298
17053.93359375 372
17062.5390625 492
17072.900390625 752
17129.50390625 838
17140.642578125 903
17171.248046875 1034
17173.92578125 1128
17178.46875 1187
17194.130859375 1437
17194.25390625 1488
17228.265625 1534
17255.59375 1657
17257.392578125 1678
17299.236328125 1824
17376.591796875 1826
17407.458984375 1941
17423.841796875 1997
17436.33984375 2318
17453.40234375 2327
17488.451171875 2362
17499.23046875 2404
17510.138671875 2453
17513.728515625 2458
17514.1328125 2496
17516.0703125 2696
17607.083984375 2722
17621.373046875 2796
17685.783203125 2584
17708.21875 2872
17731.23046875 2589
17734.677734375 2135
17795.50390625 1802
17800.46875 1853
17802.6953125 1892
17879.412109375 1580
17901.77734375 25
17907.068359375 72
17980.658203125 343
18000.427734375 710
18029.93359375 755
18063.35546875 885
18067.0234375 1683
18085.716796875 1776
18093.98828125 1972
18128.076171875 2047
18134.935546875 2138
18143.859375 2185
18167.208984375 2344
18232.984375 2545
18271.896484375 2573
18300.28125 2855
18303.005859375 2159
18339.396484375 1067
18344.25 371
18347.775390625 243
18349.50390625 1301
18471.201171875 311
18472.478515625 426
18512.935546875 648
18545.646484375 720
18553.59375 792
18559.603515625 940
18579.32421875 1006
18581.029296875 1032
18585.4375 1160
18589.306640625 1189
18607.93359375 2183
18611.7890625 2190
18626.54296875 2301
18643.849609375 1459
18661.94921875 1649
18721.703125 353
18747.603515625 2706
18819.232421875 1511
18829.46875 1778
18847.72265625 329
18880.1875 731
18917.24609375 1400
18977.9375 2070
19040.5546875 1480
19073.671875 1714
19123.48046875 249
19135.28515625 94
19157.548828125 2823
19320.42578125 471
19321.12109375 473
19350.98828125 747
19467.796875 915
19511.01953125 921
19536.37890625 993
19536.37890625 1072
19591.185546875 1415
19622.724609375 1541
19627.703125 1746
19638.0703125 1949
19674.4140625 2079
19793.03515625 2219
19800.2578125 2258
19813.861328125 2413
19815.267578125 2628
19847.068359375 2828
19962.63671875 2903
19983.9765625 2996
19995.41015625 204
20031.82421875 1247
20048.53125 1410
20100.798828125 1888
20123.9765625 1214
20129.171875 1658
20191.474609375 2587
20250.263671875 380
20274.619140625 688
20284.62109375 1761
20306.88671875 66
20353.96875 127
20360.90234375 179
20376.740234375 855
20378.44921875 1198
20384.916015625 1250
20389.32421875 1507
20411.3125 1558
20429.525390625 2007
20452.828125 2092
20476.345703125 2231
20486.609375 2384
20516.791015625 2457
20550.103515625 2544
20551.947265625 2717
20602.64453125 2774
20630.841796875 2794
20631.375 2909
20723.84375 972
20788.314453125 1138
20910.79296875 1442
20913.00390625 1137
20947.24609375 102
20951.27734375 667
20954.8359375 1935
20959.55859375 2352
20971.79296875 2887
21038.787109375 427
21047.22265625 1533
21061.814453125 170
21064.11328125 262
21096.498046875 306
21124.4921875 596
21139.494140625 805
21154.791015625 849
21222.77734375 850
21232.916015625 965
21233.666015625 976
21236.75390625 1058
21271.14453125 1403
21360.859375 1645
21372.974609375 1999
21400.126953125 2292
21458.32421875 2392
21495.8046875 2403
21508.96484375 2497
21549.14453125 2524
21549.37109375 2601
21561.234375 2652
21564.263671875 2657
21626.25 2761
21662.1171875 2839
21743.46875 2939
21748.099609375 2984
21798.75390625 1027
21853.669921875 622
21946.08984375 417
21946.4140625 450
21978.482421875 690
22002.0546875 969
22018.9765625 982
22028.357421875 1040
22033.298828125 1078
22060.962890625 1083
22136.181640625 1382
22195.412109375 1391
22231.841796875 1486
22231.841796875 1503
22258.599609375 1547
22319.974609375 1561
22375.73046875 1965
22401.08203125 2026
22429.90234375 2066
22445.7578125 2182
22456.041015625 2245
22493.76953125 2460
22493.833984375 2466
22546.23046875 2540
22618.076171875 2593
22649.34765625 2632
22652.556640625 2753
22653.107421875 2759
22665.779296875 2793
22671.146484375 2925
22742.681640625 2152
22748.84765625 762
22789.794921875 2757
22866.611328125 37
22869.533203125 1624
22900.494140625 1271
22917.37890625 2370
22964.646484375 2895
23076.341796875 2411
23113.84765625 67
23121.025390625 150
23159.998046875 171
23218.890625 195
23238.337890625 363
23243.849609375 522
23303.220703125 657
23304.1796875 701
23305.470703125 760
23319.126953125 811
23325.46875 874
23356.41796875 875
23407.8046875 1002
23422.80859375 1007
23512.09765625 1023
23606.79296875 1356
23741.177734375 1378
23776.15625 1489
23957.158203125 1629
24085.76953125 2721
24162.345703125 2032
24201.548828125 2259
24213.8828125 771
24311.59375 1543
24441.513671875 2241
24457.05078125 1964
24565.392578125 1625
24570.767578125 2693
24624.0546875 222
24780.708984375 258
24805.703125 281
24839.998046875 506
24839.998046875 582
24976.337890625 724
25001.783203125 879
25035.748046875 1003
25074.310546875 1171
25265.71484375 1182
25290.796875 1588
25312.88671875 1685
25339.638671875 1758
25394.73046875 2300
25423.591796875 2310
25444.28125 2705
25487.74609375 2845
25555.919921875 2916
25576.943359375 1811
25590.080078125 2701
25613.50390625 421
25662.66796875 1440
25679.435546875 2337
25806.791015625 2531
25840.48046875 18
25856.3984375 29
25867.060546875 31
25914.45703125 104
25973.39453125 274
25998.740234375 321
26005.06640625 370
26132.13671875 375
26137.828125 562
26219.921875 914
26234.3984375 944
26299.859375 1672
26420.57421875 1684
26444.400390625 1825
26452.9296875 1846
26607.099609375 1960
26656.30859375 1976
26671.396484375 2006
26696.001953125 2319
26734.962890625 2405
26848.615234375 2550
26909.744140625 2606
26941.720703125 2768
27191.72265625 1081
27339.322265625 1780
27753.462890625 16
27796.03125 28
27811.8203125 125
27910.24609375 212
28095.15625 265
28121.845703125 295
28132.89453125 360
28217.345703125 364
28334.158203125 937
28366.97265625 1077
28384.783203125 1101
28613.421875 1241
28905.19140625 1243
29517.76953125 1307
29555.44140625 1343
29564.048828125 1404
29569.61328125 1418
30645.689453125 1585
30734.50390625 1719
30841.259765625 1822
31097.0859375 2009
31134.1640625 2164
31357.283203125 2214
31665.048828125 2250
32024.52734375 2263
33379.5625 2342
34046.5078125 2359
34478.76953125 2547
