6290.63916015625 1646
6810.92626953125 2396
7053.48095703125 49
7095.06884765625 189
7129.82275390625 261
7231.64013671875 263
7301.078125 430
7420.61767578125 831
7719.12646484375 899
7734.1376953125 1123
7767.5556640625 1169
7824.28369140625 1350
7850.4736328125 1405
7898.89453125 1512
7908.63232421875 1750
7934.5283203125 1769
7945.28759765625 1908
7982.6162109375 1966
8132.98388671875 1982
8144.521484375 1993
8159.9150390625 2094
8216.08203125 2126
8227.263671875 2141
8340.93359375 2171
8372.5439453125 2174
8419.54296875 2177
8445.408203125 2237
8628.3515625 2367
8632.169921875 2536
8644.8125 2542
8679.6826171875 2582
8705.36328125 2675
8768.2919921875 2703
8783.0146484375 1873
8812.685546875 2107
8813.515625 1446
8888.076171875 87
8948.3974609375 251
8975.30078125 527
9078.76171875 529
9081.75390625 625
9161.4130859375 641
9168.7392578125 693
9188.1875 873
9278.0 881
9305.6640625 928
9311.890625 1133
9322.576171875 1283
9388.3701171875 1318
9399.833984375 1346
9437.43359375 1417
9457.703125 1720
9494.6923828125 1987
9495.38671875 2226
9546.4296875 2296
9571.91015625 2515
9636.017578125 2572
9653.64453125 2669
9657.08984375 2728
9695.7099609375 2734
9710.1083984375 2746
9717.4453125 2852
9719.736328125 2866
9724.94140625 2915
9795.4365234375 2949
9796.0693359375 377
9837.8994140625 2281
9838.69921875 160
9874.8193359375 1
9902.1259765625 425
9923.541015625 446
9963.439453125 800
9964.4541015625 918
9970.138671875 953
9971.8701171875 985
10018.091796875 986
10022.599609375 1008
10098.66796875 1043
10103.78125 1270
10116.8349609375 1317
10193.740234375 1435
10205.033203125 1548
10219.1875 1606
10237.314453125 1661
10237.6904296875 1712
10238.3876953125 2010
10274.701171875 2088
10294.2646484375 2365
10315.4951171875 2410
10319.021484375 2414
10329.00390625 2482
10351.8896484375 2560
10374.66796875 2781
10386.27734375 2820
10436.966796875 997
10454.9794921875 1781
10506.8974609375 81
10568.8125 229
10570.611328125 440
10613.638671875 548
10620.517578125 611
10743.115234375 826
10745.2529296875 834
10760.248046875 848
10777.23046875 871
10787.10546875 893
10822.154296875 1231
10861.8984375 1256
10861.8984375 1315
10879.78125 1458
10879.974609375 1550
10907.833984375 1671
10915.154296875 1711
10937.1025390625 1815
10954.646484375 1893
10968.23046875 2312
10970.6015625 2324
10978.51953125 2385
10979.8349609375 2447
10999.025390625 2562
11004.4169921875 2610
11023.412109375 2622
11027.0107421875 2853
11075.08203125 2924
11115.41796875 2927
11169.169921875 2239
11202.6630859375 1362
11206.8369140625 1926
11218.5126953125 2997
11235.3583984375 254
11245.384765625 388
11268.935546875 465
11273.6982421875 498
11295.4111328125 520
11311.9111328125 962
11346.06640625 981
11352.5888671875 1156
11356.3740234375 1652
11358.076171875 2205
11372.7939453125 2339
11392.0673828125 2417
11392.9677734375 2494
11403.48828125 2687
11407.2197265625 1122
11433.2548828125 1670
11434.1171875 264
11440.970703125 2173
11442.576171875 1281
11452.708984375 455
11462.787109375 470
11484.2373046875 902
11538.7509765625 926
11577.732421875 967
11579.873046875 1104
11642.9296875 1225
11658.345703125 1286
11764.681640625 1506
11780.0498046875 1516
11781.6572265625 1599
11783.154296875 1779
11791.7919921875 1848
11804.146484375 1867
11808.1064453125 1883
11815.3505859375 2063
11819.2041015625 2210
11823.3330078125 2246
11831.57421875 2285
11833.005859375 2361
11846.716796875 2686
11859.2041015625 2700
11888.7373046875 88
11904.482421875 586
11910.8681640625 136
11921.0927734375 1471
11927.69140625 226
11938.880859375 296
11944.376953125 1197
11963.8125 1666
11967.068359375 2511
11979.5458984375 101
11992.08984375 215
12019.82421875 549
12019.916015625 550
12029.7265625 573
12046.90625 1136
12052.3515625 1199
12113.578125 1530
12124.8125 1581
12148.755859375 1640
12158.19921875 1688
12178.10546875 1968
12199.568359375 2526
12214.1650390625 2571
12221.7138671875 2983
12223.7041015625 1787
12229.73046875 602
12232.1865234375 1146
12250.56640625 253
12259.435546875 342
12261.5439453125 843
12268.3896484375 1233
12296.134765625 1335
12302.4189453125 1394
12304.1787109375 1737
12332.318359375 1784
12371.9111328125 1950
12375.021484375 2025
12377.9443359375 2473
12387.19140625 2518
12398.3603515625 999
12416.3671875 1056
12424.287109375 1900
12428.15625 1304
12441.654296875 1326
12442.9677734375 2967
12442.9677734375 1329
12451.513671875 50
12461.513671875 318
12466.6767578125 389
12470.595703125 478
12476.7109375 491
12480.8154296875 580
12483.6748046875 599
12489.6953125 890
12497.9267578125 896
12501.826171875 909
12510.95703125 919
12522.751953125 995
12523.1123046875 1273
12524.1005859375 1342
12530.30078125 1430
12548.205078125 1495
12548.205078125 1568
12589.740234375 1583
12596.021484375 1764
12601.0419921875 1774
12604.884765625 2065
12625.7978515625 2117
12626.5546875 2181
12642.21875 2268
12662.1064453125 2465
12662.8837890625 2664
12742.4521484375 2760
12756.234375 2764
12758.240234375 2938
12765.275390625 2943
12783.03125 1860
12812.6953125 2880
12820.505859375 1333
12837.8935546875 2631
12838.2294921875 146
12839.2236328125 1538
12860.7236328125 21
12863.904296875 34
12873.328125 200
12878.083984375 288
12884.7607421875 336
12898.5029296875 385
12900.556640625 517
12906.318359375 546
12908.3310546875 609
12915.28125 614
12934.3515625 683
12937.8125 686
12944.1044921875 769
12946.3837890625 1097
12955.216796875 1221
12964.494140625 1322
12968.125 1359
12989.2177734375 1376
12991.9990234375 1686
13052.26171875 1854
13052.8544921875 2513
13063.0517578125 2553
13071.66796875 2650
13101.6953125 2672
13110.697265625 2911
13123.8369140625 78
13124.66796875 2713
13134.4521484375 2800
13147.3046875 2651
13147.330078125 2970
13160.3076171875 1045
13176.39453125 1068
13179.328125 2078
13180.0869140625 884
13181.337890625 886
13181.76953125 1028
13184.9521484375 1845
13189.294921875 1932
13212.091796875 2489
13228.0634765625 90
13247.599609375 153
13277.822265625 240
13279.248046875 256
13280.15234375 531
13283.1103515625 644
13283.884765625 706
13307.7939453125 775
13321.9443359375 1163
13328.373046875 1483
13335.279296875 2114
13348.4521484375 2379
13349.6484375 2424
13355.6484375 2433
13368.9775390625 2435
13372.650390625 2442
13388.1630859375 2683
13400.7998046875 2811
13403.4794921875 2176
13415.6162109375 169
13424.26171875 2207
13435.0986328125 1144
13435.8994140625 2180
13453.064453125 73
13457.1279296875 663
13469.5400390625 677
13473.8544921875 756
13476.1513671875 925
13480.876953125 927
13481.103515625 946
13481.9677734375 996
13500.02734375 1141
13500.818359375 1202
13515.68359375 1251
13519.1416015625 1457
13529.603515625 1502
13532.0439453125 1591
13552.0810546875 1733
13552.919921875 1735
13560.4306640625 1919
13560.47265625 1933
13568.3662109375 1955
13579.0517578125 2002
13589.7548828125 2335
13601.439453125 2341
13606.171875 2565
13609.716796875 2695
13616.02734375 2763
13617.3779296875 2840
13629.373046875 2422
13639.3134765625 1020
13644.86328125 640
13645.8994140625 59
13646.3544921875 177
13661.326171875 191
13663.251953125 575
13675.615234375 687
13680.142578125 934
13681.3564453125 1119
13685.943359375 1529
13699.70703125 1697
13729.609375 1810
13733.54296875 1831
13740.9736328125 2354
13744.267578125 2528
13746.2958984375 2679
13751.5009765625 2712
13761.546875 2747
13790.4501953125 2809
13791.50390625 2821
13799.5166015625 2842
13802.130859375 2860
13806.7021484375 2906
13823.2734375 2994
13825.513671875 186
13829.3662109375 223
13838.3271484375 1594
13838.3837890625 410
13846.00390625 631
13846.47265625 132
13859.5029296875 2576
13882.16015625 1282
13883.73828125 488
13906.2958984375 869
13945.375 2059
13946.8310546875 787
13953.1015625 904
13970.9853515625 137
13975.7275390625 275
13982.728515625 328
13985.14453125 333
13995.328125 392
13998.9736328125 407
14012.669921875 489
14015.6171875 680
14023.3779296875 1022
14025.7529296875 1290
14035.107421875 1358
14040.912109375 1607
14054.8193359375 1653
14064.9365234375 2024
14077.349609375 2184
14081.7685546875 2221
14084.9755859375 2394
14088.8369140625 2427
14098.3984375 2517
14099.46875 2655
14117.83203125 2704
14120.166015625 2900
14122.0283203125 2946
14125.8271484375 459
14126.328125 1408
14129.833984375 1339
14137.40234375 22
14138.798828125 45
14145.90625 300
14165.2490234375 812
14166.255859375 922
14180.3115234375 947
14188.642578125 975
14193.9892578125 1001
14217.4150390625 1095
14218.185546875 1275
14223.9287109375 1664
14235.9248046875 1708
14246.5048828125 1763
14252.005859375 1766
14253.095703125 1889
14254.2021484375 2077
14254.9248046875 2082
14255.05078125 2131
14269.087890625 2315
14270.53515625 2317
14287.61328125 2409
14314.8984375 2608
14332.203125 2616
14336.31640625 2649
14338.9052734375 2819
14345.36328125 2862
14345.62890625 1164
14348.470703125 2213
14352.09765625 1050
14352.349609375 979
14357.7099609375 1562
14403.31640625 1597
14404.283203125 2334
14405.0703125 587
14407.4951171875 630
14412.3251953125 777
14416.462890625 1012
14423.240234375 1064
14437.640625 1082
14450.310546875 1462
14450.7666015625 1501
14452.48828125 1654
14456.099609375 1800
14462.6953125 2656
14484.189453125 2884
14490.8681640625 1416
14514.115234375 1575
14519.8388671875 2889
14529.529296875 445
14539.650390625 30
14546.3623046875 2484
14577.3798828125 38
14588.384765625 40
14616.85546875 76
14618.0576171875 77
14622.720703125 108
14625.42578125 164
14633.0439453125 211
14635.318359375 225
14639.255859375 376
14662.9326171875 437
14669.62109375 510
14670.6953125 646
14673.271484375 671
14678.7626953125 738
14691.6015625 770
14697.8369140625 1434
14699.056640625 1610
14699.2158203125 1662
14703.0859375 1709
14721.53125 1998
14741.134765625 2166
14766.8759765625 2220
14785.4287109375 2238
14787.8876953125 2255
14793.580078125 2345
14797.958984375 2510
14817.95703125 2581
14819.94921875 2607
14838.7578125 2807
14838.7578125 1015
14840.3056640625 1984
14850.607421875 1258
14868.8720703125 2555
14893.736328125 1147
14895.951171875 865
14909.66796875 939
14915.8193359375 1497
14922.6943359375 2630
14932.125 2752
14933.64453125 457
14939.2275390625 309
14943.5693359375 316
14946.865234375 483
14947.2333984375 484
14968.3876953125 633
14983.408203125 1026
14985.73828125 1036
15004.1640625 1176
15013.3603515625 1423
15016.384765625 1485
15019.59375 1590
15028.806640625 1702
15030.94921875 1759
15057.439453125 1818
15064.9814453125 1958
15070.318359375 1963
15076.447265625 1977
15077.96875 2053
15106.6318359375 2056
15116.779296875 2125
15120.109375 2304
15121.642578125 2356
15125.548828125 2477
15127.32421875 2533
15153.5400390625 2732
15164.9306640625 2948
15166.3408203125 1601
15172.86328125 2256
15183.166015625 2104
15216.7568359375 284
15223.1025390625 182
15232.0009765625 916
15259.2060546875 1667
15268.982421875 1852
15276.7509765625 727
15276.7509765625 2036
15325.583984375 2772
15329.416015625 130
15330.4365234375 219
15330.5078125 394
15347.724609375 405
15351.9697265625 634
15352.28125 856
15352.349609375 983
15364.345703125 1117
15382.99609375 1386
15396.6015625 1791
15407.4130859375 1991
15412.7861328125 2060
15414.0986328125 2215
15426.7314453125 2314
15429.373046875 2440
15430.220703125 2467
15434.5693359375 2618
15456.0224609375 2648
15460.05078125 2694
15470.296875 1772
15472.900390625 818
15477.73046875 2907
15483.3818359375 660
15491.0 1168
15491.2294921875 1145
15496.8935546875 1476
15497.419921875 1618
15531.5712890625 655
15532.556640625 1592
15532.556640625 2120
15536.099609375 2557
15568.8310546875 112
15573.2158203125 350
15589.1572265625 356
15592.6611328125 448
15598.212890625 1500
15601.7353515625 1526
15603.3115234375 1587
15614.6015625 1881
15621.7451171875 1943
15637.8212890625 1962
15676.529296875 1995
15677.80078125 2075
15721.78125 2118
15724.197265625 2309
15730.7421875 2418
15732.478515625 2516
15752.3505859375 2588
15768.955078125 2605
15787.3984375 2623
15803.318359375 2937
15805.2236328125 1005
15824.26953125 110
15826.5859375 2360
15846.38671875 121
15854.3984375 1046
15878.3251953125 298
15888.40625 372
15892.6708984375 492
15913.185546875 752
15920.369140625 838
15920.3974609375 903
15957.1455078125 1034
15973.2109375 1128
15985.04296875 1187
15985.5048828125 1437
15986.21484375 1488
16013.62109375 1534
16020.283203125 1657
16027.1171875 1678
16031.9375 1824
16046.0361328125 1826
16052.0458984375 1941
16059.9560546875 1997
16063.0927734375 2318
16064.9970703125 2327
16077.7734375 2362
16083.1611328125 2404
16091.2998046875 2453
16091.615234375 2458
16097.2900390625 2496
16100.3125 2696
16106.4423828125 2722
16144.4033203125 2796
16145.3720703125 2584
16164.31640625 2872
16182.349609375 2589
16182.70703125 2135
16186.9365234375 1802
16191.21875 1853
16209.658203125 1892
16219.748046875 1580
16222.740234375 25
16229.046875 72
16279.60546875 343
16281.5517578125 710
16309.123046875 755
16311.8642578125 885
16323.873046875 1683
16325.4697265625 1776
16332.681640625 1972
16337.05078125 2047
16337.423828125 2138
16359.7939453125 2185
16365.3359375 2344
16388.5859375 2545
16408.173828125 2573
16410.298828125 2855
16439.6015625 2159
16453.33984375 1067
16459.2890625 371
16494.404296875 243
16496.88671875 1301
16527.294921875 311
16548.220703125 426
16548.76953125 648
16563.15625 720
16579.17578125 792
16591.76953125 940
16599.294921875 1006
16611.4453125 1032
16650.498046875 1160
16657.57421875 1189
16665.173828125 2183
16681.947265625 2190
16705.736328125 2301
16716.27734375 1459
16751.9375 1649
16758.146484375 353
16774.791015625 2706
16776.17578125 1511
16781.794921875 1778
16786.1171875 329
16789.849609375 731
16810.654296875 1400
16817.498046875 2070
16828.228515625 1480
16834.19140625 1714
16853.38671875 249
16855.50390625 94
16860.5703125 2823
16861.42578125 471
16869.5625 473
16872.916015625 747
16872.916015625 915
16880.671875 921
16929.72265625 993
16935.40625 1072
16945.046875 1415
16983.0078125 1541
16990.71484375 1746
17017.8046875 1949
17022.703125 2079
17035.474609375 2219
17042.560546875 2258
17047.693359375 2413
17047.96875 2628
17048.859375 2828
17060.38671875 2903
17080.96484375 2996
17083.31640625 204
17087.181640625 1247
17100.69140625 1410
17101.18359375 1888
17123.544921875 1214
17133.0390625 1658
17149.990234375 2587
17154.33203125 380
17173.130859375 688
17204.322265625 1761
17219.3125 66
17219.4609375 127
17248.591796875 179
17252.779296875 855
17274.23046875 1198
17289.716796875 1250
17308.76171875 1507
17330.3359375 1558
17340.185546875 2007
17346.11328125 2092
17346.44921875 2231
17361.126953125 2384
17382.486328125 2457
17393.568359375 2544
17399.99609375 2717
17400.962890625 2774
17438.890625 2794
17442.30078125 2909
17470.9765625 972
17482.828125 1138
17486.689453125 1442
17494.580078125 1137
17527.552734375 102
17534.662109375 667
17535.73828125 1935
17554.388671875 2352
17560.05859375 2887
17573.8671875 427
17580.431640625 1533
17628.67578125 170
17663.634765625 262
17667.79296875 306
17669.177734375 596
17695.0 805
17708.357421875 849
17756.021484375 850
17760.30078125 965
17761.18359375 976
17772.041015625 1058
17805.84375 1403
17819.03125 1645
17838.47265625 1999
17871.177734375 2292
17891.580078125 2392
17901.904296875 2403
17921.935546875 2497
17944.212890625 2524
18014.666015625 2601
18038.36328125 2652
18060.88671875 2657
18081.6171875 2761
18101.318359375 2839
18121.6484375 2939
18126.48828125 2984
18130.7109375 1027
18137.365234375 622
18137.365234375 417
18137.365234375 450
18139.138671875 690
18154.578125 969
18192.36328125 982
18196.12109375 1040
18200.29296875 1078
18212.1875 1083
18229.13671875 1382
18257.958984375 1391
18265.2734375 1486
18287.0703125 1503
18304.578125 1547
18335.03515625 1561
18405.3671875 1965
18406.814453125 2026
18407.291015625 2066
18423.025390625 2182
18438.8359375 2245
18476.6796875 2460
18482.25 2466
18482.609375 2540
18531.560546875 2593
18547.3203125 2632
18567.876953125 2753
18570.228515625 2759
18580.0234375 2793
18583.451171875 2925
18613.013671875 2152
18613.55078125 762
18660.921875 2757
18692.458984375 37
18720.11328125 1624
18740.037109375 1271
18765.216796875 2370
18765.802734375 2895
18792.306640625 2411
18793.09375 67
18806.041015625 150
18817.681640625 171
18818.6875 195
18844.431640625 363
18892.71484375 522
18943.525390625 657
18987.8515625 701
18992.26953125 760
18996.162109375 811
18997.763671875 874
19004.0546875 875
19012.70703125 1002
19027.12890625 1007
19088.3828125 1023
19112.87890625 1356
19172.318359375 1378
19182.146484375 1489
19247.970703125 1629
19250.32421875 2721
19254.6875 2032
19305.4140625 2259
19344.947265625 771
19440.03515625 1543
19455.740234375 2241
19510.802734375 1964
19542.876953125 1625
19548.216796875 2693
19549.873046875 222
19677.9765625 258
19716.361328125 281
19754.7109375 506
19774.21875 582
19886.22265625 724
19973.724609375 879
19982.564453125 1003
20042.5 1171
20085.14453125 1182
20099.146484375 1588
20156.654296875 1685
20164.173828125 1758
20170.5234375 2300
20218.041015625 2310
20236.923828125 2705
20292.859375 2845
20369.037109375 2916
20384.59375 1811
20433.15234375 2701
20445.08984375 421
20467.3515625 1440
20494.92578125 2337
20495.251953125 2531
20564.310546875 18
20584.794921875 29
20595.859375 31
20630.078125 104
20824.38671875 274
20935.9140625 321
20959.388671875 370
20970.80859375 375
21014.154296875 562
21081.646484375 914
21219.248046875 944
21260.09375 1672
21356.8125 1684
21375.603515625 1825
21453.0078125 1846
21456.697265625 1960
21616.75390625 1976
21963.66015625 2006
22015.306640625 2319
22047.99609375 2405
22116.79296875 2550
22145.478515625 2606
22177.9296875 2768
22231.05078125 1081
22386.91015625 1780
22504.408203125 16
22589.775390625 28
22648.0703125 125
22649.27734375 212
22735.373046875 265
22777.10546875 295
22813.5625 360
22942.095703125 364
23172.55859375 937
23172.6328125 1077
23340.470703125 1101
23591.193359375 1241
23757.990234375 1243
24000.359375 1307
24006.88671875 1343
24080.94921875 1404
24104.11328125 1418
24269.69140625 1585
24598.802734375 1719
24800.6171875 1822
25700.150390625 2009
26202.298828125 2164
26359.3984375 2214
27839.4921875 2250
28822.615234375 2263
29104.40625 2342
33285.91015625 2359
33937.2109375 2547
