2906.39892578125 204
3017.2841796875 1247
3070.6064453125 1410
3190.3818359375 1888
3421.169677734375 1214
3529.146484375 1658
3626.403564453125 2587
3636.40087890625 380
4033.2939453125 688
4243.646484375 1761
4354.76220703125 66
4388.26025390625 127
4446.05322265625 179
4452.9658203125 855
4479.71337890625 1198
4750.107421875 1250
4763.25927734375 1507
4789.6650390625 1558
4830.94287109375 2007
5242.146484375 2092
5453.41162109375 2231
5576.17138671875 2384
5695.62841796875 2457
5718.8896484375 2544
5754.72265625 2717
5948.8271484375 2774
5949.65625 2794
6143.9658203125 2909
6236.91845703125 972
6290.11328125 1138
6353.0595703125 1442
6400.77734375 1446
6408.0263671875 87
6482.7705078125 251
6532.3076171875 527
6533.3427734375 529
6542.9462890625 625
6845.92919921875 641
6996.6806640625 693
7015.45166015625 873
7073.7314453125 881
7084.0615234375 928
7109.0068359375 1133
7139.29638671875 1283
7191.9521484375 1318
7219.796875 1346
7306.7998046875 1417
7345.78515625 1720
7410.7412109375 1987
7545.7314453125 2226
7613.04296875 2296
7618.8583984375 2515
7746.87353515625 2572
7947.587890625 2669
7968.46435546875 2728
8158.2490234375 2734
8194.205078125 2746
8243.4736328125 2852
8303.318359375 2866
8377.26171875 2915
8447.67578125 2949
8456.2021484375 377
8501.4736328125 2281
8532.625 160
8540.291015625 1
8596.203125 425
8624.0595703125 446
8678.900390625 800
8833.396484375 918
8838.888671875 953
9018.2568359375 985
9026.2109375 986
9052.9443359375 1008
9069.5029296875 1043
9073.4775390625 1270
9091.6689453125 1317
9107.361328125 1435
9245.248046875 1548
9247.6953125 1606
9262.970703125 1661
9341.9755859375 1712
9397.6767578125 2010
9498.0546875 2088
9528.2119140625 2365
9551.5732421875 2410
9610.8076171875 2414
9663.2138671875 2482
9690.3583984375 2560
9750.3828125 2781
9766.5546875 2820
9824.158203125 997
9843.158203125 1781
9847.62890625 81
9850.63671875 229
9855.3447265625 440
9858.451171875 548
9872.333984375 611
9872.4833984375 826
9917.572265625 834
9961.3505859375 848
10025.5751953125 871
10027.072265625 893
10071.513671875 1231
10094.48828125 1256
10104.34375 1315
10146.556640625 1458
10157.8115234375 1550
10227.7861328125 1671
10240.1708984375 1711
10254.2802734375 1815
10304.2021484375 1893
10322.55078125 2312
10347.521484375 2324
10412.18359375 2385
10468.86328125 2447
10480.544921875 2562
10487.84375 2610
10515.892578125 2622
10519.427734375 2853
10520.271484375 2924
10535.9765625 2927
10538.12890625 2239
10554.8203125 1362
10569.205078125 1926
10573.5703125 2997
10602.453125 254
10651.0625 388
10654.9833984375 465
10739.71875 498
10836.95703125 520
10845.3095703125 962
10851.3046875 981
10854.9384765625 1156
10900.068359375 1652
10900.7490234375 2205
10924.0771484375 2339
10959.3818359375 2417
10964.4765625 2494
10986.6005859375 2687
10989.7900390625 1122
11000.6162109375 1670
11000.6162109375 264
11026.404296875 2173
11035.697265625 1646
11116.6474609375 2396
11137.6103515625 49
11165.1396484375 189
11206.7861328125 261
11241.072265625 263
11245.6630859375 430
11264.259765625 831
11270.2421875 899
11286.390625 1123
11305.9296875 1169
11317.14453125 1350
11317.345703125 1405
11383.080078125 1512
11406.33203125 1750
11444.0390625 1769
11460.546875 1908
11464.650390625 1966
11488.7421875 1982
11554.826171875 1993
11565.220703125 2094
11570.3359375 2126
11579.1806640625 2141
11584.7568359375 2171
11601.1728515625 2174
11645.009765625 2177
11645.4345703125 2237
11649.158203125 2367
11657.0341796875 2536
11669.8828125 2542
11691.1630859375 2582
11692.48046875 2675
11697.845703125 2703
11697.845703125 1873
11739.111328125 2107
11780.658203125 1281
11799.0634765625 455
11800.529296875 470
11828.1845703125 902
11869.998046875 926
11879.90234375 967
11892.0185546875 1104
11894.4580078125 1225
11902.91015625 1286
11910.599609375 1506
11953.34375 1516
11969.2978515625 1599
12002.3251953125 1779
12023.94921875 1848
12033.728515625 1867
12038.4599609375 1883
12043.703125 2063
12049.302734375 2210
12081.375 2246
12106.2783203125 2285
12106.2783203125 2361
12111.0361328125 2686
12116.5478515625 2700
12142.744140625 88
12156.060546875 586
12160.98828125 136
12208.2373046875 1471
12291.958984375 226
12311.5244140625 296
12322.166015625 1197
12389.609375 1666
12401.88671875 2511
12465.673828125 101
12467.7705078125 215
12482.658203125 549
12504.6728515625 550
12540.607421875 573
12552.107421875 1136
12555.0224609375 1199
12564.560546875 1530
12582.9970703125 1581
12588.8505859375 1640
12592.32421875 1688
12598.748046875 1968
12644.509765625 2526
12758.6572265625 2571
12777.34375 2983
12787.73828125 1787
12838.185546875 602
12874.61328125 1146
12877.2451171875 253
12884.6552734375 342
12891.4453125 843
12907.744140625 1233
12911.068359375 1335
12943.1171875 1394
12972.3525390625 1737
12973.736328125 1784
12999.9326171875 1950
13007.791015625 2025
13107.4111328125 2473
13108.60546875 2518
13181.7138671875 999
13222.5009765625 1056
13227.029296875 1900
13242.720703125 1304
13306.9697265625 1326
13314.8232421875 2967
13323.990234375 1329
13338.15625 50
13342.0087890625 318
13373.83984375 389
13389.8779296875 478
13424.82421875 491
13429.783203125 580
13433.669921875 599
13451.0703125 890
13454.916015625 896
13480.734375 909
13489.26953125 919
13492.880859375 995
13531.6884765625 1273
13570.0908203125 1342
13572.0986328125 1430
13576.2060546875 1495
13591.1103515625 1568
13599.8310546875 1583
13606.6318359375 1764
13609.4697265625 1774
13612.509765625 2065
13617.8134765625 2117
13620.7158203125 2181
13649.2099609375 2268
13693.275390625 2465
13702.880859375 2664
13702.880859375 2760
13716.8818359375 2764
13734.884765625 2938
13739.447265625 2943
13739.447265625 1860
13741.080078125 2880
13792.2978515625 1333
13795.0712890625 2631
13808.296875 146
13814.3583984375 1538
13829.501953125 21
13853.408203125 34
13854.009765625 200
13871.8720703125 288
13875.5244140625 336
13877.9765625 385
13888.8515625 517
13902.189453125 546
13932.9482421875 609
13935.599609375 614
13946.71875 683
13963.06640625 686
13969.8017578125 769
14011.6943359375 1097
14031.171875 1221
14036.6806640625 1322
14044.833984375 1359
14065.501953125 1376
14092.4287109375 1686
14094.296875 1854
14108.8447265625 2513
14114.6142578125 2553
14131.927734375 2650
14145.908203125 2672
14153.1015625 2911
14178.2705078125 78
14207.4453125 2713
14210.677734375 2800
14218.6591796875 2651
14228.8759765625 2970
14237.7294921875 1045
14267.30859375 1068
14270.90234375 2078
14292.1796875 884
14302.041015625 886
14302.9033203125 1028
14314.8740234375 1845
14319.5947265625 1932
14323.5703125 2489
14323.59375 90
14339.595703125 153
14348.94140625 240
14405.990234375 256
14407.814453125 531
14408.39453125 644
14423.0986328125 706
14433.41015625 775
14469.849609375 1163
14471.0478515625 1483
14478.2705078125 2114
14494.267578125 2379
14502.0048828125 2424
14525.162109375 2433
14528.275390625 2435
14538.6875 2442
14540.908203125 2683
14543.443359375 2811
14565.7548828125 2176
14571.94921875 169
14593.5341796875 2207
14612.30859375 1144
14612.8203125 2180
14619.9287109375 73
14622.783203125 663
14623.416015625 677
14636.150390625 756
14675.8056640625 925
14678.201171875 927
14681.548828125 946
14706.5732421875 996
14709.62890625 1141
14710.5625 1202
14762.1259765625 1251
14765.3095703125 1457
14768.1337890625 1502
14768.5859375 1591
14786.677734375 1733
14810.017578125 1735
14822.97265625 1919
14834.8193359375 1933
14849.1728515625 1955
14877.9970703125 2002
14894.1416015625 2335
14912.724609375 2341
14917.0859375 2565
14937.7822265625 2695
14942.4599609375 2763
14946.798828125 2840
14949.2197265625 2422
14953.5654296875 1020
14969.197265625 640
14995.0078125 59
15015.755859375 177
15016.326171875 191
15025.6513671875 575
15052.4453125 687
15064.7607421875 934
15066.8515625 1119
15133.0751953125 1529
15160.8271484375 1697
15197.2626953125 1810
15203.09765625 1831
15204.47265625 2354
15222.771484375 2528
15223.2998046875 2679
15254.7548828125 2712
15283.765625 2747
15319.451171875 2809
15346.3427734375 2821
15351.4501953125 2842
15363.74609375 2860
15395.9677734375 2906
15405.861328125 2994
15408.828125 186
15423.7451171875 223
15423.9072265625 1594
15429.2646484375 410
15435.583984375 631
15457.583984375 132
15468.40234375 2576
15518.90234375 1282
15521.61328125 488
15533.9541015625 869
15534.49609375 2059
15546.1904296875 787
15562.43359375 904
15564.5556640625 137
15574.373046875 275
15576.869140625 328
15582.7578125 333
15587.8212890625 392
15593.2109375 407
15596.46875 489
15597.0078125 680
15599.2138671875 1022
15613.107421875 1290
15647.5478515625 1358
15650.0888671875 1607
15650.0888671875 1653
15653.3330078125 2024
15654.884765625 2184
15671.0283203125 2221
15677.4912109375 2394
15682.251953125 2427
15696.0029296875 2517
15707.736328125 2655
15708.1015625 2704
15710.609375 2900
15733.04296875 2946
15765.68359375 459
15767.162109375 1408
15793.283203125 1339
15849.7060546875 22
15915.478515625 45
15921.798828125 300
15925.6279296875 812
15945.337890625 922
15952.2265625 947
15961.0849609375 975
15961.75390625 1001
15995.560546875 1095
16045.2705078125 1275
16055.6689453125 1664
16061.099609375 1708
16081.7099609375 1763
16088.337890625 1766
16129.48828125 1889
16140.9853515625 2077
16141.30078125 2082
16169.6337890625 2131
16237.154296875 2315
16242.9755859375 2317
16259.93359375 2409
16297.1875 2608
16302.060546875 2616
16305.3525390625 2649
16319.8017578125 2819
16330.8125 2862
16341.958984375 1164
16346.669921875 2213
16361.8515625 1050
16383.169921875 979
16415.671875 1562
16465.84765625 1597
16476.943359375 2334
16485.732421875 587
16498.5390625 630
16509.876953125 777
16512.140625 1012
16513.5859375 1064
16514.240234375 1082
16521.26953125 1462
16529.23046875 1501
16540.14453125 1654
16544.666015625 1800
16553.716796875 2656
16561.755859375 2884
16574.080078125 1416
16596.25 1575
16602.056640625 2889
16624.640625 445
16633.818359375 30
16634.744140625 2484
16649.494140625 38
16669.048828125 40
16703.595703125 76
16713.365234375 77
16719.841796875 108
16766.078125 164
16770.951171875 211
16799.958984375 225
16800.80859375 376
16810.267578125 437
16844.583984375 510
16864.6328125 646
16902.166015625 671
16928.248046875 738
16942.169921875 770
16950.724609375 1434
16966.583984375 1610
16973.69921875 1662
16977.724609375 1709
16997.34765625 1998
17007.630859375 2166
17022.6875 2220
17036.099609375 2238
17041.224609375 2255
17042.326171875 2345
17046.96484375 2510
17047.541015625 2581
17062.68359375 2607
17076.041015625 2807
17102.271484375 1015
17147.083984375 1984
17149.984375 1258
17164.62890625 2555
17188.9921875 1147
17190.740234375 865
17202.08984375 939
17234.81640625 1497
17241.44140625 2630
17255.189453125 2752
17274.984375 457
17277.5625 309
17281.181640625 316
17291.66015625 483
17298.744140625 484
17316.951171875 633
17341.51953125 1026
17344.79296875 1036
17370.583984375 1176
17376.38671875 1423
17388.712890625 1485
17395.84765625 1590
17395.890625 1702
17416.736328125 1759
17434.0234375 1818
17446.8203125 1958
17461.90625 1963
17480.787109375 1977
17485.5234375 2053
17518.71484375 2056
17533.224609375 2125
17539.630859375 2304
17540.330078125 2356
17552.5234375 2477
17567.20703125 2533
17595.08203125 2732
17596.875 2948
17604.52734375 1601
17625.3203125 2256
17626.251953125 2104
17626.251953125 284
17626.251953125 182
17626.251953125 916
17631.091796875 1667
17660.83984375 1852
17679.85546875 727
17680.72265625 2036
17684.37109375 2772
17695.765625 130
17721.328125 219
17725.1875 394
17764.728515625 405
17809.4140625 634
17840.98828125 856
17846.81640625 983
17854.025390625 1117
17861.751953125 1386
17885.900390625 1791
17909.53125 1991
17967.755859375 2060
17967.78515625 2215
17986.283203125 2314
17999.0078125 2440
18021.923828125 2467
18026.935546875 2618
18108.525390625 2648
18111.138671875 2694
18113.31640625 1772
18138.15625 818
18138.232421875 2907
18148.07421875 660
18162.734375 1168
18170.208984375 1145
18190.748046875 1476
18201.287109375 1618
18205.2109375 655
18205.908203125 1592
18247.36328125 2120
18260.06640625 2557
18266.279296875 112
18273.328125 350
18275.56640625 356
18300.55078125 448
18307.298828125 1500
18327.728515625 1526
18346.916015625 1587
18349.615234375 1881
18362.5078125 1943
18368.3046875 1962
18376.060546875 1995
18445.029296875 2075
18476.462890625 2118
18478.580078125 2309
18511.15625 2418
18540.23046875 2516
18544.375 2588
18557.19921875 2605
18596.59765625 2623
18614.66015625 2937
18615.1640625 1005
18618.23828125 110
18635.05078125 2360
18673.6640625 121
18685.017578125 1046
18694.92578125 298
18706.30078125 372
18725.41796875 492
18734.546875 752
18739.03515625 838
18740.609375 903
18745.912109375 1034
18746.5546875 1128
18761.875 1187
18763.978515625 1437
18788.91015625 1488
18819.78515625 1534
18827.552734375 1657
18832.21875 1678
18833.134765625 1824
18839.544921875 1826
18852.431640625 1941
18862.33984375 1997
18864.732421875 2318
18882.84765625 2327
18893.646484375 2362
18919.8125 2404
18923.4296875 2453
18940.806640625 2458
18955.375 2496
18981.953125 2696
19034.888671875 2722
19038.9375 2796
19063.9921875 2584
19067.09765625 2872
19072.123046875 2589
19082.474609375 2135
19084.25390625 1802
19094.666015625 1853
19114.39453125 1892
19115.33984375 1580
19135.603515625 25
19154.025390625 72
19158.9140625 343
19176.40625 710
19192.15625 755
19199.998046875 885
19221.2890625 1683
19240.017578125 1776
19244.708984375 1972
19273.291015625 2047
19279.802734375 2138
19284.9765625 2185
19312.630859375 2344
19385.0078125 2545
19390.39453125 2573
19398.5234375 2855
19437.232421875 2159
19467.818359375 1067
19492.62109375 371
19513.2109375 243
19547.71484375 1301
19549.64453125 311
19558.26171875 426
19561.01171875 648
19592.09765625 720
19632.6484375 792
19646.67578125 940
19655.228515625 1006
19662.701171875 1032
19668.21875 1160
19668.982421875 1189
19682.09375 2183
19722.2890625 2190
19733.59765625 2301
19779.412109375 1459
19798.4765625 1649
19816.625 353
19838.623046875 2706
19841.146484375 1511
19851.294921875 1778
19851.73046875 329
19882.62890625 731
19905.12890625 1400
19927.259765625 2070
19928.10546875 1480
19953.46484375 1714
19962.19140625 249
19978.302734375 94
20000.8203125 2823
20088.4921875 471
20124.615234375 473
20131.421875 747
20134.142578125 915
20144.90625 921
20160.40625 993
20160.8203125 1072
20173.44921875 1415
20178.62109375 1541
20196.87890625 1746
20203.283203125 1949
20209.142578125 2079
20318.05859375 2219
20322.5546875 2258
20329.23046875 2413
20351.578125 2628
20368.068359375 2828
20387.91015625 2903
20434.703125 2996
20437.984375 1137
20440.404296875 102
20471.669921875 667
20478.21875 1935
20502.248046875 2352
20508.369140625 2887
20515.814453125 427
20521.935546875 1533
20526.685546875 170
20531.55859375 262
20552.220703125 306
20566.109375 596
20576.5078125 805
20641.47265625 849
20645.037109375 850
20647.80078125 965
20659.34375 976
20666.185546875 1058
20685.05078125 1403
20685.919921875 1645
20717.84375 1999
20735.6875 2292
20766.013671875 2392
20787.3359375 2403
20801.82421875 2497
20822.525390625 2524
20825.046875 2601
20827.00390625 2652
20854.443359375 2657
20860.6015625 2761
20863.55859375 2839
20868.0546875 2939
20892.91015625 2984
20901.330078125 1027
20908.966796875 622
20916.1484375 417
20921.318359375 450
20932.982421875 690
20965.033203125 969
20975.296875 982
20976.982421875 1040
20982.775390625 1078
21023.544921875 1083
21055.998046875 1382
21062.248046875 1391
21087.84765625 1486
21088.98828125 1503
21104.138671875 1547
21120.669921875 1561
21150.880859375 1965
21151.0859375 2026
21153.3203125 2066
21156.625 2182
21219.53515625 2245
21312.33984375 2460
21400.962890625 2466
21411.0625 2540
21417.599609375 2593
21421.9921875 2632
21438.70703125 2753
21443.896484375 2759
21454.0546875 2793
21454.064453125 2925
21480.095703125 2152
21512.076171875 762
21532.353515625 2757
21552.99609375 37
21554.19140625 1624
21571.869140625 1271
21622.970703125 2370
21627.880859375 2895
21728.470703125 2411
21742.849609375 67
21782.2421875 150
21794.49609375 171
21817.212890625 195
21822.53125 363
21832.673828125 522
21973.203125 657
21993.40234375 701
22021.2421875 760
22022.615234375 811
22080.1171875 874
22083.03515625 875
22219.4375 1002
22254.25 1007
22255.798828125 1023
22267.8046875 1356
22272.248046875 1378
22273.56640625 1489
22310.271484375 1629
22344.21875 2721
22380.57421875 2032
22390.8203125 2259
22537.083984375 771
22544.892578125 1543
22603.607421875 2241
22661.88671875 1964
22715.236328125 1625
22733.08203125 2693
22796.25 222
22862.828125 258
22882.6328125 281
22908.068359375 506
23019.71875 582
23041.345703125 724
23043.591796875 879
23200.39453125 1003
23227.830078125 1171
23324.26953125 1182
23367.921875 1588
23370.71484375 1685
23384.169921875 1758
23475.634765625 2300
23691.521484375 2310
23714.978515625 2705
23764.173828125 2845
23805.37109375 2916
23811.10546875 1811
23821.498046875 2701
23865.544921875 421
23965.666015625 1440
23969.02734375 2337
24093.3359375 2531
24223.75390625 18
24298.546875 29
24367.09765625 31
24423.673828125 104
24473.982421875 274
24493.287109375 321
24739.3203125 370
24739.3203125 375
24828.060546875 562
24953.08984375 914
25060.283203125 944
25139.837890625 1672
25215.818359375 1684
25377.951171875 1825
25419.59375 1846
25468.8515625 1960
25472.1875 1976
25488.53125 2006
25504.39453125 2319
25515.201171875 2405
25523.166015625 2550
25705.03515625 2606
25730.5703125 2768
25767.419921875 1081
26144.763671875 1780
26174.244140625 16
26278.9453125 28
26337.140625 125
26448.548828125 212
26496.8671875 265
26509.373046875 295
26614.48828125 360
26645.087890625 364
27287.009765625 937
27411.421875 1077
27637.9453125 1101
27706.451171875 1241
27951.900390625 1243
28466.587890625 1307
28544.669921875 1343
28615.595703125 1404
28715.25390625 1418
28828.517578125 1585
28845.451171875 1719
29254.34765625 1822
29390.681640625 2009
29408.3359375 2164
29985.482421875 2214
30948.95703125 2250
32026.73828125 2263
32117.021484375 2342
33862.41796875 2359
35173.63671875 2547
