5195.34716796875 182
5371.2236328125 916
5469.48779296875 1667
5487.744140625 1852
5571.1640625 727
5739.1474609375 2036
5771.7158203125 2772
5788.14013671875 130
5981.1103515625 219
5981.1103515625 394
5991.23486328125 405
5993.3369140625 634
6108.23828125 856
6128.005859375 983
6142.4130859375 1117
6262.2041015625 1386
6287.890625 1791
6442.87451171875 1991
6463.81494140625 2060
6483.318359375 2215
6560.6240234375 2314
6620.03076171875 2440
6674.9423828125 2467
6712.673828125 2618
6774.20068359375 2648
6823.0537109375 2694
6833.37890625 1772
6853.818359375 818
6932.49560546875 2907
7016.22412109375 660
7053.80078125 1446
7129.869140625 87
7156.37255859375 251
7165.380859375 527
7213.32177734375 529
7270.14208984375 625
7282.06396484375 641
7304.37646484375 693
7326.11328125 873
7378.126953125 881
7385.21875 928
7408.9296875 1133
7495.85986328125 1283
7525.470703125 1318
7586.134765625 1346
7626.5615234375 1417
7695.15234375 1720
7780.23876953125 1987
7890.81298828125 2226
7893.70849609375 2296
7948.583984375 2515
7952.53759765625 2572
7959.8916015625 2669
7961.93408203125 2728
7971.66943359375 2734
8006.765625 2746
8051.5751953125 2852
8082.4697265625 2866
8085.36083984375 2915
8295.12890625 2949
8399.6337890625 377
8429.0166015625 2281
8429.0166015625 160
8447.736328125 1
8473.462890625 425
8597.544921875 446
8622.0380859375 800
8642.931640625 918
8717.4384765625 953
8724.6962890625 985
8739.96875 986
8917.0400390625 1008
8921.29296875 1043
8943.1923828125 1270
9046.42578125 1317
9046.51953125 1435
9103.03515625 1548
9145.88671875 1606
9244.6083984375 1661
9256.9609375 1712
9306.2177734375 2010
9357.677734375 2088
9376.91015625 2365
9382.8251953125 2410
9390.0537109375 2414
9403.5751953125 2482
9421.783203125 2560
9473.2353515625 2781
9484.501953125 2820
9512.58984375 997
9522.2236328125 1781
9580.154296875 81
9636.583984375 229
9645.52734375 440
9661.87890625 548
9713.328125 611
9794.1201171875 826
9874.17578125 834
9897.5625 848
9922.125 871
9922.8984375 893
9971.71875 1231
9977.07421875 1256
9990.291015625 1315
10007.5537109375 1458
10014.630859375 1550
10025.6552734375 1671
10039.1494140625 1711
10103.8505859375 1815
10182.9287109375 1893
10205.5458984375 2312
10225.8359375 2324
10268.6240234375 2385
10286.6953125 2447
10300.2763671875 2562
10328.515625 2610
10363.3671875 2622
10400.810546875 2853
10406.7841796875 2924
10459.705078125 2927
10505.4091796875 2239
10512.857421875 1362
10514.4296875 1926
10660.962890625 2997
10682.212890625 254
10721.7060546875 388
10743.353515625 465
10863.744140625 498
11036.017578125 520
11052.4951171875 962
11053.0947265625 981
11072.3984375 1156
11074.076171875 1652
11077.41796875 2205
11095.8984375 2339
11168.2509765625 2417
11224.7177734375 2494
11250.1572265625 2687
11259.822265625 1122
11447.11328125 1670
11458.2177734375 264
11469.7841796875 2173
11497.666015625 1646
11524.4931640625 2396
11532.7705078125 49
11570.1240234375 189
11570.169921875 261
11575.0947265625 263
11725.9765625 430
11728.1142578125 831
11739.1650390625 899
11786.5947265625 1123
11898.2060546875 1169
11903.123046875 1350
11976.3779296875 1405
11994.4560546875 1512
12026.7744140625 1750
12061.3330078125 1769
12191.931640625 1908
12245.1259765625 1966
12309.1025390625 1982
12311.7802734375 1993
12317.0341796875 2094
12341.384765625 2126
12346.1875 2141
12381.232421875 2171
12383.53125 2174
12408.18359375 2177
12429.6240234375 2237
12484.5859375 2367
12494.48046875 2536
12494.48046875 2542
12507.20703125 2582
12519.7109375 2675
12521.6513671875 2703
12541.4755859375 1873
12553.2900390625 2107
12583.16796875 1281
12593.912109375 455
12668.681640625 470
12680.50390625 902
12711.66015625 926
12721.7021484375 967
12728.6884765625 1104
12858.7109375 1225
12909.90234375 1286
12940.25390625 1506
12959.5 1516
12992.0068359375 1599
13006.4384765625 1779
13010.3154296875 1848
13034.671875 1867
13040.3564453125 1883
13122.876953125 2063
13130.908203125 2210
13161.7744140625 2246
13165.92578125 2285
13166.328125 2361
13174.91796875 2686
13189.935546875 2700
13192.2568359375 88
13214.919921875 586
13251.25390625 136
13271.49609375 1471
13297.732421875 226
13335.0244140625 296
13384.193359375 1197
13418.5595703125 1666
13431.3837890625 2511
13457.21484375 101
13544.5693359375 215
13563.0888671875 549
13608.9140625 550
13618.041015625 573
13629.9697265625 1136
13663.474609375 1199
13719.578125 1530
13783.2470703125 1581
13828.986328125 1640
13831.4248046875 1688
13842.7392578125 1968
13893.2626953125 2526
13900.53125 2571
13961.5625 2983
14024.00390625 1787
14034.81640625 602
14071.955078125 1146
14109.2626953125 253
14126.533203125 342
14158.92578125 843
14163.2880859375 1233
14179.98046875 1335
14186.86328125 1394
14187.2568359375 1737
14190.583984375 1784
14200.88671875 1950
14210.3310546875 2025
14234.33984375 2473
14236.7216796875 2518
14237.91796875 999
14324.7998046875 1056
14334.0283203125 1900
14352.1279296875 1304
14387.158203125 1326
14425.673828125 2967
14430.396484375 1329
14432.6630859375 50
14437.806640625 318
14442.80078125 389
14484.31640625 478
14501.0068359375 491
14508.1669921875 580
14513.0654296875 599
14524.576171875 890
14534.107421875 896
14536.537109375 909
14604.72265625 919
14623.271484375 995
14623.4443359375 1273
14635.3466796875 1342
14673.88671875 1430
14704.3427734375 1495
14742.451171875 1568
14752.2509765625 1583
14759.7421875 1764
14785.490234375 1774
14799.876953125 2065
14801.8828125 2117
14803.1015625 2181
14811.33984375 2268
14835.85546875 2465
14864.7060546875 2664
14886.8037109375 2760
14891.0166015625 2764
14983.337890625 2938
15003.947265625 2943
15020.2734375 1860
15035.66015625 2880
15073.876953125 1333
15083.23828125 2631
15090.49609375 146
15102.0234375 1538
15183.29296875 21
15241.87109375 34
15287.7236328125 200
15301.123046875 288
15303.01953125 336
15311.1181640625 385
15325.166015625 517
15352.083984375 546
15360.05078125 609
15418.6474609375 614
15443.658203125 683
15478.3994140625 686
15510.2783203125 769
15530.9033203125 1097
15536.953125 1221
15540.7919921875 1322
15548.798828125 1359
15554.3828125 1376
15560.333984375 1686
15592.1982421875 1854
15607.19921875 2513
15638.064453125 2553
15661.8876953125 2650
15681.0166015625 2672
15712.298828125 2911
15772.79296875 78
15779.87890625 2713
15833.193359375 2800
15853.03515625 2651
15874.44921875 2970
15882.7021484375 1045
15895.1943359375 1068
15899.998046875 2078
16063.07421875 884
16063.07421875 886
16069.9873046875 1028
16092.85546875 1845
16135.2431640625 1932
16152.6552734375 2489
16156.9189453125 90
16157.3466796875 153
16167.478515625 240
16186.615234375 256
16230.140625 531
16274.3798828125 644
16312.984375 706
16339.2744140625 775
16364.044921875 1163
16379.9140625 1483
16392.94921875 2114
16421.138671875 2379
16433.501953125 2424
16454.23046875 2433
16455.064453125 2435
16483.0546875 2442
16509.564453125 2683
16533.421875 2811
16549.326171875 2176
16556.431640625 169
16566.123046875 2207
16567.923828125 1144
16570.96484375 2180
16587.65625 73
16592.421875 663
16603.3359375 677
16632.662109375 756
16672.65234375 925
16704.8828125 927
16816.2578125 946
16826.71875 996
16883.80859375 1141
16888.56640625 1202
16894.228515625 1251
16904.974609375 1457
16914.234375 1502
17007.126953125 1591
17017.890625 1733
17090.609375 1735
17099.333984375 1919
17141.919921875 1933
17154.162109375 1955
17174.31640625 2002
17199.599609375 2335
17211.544921875 2341
17244.96875 2565
17248.72265625 2695
17280.197265625 2763
17280.62890625 2840
17283.982421875 2422
17329.931640625 1020
17331.05859375 640
17335.150390625 59
17340.9296875 177
17363.1015625 191
17413.478515625 575
17414.20703125 687
17435.775390625 934
17440.03125 1119
17440.125 1529
17447.470703125 1697
17457.81640625 1810
17459.0234375 1831
17474.60546875 2354
17481.576171875 2528
17557.966796875 2679
17564.6484375 2712
17567.8125 2747
17568.9921875 2809
17569.62109375 2821
17577.0546875 2842
17630.75390625 2860
17641.552734375 2906
17676.189453125 2994
17722.783203125 186
17732.18359375 223
17759.9296875 1594
17764.578125 410
17798.771484375 631
17820.73046875 132
17825.2734375 2576
17840.3359375 1282
17879.79296875 488
17889.908203125 869
17928.123046875 2059
17945.87109375 787
17952.541015625 904
17985.048828125 137
17985.466796875 275
17988.556640625 328
18019.005859375 333
18027.365234375 392
18049.068359375 407
18076.994140625 489
18085.16015625 680
18171.306640625 1022
18184.525390625 1290
18194.623046875 1358
18203.36328125 1607
18214.09765625 1653
18215.39453125 2024
18248.00390625 2184
18277.83203125 2221
18286.203125 2394
18324.8984375 2427
18353.837890625 2517
18366.376953125 2655
18369.955078125 2704
18374.458984375 2900
18405.921875 2946
18438.310546875 459
18446.794921875 1408
18464.953125 1339
18474.56640625 22
18476.48828125 45
18479.7578125 300
18482.248046875 812
18508.853515625 922
18544.728515625 947
18565.060546875 975
18568.556640625 1001
18568.953125 1095
18592.814453125 1275
18596.4765625 1664
18596.7265625 1708
18603.611328125 1763
18637.87890625 1766
18651.677734375 1889
18687.40625 2077
18696.8359375 2082
18699.326171875 2131
18733.607421875 2315
18750.314453125 2317
18768.541015625 2409
18806.015625 2608
18813.349609375 2616
18827.013671875 2649
18862.498046875 2819
18878.16015625 2862
18905.44140625 1164
18920.990234375 2213
18922.00390625 1050
18947.91796875 979
18955.638671875 1562
18980.4375 1597
19009.2890625 2334
19106.0625 587
19130.01171875 630
19135.546875 777
19143.236328125 1012
19152.7265625 1064
19168.501953125 1082
19184.13671875 1462
19209.98046875 1501
19228.166015625 1654
19247.27734375 1800
19266.46875 2656
19302.822265625 2884
19313.427734375 1416
19337.923828125 1575
19367.888671875 2889
19382.29296875 445
19418.98828125 30
19423.5703125 2484
19455.29296875 38
19459.146484375 40
19467.36328125 76
19475.12890625 77
19485.69921875 108
19506.36328125 164
19578.08984375 211
19581.65625 225
19615.197265625 376
19620.134765625 437
19658.427734375 510
19663.73046875 646
19681.53125 671
19787.830078125 738
19792.90234375 770
19792.91796875 1434
19802.703125 1610
19822.482421875 1662
19834.5390625 1709
19835.251953125 1998
19847.4921875 2166
19859.923828125 2220
19880.916015625 2238
19897.12890625 2255
19903.275390625 2345
19937.37890625 2510
19941.02734375 2581
20021.388671875 2607
20057.90234375 2807
20065.873046875 1015
20129.1328125 1984
20178.0 1258
20183.166015625 2555
20193.0625 1147
20219.3046875 865
20225.1015625 939
20228.03515625 1497
20232.87890625 2630
20243.140625 2752
20249.6015625 457
20253.3984375 309
20258.119140625 316
20304.69140625 483
20328.638671875 484
20365.0 633
20377.63671875 1026
20377.67578125 1036
20381.19140625 1176
20399.943359375 1423
20406.83984375 1485
20434.115234375 1590
20444.734375 1702
20496.71875 1759
20500.15234375 1818
20516.390625 1958
20516.544921875 1963
20547.591796875 1977
20552.396484375 2053
20595.349609375 2056
20610.267578125 2125
20630.087890625 2304
20633.380859375 2356
20641.833984375 2477
20646.34375 2533
20666.072265625 2732
20670.25 2948
20688.1015625 1601
20762.884765625 2256
20775.392578125 2104
20797.17578125 284
20823.841796875 1168
20830.1953125 1145
20850.072265625 1476
20857.802734375 1618
20878.185546875 655
20880.318359375 1592
20884.78125 2120
20887.126953125 2557
20918.091796875 112
20945.173828125 350
20958.296875 356
20990.26171875 448
20997.0078125 1500
20997.35546875 1526
21047.203125 1587
21050.865234375 1881
21076.240234375 1943
21105.828125 1962
21110.2265625 1995
21120.296875 2075
21152.982421875 2118
21202.173828125 2309
21203.23828125 2418
21203.23828125 2516
21226.431640625 2588
21230.521484375 2605
21234.8359375 2623
21237.998046875 2937
21249.13671875 1005
21257.318359375 110
21280.515625 2360
21296.54296875 121
21297.904296875 1046
21308.615234375 298
21320.89453125 372
21326.265625 492
21330.443359375 752
21386.03515625 838
21389.69140625 903
21393.7578125 1034
21402.6953125 1128
21407.173828125 1187
21412.005859375 1437
21416.48046875 1488
21425.8359375 1534
21447.03515625 1657
21454.859375 1678
21464.162109375 1824
21480.083984375 1826
21486.34375 1941
21493.783203125 1997
21522.8125 2318
21536.701171875 2327
21603.1171875 2362
21608.6875 2404
21635.2265625 2453
21640.01171875 2458
21643.009765625 2496
21684.044921875 2696
21685.73828125 2722
21723.75390625 2796
21727.34375 2584
21735.82421875 2872
21764.49609375 2589
21768.248046875 2135
21774.34765625 1802
21785.53125 1853
21793.083984375 1892
21800.98828125 1580
21830.4609375 25
21958.728515625 72
21981.638671875 343
21990.9375 710
21993.09765625 755
22031.052734375 885
22033.140625 1683
22045.09765625 1776
22077.568359375 1972
22124.693359375 2047
22137.646484375 2138
22142.5859375 2185
22160.5859375 2344
22166.54296875 2545
22207.626953125 2573
22212.3828125 2855
22267.029296875 2159
22336.03515625 1067
22349.552734375 371
22360.771484375 243
22366.76171875 1301
22371.09765625 311
22466.875 426
22483.34375 648
22507.658203125 720
22550.552734375 792
22556.001953125 940
22600.16015625 1006
22608.17578125 1032
22613.95703125 1160
22618.3046875 1189
22678.50390625 2183
22687.54296875 2190
22743.29296875 2301
22747.16796875 1459
22750.037109375 1649
22768.005859375 353
22791.115234375 2706
22794.859375 1511
22820.05859375 1778
22833.66796875 329
22841.970703125 731
22858.59375 1400
22892.88671875 2070
22902.396484375 1480
22954.611328125 1714
22997.419921875 249
23032.904296875 94
23048.716796875 2823
23077.173828125 471
23115.51953125 473
23127.18359375 747
23149.39453125 915
23149.787109375 921
23211.365234375 993
23236.2265625 1072
23256.380859375 1415
23257.724609375 1541
23281.1171875 1746
23294.34375 1949
23366.44140625 2079
23400.224609375 2219
23436.05859375 2258
23451.091796875 2413
23461.97265625 2628
23481.88671875 2828
23546.76953125 2903
23552.896484375 2996
23552.9609375 204
23568.884765625 1247
23592.716796875 1410
23648.556640625 1888
23653.123046875 1214
23715.810546875 1658
23738.326171875 2587
23768.384765625 380
23789.72265625 688
23835.486328125 1761
23852.26953125 66
23877.720703125 127
23881.625 179
23891.552734375 855
23910.443359375 1198
23924.234375 1250
23969.341796875 1507
23981.759765625 1558
23995.662109375 2007
24045.369140625 2092
24077.833984375 2231
24101.09765625 2384
24117.4296875 2457
24133.109375 2544
24171.572265625 2717
24202.4765625 2774
24206.0859375 2794
24241.861328125 2909
24275.78125 972
24291.150390625 1138
24354.921875 1442
24386.25 1137
24402.486328125 102
24411.857421875 667
24421.25390625 1935
24498.599609375 2352
24522.0703125 2887
24530.111328125 427
24591.03125 1533
24611.326171875 170
24624.2265625 262
24638.162109375 306
24659.642578125 596
24684.1953125 805
24715.248046875 849
24763.25 850
24936.46875 965
24990.013671875 976
25074.484375 1058
25079.939453125 1403
25094.830078125 1645
25106.669921875 1999
25179.521484375 2292
25229.310546875 2392
25252.193359375 2403
25303.08203125 2497
25368.541015625 2524
25377.953125 2601
25410.78515625 2652
25444.3515625 2657
25462.53125 2761
25485.41796875 2839
25553.03515625 2939
25574.15234375 2984
25574.33203125 1027
25718.13671875 622
25782.13671875 417
25782.197265625 450
25791.484375 690
25811.123046875 969
25846.267578125 982
25853.89453125 1040
25901.076171875 1078
25913.4375 1083
26004.654296875 1382
26010.537109375 1391
26069.16015625 1486
26084.86328125 1503
26122.955078125 1547
26160.513671875 1561
26163.705078125 1965
26181.07421875 2026
26210.009765625 2066
26213.046875 2182
26298.73828125 2245
26321.041015625 2460
26368.197265625 2466
26444.189453125 2540
26497.00390625 2593
26561.234375 2632
26585.35546875 2753
26589.78515625 2759
26614.1328125 2793
26664.408203125 2925
26683.21875 2152
26752.849609375 762
26802.82421875 2757
26829.384765625 37
26871.1171875 1624
26896.03515625 1271
26988.509765625 2370
27000.42578125 2895
27005.865234375 2411
27118.16015625 67
27119.775390625 150
27159.296875 171
27180.177734375 195
27191.66796875 363
27208.712890625 522
27250.80859375 657
27304.263671875 701
27402.015625 760
27419.82421875 811
27483.359375 874
27519.69140625 875
27558.17578125 1002
27650.224609375 1007
27654.75390625 1023
27658.66796875 1356
27695.759765625 1378
27712.05859375 1489
27716.490234375 1629
27716.859375 2721
27840.33203125 2032
27861.220703125 2259
27925.4140625 771
27969.701171875 1543
27982.921875 2241
28028.0078125 1964
28031.953125 1625
28060.853515625 2693
28216.30078125 222
28325.16015625 258
28329.46875 281
28341.34375 506
28347.587890625 582
28377.22265625 724
28384.134765625 879
28397.01953125 1003
28400.1875 1171
28437.005859375 1182
28480.3046875 1588
28497.15234375 1685
28520.41796875 1758
28560.2265625 2300
28608.74609375 2310
28611.984375 2705
28612.294921875 2845
28620.48828125 2916
28630.748046875 1811
28642.140625 2701
28750.51171875 421
28752.14453125 1440
28825.142578125 2337
28858.72265625 2531
28886.751953125 18
28992.984375 29
29044.27734375 31
29197.595703125 104
29204.265625 274
29373.43359375 321
29582.908203125 370
29599.455078125 375
29599.455078125 562
30029.33203125 914
30034.0234375 944
30187.125 1672
30210.59375 1684
30224.17578125 1825
30344.83203125 1846
30496.67578125 1960
30518.5390625 1976
30652.8203125 2006
31023.994140625 2319
31059.654296875 2405
31079.525390625 2550
31172.12890625 2606
31399.283203125 2768
31763.3984375 1081
31780.330078125 1780
31953.09375 16
32114.109375 28
32117.5859375 125
32141.96875 212
32261.5234375 265
32635.453125 295
32636.29296875 360
32674.12109375 364
32827.53515625 937
33147.6015625 1077
33215.82421875 1101
33219.41796875 1241
33246.609375 1243
33378.8828125 1307
33410.18359375 1343
33428.0234375 1404
33430.265625 1418
33604.9609375 1585
33694.6875 1719
33882.3828125 1822
33909.05859375 2009
34203.43359375 2164
34512.3203125 2214
35111.30859375 2250
35453.60546875 2263
37094.00390625 2342
37671.16015625 2359
38953.046875 2547
