6454.38916015625 1362
6603.18115234375 1926
6640.07568359375 2997
6901.7880859375 254
7067.0390625 388
7068.8134765625 465
7118.0625 498
7189.6748046875 520
7221.07275390625 962
7247.0341796875 981
7266.44873046875 1156
7287.55615234375 1652
7324.1455078125 2205
7382.68017578125 2339
7437.03271484375 2417
7439.85498046875 2494
7591.16552734375 2687
7649.7490234375 1122
7660.74951171875 1670
7698.69580078125 264
7699.9384765625 2173
7701.75390625 1446
7806.3173828125 87
7819.32275390625 251
7822.482421875 527
7858.90966796875 529
7865.0302734375 625
7944.11181640625 641
7951.0234375 693
7974.62646484375 873
8019.044921875 881
8036.060546875 928
8043.49755859375 1133
8061.404296875 1283
8081.404296875 1318
8086.92626953125 1346
8090.271484375 1417
8137.12841796875 1720
8139.44580078125 1987
8154.0791015625 2226
8161.97021484375 2296
8198.0966796875 2515
8235.86328125 2572
8258.6064453125 2669
8263.9697265625 2728
8294.18359375 2734
8301.1904296875 2746
8310.5498046875 2852
8319.5947265625 2866
8329.626953125 2915
8332.5546875 2949
8333.7998046875 377
8422.6552734375 2281
8423.294921875 160
8445.6416015625 1
8445.8837890625 425
8481.251953125 446
8489.4873046875 800
8492.92578125 918
8498.474609375 953
8520.7861328125 985
8520.8681640625 986
8524.6923828125 1008
8554.91015625 1043
8605.8740234375 1270
8608.4140625 1317
8608.455078125 1435
8657.5947265625 1548
8660.3935546875 1606
8660.6748046875 1661
8663.0126953125 1712
8665.822265625 2010
8686.357421875 2088
8690.2197265625 2365
8697.1806640625 2410
8700.6240234375 2414
8718.830078125 2482
8729.73046875 2560
8742.98046875 2781
8746.080078125 2820
8769.44140625 997
8770.5576171875 1781
8777.3251953125 81
8780.3076171875 229
8793.546875 440
8836.970703125 548
8883.9794921875 611
8885.876953125 826
8894.3662109375 834
8918.7431640625 848
8919.435546875 871
8929.33984375 893
8929.583984375 1231
8935.5419921875 1256
8951.3193359375 1315
8978.5302734375 1458
8993.1025390625 1550
9006.7158203125 1671
9025.8193359375 1711
9026.3173828125 1815
9031.548828125 1893
9038.96875 2312
9056.609375 2324
9059.505859375 2385
9067.3154296875 2447
9070.7421875 2562
9075.443359375 2610
9081.3818359375 2622
9084.251953125 2853
9098.404296875 2924
9122.0771484375 2927
9141.751953125 2239
9155.345703125 1646
9158.0078125 2396
9165.0546875 49
9166.9150390625 189
9167.7421875 261
9175.640625 263
9175.640625 430
9197.404296875 831
9202.1865234375 899
9213.5947265625 1123
9215.1943359375 1169
9223.4384765625 1350
9256.9775390625 1405
9262.1005859375 1512
9278.537109375 1750
9292.3203125 1769
9319.0498046875 1908
9351.63671875 1966
9365.62109375 1982
9372.048828125 1993
9379.3896484375 2094
9387.0625 2126
9393.02734375 2141
9398.4912109375 2171
9407.994140625 2174
9418.146484375 2177
9439.7197265625 2237
9461.349609375 2367
9496.3896484375 2536
9521.4931640625 2542
9523.8896484375 2582
9525.2216796875 2675
9541.8193359375 2703
9580.234375 1873
9611.765625 2107
9616.7177734375 1281
9627.0625 455
9627.8486328125 470
9633.876953125 902
9650.2412109375 926
9657.68359375 967
9685.5947265625 1104
9689.13671875 1225
9693.029296875 1286
9719.8916015625 1506
9721.564453125 1516
9722.1748046875 1599
9722.66796875 1779
9728.0029296875 1848
9739.5400390625 1867
9742.0947265625 1883
9743.1435546875 2063
9746.2255859375 2210
9750.919921875 2246
9758.1220703125 2285
9786.9462890625 2361
9794.5908203125 2686
9798.8154296875 2700
9805.91796875 88
9809.87890625 586
9830.9111328125 136
9847.7763671875 1471
9865.4140625 226
9872.2939453125 296
9902.537109375 1197
9907.4638671875 1666
9907.9853515625 2511
9909.16796875 101
9910.6474609375 215
9976.3955078125 549
9981.71875 550
9992.28515625 573
10010.75390625 1136
10018.087890625 1199
10019.591796875 1530
10024.93359375 1581
10039.296875 1640
10041.056640625 1688
10060.142578125 1968
10062.068359375 2526
10063.9716796875 2571
10068.76171875 2983
10079.5791015625 1787
10083.962890625 602
10087.2216796875 1146
10087.64453125 253
10096.578125 342
10106.224609375 843
10106.455078125 1233
10108.943359375 1335
10130.6904296875 1394
10139.7666015625 1737
10143.060546875 1784
10143.302734375 1950
10159.974609375 2025
10174.22265625 2473
10174.75 2518
10199.333984375 999
10203.6533203125 1056
10226.578125 1900
10235.91796875 1304
10250.4326171875 1326
10252.2421875 2967
10286.921875 1329
10287.9267578125 50
10301.091796875 318
10318.3359375 389
10320.27734375 478
10329.15234375 491
10351.5703125 580
10355.5458984375 599
10396.3994140625 890
10413.4814453125 896
10420.49609375 909
10422.1220703125 919
10423.169921875 995
10431.7265625 1273
10443.0224609375 1342
10445.6298828125 1430
10448.8955078125 1495
10457.025390625 1568
10462.5986328125 1583
10464.58203125 1764
10472.029296875 1774
10481.169921875 2065
10481.2529296875 2117
10484.953125 2181
10506.8544921875 2268
10515.138671875 2465
10518.994140625 2664
10520.7314453125 2760
10522.4619140625 2764
10528.923828125 2938
10534.171875 2943
10544.4365234375 1860
10555.60546875 2880
10555.619140625 1333
10558.890625 2631
10560.7119140625 146
10570.6982421875 1538
10572.9267578125 21
10576.806640625 34
10584.740234375 200
10589.6875 288
10590.1083984375 336
10598.9755859375 385
10603.28125 517
10605.7578125 546
10619.28125 609
10631.48828125 614
10636.544921875 683
10655.287109375 686
10661.8515625 769
10661.8515625 1097
10668.8046875 1221
10676.0654296875 1322
10676.23046875 1359
10684.146484375 1376
10687.5693359375 1686
10705.41015625 1854
10708.79296875 2513
10710.9072265625 2553
10718.2509765625 2650
10726.408203125 2672
10727.0263671875 2911
10727.0263671875 78
10738.990234375 2713
10755.408203125 2800
10769.638671875 2651
10777.4443359375 2970
10816.923828125 1045
10817.734375 1068
10820.3310546875 2078
10840.8671875 884
10846.2138671875 886
10848.8017578125 1028
10848.9921875 1845
10850.4560546875 1932
10856.068359375 2489
10869.8828125 90
10871.615234375 153
10880.4521484375 240
10883.349609375 256
10908.8486328125 531
10913.388671875 644
10916.796875 706
10923.7939453125 775
10926.4462890625 1163
10932.310546875 1483
10945.21875 2114
10953.29296875 2379
10957.9140625 2424
10990.0478515625 2433
11013.1572265625 2435
11020.1923828125 2442
11027.623046875 2683
11034.189453125 2811
11040.6728515625 2176
11073.2822265625 169
11092.9091796875 2207
11095.845703125 1144
11108.419921875 2180
11126.009765625 73
11137.302734375 663
11147.166015625 677
11152.9033203125 756
11185.9482421875 925
11188.7275390625 927
11191.009765625 946
11206.876953125 996
11208.8076171875 1141
11213.591796875 1202
11216.40234375 1251
11226.0234375 1457
11244.8798828125 1502
11250.94140625 1591
11251.357421875 1733
11262.4306640625 1735
11262.56640625 1919
11295.83984375 1933
11307.9990234375 1955
11314.970703125 2002
11321.005859375 2335
11324.7998046875 2341
11328.03515625 2565
11334.626953125 2695
11371.138671875 2763
11395.921875 2840
11399.4814453125 2422
11399.634765625 1020
11405.86328125 640
11407.4130859375 59
11413.501953125 177
11430.4375 191
11439.341796875 575
11441.5595703125 687
11462.7138671875 934
11465.2822265625 1119
11469.736328125 1529
11474.646484375 1697
11484.619140625 1810
11502.1171875 1831
11503.5791015625 2354
11506.572265625 2528
11517.23828125 2679
11518.443359375 2712
11519.392578125 2747
11519.861328125 2809
11538.408203125 2821
11546.3671875 2842
11548.421875 2860
11561.51171875 2906
11564.658203125 2994
11586.890625 186
11605.806640625 223
11606.3701171875 1594
11608.2763671875 410
11613.1669921875 631
11613.3369140625 132
11621.6181640625 2576
11624.4306640625 1282
11670.6591796875 488
11672.140625 869
11695.359375 2059
11702.287109375 787
11711.072265625 904
11714.10546875 137
11743.0830078125 275
11751.0 328
11751.1923828125 333
11758.3740234375 392
11763.3095703125 407
11777.181640625 489
11793.1552734375 680
11824.2138671875 1022
11835.576171875 1290
11836.76953125 1358
11836.8330078125 1607
11893.6650390625 1653
11894.392578125 2024
11924.9775390625 2184
11926.00390625 2221
11941.44140625 2394
11984.00390625 2427
11988.0224609375 2517
11992.8466796875 2655
11994.015625 2704
12004.4599609375 2900
12018.197265625 2946
12022.04296875 459
12033.3818359375 1408
12033.564453125 1339
12046.423828125 22
12062.4140625 45
12075.59765625 300
12090.5859375 812
12094.931640625 922
12100.142578125 947
12127.412109375 975
12147.953125 1001
12149.462890625 1095
12161.240234375 1275
12171.529296875 1664
12175.4462890625 1708
12185.849609375 1763
12195.125 1766
12195.189453125 1889
12204.2099609375 2077
12205.3583984375 2082
12213.298828125 2131
12214.6806640625 2315
12265.4462890625 2317
12268.298828125 2409
12276.861328125 2608
12280.7333984375 2616
12289.080078125 2649
12290.599609375 2819
12304.6640625 2862
12311.76953125 1164
12321.330078125 2213
12321.6171875 1050
12331.0107421875 979
12336.7236328125 1562
12341.3408203125 1597
12354.8779296875 2334
12356.1689453125 587
12363.296875 630
12373.55078125 777
12379.16015625 1012
12392.78515625 1064
12398.4072265625 1082
12416.8466796875 1462
12456.0888671875 1501
12457.775390625 1654
12458.625 1800
12464.23828125 2656
12465.5791015625 2884
12487.0859375 1416
12494.990234375 1575
12508.197265625 2889
12522.9775390625 445
12526.806640625 30
12538.5107421875 2484
12553.642578125 38
12563.2314453125 40
12566.0205078125 76
12569.76171875 77
12574.859375 108
12576.3271484375 164
12576.3720703125 211
12577.685546875 225
12605.1953125 376
12606.123046875 437
12629.61328125 510
12638.5185546875 646
12645.5908203125 671
12655.14453125 738
12657.287109375 770
12661.1865234375 1434
12662.31640625 1610
12671.9609375 1662
12675.171875 1709
12698.04296875 1998
12699.25 2166
12716.208984375 2220
12721.9541015625 2238
12739.984375 2255
12744.9453125 2345
12750.810546875 2510
12756.134765625 2581
12766.923828125 2607
12821.3984375 2807
12832.1962890625 1015
12843.306640625 1984
12844.32421875 1258
12851.1005859375 2555
12875.17578125 1147
12899.1650390625 865
12899.943359375 939
12914.544921875 1497
12926.431640625 2630
12940.2431640625 2752
12950.083984375 457
12956.37890625 309
12970.3681640625 316
12970.5966796875 483
12976.228515625 484
12978.703125 633
13004.498046875 1026
13018.609375 1036
13030.236328125 1176
13048.3525390625 1423
13062.8603515625 1485
13065.564453125 1590
13072.21875 1702
13080.58203125 1759
13088.2138671875 1818
13095.142578125 1958
13122.4892578125 1963
13127.5654296875 1977
13140.0634765625 2053
13144.2958984375 2056
13151.8857421875 2125
13167.91015625 2304
13172.3642578125 2356
13173.849609375 2477
13191.91796875 2533
13205.818359375 2732
13221.318359375 2948
13244.853515625 1601
13245.421875 2256
13254.4189453125 2104
13260.2353515625 284
13265.462890625 182
13266.484375 916
13269.0537109375 1667
13270.4521484375 1852
13270.5712890625 727
13287.048828125 2036
13326.89453125 2772
13353.5732421875 130
13357.02734375 219
13363.8359375 394
13367.140625 405
13378.53125 634
13425.0361328125 856
13447.7822265625 983
13452.79296875 1117
13458.8701171875 1386
13464.765625 1791
13470.2021484375 1991
13483.9326171875 2060
13500.876953125 2215
13511.54296875 2314
13514.6787109375 2440
13515.3349609375 2467
13527.0546875 2618
13536.63671875 2648
13546.666015625 2694
13546.830078125 1772
13550.595703125 818
13557.1416015625 2907
13578.6220703125 660
13580.6513671875 1168
13582.7666015625 1145
13590.294921875 1476
13595.818359375 1618
13604.134765625 655
13613.21875 1592
13668.51171875 2120
13672.173828125 2557
13686.408203125 112
13690.099609375 350
13711.451171875 356
13721.09765625 448
13723.779296875 1500
13730.087890625 1526
13746.2744140625 1587
13804.2939453125 1881
13807.23828125 1943
13809.345703125 1962
13816.451171875 1995
13819.919921875 2075
13828.490234375 2118
13835.486328125 2309
13838.2314453125 2418
13838.341796875 2516
13842.6015625 2588
13849.1259765625 2605
13870.4951171875 2623
13873.447265625 2937
13884.416015625 1005
13894.845703125 110
13898.958984375 2360
13913.0166015625 121
13915.20703125 1046
13926.740234375 298
13942.740234375 372
13948.0390625 492
13980.9765625 752
13988.6396484375 838
13989.904296875 903
14002.3291015625 1034
14004.53515625 1128
14017.0966796875 1187
14036.5380859375 1437
14056.015625 1488
14065.521484375 1534
14069.05078125 1657
14075.3447265625 1678
14088.3603515625 1824
14119.599609375 1826
14120.31640625 1941
14121.359375 1997
14152.68359375 2318
14157.466796875 2327
14158.96875 2362
14178.6201171875 2404
14182.494140625 2453
14182.86328125 2458
14185.6181640625 2496
14187.671875 2696
14210.86328125 2722
14212.451171875 2796
14218.1171875 2584
14220.716796875 2872
14254.50390625 2589
14256.0615234375 2135
14259.4208984375 1802
14265.931640625 1853
14272.6201171875 1892
14283.88671875 1580
14286.9169921875 25
14288.24609375 72
14304.9892578125 343
14321.58203125 710
14323.4990234375 755
14325.9404296875 885
14347.4208984375 1683
14375.296875 1776
14395.0625 1972
14395.0625 2047
14400.22265625 2138
14407.263671875 2185
14413.8681640625 2344
14421.169921875 2545
14433.345703125 2573
14455.0390625 2855
14502.2763671875 2159
14511.443359375 1067
14513.9375 371
14518.5537109375 243
14526.2275390625 1301
14544.6484375 311
14551.7099609375 426
14553.9873046875 648
14576.19921875 720
14578.859375 792
14587.1025390625 940
14590.888671875 1006
14591.560546875 1032
14607.6806640625 1160
14621.005859375 1189
14622.7646484375 2183
14635.54296875 2190
14642.126953125 2301
14677.5703125 1459
14680.298828125 1649
14680.52734375 353
14684.0576171875 2706
14721.171875 1511
14721.458984375 1778
14738.1875 329
14754.501953125 731
14758.6201171875 1400
14759.134765625 2070
14783.099609375 1480
14783.873046875 1714
14795.3037109375 249
14795.6220703125 94
14806.59765625 2823
14845.892578125 471
14847.423828125 473
14867.2666015625 747
14895.912109375 915
14896.30078125 921
14915.1962890625 993
14936.046875 1072
14956.45703125 1415
14985.501953125 1541
14996.3330078125 1746
15003.08203125 1949
15006.283203125 2079
15025.3115234375 2219
15026.3603515625 2258
15046.9521484375 2413
15052.4609375 2628
15064.990234375 2828
15092.36328125 2903
15092.36328125 2996
15092.435546875 204
15093.912109375 1247
15131.8203125 1410
15132.1298828125 1888
15137.9658203125 1214
15146.90234375 1658
15165.5703125 2587
15212.458984375 380
15270.8056640625 688
15278.0185546875 1761
15289.693359375 66
15305.9716796875 127
15322.2734375 179
15322.896484375 855
15354.341796875 1198
15444.2041015625 1250
15449.22265625 1507
15453.78125 1558
15465.8916015625 2007
15478.7138671875 2092
15515.2841796875 2231
15518.9765625 2384
15521.63671875 2457
15559.65234375 2544
15572.478515625 2717
15597.357421875 2774
15620.140625 2794
15636.59765625 2909
15650.0986328125 972
15650.0986328125 1138
15659.3837890625 1442
15660.392578125 1137
15676.6806640625 102
15711.720703125 667
15718.62890625 1935
15722.1142578125 2352
15735.2421875 2887
15742.609375 427
15807.3544921875 1533
15815.4306640625 170
15815.646484375 262
15851.119140625 306
15856.4609375 596
15885.8515625 805
15958.8828125 849
15983.294921875 850
15992.109375 965
16004.537109375 976
16041.5576171875 1058
16043.783203125 1403
16048.06640625 1645
16075.74609375 1999
16082.197265625 2292
16098.0947265625 2392
16127.5966796875 2403
16164.080078125 2497
16172.921875 2524
16180.6142578125 2601
16204.220703125 2652
16229.5263671875 2657
16247.337890625 2761
16268.900390625 2839
16280.025390625 2939
16287.58203125 2984
16295.130859375 1027
16307.3193359375 622
16323.5302734375 417
16361.27734375 450
16375.76953125 690
16416.12109375 969
16416.587890625 982
16421.78515625 1040
16422.89453125 1078
16433.4453125 1083
16452.380859375 1382
16456.78125 1391
16468.537109375 1486
16476.3046875 1503
16481.931640625 1547
16538.447265625 1561
16548.24609375 1965
16551.583984375 2026
16551.685546875 2066
16576.126953125 2182
16576.353515625 2245
16609.67578125 2460
16645.9453125 2466
16681.33984375 2540
16718.65234375 2593
16724.37890625 2632
16780.025390625 2753
16782.12890625 2759
16792.884765625 2793
16803.021484375 2925
16845.8359375 2152
16855.6796875 762
16902.427734375 2757
16914.05078125 37
16951.20703125 1624
16961.62109375 1271
17005.37890625 2370
17012.8984375 2895
17036.07421875 2411
17045.29296875 67
17063.712890625 150
17066.71484375 171
17112.759765625 195
17158.78515625 363
17235.40234375 522
17260.599609375 657
17276.44140625 701
17276.5546875 760
17283.6484375 811
17285.080078125 874
17301.56640625 875
17304.41015625 1002
17313.98828125 1007
17333.06640625 1023
17400.4921875 1356
17424.2734375 1378
17440.31640625 1489
17501.087890625 1629
17521.205078125 2721
17569.666015625 2032
17577.451171875 2259
17727.142578125 771
17731.35546875 1543
17763.35546875 2241
17788.298828125 1964
17833.1640625 1625
17836.87109375 2693
17865.46484375 222
17875.349609375 258
17880.193359375 281
17908.634765625 506
17933.021484375 582
17944.2734375 724
17952.96484375 879
17989.7265625 1003
18047.69921875 1171
18077.10546875 1182
18165.34375 1588
18166.53125 1685
18208.228515625 1758
18268.857421875 2300
18297.90234375 2310
18313.603515625 2705
18420.5390625 2845
18440.298828125 2916
18497.287109375 1811
18514.833984375 2701
18581.49609375 421
18648.28515625 1440
18804.4609375 2337
19021.2578125 2531
19079.822265625 18
19153.248046875 29
19212.18359375 31
19215.150390625 104
19230.134765625 274
19274.953125 321
19312.068359375 370
19356.900390625 375
19377.216796875 562
19412.73828125 914
19426.46875 944
19429.4609375 1672
19506.046875 1684
19509.28515625 1825
19593.92578125 1846
19622.23828125 1960
19646.640625 1976
19734.685546875 2006
19775.12890625 2319
19833.97265625 2405
19947.1328125 2550
20412.92578125 2606
20531.40625 2768
20657.056640625 1081
20727.6015625 1780
20861.4296875 16
20942.22265625 28
21209.703125 125
21274.6796875 212
21328.541015625 265
21400.205078125 295
21540.1015625 360
21651.08203125 364
21806.720703125 937
21846.580078125 1077
22156.556640625 1101
22186.703125 1241
22292.24609375 1243
22563.7734375 1307
22575.26953125 1343
22732.798828125 1404
22886.2734375 1418
23129.142578125 1585
23556.361328125 1719
23620.6484375 1822
23715.7109375 2009
25003.87890625 2164
25492.521484375 2214
26160.71484375 2250
26365.9140625 2263
26633.59765625 2342
27695.79296875 2359
29679.427734375 2547
