4866.06396484375 1281
5135.95458984375 455
5439.2939453125 470
5636.3740234375 902
5807.82177734375 926
5875.5869140625 967
6001.69384765625 1104
6039.92236328125 1225
6163.9931640625 1286
6227.6064453125 1506
6251.7099609375 1516
6389.29296875 1599
6421.86328125 1779
6438.1337890625 1848
6606.78271484375 1867
6777.2666015625 1883
6783.3076171875 2063
6785.912109375 2210
6865.9072265625 2246
6922.60009765625 2285
7028.19775390625 2361
7060.2470703125 2686
7123.80029296875 2700
7138.41064453125 88
7208.6279296875 586
7235.873046875 136
7261.0595703125 1471
7350.86083984375 226
7352.32568359375 296
7418.25244140625 1197
7423.85009765625 1666
7453.982421875 1446
7473.154296875 87
7541.669921875 251
7551.6455078125 527
7716.54541015625 529
7727.3466796875 625
7757.4794921875 641
7758.798828125 693
7788.4443359375 873
7932.1748046875 881
7949.1845703125 928
8073.12158203125 1133
8094.24609375 1283
8125.546875 1318
8284.6044921875 1346
8317.8232421875 1417
8331.296875 1720
8345.6513671875 1987
8504.2666015625 2226
8542.69921875 2296
8600.5439453125 2515
8772.0517578125 2572
8864.693359375 2669
8904.57421875 2728
8947.6982421875 2734
8997.59765625 2746
9033.8603515625 2852
9118.8095703125 2866
9157.0390625 2915
9158.7255859375 2949
9284.013671875 377
9392.3603515625 2281
9409.9130859375 160
9428.20703125 1
9442.0341796875 425
9466.29296875 446
9466.9345703125 800
9503.470703125 918
9601.4267578125 953
9744.201171875 985
9839.23046875 986
9843.064453125 1008
9850.71875 1043
9871.3876953125 1270
10019.7548828125 1317
10037.1103515625 1435
10113.3427734375 1548
10184.0068359375 1606
10209.4150390625 1661
10223.68359375 1712
10254.4609375 2010
10264.849609375 2088
10357.2080078125 2365
10383.048828125 2410
10405.36328125 2414
10434.181640625 2482
10460.59375 2560
10462.9365234375 2781
10572.126953125 2820
10580.2890625 997
10665.82421875 1781
10686.369140625 81
10686.369140625 229
10798.458984375 440
10827.203125 548
10990.18359375 611
11301.8759765625 826
11306.2138671875 834
11317.287109375 848
11359.435546875 871
11411.232421875 893
11431.3310546875 1231
11568.416015625 1256
11626.5703125 1315
11912.732421875 1458
11948.474609375 1550
11988.9912109375 1671
11993.1943359375 1711
12005.763671875 1815
12018.1015625 1893
12068.6015625 2312
12138.7216796875 2324
12153.064453125 2385
12300.697265625 2447
12345.529296875 2562
12477.7841796875 2610
12514.7646484375 2622
12527.0390625 2853
12541.73828125 2924
12616.208984375 2927
12636.984375 2239
12703.41796875 1362
12715.931640625 1926
12719.681640625 2997
12874.7890625 254
12955.8515625 388
13013.0400390625 465
13122.236328125 498
13138.416015625 520
13139.6708984375 962
13153.326171875 981
13221.1796875 1156
13288.46484375 1652
13303.0302734375 2205
13322.912109375 2339
13357.330078125 2417
13418.4033203125 2494
13566.0849609375 2687
13598.203125 1122
13736.919921875 1670
13747.826171875 264
13915.5322265625 2173
13961.9921875 1646
13989.07421875 2396
14037.2236328125 49
14070.814453125 189
14075.3212890625 261
14098.3603515625 263
14142.0517578125 430
14147.130859375 831
14168.8115234375 899
14177.4169921875 1123
14193.755859375 1169
14258.8818359375 1350
14295.7998046875 1405
14304.8876953125 1512
14305.056640625 1750
14323.8037109375 1769
14520.966796875 1908
14570.8515625 1966
14608.0576171875 1982
14625.8671875 1993
14694.048828125 2094
14707.833984375 2126
14764.091796875 2141
14824.8740234375 2171
14835.4375 2174
14844.1787109375 2177
14874.2763671875 2237
14958.9541015625 2367
14960.7529296875 2536
15007.4794921875 2542
15018.6103515625 2582
15035.7451171875 2675
15041.7490234375 2703
15063.0361328125 1873
15187.9501953125 2107
15193.1953125 2511
15340.765625 101
15381.1875 215
15407.0009765625 549
15421.412109375 550
15455.943359375 573
15462.064453125 1136
15463.7490234375 1199
15465.9541015625 1530
15473.2646484375 1581
15497.185546875 1640
15544.609375 1688
15566.779296875 1968
15621.6806640625 2526
15670.7080078125 2571
15737.1171875 2983
15797.2568359375 1787
15809.189453125 602
15849.873046875 1146
15876.974609375 253
15902.7802734375 342
15965.529296875 843
16004.328125 1233
16013.8701171875 1335
16032.7509765625 1394
16103.6875 1737
16131.3203125 1784
16150.25 1950
16155.962890625 2025
16172.740234375 2473
16183.9140625 2518
16196.591796875 999
16198.88671875 1056
16269.2294921875 1900
16286.2060546875 1304
16289.3916015625 1326
16303.1875 2967
16304.896484375 1329
16311.2470703125 50
16314.4482421875 318
16344.58203125 389
16376.9296875 478
16388.759765625 491
16393.126953125 580
16412.48046875 599
16423.72265625 890
16428.33984375 896
16435.64453125 909
16511.06640625 919
16514.005859375 995
16524.76953125 1273
16552.498046875 1342
16554.740234375 1430
16573.48828125 1495
16580.435546875 1568
16623.3828125 1583
16639.193359375 1764
16646.47265625 1774
16744.451171875 2065
16759.234375 2117
16766.455078125 2181
16822.7578125 2268
16845.75 2465
16866.54296875 2664
16968.40234375 2760
16985.890625 2764
16997.388671875 2938
17123.3125 2943
17184.9609375 1860
17202.8125 2880
17243.169921875 1333
17297.390625 2631
17329.421875 146
17352.80078125 1538
17378.794921875 21
17425.59375 34
17455.814453125 200
17471.619140625 288
17483.79296875 336
17529.890625 385
17530.42578125 517
17532.7109375 546
17533.2421875 609
17554.46484375 614
17573.970703125 683
17585.720703125 686
17663.740234375 769
17669.7890625 1097
17676.546875 1221
17676.546875 1322
17686.068359375 1359
17687.466796875 1376
17689.0859375 1686
17752.044921875 1854
17801.60546875 2513
17817.484375 2553
17820.88671875 2650
17851.193359375 2672
17863.28515625 2911
17874.705078125 78
17875.97265625 2713
17892.99609375 2800
17911.7109375 2651
17931.765625 2970
17977.912109375 1045
17985.4765625 1068
18009.5546875 2078
18010.697265625 884
18020.25390625 886
18036.251953125 1028
18057.48046875 1845
18067.115234375 1932
18097.662109375 2489
18129.580078125 90
18158.14453125 153
18172.107421875 240
18189.56640625 256
18201.822265625 531
18204.662109375 644
18217.197265625 706
18231.51171875 775
18328.220703125 1163
18342.49609375 1483
18344.013671875 2114
18346.541015625 2379
18382.3359375 2424
18384.2421875 2433
18388.96484375 2435
18400.810546875 2442
18420.490234375 2683
18444.654296875 2811
18474.921875 2176
18488.572265625 169
18492.880859375 2207
18508.599609375 1144
18533.474609375 2180
18534.177734375 73
18535.740234375 663
18546.908203125 677
18555.310546875 756
18642.47265625 925
18709.044921875 927
18713.2421875 946
18757.64453125 996
18776.02734375 1141
18810.201171875 1202
18820.5625 1251
18855.796875 1457
18870.556640625 1502
18882.91015625 1591
18891.01953125 1733
18893.86328125 1735
18901.146484375 1919
18908.607421875 1933
18915.517578125 1955
18924.455078125 2002
18927.8671875 2335
18974.54296875 2341
18979.16796875 2565
19003.005859375 2695
19014.9765625 2763
19015.34375 2840
19070.01953125 2422
19119.3203125 1020
19126.234375 640
19126.68359375 59
19172.12109375 177
19176.31640625 191
19198.97265625 575
19204.509765625 687
19244.708984375 934
19261.96875 1119
19285.236328125 1529
19300.099609375 1697
19322.509765625 1810
19385.6015625 1831
19401.49609375 2354
19416.2890625 2528
19484.287109375 2679
19485.685546875 2712
19503.482421875 2747
19545.06640625 2809
19548.15234375 2821
19557.09375 2842
19558.853515625 2860
19577.19921875 2906
19591.666015625 2994
19602.216796875 186
19645.703125 223
19648.048828125 1594
19649.29296875 410
19664.87109375 631
19685.515625 132
19735.580078125 2576
19781.1171875 1282
19808.97265625 488
19815.228515625 869
19841.92578125 2059
19878.0859375 787
19887.3046875 904
19905.076171875 137
19923.4453125 275
19933.60546875 328
19960.740234375 333
19966.95703125 392
20031.212890625 407
20084.283203125 489
20085.78125 680
20118.568359375 1022
20119.4453125 1290
20134.869140625 1358
20136.23828125 1607
20144.240234375 1653
20157.12890625 2024
20167.431640625 2184
20178.22265625 2221
20183.341796875 2394
20235.35546875 2427
20241.12890625 2517
20254.392578125 2655
20264.291015625 2704
20276.3984375 2900
20306.841796875 2946
20306.861328125 459
20313.078125 1408
20316.921875 1339
20390.275390625 22
20392.951171875 45
20416.8984375 300
20426.857421875 812
20468.09375 922
20474.404296875 947
20480.765625 975
20482.384765625 1001
20493.59375 1095
20502.244140625 1275
20519.720703125 1664
20535.25 1708
20535.56640625 1763
20547.181640625 1766
20561.359375 1889
20587.53125 2077
20627.125 2082
20653.63671875 2131
20654.115234375 2315
20666.693359375 2317
20669.66796875 2409
20690.416015625 2608
20720.013671875 2616
20722.8984375 2649
20726.865234375 2819
20728.595703125 2862
20730.09375 1164
20770.16796875 2213
20801.494140625 1050
20804.810546875 979
20827.310546875 1562
20836.4609375 1597
20847.298828125 2334
20862.0859375 587
20862.7421875 630
20894.576171875 777
20937.822265625 1012
20981.087890625 1064
20982.033203125 1082
20982.330078125 1462
21017.71484375 1501
21046.73046875 1654
21054.650390625 1800
21068.76171875 2656
21083.822265625 2884
21107.994140625 1416
21108.57421875 1575
21125.935546875 2889
21143.26953125 445
21160.7421875 30
21166.310546875 2484
21168.59375 38
21184.55859375 40
21198.3984375 76
21207.427734375 77
21228.84765625 108
21234.923828125 164
21275.7890625 211
21288.015625 225
21294.22265625 376
21305.173828125 437
21306.42578125 510
21327.2734375 646
21373.78515625 671
21381.203125 738
21392.91796875 770
21401.796875 1434
21420.982421875 1610
21480.59375 1662
21484.9140625 1709
21531.009765625 1998
21540.82421875 2166
21576.0859375 2220
21595.8203125 2238
21598.994140625 2255
21613.74609375 2345
21652.677734375 2510
21658.193359375 2581
21661.73828125 2607
21684.341796875 2807
21688.462890625 1015
21698.142578125 1984
21720.4140625 1258
21725.015625 2555
21739.8984375 1147
21740.650390625 865
21761.66015625 939
21771.8046875 1497
21794.34765625 2630
21800.091796875 2752
21816.8984375 457
21875.189453125 309
21877.55859375 316
21879.6015625 483
21901.31640625 484
21915.01171875 633
21915.748046875 1026
21915.869140625 1036
21920.072265625 1176
21934.62890625 1423
21979.40234375 1485
21981.3828125 1590
21983.64453125 1702
22007.65625 1759
22023.451171875 1818
22023.607421875 1958
22034.560546875 1963
22063.02734375 1977
22070.84375 2053
22072.6953125 2056
22094.40234375 2125
22099.13671875 2304
22130.052734375 2356
22241.73828125 2477
22246.3671875 2533
22278.275390625 2732
22284.34375 2948
22299.794921875 1601
22308.029296875 2256
22326.421875 2104
22363.96484375 284
22376.603515625 182
22390.775390625 916
22416.177734375 1667
22420.849609375 1852
22424.615234375 727
22427.779296875 2036
22436.58984375 2772
22438.12109375 130
22438.765625 219
22449.9921875 394
22459.912109375 405
22460.251953125 634
22460.28515625 856
22486.162109375 983
22493.759765625 1117
22528.71875 1386
22534.22265625 1791
22538.818359375 1991
22553.30859375 2060
22558.021484375 2215
22583.837890625 2314
22585.154296875 2440
22591.021484375 2467
22593.552734375 2618
22634.16015625 2648
22635.84765625 2694
22650.0390625 1772
22659.552734375 818
22661.9375 2907
22665.712890625 660
22682.458984375 1168
22683.4140625 1145
22685.48828125 1476
22686.072265625 1618
22739.6015625 655
22796.13671875 1592
22809.05859375 2120
22830.76953125 2557
22868.15234375 112
22868.814453125 350
22868.900390625 356
22871.267578125 448
22896.078125 1500
22898.556640625 1526
22931.201171875 1587
22969.08203125 1881
22969.54296875 1943
23027.25390625 1962
23047.46875 1995
23049.658203125 2075
23068.95703125 2118
23078.11328125 2309
23087.58203125 2418
23103.447265625 2516
23107.26953125 2588
23110.79296875 2605
23114.451171875 2623
23133.634765625 2937
23134.78515625 1005
23161.98046875 110
23175.53125 2360
23179.6796875 121
23191.849609375 1046
23202.302734375 298
23209.10546875 372
23217.537109375 492
23223.58984375 752
23230.3203125 838
23232.73828125 903
23236.015625 1034
23238.36328125 1128
23281.892578125 1187
23282.5546875 1437
23286.673828125 1488
23335.2421875 1534
23345.412109375 1657
23360.427734375 1678
23368.36328125 1824
23370.376953125 1826
23385.25 1941
23385.25 1997
23390.033203125 2318
23398.07421875 2327
23419.76953125 2362
23431.59765625 2404
23470.8125 2453
23493.400390625 2458
23494.322265625 2496
23532.888671875 2696
23601.0703125 2722
23611.50390625 2796
23625.408203125 2584
23634.033203125 2872
23657.015625 2589
23669.103515625 2135
23690.578125 1802
23701.76953125 1853
23754.279296875 1892
23779.619140625 1580
23781.1171875 25
23789.81640625 72
23789.837890625 343
23797.09765625 710
23804.029296875 755
23807.712890625 885
23828.19921875 1683
23841.138671875 1776
23871.09765625 1972
23874.01953125 2047
23882.189453125 2138
23918.625 2185
23928.9921875 2344
23936.388671875 2545
23943.005859375 2573
23949.287109375 2855
23975.21875 2159
23984.669921875 1067
24015.4140625 371
24024.388671875 243
24026.875 1301
24035.462890625 311
24048.083984375 426
24083.54296875 648
24108.671875 720
24109.0390625 792
24124.83984375 940
24135.857421875 1006
24136.7578125 1032
24149.0546875 1160
24209.248046875 1189
24232.96484375 2183
24236.29296875 2190
24236.44140625 2301
24244.99609375 1459
24245.85546875 1649
24259.001953125 353
24282.919921875 2706
24306.484375 1511
24328.228515625 1778
24330.970703125 329
24335.115234375 731
24350.6015625 1400
24361.53515625 2070
24368.587890625 1480
24374.908203125 1714
24395.75 249
24399.31640625 94
24419.7734375 2823
24424.2265625 471
24427.76171875 473
24443.89453125 747
24444.455078125 915
24444.48828125 921
24447.5234375 993
24485.255859375 1072
24506.37109375 1415
24578.333984375 1541
24586.1640625 1746
24598.92578125 1949
24599.9609375 2079
24627.873046875 2219
24638.337890625 2258
24662.8828125 2413
24671.70703125 2628
24697.4921875 2828
24705.669921875 2903
24717.359375 2996
24721.951171875 204
24733.49609375 1247
24750.634765625 1410
24754.423828125 1888
24764.486328125 1214
24784.0703125 1658
24792.919921875 2587
24802.05859375 380
24802.05859375 688
24872.865234375 1761
24883.32421875 66
24947.607421875 127
24957.962890625 179
24962.1875 855
24978.56640625 1198
24984.140625 1250
24985.947265625 1507
25028.19921875 1558
25033.880859375 2007
25049.55859375 2092
25063.91796875 2231
25078.533203125 2384
25085.802734375 2457
25135.556640625 2544
25175.203125 2717
25184.919921875 2774
25187.751953125 2794
25248.408203125 2909
25250.39453125 972
25264.22265625 1138
25277.39453125 1442
25288.001953125 1137
25288.09375 102
25329.216796875 667
25329.216796875 1935
25379.482421875 2352
25387.958984375 2887
25423.611328125 427
25433.16015625 1533
25433.41015625 170
25437.259765625 262
25437.96484375 306
25442.140625 596
25454.78125 805
25472.3359375 849
25512.39453125 850
25557.884765625 965
25571.416015625 976
25582.359375 1058
25598.658203125 1403
25609.587890625 1645
25615.767578125 1999
25615.767578125 2292
25616.595703125 2392
25621.244140625 2403
25632.04296875 2497
25648.033203125 2524
25662.88671875 2601
25668.8515625 2652
25702.36328125 2657
25719.603515625 2761
25738.537109375 2839
25761.376953125 2939
25793.919921875 2984
25817.583984375 1027
25820.703125 622
25853.86328125 417
25905.859375 450
25910.63671875 690
25912.818359375 969
25941.75 982
25944.326171875 1040
25957.140625 1078
26046.677734375 1083
26096.69140625 1382
26116.8984375 1391
26124.810546875 1486
26137.48046875 1503
26175.361328125 1547
26182.724609375 1561
26225.001953125 1965
26231.47265625 2026
26235.443359375 2066
26276.052734375 2182
26307.982421875 2245
26355.51171875 2460
26360.158203125 2466
26391.78515625 2540
26401.87890625 2593
26452.611328125 2632
26471.40625 2753
26528.796875 2759
26539.791015625 2793
26543.7578125 2925
26581.296875 2152
26594.283203125 762
26613.337890625 2757
26626.1484375 37
26709.421875 1624
26811.248046875 1271
26812.298828125 2370
26821.779296875 2895
26838.91796875 2411
26914.5859375 67
26927.28515625 150
26960.828125 171
26984.9453125 195
27015.083984375 363
27029.521484375 522
27106.37109375 657
27138.404296875 701
27144.63671875 760
27175.193359375 811
27183.62109375 874
27183.908203125 875
27199.83203125 1002
27208.734375 1007
27285.421875 1023
27300.181640625 1356
27312.24609375 1378
27331.130859375 1489
27517.5078125 1629
27521.142578125 2721
27540.822265625 2032
27560.7890625 2259
27584.728515625 771
27631.029296875 1543
27635.0859375 2241
27662.556640625 1964
27678.396484375 1625
27698.919921875 2693
27750.17578125 222
27756.044921875 258
27775.767578125 281
27794.12890625 506
27876.763671875 582
27941.21875 724
28035.150390625 879
28085.935546875 1003
28111.662109375 1171
28162.259765625 1182
28277.720703125 1588
28332.9921875 1685
28403.001953125 1758
28409.189453125 2300
28435.5078125 2310
28476.29296875 2705
28533.708984375 2845
28595.09765625 2916
28666.048828125 1811
28705.412109375 2701
28705.578125 421
28710.75 1440
28724.099609375 2337
28769.22265625 2531
28808.81640625 18
28810.603515625 29
28943.11328125 31
28974.3984375 104
29066.173828125 274
29101.97265625 321
29243.5703125 370
29369.359375 375
29436.0390625 562
29453.83203125 914
29453.99609375 944
29480.306640625 1672
29515.28125 1684
29627.046875 1825
29630.4296875 1846
29710.18359375 1960
29715.001953125 1976
29741.607421875 2006
29778.0703125 2319
29936.048828125 2405
29980.962890625 2550
30064.9296875 2606
30119.828125 2768
30177.7421875 1081
30294.478515625 1780
30372.095703125 16
30376.396484375 28
30430.4453125 125
30463.15234375 212
30569.046875 265
30753.396484375 295
30769.02734375 360
30862.01171875 364
30956.06640625 937
30974.77734375 1077
30995.841796875 1101
31077.12109375 1241
31143.041015625 1243
31954.384765625 1307
32528.83203125 1343
32588.150390625 1404
33099.921875 1418
33353.95703125 1585
33388.7890625 1719
33542.6328125 1822
33835.4296875 2009
33956.40234375 2164
34296.46875 2214
34338.75390625 2250
34452.59765625 2263
34897.76171875 2342
35316.46875 2359
35499.125 2547
