4737.99072265625 1408
4791.17919921875 1339
4927.23583984375 22
5029.37060546875 45
5056.23486328125 300
5056.23486328125 812
5138.7548828125 922
5195.2177734375 947
5233.984375 975
5303.91357421875 1001
5571.86328125 1095
5669.31298828125 1275
5775.279296875 1664
5882.2158203125 1708
5972.3896484375 1763
6134.5634765625 1766
6137.908203125 1889
6238.12060546875 2077
6297.11865234375 2082
6356.6279296875 2131
6406.57421875 2315
6438.0029296875 2317
6698.44970703125 2409
6909.3037109375 2608
6944.47314453125 2616
6959.67578125 2649
7035.3642578125 2819
7065.3193359375 2862
7193.80517578125 1164
7231.556640625 2213
7245.82568359375 1446
7286.5087890625 87
7291.41357421875 251
7377.16650390625 527
7396.62890625 529
7407.7392578125 625
7448.2294921875 641
7492.90771484375 693
7626.580078125 873
7637.96142578125 881
7637.96142578125 928
7660.73095703125 1133
7782.2939453125 1283
7845.8818359375 1318
7889.92041015625 1346
7907.892578125 1417
7931.87841796875 1720
8011.255859375 1987
8085.0546875 2226
8119.783203125 2296
8302.9248046875 2515
8314.197265625 2572
8386.44921875 2669
8427.587890625 2728
8432.376953125 2734
8524.7451171875 2746
8562.875 2852
8571.177734375 2866
8629.4404296875 2915
8662.1123046875 2949
8780.673828125 377
8820.35546875 2281
8839.923828125 160
8853.6845703125 1
8866.1796875 425
8944.9140625 446
8954.5224609375 800
8975.7939453125 918
8978.38671875 953
8992.451171875 985
9051.181640625 986
9093.376953125 1008
9099.662109375 1043
9215.1943359375 1270
9302.685546875 1317
9386.828125 1435
9400.16015625 1548
9437.21875 1606
9449.7158203125 1661
9488.0556640625 1712
9500.873046875 2010
9541.2216796875 2088
9547.515625 2365
9558.732421875 2410
9563.21484375 2414
9599.69921875 2482
9637.453125 2560
9649.9033203125 2781
9716.0615234375 2820
9723.9482421875 997
9753.3291015625 1781
9787.9013671875 81
9826.6181640625 229
9907.619140625 440
9912.8095703125 548
9984.6591796875 611
10009.05078125 826
10087.013671875 834
10125.599609375 848
10143.1044921875 871
10175.1962890625 893
10180.015625 1231
10181.322265625 1256
10187.8388671875 1315
10252.26953125 1458
10279.8271484375 1550
10295.84765625 1671
10337.5791015625 1711
10348.29296875 1815
10385.98828125 1893
10405.087890625 2312
10411.2412109375 2324
10415.0986328125 2385
10535.44140625 2447
10550.5703125 2562
10551.63671875 2610
10584.7060546875 2622
10622.6328125 2853
10625.732421875 2924
10635.05859375 2927
10699.490234375 2239
10720.693359375 1362
10738.990234375 1926
10739.6171875 2997
10752.6748046875 254
10756.888671875 388
10768.7744140625 465
10821.9482421875 498
10822.1357421875 520
10839.7353515625 962
10866.9248046875 981
10959.1083984375 1156
11030.703125 1652
11032.40234375 2205
11066.5615234375 2339
11092.271484375 2417
11094.380859375 2494
11154.1376953125 2687
11164.673828125 1122
11168.802734375 1670
11248.8388671875 264
11287.5947265625 2173
11307.7978515625 1646
11308.71875 2396
11342.2451171875 49
11415.876953125 189
11415.876953125 261
11419.2138671875 263
11445.818359375 430
11457.3818359375 831
11480.142578125 899
11520.3681640625 1123
11545.44140625 1169
11553.951171875 1350
11561.306640625 1405
11628.6640625 1512
11667.953125 1750
11669.916015625 1769
11691.8759765625 1908
11693.5810546875 1966
11694.1015625 1982
11747.6171875 1993
11765.232421875 2094
11767.1494140625 2126
11781.2236328125 2141
11781.91015625 2171
11787.6064453125 2174
11790.5478515625 2177
11845.0234375 2237
11853.6826171875 2367
11858.45703125 2536
11859.7353515625 2542
11888.66796875 2582
11929.3212890625 2675
11954.837890625 2703
11960.7353515625 1873
11962.6669921875 2107
12004.333984375 1281
12007.41796875 455
12028.8291015625 470
12035.2099609375 902
12038.1259765625 926
12041.759765625 967
12068.2919921875 1104
12079.455078125 1225
12097.24609375 1286
12113.7890625 1506
12133.439453125 1516
12136.2314453125 1599
12149.9365234375 1779
12155.9345703125 1848
12159.03515625 1867
12165.720703125 1883
12179.9921875 2063
12205.9453125 2210
12222.4638671875 2246
12229.7109375 2285
12235.7021484375 2361
12251.240234375 2686
12297.7099609375 2700
12340.126953125 88
12341.275390625 586
12345.107421875 136
12362.0732421875 1471
12375.9052734375 226
12406.3095703125 296
12417.8583984375 1197
12448.8349609375 1666
12489.7939453125 2511
12489.85546875 101
12522.21875 215
12524.8056640625 549
12534.6376953125 550
12534.68359375 573
12539.390625 1136
12548.9501953125 1199
12557.0263671875 1530
12559.0048828125 1581
12562.638671875 1640
12573.3984375 1688
12600.09765625 1968
12607.392578125 2526
12629.650390625 2571
12658.333984375 2983
12686.5341796875 1787
12690.986328125 602
12692.6650390625 1146
12722.6484375 253
12767.041015625 342
12773.638671875 843
12798.1044921875 1233
12801.4951171875 1335
12801.9892578125 1394
12803.1875 1737
12807.7431640625 1784
12851.4072265625 1950
12898.28125 2025
12905.9619140625 2473
12911.548828125 2518
12945.17578125 999
12945.462890625 1056
12986.978515625 1900
12997.8701171875 1304
13013.7275390625 1326
13015.6728515625 2967
13027.787109375 1329
13038.3603515625 50
13045.1904296875 318
13059.66796875 389
13062.37890625 478
13083.314453125 491
13097.236328125 580
13151.9150390625 599
13158.392578125 890
13162.3125 896
13163.060546875 909
13197.8359375 919
13201.025390625 995
13223.681640625 1273
13239.01953125 1342
13265.431640625 1430
13267.0234375 1495
13301.927734375 1568
13306.0224609375 1583
13312.857421875 1764
13316.5078125 1774
13318.5078125 2065
13318.5185546875 2117
13323.2705078125 2181
13327.072265625 2268
13332.5595703125 2465
13366.89453125 2664
13390.1513671875 2760
13393.05859375 2764
13395.197265625 2938
13405.666015625 2943
13420.1728515625 1860
13422.7607421875 2880
13427.88671875 1333
13428.46484375 2631
13430.1796875 146
13443.5390625 1538
13446.267578125 21
13459.89453125 34
13496.9169921875 200
13498.1611328125 288
13501.1640625 336
13508.6650390625 385
13511.5341796875 517
13520.8134765625 546
13528.0439453125 609
13593.02734375 614
13599.15625 683
13606.556640625 686
13632.2353515625 769
13636.966796875 1097
13642.759765625 1221
13657.4990234375 1322
13663.560546875 1359
13670.001953125 1376
13672.248046875 1686
13698.998046875 1854
13704.6826171875 2513
13705.681640625 2553
13720.7919921875 2650
13754.783203125 2672
13756.875 2911
13800.34375 78
13827.78125 2713
13839.9140625 2800
13869.0927734375 2651
13896.33984375 2970
13927.7490234375 1045
13935.216796875 1068
13936.8369140625 2078
13939.6357421875 884
13955.4951171875 886
13974.474609375 1028
13977.6630859375 1845
14038.998046875 1932
14048.962890625 2489
14058.634765625 90
14068.91015625 153
14081.05859375 240
14081.673828125 256
14089.9169921875 531
14109.935546875 644
14111.185546875 706
14117.017578125 775
14127.056640625 1163
14134.451171875 1483
14143.9892578125 2114
14150.7734375 2379
14155.640625 2424
14196.0966796875 2433
14204.1533203125 2435
14209.833984375 2442
14210.2734375 2683
14225.798828125 2811
14238.0078125 2176
14241.984375 169
14245.1923828125 2207
14272.509765625 1144
14274.08984375 2180
14276.9892578125 73
14280.4921875 663
14285.375 677
14285.513671875 756
14326.6357421875 925
14331.46484375 927
14333.1796875 946
14345.4990234375 996
14360.76171875 1141
14365.7861328125 1202
14387.251953125 1251
14411.3134765625 1457
14427.689453125 1502
14436.48046875 1591
14439.6650390625 1733
14454.7373046875 1735
14455.40625 1919
14462.1533203125 1933
14470.2509765625 1955
14471.0859375 2002
14483.98828125 2335
14485.4990234375 2341
14495.150390625 2565
14507.4580078125 2695
14511.7548828125 2763
14512.3994140625 2840
14534.9130859375 2422
14545.4921875 1020
14558.3017578125 640
14565.7255859375 59
14580.13671875 177
14585.212890625 191
14593.4609375 575
14601.3291015625 687
14602.470703125 934
14602.8525390625 1119
14621.4169921875 1529
14627.9951171875 1697
14634.1845703125 1810
14640.4697265625 1831
14644.56640625 2354
14684.5703125 2528
14686.931640625 2679
14699.7314453125 2712
14703.8681640625 2747
14706.337890625 2809
14711.0361328125 2821
14738.95703125 2842
14764.6552734375 2860
14802.1796875 2906
14810.603515625 2994
14851.861328125 186
14859.296875 223
14871.021484375 1594
14888.4609375 410
14897.2958984375 631
14926.5751953125 132
14944.69140625 2576
14958.9169921875 1282
14990.0146484375 488
14993.564453125 869
15013.1533203125 2059
15015.4072265625 787
15024.076171875 904
15036.1767578125 137
15043.3896484375 275
15048.5546875 328
15061.9892578125 333
15069.5498046875 392
15083.41015625 407
15084.130859375 489
15097.177734375 680
15107.4931640625 1022
15108.8896484375 1290
15120.056640625 1358
15122.017578125 1607
15131.37109375 1653
15137.9658203125 2024
15156.3828125 2184
15157.181640625 2221
15167.44921875 2394
15167.55078125 2427
15179.681640625 2517
15194.2783203125 2655
15204.728515625 2704
15258.763671875 2900
15272.705078125 2946
15272.783203125 459
15275.0693359375 1050
15275.236328125 979
15279.6787109375 1562
15284.10546875 1597
15286.173828125 2334
15287.658203125 587
15290.26953125 630
15305.2333984375 777
15313.236328125 1012
15320.388671875 1064
15353.3798828125 1082
15358.9033203125 1462
15361.83984375 1501
15383.056640625 1654
15383.32421875 1800
15384.0439453125 2656
15385.287109375 2884
15408.8681640625 1416
15423.64453125 1575
15432.384765625 2889
15473.0810546875 445
15493.048828125 30
15534.1865234375 2484
15548.2978515625 38
15561.5625 40
15574.3134765625 76
15577.9697265625 77
15580.365234375 108
15611.62890625 164
15614.2890625 211
15633.197265625 225
15653.9912109375 376
15665.3759765625 437
15672.15625 510
15712.2421875 646
15731.810546875 671
15757.984375 738
15767.9755859375 770
15790.041015625 1434
15824.84375 1610
15856.9931640625 1662
15869.12109375 1709
15885.7236328125 1998
15898.82421875 2166
15919.8251953125 2220
15976.3349609375 2238
15981.025390625 2255
15983.6494140625 2345
15993.8095703125 2510
15994.4052734375 2581
15995.4130859375 2607
16016.341796875 2807
16026.4990234375 1015
16072.3681640625 1984
16120.5927734375 1258
16134.0849609375 2555
16204.18359375 1147
16237.6689453125 865
16251.765625 939
16272.65625 1497
16279.9931640625 2630
16294.6708984375 2752
16297.744140625 457
16304.9326171875 309
16323.626953125 316
16344.2607421875 483
16350.986328125 484
16389.4609375 633
16404.5078125 1026
16405.4296875 1036
16436.611328125 1176
16462.111328125 1423
16473.107421875 1485
16473.59765625 1590
16488.125 1702
16491.388671875 1759
16507.943359375 1818
16517.951171875 1958
16549.05078125 1963
16557.052734375 1977
16557.79296875 2053
16567.888671875 2056
16584.72265625 2125
16612.44921875 2304
16646.021484375 2356
16659.5625 2477
16682.666015625 2533
16682.78515625 2732
16697.05859375 2948
16703.009765625 1601
16717.3046875 2256
16751.33203125 2104
16805.42578125 284
16808.876953125 182
16821.705078125 916
16845.8046875 1667
16897.232421875 1852
16897.232421875 727
16968.435546875 2036
16970.94921875 2772
16983.95703125 130
16991.748046875 219
17004.806640625 394
17005.06640625 405
17062.822265625 634
17067.994140625 856
17071.6875 983
17092.9765625 1117
17097.673828125 1386
17103.29296875 1791
17116.88671875 1991
17144.013671875 2060
17159.646484375 2215
17161.384765625 2314
17163.095703125 2440
17182.185546875 2467
17182.330078125 2618
17182.3359375 2648
17186.720703125 2694
17187.2109375 1772
17188.248046875 818
17214.087890625 2907
17221.123046875 660
17222.25 1168
17271.185546875 1145
17288.73828125 1476
17288.982421875 1618
17317.943359375 655
17328.451171875 1592
17346.6484375 2120
17349.841796875 2557
17358.634765625 112
17384.740234375 350
17386.59375 356
17396.173828125 448
17408.619140625 1500
17421.3984375 1526
17424.16796875 1587
17430.544921875 1881
17467.716796875 1943
17483.38671875 1962
17520.919921875 1995
17533.849609375 2075
17560.16796875 2118
17562.53515625 2309
17588.52734375 2418
17590.603515625 2516
17600.08984375 2588
17600.5625 2605
17607.052734375 2623
17617.875 2937
17623.748046875 1005
17643.662109375 110
17650.3359375 2360
17661.443359375 121
17667.79296875 1046
17691.517578125 298
17692.46875 372
17703.21875 492
17735.8359375 752
17761.912109375 838
17776.998046875 903
17783.4296875 1034
17808.123046875 1128
17809.521484375 1187
17835.60546875 1437
17839.6171875 1488
17883.267578125 1534
17909.21875 1657
17928.80078125 1678
17939.5625 1824
17973.978515625 1826
18009.77734375 1941
18012.341796875 1997
18025.392578125 2318
18039.84375 2327
18066.36328125 2362
18094.962890625 2404
18136.658203125 2453
18137.134765625 2458
18147.525390625 2496
18155.087890625 2696
18163.69921875 2722
18173.158203125 2796
18179.048828125 2584
18198.810546875 2872
18200.1015625 2589
18206.955078125 2135
18221.150390625 1802
18233.947265625 1853
18259.326171875 1892
18264.12109375 1580
18287.150390625 25
18313.822265625 72
18314.697265625 343
18314.697265625 710
18361.763671875 755
18394.830078125 885
18395.8828125 1683
18404.01171875 1776
18416.556640625 1972
18423.705078125 2047
18518.189453125 2138
18529.328125 2185
18530.80859375 2344
18633.623046875 2545
18652.939453125 2573
18677.326171875 2855
18683.46875 2159
18726.45703125 1067
18726.84765625 371
18729.91796875 243
18751.318359375 1301
18761.17578125 311
18775.33203125 426
18784.826171875 648
18799.849609375 720
18820.505859375 792
18902.529296875 940
18936.701171875 1006
18970.123046875 1032
18974.7890625 1160
19070.376953125 1189
19072.4765625 2183
19074.677734375 2190
19103.4765625 2301
19108.662109375 1459
19111.615234375 1649
19118.77734375 353
19139.505859375 2706
19145.87109375 1511
19154.037109375 1778
19186.611328125 329
19191.453125 731
19201.515625 1400
19223.77734375 2070
19249.283203125 1480
19264.5859375 1714
19265.1875 249
19307.47265625 94
19377.716796875 2823
19460.1796875 471
19465.7421875 473
19472.341796875 747
19498.826171875 915
19499.18359375 921
19527.52734375 993
19571.361328125 1072
19576.83203125 1415
19589.041015625 1541
19624.81640625 1746
19642.94140625 1949
19651.849609375 2079
19683.080078125 2219
19685.61328125 2258
19690.544921875 2413
19692.48046875 2628
19698.06640625 2828
19706.53515625 2903
19722.26171875 2996
19763.56640625 204
19790.568359375 1247
19797.91796875 1410
19803.943359375 1888
19851.552734375 1214
19853.640625 1658
19900.01953125 2587
19922.21875 380
19925.21484375 688
19986.970703125 1761
20003.00390625 66
20032.15234375 127
20060.916015625 179
20110.705078125 855
20111.52734375 1198
20130.9453125 1250
20213.611328125 1507
20227.25390625 1558
20241.8671875 2007
20243.759765625 2092
20246.63671875 2231
20269.3359375 2384
20270.560546875 2457
20286.87890625 2544
20294.955078125 2717
20302.6953125 2774
20310.533203125 2794
20325.490234375 2909
20373.89453125 972
20388.96484375 1138
20411.373046875 1442
20536.861328125 1137
20573.15625 102
20601.314453125 667
20638.005859375 1935
20645.86328125 2352
20666.193359375 2887
20685.28125 427
20691.234375 1533
20737.634765625 170
20749.986328125 262
20750.154296875 306
20767.08203125 596
20786.634765625 805
20791.62890625 849
20807.060546875 850
20822.787109375 965
20865.93359375 976
20875.73828125 1058
20875.88671875 1403
20973.154296875 1645
20981.98828125 1999
21028.333984375 2292
21085.029296875 2392
21137.966796875 2403
21191.69140625 2497
21247.22265625 2524
21254.82421875 2601
21287.640625 2652
21354.640625 2657
21366.541015625 2761
21379.236328125 2839
21403.93359375 2939
21417.43359375 2984
21433.158203125 1027
21444.306640625 622
21495.775390625 417
21582.654296875 450
21591.041015625 690
21713.48828125 969
21714.099609375 982
21721.03515625 1040
21749.072265625 1078
21751.1640625 1083
21763.322265625 1382
21768.419921875 1391
21793.99609375 1486
21887.54296875 1503
21970.5546875 1547
21988.130859375 1561
22014.462890625 1965
22035.54296875 2026
22073.287109375 2066
22115.59765625 2182
22151.1484375 2245
22158.1875 2460
22197.908203125 2466
22237.365234375 2540
22255.07421875 2593
22361.171875 2632
22371.45703125 2753
22410.294921875 2759
22434.083984375 2793
22439.9140625 2925
22457.302734375 2152
22572.23828125 762
22641.310546875 2757
22678.29296875 37
22682.708984375 1624
22732.521484375 1271
22790.4453125 2370
22853.873046875 2895
22876.7890625 2411
22904.396484375 67
22959.591796875 150
22971.984375 171
23003.337890625 195
23015.7421875 363
23072.4453125 522
23076.798828125 657
23145.0703125 701
23176.310546875 760
23241.8359375 811
23252.193359375 874
23283.494140625 875
23341.25390625 1002
23381.626953125 1007
23404.07421875 1023
23428.84375 1356
23434.583984375 1378
23467.98828125 1489
23472.205078125 1629
23473.380859375 2721
23538.87109375 2032
23592.72265625 2259
23658.01953125 771
23668.48046875 1543
23758.83984375 2241
23760.572265625 1964
23761.40625 1625
23848.501953125 2693
23887.001953125 222
23964.19140625 258
24082.208984375 281
24098.453125 506
24135.55078125 582
24140.21484375 724
24168.689453125 879
24245.34765625 1003
24277.025390625 1171
24320.4765625 1182
24359.640625 1588
24377.6875 1685
24421.650390625 1758
24449.8203125 2300
24465.541015625 2310
24523.1484375 2705
24848.87890625 2845
25041.853515625 2916
25047.13671875 1811
25053.87109375 2701
25123.939453125 421
25133.26953125 1440
25177.822265625 2337
25212.11328125 2531
25283.48046875 18
25297.52734375 29
25303.95703125 31
25365.1953125 104
25445.646484375 274
25606.12890625 321
25783.9765625 370
25836.857421875 375
25913.078125 562
25913.078125 914
25977.994140625 944
26048.021484375 1672
26048.822265625 1684
26111.826171875 1825
26138.40625 1846
26142.083984375 1960
26149.224609375 1976
26258.857421875 2006
26334.033203125 2319
26432.138671875 2405
26813.134765625 2550
26875.181640625 2606
27355.625 2768
27356.86328125 1081
27640.23046875 1780
27666.01953125 16
27886.373046875 28
28268.396484375 125
28368.451171875 212
28395.41796875 265
28411.537109375 295
28581.8203125 360
28614.908203125 364
28617.193359375 937
28644.490234375 1077
28840.962890625 1101
28949.966796875 1241
29357.74609375 1243
29374.400390625 1307
29728.23828125 1343
29732.01171875 1404
29860.072265625 1418
29895.01953125 1585
29968.16796875 1719
30115.126953125 1822
30173.134765625 2009
30363.0859375 2164
30469.61328125 2214
30525.541015625 2250
30823.2734375 2263
31022.66015625 2342
31544.634765625 2359
33334.48046875 2547
