8229.6376953125 1144
8875.125 2180
8907.9287109375 73
8939.5087890625 663
8967.6328125 677
8975.8798828125 756
9034.4189453125 925
9103.537109375 927
9125.369140625 946
9126.0224609375 996
9145.0712890625 1141
9151.12890625 1202
9199.953125 1251
9262.1884765625 1457
9293.322265625 1502
9295.2216796875 1591
9306.4111328125 1733
9318.3212890625 1735
9322.732421875 1919
9380.671875 1933
9392.2236328125 1955
9408.8779296875 2002
9443.015625 2335
9453.3876953125 2341
9475.42578125 2565
9480.796875 2695
9506.341796875 2763
9539.7421875 2840
9557.7060546875 2422
9558.6337890625 1446
9570.8046875 87
9618.1025390625 251
9621.2705078125 527
9681.5107421875 529
9701.466796875 625
9712.4921875 641
9717.7294921875 693
9724.6611328125 873
9741.63671875 881
9746.3857421875 928
9748.28515625 1133
9763.888671875 1283
9802.4267578125 1318
9812.9658203125 1346
9825.00390625 1417
9835.71875 1720
9837.037109375 1987
9871.1396484375 2226
9877.9990234375 2296
9878.4072265625 2515
9933.18359375 2572
9934.6923828125 2669
9938.982421875 2728
9951.8359375 2734
9971.296875 2746
9989.9833984375 2852
9996.232421875 2866
10000.099609375 2915
10010.966796875 2949
10020.228515625 377
10027.2177734375 2281
10043.724609375 160
10054.65234375 1
10083.8603515625 425
10096.2490234375 446
10096.6845703125 800
10102.7802734375 918
10119.03125 953
10128.974609375 985
10132.02734375 986
10132.966796875 1008
10160.474609375 1043
10160.474609375 1270
10174.6630859375 1317
10183.8515625 1435
10185.1904296875 1548
10189.0517578125 1606
10189.8095703125 1661
10200.19140625 1712
10209.7861328125 2010
10212.396484375 2088
10215.953125 2365
10217.044921875 2410
10223.83203125 2414
10235.111328125 2482
10240.5810546875 2560
10249.2685546875 2781
10262.4658203125 2820
10274.45703125 997
10275.35546875 1781
10279.2099609375 81
10286.2177734375 229
10289.521484375 440
10304.92578125 548
10310.0478515625 611
10320.9833984375 826
10325.654296875 834
10326.9248046875 848
10330.5859375 871
10340.3720703125 893
10344.01953125 1231
10357.70703125 1256
10372.166015625 1315
10396.7734375 1458
10417.61328125 1550
10426.2578125 1671
10427.47265625 1711
10445.263671875 1815
10457.251953125 1893
10461.576171875 2312
10466.7373046875 2324
10488.193359375 2385
10497.4599609375 2447
10503.9287109375 2562
10508.0888671875 2610
10524.01953125 2622
10528.3857421875 2853
10534.763671875 2924
10539.1806640625 2927
10558.3115234375 2239
10559.3623046875 1362
10592.177734375 1926
10605.8525390625 2997
10606.02734375 254
10608.130859375 388
10618.07421875 465
10618.431640625 498
10628.26953125 520
10631.5 962
10642.458984375 981
10650.89453125 1156
10661.0263671875 1652
10663.44140625 2205
10664.583984375 2339
10664.7294921875 2417
10696.9912109375 2494
10710.203125 2687
10711.716796875 1122
10732.9560546875 1670
10736.3984375 264
10743.421875 2173
10753.025390625 1646
10754.7060546875 2396
10754.880859375 49
10775.548828125 189
10783.0849609375 261
10784.8916015625 263
10785.2529296875 430
10786.2158203125 831
10791.1298828125 899
10799.1044921875 1123
10800.9755859375 1169
10811.076171875 1350
10813.7216796875 1405
10819.982421875 1512
10822.7373046875 1750
10840.216796875 1769
10841.0556640625 1908
10852.5283203125 1966
10869.802734375 1982
10875.8916015625 1993
10882.39453125 2094
10892.970703125 2126
10897.947265625 2141
10906.712890625 2171
10907.9560546875 2174
10911.296875 2177
10930.751953125 2237
10942.693359375 2367
10947.552734375 2536
10950.671875 2542
10952.37890625 2582
10974.3857421875 2675
11000.91015625 2703
11004.09375 1873
11004.6005859375 2107
11009.2685546875 1281
11013.3740234375 455
11044.0078125 470
11053.7412109375 902
11061.44140625 926
11068.833984375 967
11069.978515625 1104
11087.169921875 1225
11092.27734375 1286
11101.2041015625 1506
11101.9287109375 1516
11101.99609375 1599
11102.7685546875 1779
11109.88671875 1848
11110.6884765625 1867
11116.8486328125 1883
11119.740234375 2063
11121.94921875 2210
11129.142578125 2246
11129.4423828125 2285
11134.2412109375 2361
11139.580078125 2686
11143.595703125 2700
11151.6875 88
11154.8916015625 586
11162.2265625 136
11164.173828125 1471
11167.7412109375 226
11173.35546875 296
11175.162109375 1197
11188.8408203125 1666
11190.880859375 2511
11205.59375 101
11206.5009765625 215
11211.0458984375 549
11215.2763671875 550
11223.16796875 573
11226.7587890625 1136
11236.3271484375 1199
11249.55859375 1530
11250.787109375 1581
11254.615234375 1640
11273.638671875 1688
11275.23046875 1968
11278.5771484375 2526
11280.609375 2571
11285.5859375 2983
11292.7607421875 1787
11295.83984375 602
11309.951171875 1146
11314.52734375 253
11324.76171875 342
11328.1328125 843
11328.9423828125 1233
11334.2734375 1335
11334.9248046875 1394
11338.0986328125 1737
11340.4013671875 1784
11347.048828125 1950
11349.4521484375 2025
11358.142578125 2473
11361.306640625 2518
11363.728515625 999
11368.7119140625 1056
11382.8759765625 1900
11405.4443359375 1304
11414.015625 1326
11429.3193359375 2967
11432.6123046875 1329
11433.994140625 50
11435.96875 318
11451.88671875 389
11456.787109375 478
11461.587890625 491
11468.7294921875 580
11470.640625 599
11473.111328125 890
11483.6083984375 896
11486.544921875 909
11492.40234375 919
11502.65234375 995
11502.65234375 1273
11511.08203125 1342
11515.455078125 1430
11515.462890625 1495
11568.302734375 1568
11572.1328125 1583
11577.958984375 1764
11593.87890625 1774
11605.876953125 2065
11607.935546875 2117
11608.5166015625 2181
11618.064453125 2268
11625.9052734375 2465
11631.9052734375 2664
11645.8505859375 2760
11654.013671875 2764
11664.56640625 2938
11674.58984375 2943
11678.9140625 1860
11678.9140625 2880
11682.3701171875 1333
11717.1865234375 2631
11728.46484375 146
11728.6640625 1538
11728.9375 21
11730.3291015625 34
11730.333984375 200
11733.8984375 288
11750.75 336
11751.49609375 385
11752.029296875 517
11752.947265625 546
11755.630859375 609
11759.6259765625 614
11760.740234375 683
11764.6171875 686
11799.861328125 769
11799.87109375 1097
11810.302734375 1221
11838.2529296875 1322
11848.779296875 1359
11857.88671875 1376
11862.4052734375 1686
11865.720703125 1854
11867.6669921875 2513
11891.9140625 2553
11904.9560546875 2650
11912.61328125 2672
11912.8310546875 2911
11914.7294921875 78
11916.9970703125 2713
11919.876953125 2800
11926.1298828125 2651
11936.56640625 2970
11939.7734375 1045
11946.25390625 1068
11951.11328125 2078
11961.3603515625 884
11961.365234375 886
11963.1357421875 1028
11964.5537109375 1845
11964.6572265625 1932
11972.875 2489
11986.7177734375 90
11990.298828125 153
11995.9697265625 240
12004.171875 256
12005.90234375 531
12010.951171875 644
12015.529296875 706
12023.3505859375 775
12026.7470703125 1163
12027.4033203125 1483
12027.6357421875 2114
12034.1982421875 2379
12036.4912109375 2424
12091.1357421875 2433
12104.0419921875 2435
12105.478515625 2442
12117.81640625 2683
12119.4755859375 2811
12119.5234375 2176
12140.0888671875 169
12142.3798828125 2207
12144.201171875 1020
12144.9853515625 640
12164.5986328125 59
12178.4267578125 177
12183.2001953125 191
12191.87109375 575
12199.9755859375 687
12200.9208984375 934
12215.255859375 1119
12218.5732421875 1529
12230.91015625 1697
12243.7470703125 1810
12248.8955078125 1831
12249.3779296875 2354
12256.955078125 2528
12290.0517578125 2679
12291.111328125 2712
12291.9814453125 2747
12302.505859375 2809
12305.63671875 2821
12311.787109375 2842
12322.6875 2860
12332.9111328125 2906
12333.490234375 2994
12334.1123046875 186
12341.2490234375 223
12354.51953125 1594
12355.2294921875 410
12356.7685546875 631
12369.150390625 132
12372.1064453125 2576
12400.9453125 1282
12411.2431640625 488
12414.158203125 869
12414.427734375 2059
12436.8095703125 787
12441.6591796875 904
12441.7685546875 137
12457.1962890625 275
12464.443359375 328
12464.62109375 333
12473.9326171875 392
12479.681640625 407
12505.3330078125 489
12516.8046875 680
12520.240234375 1022
12521.39453125 1290
12527.1201171875 1358
12533.1845703125 1607
12536.203125 1653
12549.08984375 2024
12553.9794921875 2184
12560.4521484375 2221
12574.0771484375 2394
12574.349609375 2427
12581.130859375 2517
12597.8369140625 2655
12604.9892578125 2704
12614.314453125 2900
12620.591796875 2946
12622.9052734375 459
12627.236328125 1408
12628.3623046875 1339
12638.7138671875 22
12645.689453125 45
12656.517578125 300
12659.8369140625 812
12669.8271484375 922
12679.7802734375 947
12696.30078125 975
12706.11328125 1001
12707.96875 1095
12719.8720703125 1275
12733.568359375 1664
12736.197265625 1708
12739.2421875 1763
12741.4130859375 1766
12747.697265625 1889
12750.720703125 2077
12751.10546875 2082
12763.7109375 2131
12776.85546875 2315
12777.587890625 2317
12796.5302734375 2409
12808.1748046875 2608
12835.1923828125 2616
12857.9951171875 2649
12894.494140625 2819
12896.998046875 2862
12897.3681640625 1164
12901.248046875 2213
12905.2626953125 1050
12905.3173828125 979
12907.23828125 1562
12911.115234375 1597
12926.302734375 2334
12930.482421875 587
12933.2607421875 630
12942.3017578125 777
12962.0390625 1012
12974.890625 1064
12978.9609375 1082
12996.3544921875 1462
13008.787109375 1501
13019.671875 1654
13028.3623046875 1800
13031.0029296875 2656
13047.2421875 2884
13054.5537109375 1416
13057.8212890625 1575
13061.4765625 2889
13089.92578125 445
13092.1025390625 30
13093.3779296875 2484
13095.783203125 38
13100.5224609375 40
13107.37890625 76
13107.7626953125 77
13108.2294921875 108
13110.64453125 164
13112.255859375 211
13113.162109375 225
13121.2666015625 376
13121.2666015625 437
13123.611328125 510
13129.1357421875 646
13137.3671875 671
13141.62890625 738
13151.583984375 770
13158.798828125 1434
13161.4189453125 1610
13164.05078125 1662
13167.9931640625 1709
13182.14453125 1998
13188.1572265625 2166
13200.9052734375 2220
13216.966796875 2238
13220.8779296875 2255
13228.908203125 2345
13247.8486328125 2510
13259.193359375 2581
13270.98828125 2607
13272.56640625 2807
13278.9248046875 1015
13283.0478515625 1984
13285.2626953125 1258
13285.302734375 2555
13295.08984375 1147
13300.228515625 865
13310.611328125 939
13332.3720703125 1497
13333.5703125 2630
13335.4736328125 2752
13338.208984375 457
13345.62890625 309
13349.3203125 316
13353.751953125 483
13415.0634765625 484
13424.279296875 633
13424.630859375 1026
13430.7255859375 1036
13431.1396484375 1176
13438.7705078125 1423
13443.759765625 1485
13457.9921875 1590
13461.923828125 1702
13481.048828125 1759
13484.5380859375 1818
13492.5634765625 1958
13515.3125 1963
13516.4716796875 1977
13522.76171875 2053
13526.1201171875 2056
13527.6875 2125
13529.5224609375 2304
13532.06640625 2356
13540.630859375 2477
13548.45703125 2533
13570.1103515625 2732
13570.595703125 2948
13573.1826171875 1601
13574.2568359375 2256
13587.91796875 2104
13591.4384765625 284
13592.814453125 182
13596.17578125 916
13600.302734375 1667
13602.4052734375 1852
13604.5732421875 727
13605.1875 2036
13611.0576171875 2772
13614.990234375 130
13621.8857421875 219
13626.435546875 394
13632.5849609375 405
13633.4609375 634
13634.50390625 856
13641.783203125 983
13646.435546875 1117
13655.1162109375 1386
13661.2861328125 1791
13671.623046875 1991
13678.9892578125 2060
13686.6904296875 2215
13710.05078125 2314
13714.0048828125 2440
13717.10546875 2467
13717.1943359375 2618
13724.70703125 2648
13728.2578125 2694
13730.15234375 1772
13732.2294921875 818
13741.3154296875 2907
13756.505859375 660
13798.677734375 1168
13807.078125 1145
13839.5107421875 1476
13853.74609375 1618
13857.71875 655
13858.4111328125 1592
13863.939453125 2120
13864.9580078125 2557
13867.369140625 112
13879.68359375 350
13883.603515625 356
13885.3447265625 448
13936.908203125 1500
13938.5126953125 1526
13949.833984375 1587
13955.1103515625 1881
13960.6005859375 1943
13962.9306640625 1962
13970.3916015625 1995
14000.26171875 2075
14002.853515625 2118
14023.75390625 2309
14038.8095703125 2418
14040.6650390625 2516
14050.28515625 2588
14059.033203125 2605
14064.3427734375 2623
14070.6787109375 2937
14076.79296875 1005
14077.9052734375 110
14078.3154296875 2360
14082.544921875 121
14091.9658203125 1046
14099.181640625 298
14100.2216796875 372
14105.337890625 492
14109.3046875 752
14122.3349609375 838
14131.771484375 903
14133.189453125 1034
14136.91015625 1128
14144.943359375 1187
14150.10546875 1437
14162.57421875 1488
14162.57421875 1534
14168.2646484375 1657
14187.94921875 1678
14191.408203125 1824
14192.5537109375 1826
14193.6142578125 1941
14201.703125 1997
14206.6640625 2318
14211.3330078125 2327
14213.494140625 2362
14215.3642578125 2404
14215.39453125 2453
14254.4365234375 2458
14272.0400390625 2496
14278.1455078125 2696
14285.13671875 2722
14288.8642578125 2796
14303.2373046875 2584
14303.419921875 2872
14314.65234375 2589
14315.1142578125 2135
14337.525390625 1802
14339.6572265625 1853
14362.3076171875 1892
14363.3671875 1580
14363.9111328125 25
14377.896484375 72
14380.947265625 343
14382.140625 710
14382.19921875 755
14384.4189453125 885
14390.919921875 1683
14397.94921875 1776
14430.619140625 1972
14431.783203125 2047
14443.0595703125 2138
14444.7294921875 2185
14453.4228515625 2344
14481.2060546875 2545
14495.32421875 2573
14495.7939453125 2855
14499.888671875 2159
14501.67578125 1067
14513.19140625 371
14531.6875 243
14533.93359375 1301
14555.7939453125 311
14577.0751953125 426
14577.25390625 648
14602.7919921875 720
14655.0732421875 792
14655.6806640625 940
14656.62890625 1006
14684.5126953125 1032
14685.931640625 1160
14731.0859375 1189
14743.69921875 2183
14743.970703125 2190
14785.59765625 2301
14792.9912109375 1459
14794.599609375 1649
14799.515625 353
14830.9072265625 2706
14842.5888671875 1511
14864.75 1778
14869.0087890625 329
14870.9375 731
14872.263671875 1400
14877.44921875 2070
14901.8671875 1480
14903.3642578125 1714
14906.296875 249
14907.35546875 94
14908.3994140625 2823
14912.59375 471
14924.7919921875 473
14936.041015625 747
14943.357421875 915
14943.537109375 921
14945.16796875 993
14959.078125 1072
14973.7333984375 1415
14985.857421875 1541
14993.67578125 1746
15020.6962890625 1949
15027.44140625 2079
15031.474609375 2219
15040.62109375 2258
15041.8720703125 2413
15048.5478515625 2628
15052.3447265625 2828
15064.7578125 2903
15084.234375 2996
15086.6884765625 204
15095.431640625 1247
15097.23828125 1410
15107.0859375 1888
15124.302734375 1214
15127.0693359375 1658
15147.3916015625 2587
15186.224609375 380
15203.83203125 688
15203.939453125 1761
15228.453125 66
15246.6669921875 127
15259.9267578125 179
15279.087890625 855
15297.0341796875 1198
15299.6181640625 1250
15314.60546875 1507
15325.322265625 1558
15338.015625 2007
15348.9658203125 2092
15352.0947265625 2231
15357.7109375 2384
15372.615234375 2457
15382.71484375 2544
15397.2451171875 2717
15399.0966796875 2774
15413.515625 2794
15421.32421875 2909
15422.181640625 972
15422.7998046875 1138
15431.6591796875 1442
15453.5810546875 1137
15457.8056640625 102
15461.8203125 667
15465.7412109375 1935
15466.5498046875 2352
15482.49609375 2887
15485.8408203125 427
15504.576171875 1533
15518.89453125 170
15528.453125 262
15537.1337890625 306
15543.9609375 596
15564.2568359375 805
15564.9716796875 849
15571.732421875 850
15584.650390625 965
15590.6240234375 976
15602.2666015625 1058
15618.4013671875 1403
15630.111328125 1645
15636.8359375 1999
15641.072265625 2292
15653.6005859375 2392
15654.72265625 2403
15690.0068359375 2497
15713.078125 2524
15719.640625 2601
15722.4833984375 2652
15725.9482421875 2657
15758.5419921875 2761
15762.08203125 2839
15777.84765625 2939
15777.84765625 2984
15793.5126953125 1027
15802.0048828125 622
15822.765625 417
15825.615234375 450
15847.578125 690
15878.169921875 969
15892.05859375 982
15902.8974609375 1040
15927.40625 1078
15952.470703125 1083
15971.0888671875 1382
15979.177734375 1391
15980.2294921875 1486
15986.271484375 1503
15986.2890625 1547
15986.9658203125 1561
15996.6083984375 1965
15997.5244140625 2026
16001.447265625 2066
16006.9658203125 2182
16009.0556640625 2245
16044.0 2460
16046.5556640625 2466
16058.734375 2540
16073.666015625 2593
16167.923828125 2632
16180.125 2753
16181.60546875 2759
16254.00390625 2793
16268.048828125 2925
16281.09765625 2152
16291.0224609375 762
16302.84375 2757
16316.1474609375 37
16352.455078125 1624
16354.8818359375 1271
16374.353515625 2370
16385.873046875 2895
16439.689453125 2411
16451.71484375 67
16500.3671875 150
16507.587890625 171
16514.9921875 195
16522.828125 363
16533.220703125 522
16544.470703125 657
16558.443359375 701
16587.79296875 760
16607.85546875 811
16771.365234375 874
16774.87109375 875
16813.68359375 1002
16832.84765625 1007
16861.560546875 1023
16896.845703125 1356
16904.689453125 1378
16969.53515625 1489
16992.720703125 1629
16995.86328125 2721
17026.677734375 2032
17030.228515625 2259
17084.38671875 771
17087.39453125 1543
17171.73828125 2241
17178.1484375 1964
17204.6875 1625
17278.470703125 2693
17297.041015625 222
17315.255859375 258
17321.798828125 281
17373.6484375 506
17386.166015625 582
17422.103515625 724
17452.259765625 879
17462.26171875 1003
17468.595703125 1171
17488.869140625 1182
17490.45703125 1588
17499.97265625 1685
17503.77734375 1758
17516.876953125 2300
17611.568359375 2310
17615.228515625 2705
17677.330078125 2845
17695.833984375 2916
17789.423828125 1811
17801.275390625 2701
17830.806640625 421
17838.5 1440
17854.302734375 2337
17870.236328125 2531
17967.59375 18
17992.875 29
18051.845703125 31
18098.89453125 104
18146.65625 274
18178.76171875 321
18192.01953125 370
18223.255859375 375
18292.875 562
18301.7734375 914
18405.927734375 944
18439.908203125 1672
18447.400390625 1684
18468.40625 1825
18655.064453125 1846
18699.53515625 1960
18711.748046875 1976
18759.208984375 2006
18800.572265625 2319
18917.361328125 2405
18945.4921875 2550
18967.2578125 2606
18983.2109375 2768
19070.05859375 1081
19074.111328125 1780
19152.80078125 16
19177.359375 28
19230.751953125 125
19250.810546875 212
19293.55859375 265
19389.58203125 295
19455.86328125 360
19519.5078125 364
19609.927734375 937
19667.201171875 1077
19694.75390625 1101
19830.90234375 1241
19834.23046875 1243
19851.685546875 1307
20174.015625 1343
20295.66796875 1404
20614.57421875 1418
21220.451171875 1585
21388.505859375 1719
21500.267578125 1822
22234.359375 2009
22285.79296875 2164
22771.4765625 2214
23187.796875 2250
23462.515625 2263
23607.53515625 2342
26245.330078125 2359
26515.28125 2547
