3805.818115234375 2152
4336.2197265625 762
4365.4716796875 2757
4569.388671875 37
4745.83642578125 1624
4835.6728515625 1271
4863.5859375 2370
4996.71337890625 2895
5034.6474609375 2411
5038.63525390625 67
5132.9814453125 150
5135.49609375 171
5428.71484375 195
5430.92529296875 363
5506.298828125 522
5569.16796875 657
5579.1376953125 701
5618.8212890625 760
5633.63720703125 811
5642.46728515625 874
5645.2666015625 875
5711.38232421875 1002
5723.2451171875 1007
5736.86083984375 1023
5744.310546875 1356
5783.828125 1378
5892.08349609375 1489
5914.2705078125 1629
5941.09130859375 2721
5996.37646484375 1446
6088.4169921875 87
6093.79296875 251
6175.81494140625 527
6182.0673828125 529
6204.9365234375 625
6239.345703125 641
6272.873046875 693
6295.9453125 873
6317.7431640625 881
6325.84619140625 928
6330.4755859375 1133
6332.2490234375 1283
6341.69873046875 1318
6376.5302734375 1346
6399.146484375 1417
6411.6728515625 1720
6416.6669921875 1987
6426.9794921875 2226
6485.431640625 2296
6528.818359375 2515
6554.943359375 2572
6569.5634765625 2669
6582.06884765625 2728
6601.68896484375 2734
6626.82177734375 2746
6641.138671875 2852
6646.89404296875 2866
6710.0859375 2915
6724.29541015625 2949
6730.51318359375 377
6765.46728515625 2281
6786.97509765625 160
6816.69873046875 1
6836.5712890625 425
6847.40771484375 446
6886.53564453125 800
6890.29443359375 918
6904.37060546875 953
6924.326171875 985
6952.0419921875 986
6960.2998046875 1008
6970.50341796875 1043
6992.94140625 1270
7009.7919921875 1317
7016.7197265625 1435
7066.775390625 1548
7084.5185546875 1606
7147.19140625 1661
7153.05712890625 1712
7158.587890625 2010
7165.3291015625 2088
7165.3291015625 2365
7169.7431640625 2410
7183.80224609375 2414
7209.8896484375 2482
7220.11376953125 2560
7226.9794921875 2781
7239.1728515625 2820
7259.05126953125 997
7279.677734375 1781
7290.7783203125 81
7334.08837890625 229
7347.201171875 440
7355.5263671875 548
7379.4375 611
7424.423828125 826
7445.9921875 834
7467.27392578125 848
7469.56298828125 871
7520.880859375 893
7555.21337890625 1231
7583.7509765625 1256
7599.734375 1315
7626.9111328125 1458
7633.1240234375 1550
7635.2119140625 1671
7638.1767578125 1711
7667.357421875 1815
7687.3828125 1893
7690.59521484375 2312
7708.712890625 2324
7717.107421875 2385
7731.5244140625 2447
7796.20458984375 2562
7802.095703125 2610
7812.0556640625 2622
7818.265625 2853
7840.9287109375 2924
7856.7822265625 2927
7891.68115234375 2239
7919.712890625 1362
7920.31787109375 1926
7999.02099609375 2997
8066.0439453125 254
8092.9716796875 388
8108.427734375 465
8118.62890625 498
8121.15478515625 520
8133.34619140625 962
8143.73046875 981
8215.9296875 1156
8254.3515625 1652
8270.970703125 2205
8283.1904296875 2339
8365.8330078125 2417
8397.7197265625 2494
8511.0068359375 2687
8520.6689453125 1122
8530.2626953125 1670
8543.71484375 264
8562.666015625 2173
8571.9462890625 1646
8580.623046875 2396
8612.94921875 49
8614.83203125 189
8647.1455078125 261
8690.4033203125 263
8702.92578125 430
8712.5126953125 831
8736.056640625 899
8756.330078125 1123
8763.62890625 1169
8797.583984375 1350
8800.0263671875 1405
8807.3623046875 1512
8821.1640625 1750
8843.1171875 1769
8845.1650390625 1908
8849.169921875 1966
8850.791015625 1982
8863.3310546875 1993
8869.5224609375 2094
8869.5224609375 2126
8881.6884765625 2141
8891.2138671875 2171
8893.0048828125 2174
8893.7841796875 2177
8959.30859375 2237
8970.517578125 2367
8971.6572265625 2536
8983.337890625 2542
8986.66796875 2582
9024.2822265625 2675
9041.525390625 2703
9046.7734375 1873
9057.509765625 2107
9078.62890625 1281
9100.6162109375 455
9146.7001953125 470
9187.287109375 902
9212.8486328125 926
9223.3779296875 967
9228.490234375 1104
9254.21484375 1225
9341.56640625 1286
9342.337890625 1506
9344.8037109375 1516
9347.2919921875 1599
9359.919921875 1779
9376.916015625 1848
9396.3857421875 1867
9422.84375 1883
9427.3232421875 2063
9432.8486328125 2210
9433.44921875 2246
9442.197265625 2285
9458.220703125 2361
9471.62109375 2686
9479.671875 2700
9511.4912109375 88
9515.37109375 586
9521.01953125 136
9536.1689453125 1471
9555.5048828125 226
9562.638671875 296
9564.8310546875 1197
9609.517578125 1666
9620.390625 2511
9632.958984375 101
9642.845703125 215
9658.220703125 549
9665.7646484375 550
9676.005859375 573
9676.236328125 1136
9687.7880859375 1199
9715.7919921875 1530
9774.0693359375 1581
9796.646484375 1640
9800.04296875 1688
9830.42578125 1968
9835.42578125 2526
9856.0048828125 2571
9860.0263671875 2983
9873.9365234375 1787
9878.453125 602
9880.02734375 1146
9880.142578125 253
9881.9248046875 342
9890.3935546875 843
9916.572265625 1233
9921.84375 1335
9931.099609375 1394
9937.845703125 1737
9950.9296875 1784
9985.56640625 1950
9991.1708984375 2025
9993.6201171875 2473
10013.7978515625 2518
10023.3779296875 999
10034.3896484375 1056
10037.1884765625 1900
10044.634765625 1304
10061.552734375 1326
10077.8349609375 2967
10129.6201171875 1329
10130.5732421875 50
10133.626953125 318
10142.7939453125 389
10147.744140625 478
10152.9609375 491
10157.2998046875 580
10193.4150390625 599
10206.64453125 890
10208.4423828125 896
10212.701171875 909
10218.9375 919
10228.5078125 995
10248.08984375 1273
10250.908203125 1342
10254.876953125 1430
10273.3212890625 1495
10276.3212890625 1568
10311.37890625 1583
10336.5546875 1764
10368.20703125 1774
10404.5537109375 2065
10405.0029296875 2117
10410.0029296875 2181
10415.5166015625 2268
10420.1435546875 2465
10421.33203125 2664
10430.685546875 2760
10430.9287109375 2764
10443.935546875 2938
10445.2841796875 2943
10452.337890625 1860
10494.2216796875 2880
10501.384765625 1333
10502.6357421875 2631
10513.8701171875 146
10524.125 1538
10524.28125 21
10547.134765625 34
10564.384765625 200
10565.1396484375 288
10565.1396484375 336
10578.380859375 385
10582.5322265625 517
10642.4140625 546
10657.017578125 609
10670.9697265625 614
10685.732421875 683
10716.875 686
10721.732421875 769
10729.0048828125 1097
10745.3359375 1221
10757.9443359375 1322
10761.7734375 1359
10809.38671875 1376
10813.2353515625 1686
10824.326171875 1854
10827.4091796875 2513
10840.4990234375 2553
10851.0458984375 2650
10858.9677734375 2672
10868.736328125 2911
10901.0439453125 78
10910.134765625 2713
10912.6396484375 2800
10916.7685546875 2651
10930.9228515625 2970
10931.7109375 1045
10932.0986328125 1068
10942.5283203125 2078
10949.521484375 884
10953.251953125 886
10954.1455078125 1028
10960.9228515625 1845
10960.970703125 1932
10965.990234375 2489
10971.494140625 90
10991.681640625 153
11020.982421875 240
11029.0263671875 256
11030.072265625 531
11049.013671875 644
11054.15625 706
11056.4794921875 775
11056.794921875 1163
11071.876953125 1483
11083.203125 2114
11099.2880859375 2379
11101.7626953125 2424
11111.7177734375 2433
11124.9228515625 2435
11144.65234375 2442
11152.4833984375 2683
11155.1796875 2811
11163.69140625 2176
11187.0205078125 169
11207.36328125 2207
11232.2060546875 1144
11237.1279296875 2180
11238.6181640625 73
11243.283203125 663
11263.005859375 677
11300.6220703125 756
11319.31640625 925
11319.537109375 927
11329.6083984375 946
11334.23046875 996
11337.056640625 1141
11339.20703125 1202
11340.7333984375 1251
11348.6611328125 1457
11363.4541015625 1502
11366.7890625 1591
11380.736328125 1733
11406.2578125 1735
11420.380859375 1919
11432.3759765625 1933
11442.8349609375 1955
11443.1318359375 2002
11447.419921875 2335
11465.802734375 2341
11467.14453125 2565
11470.9853515625 2695
11493.9208984375 2763
11516.6435546875 2840
11518.0009765625 2422
11531.31640625 1020
11534.546875 640
11542.7578125 59
11572.2568359375 177
11590.0703125 191
11593.6806640625 575
11613.876953125 687
11638.15625 934
11653.6455078125 1119
11657.7080078125 1529
11659.5029296875 1697
11660.4765625 1810
11664.1767578125 1831
11698.619140625 2354
11698.9111328125 2528
11705.8046875 2679
11713.89453125 2712
11739.4287109375 2747
11747.3701171875 2809
11754.591796875 2821
11755.685546875 2842
11765.208984375 2860
11772.11328125 2906
11783.689453125 2994
11783.8798828125 186
11792.0009765625 223
11799.2021484375 1594
11805.234375 410
11808.720703125 631
11812.908203125 132
11813.19921875 2576
11843.5009765625 1282
11844.412109375 488
11844.8359375 869
11850.048828125 2059
11855.3994140625 787
11859.96484375 904
11873.005859375 137
11887.4287109375 275
11888.4091796875 328
11889.732421875 333
11895.740234375 392
11905.6552734375 407
11923.7060546875 489
11926.119140625 680
11941.5068359375 1022
11953.5908203125 1290
11956.013671875 1358
11985.7021484375 1607
11991.62109375 1653
11999.1298828125 2024
12010.9599609375 2184
12016.7802734375 2221
12023.302734375 2394
12033.27734375 2427
12036.8017578125 2517
12040.037109375 2655
12045.931640625 2704
12050.818359375 2900
12052.6240234375 2946
12055.5810546875 459
12082.138671875 1408
12086.5693359375 1339
12089.00390625 22
12106.6708984375 45
12107.0986328125 300
12109.609375 812
12119.0673828125 922
12119.0673828125 947
12119.5107421875 975
12135.26953125 1001
12179.384765625 1095
12186.904296875 1275
12187.689453125 1664
12208.439453125 1708
12209.544921875 1763
12215.046875 1766
12216.322265625 1889
12216.322265625 2077
12223.6845703125 2082
12238.3525390625 2131
12243.48828125 2315
12251.0458984375 2317
12255.32421875 2409
12265.052734375 2608
12270.6796875 2616
12276.85546875 2649
12288.8623046875 2819
12289.9296875 2862
12296.779296875 1164
12296.9462890625 2213
12312.7822265625 1050
12315.466796875 979
12325.9609375 1562
12347.9794921875 1597
12356.642578125 2334
12360.244140625 587
12369.666015625 630
12371.4599609375 777
12380.12109375 1012
12382.5009765625 1064
12403.349609375 1082
12456.5556640625 1462
12468.2236328125 1501
12478.8671875 1654
12485.0185546875 1800
12500.673828125 2656
12502.7421875 2884
12507.6123046875 1416
12511.8671875 1575
12514.501953125 2889
12523.6044921875 445
12531.8349609375 30
12539.16796875 2484
12542.2333984375 38
12547.17578125 40
12556.6640625 76
12579.4052734375 77
12585.677734375 108
12590.7978515625 164
12598.16796875 211
12600.240234375 225
12603.650390625 376
12609.8212890625 437
12611.203125 510
12627.865234375 646
12639.806640625 671
12640.1455078125 738
12660.3701171875 770
12661.9609375 1434
12672.9609375 1610
12684.5009765625 1662
12685.302734375 1709
12690.4072265625 1998
12696.064453125 2166
12699.904296875 2220
12702.8193359375 2238
12707.142578125 2255
12710.267578125 2345
12713.9013671875 2510
12717.154296875 2581
12724.5419921875 2607
12726.99609375 2807
12731.30859375 1015
12738.9482421875 1984
12762.595703125 1258
12773.1611328125 2555
12784.37109375 1147
12785.40625 865
12786.7890625 939
12792.201171875 1497
12820.7666015625 2630
12824.0 2752
12827.1171875 457
12847.3955078125 309
12855.4306640625 316
12861.4287109375 483
12867.294921875 484
12876.1611328125 633
12881.6162109375 1026
12882.0830078125 1036
12908.0849609375 1176
12908.6083984375 1423
12909.5546875 1485
12913.3037109375 1590
12914.892578125 1702
12918.830078125 1759
12933.763671875 1818
12946.619140625 1958
12952.705078125 1963
12955.5224609375 1977
12969.8095703125 2053
12973.3310546875 2056
12976.50390625 2125
12999.119140625 2304
13006.931640625 2356
13022.328125 2477
13032.0107421875 2533
13043.0390625 2732
13049.4560546875 2948
13049.9609375 1601
13052.2060546875 2256
13074.8310546875 2104
13074.951171875 284
13080.3427734375 182
13083.6962890625 916
13099.1875 1667
13100.0537109375 1852
13110.970703125 727
13137.0400390625 2036
13137.951171875 2772
13138.083984375 130
13152.837890625 219
13153.2109375 394
13189.2177734375 405
13199.58203125 634
13202.1640625 856
13203.0283203125 983
13204.1630859375 1117
13211.6640625 1386
13214.7587890625 1791
13215.0244140625 1991
13234.9365234375 2060
13253.546875 2215
13257.9853515625 2314
13263.314453125 2440
13264.5888671875 2467
13268.806640625 2618
13271.2001953125 2648
13275.1787109375 2694
13283.26171875 1772
13291.55078125 818
13294.7919921875 2907
13302.0595703125 660
13302.138671875 1168
13306.390625 1145
13312.92578125 1476
13328.97265625 1618
13333.4912109375 655
13339.892578125 1592
13346.5966796875 2120
13347.7451171875 2557
13352.970703125 112
13365.9287109375 350
13377.2470703125 356
13377.7412109375 448
13412.5869140625 1500
13418.201171875 1526
13422.671875 1587
13423.125 1881
13426.232421875 1943
13434.02734375 1962
13437.6181640625 1995
13440.4892578125 2075
13458.564453125 2118
13477.310546875 2309
13494.728515625 2418
13497.1708984375 2516
13501.4580078125 2588
13519.7607421875 2605
13525.916015625 2623
13538.759765625 2937
13554.173828125 1005
13574.87890625 110
13575.1474609375 2360
13580.72265625 121
13589.572265625 1046
13633.986328125 298
13636.509765625 372
13645.134765625 492
13700.0595703125 752
13702.3828125 838
13702.9619140625 903
13713.712890625 1034
13719.7822265625 1128
13727.4091796875 1187
13731.6171875 1437
13733.009765625 1488
13737.62890625 1534
13744.484375 1657
13745.3115234375 1678
13746.64453125 1824
13759.1806640625 1826
13766.2705078125 1941
13766.3017578125 1997
13776.869140625 2318
13778.177734375 2327
13782.345703125 2362
13795.6494140625 2404
13804.2783203125 2453
13804.7685546875 2458
13809.587890625 2496
13819.1171875 2696
13819.201171875 2722
13835.3076171875 2796
13857.0908203125 2584
13863.5107421875 2872
13863.7783203125 2589
13880.5888671875 2135
13903.259765625 1802
13908.341796875 1853
13915.748046875 1892
13921.109375 1580
13935.1376953125 25
13938.3056640625 72
13941.23828125 343
13977.5224609375 710
14004.2041015625 755
14010.89453125 885
14011.9052734375 1683
14035.056640625 1776
14043.2802734375 1972
14053.494140625 2047
14054.216796875 2138
14064.755859375 2185
14064.8955078125 2344
14069.7255859375 2545
14083.3876953125 2573
14092.48828125 2855
14103.412109375 2159
14103.9658203125 1067
14105.5185546875 371
14114.3037109375 243
14148.68359375 1301
14158.142578125 311
14159.943359375 426
14160.5458984375 648
14171.654296875 720
14171.654296875 792
14182.267578125 940
14187.794921875 1006
14190.8544921875 1032
14196.1328125 1160
14200.2333984375 1189
14213.51171875 2183
14225.185546875 2190
14237.0537109375 2301
14239.3212890625 1459
14241.4228515625 1649
14255.4775390625 353
14264.9111328125 2706
14277.6904296875 1511
14284.3408203125 1778
14324.421875 329
14330.439453125 731
14340.169921875 1400
14346.7099609375 2070
14377.625 1480
14387.0478515625 1714
14389.0546875 249
14391.498046875 94
14407.2197265625 2823
14435.19140625 471
14445.6328125 473
14508.5244140625 747
14508.52734375 915
14521.1298828125 921
14524.7724609375 993
14526.9052734375 1072
14563.833984375 1415
14583.0517578125 1541
14587.7041015625 1746
14588.482421875 1949
14627.1953125 2079
14646.984375 2219
14653.59375 2258
14678.8515625 2413
14693.189453125 2628
14704.427734375 2828
14704.978515625 2903
14705.845703125 2996
14707.0107421875 204
14710.060546875 1247
14710.779296875 1410
14715.4501953125 1888
14717.1796875 1214
14734.1669921875 1658
14742.8720703125 2587
14758.40625 380
14770.5224609375 688
14773.6806640625 1761
14777.5185546875 66
14820.1357421875 127
14822.1513671875 179
14875.7890625 855
14876.4560546875 1198
14882.1064453125 1250
14884.3896484375 1507
14902.33203125 1558
14925.3271484375 2007
14942.125 2092
14960.2978515625 2231
14979.6630859375 2384
14996.8115234375 2457
15027.9951171875 2544
15063.5810546875 2717
15082.0 2774
15087.5126953125 2794
15093.85546875 2909
15100.2783203125 972
15133.61328125 1138
15138.0869140625 1442
15143.0625 1137
15150.6015625 102
15196.556640625 667
15212.599609375 1935
15225.8251953125 2352
15239.83984375 2887
15250.6044921875 427
15257.4267578125 1533
15259.5087890625 170
15270.9267578125 262
15329.54296875 306
15358.8115234375 596
15372.55859375 805
15397.111328125 849
15430.41015625 850
15486.837890625 965
15522.751953125 976
15541.8251953125 1058
15556.6787109375 1403
15560.095703125 1645
15563.630859375 1999
15578.015625 2292
15583.65234375 2392
15601.44921875 2403
15660.892578125 2497
15670.455078125 2524
15690.4013671875 2601
15711.154296875 2652
15727.26171875 2657
15760.2529296875 2761
15778.0947265625 2839
15852.544921875 2939
15885.556640625 2984
15906.7998046875 1027
15907.8271484375 622
15926.26171875 417
15932.1748046875 450
15932.7265625 690
15933.60546875 969
15935.7978515625 982
15935.90234375 1040
15957.6494140625 1078
15966.5390625 1083
15968.25390625 1382
15999.4970703125 1391
16016.7685546875 1486
16026.3994140625 1503
16038.814453125 1547
16043.6181640625 1561
16066.328125 1965
16112.2880859375 2026
16165.4404296875 2066
16174.78515625 2182
16245.529296875 2245
16272.46484375 2460
16289.2763671875 2466
16325.802734375 2540
16354.2177734375 2593
16369.6806640625 2632
16413.330078125 2753
16415.232421875 2759
16468.017578125 2793
16486.6796875 2925
16490.6953125 2032
16513.953125 2259
16526.10546875 771
16536.75390625 1543
16539.986328125 2241
16559.3671875 1964
16571.85546875 1625
16578.763671875 2693
16622.720703125 222
16635.318359375 258
16705.1875 281
16746.115234375 506
16799.05859375 582
16815.2890625 724
16842.48828125 879
16853.939453125 1003
16856.794921875 1171
16861.962890625 1182
16920.822265625 1588
16935.494140625 1685
16961.494140625 1758
17089.88671875 2300
17153.185546875 2310
17253.361328125 2705
17259.08984375 2845
17262.677734375 2916
17447.58203125 1811
17496.68359375 2701
17519.517578125 421
17547.32421875 1440
17565.1484375 2337
17625.9296875 2531
17641.263671875 18
17678.09375 29
17753.013671875 31
17753.345703125 104
17814.2578125 274
17824.58203125 321
17863.234375 370
17951.6875 375
18006.154296875 562
18165.744140625 914
18180.283203125 944
18270.32421875 1672
18281.181640625 1684
18337.95703125 1825
18364.87109375 1846
18381.619140625 1960
18421.435546875 1976
18439.87890625 2006
18471.830078125 2319
18574.1015625 2405
18613.525390625 2550
18717.392578125 2606
19069.94921875 2768
19261.017578125 1081
19450.666015625 1780
19725.1171875 16
19790.86328125 28
20009.6640625 125
20022.609375 212
20043.330078125 265
20094.513671875 295
20196.119140625 360
20204.845703125 364
20485.8203125 937
20742.068359375 1077
20848.681640625 1101
21469.896484375 1241
21527.61328125 1243
21700.34765625 1307
21848.046875 1343
22084.060546875 1404
23074.8046875 1418
23702.216796875 1585
24018.259765625 1719
24563.4453125 1822
24900.466796875 2009
25072.912109375 2164
25558.3359375 2214
25622.05859375 2250
25881.87890625 2263
26620.8125 2342
28108.916015625 2359
28993.955078125 2547
