5920.521484375 2159
5929.77734375 1067
6489.67822265625 371
6534.57177734375 243
6555.345703125 1301
6561.306640625 311
6599.98876953125 426
6694.0029296875 648
6848.7958984375 720
6849.48779296875 792
6881.685546875 940
6889.61767578125 1006
6910.212890625 1032
6915.36328125 1160
6965.8837890625 1189
7036.1416015625 2183
7107.55517578125 2190
7206.33154296875 2301
7228.93115234375 1459
7287.90625 1649
7289.6796875 353
7325.58447265625 2706
7438.818359375 1446
7459.88671875 87
7470.05712890625 251
7569.0439453125 527
7599.4140625 529
7627.41015625 625
7638.099609375 641
7657.02099609375 693
7670.2275390625 873
7686.64306640625 881
7686.64306640625 928
7702.9990234375 1133
7729.2001953125 1283
7804.06201171875 1318
7817.1015625 1346
7851.2001953125 1417
7934.43359375 1720
7937.41015625 1987
7959.0673828125 2226
8015.3662109375 2296
8075.53662109375 2515
8089.30078125 2572
8099.0693359375 2669
8155.453125 2728
8220.62109375 2734
8253.96484375 2746
8275.138671875 2852
8328.3203125 2866
8356.73046875 2915
8384.5908203125 2949
8397.1103515625 377
8426.4091796875 2281
8504.9326171875 160
8539.318359375 1
8541.396484375 425
8546.0341796875 446
8555.236328125 800
8600.2919921875 918
8604.1669921875 953
8627.2431640625 985
8661.826171875 986
8691.9296875 1008
8720.412109375 1043
8739.943359375 1270
8741.740234375 1317
8747.3330078125 1435
8760.9814453125 1548
8772.64453125 1606
8774.12109375 1661
8778.41796875 1712
8824.3330078125 2010
8874.5751953125 2088
8887.32421875 2365
8894.669921875 2410
8913.5166015625 2414
8951.9794921875 2482
8973.8525390625 2560
8974.150390625 2781
8986.9599609375 2820
9031.8359375 997
9059.9658203125 1781
9075.208984375 81
9124.595703125 229
9124.595703125 440
9129.1083984375 548
9151.5654296875 611
9167.8671875 826
9168.671875 834
9171.384765625 848
9197.1982421875 871
9210.341796875 893
9219.142578125 1231
9235.5341796875 1256
9248.1015625 1315
9267.236328125 1458
9273.8046875 1550
9286.1806640625 1671
9387.1650390625 1711
9403.986328125 1815
9417.9072265625 1893
9444.2109375 2312
9457.7373046875 2324
9467.427734375 2385
9517.2568359375 2447
9556.4052734375 2562
9563.8046875 2610
9585.6865234375 2622
9601.505859375 2853
9623.6171875 2924
9629.638671875 2927
9642.2685546875 2239
9679.533203125 1362
9691.1181640625 1926
9712.279296875 2997
9714.6630859375 254
9716.0224609375 388
9719.56640625 465
9732.251953125 498
9735.9580078125 520
9750.53515625 962
9756.1328125 981
9771.0009765625 1156
9776.16015625 1652
9793.2646484375 2205
9818.5029296875 2339
9843.650390625 2417
9846.4296875 2494
9861.8876953125 2687
9885.1171875 1122
9886.595703125 1670
9892.8525390625 264
9895.498046875 2173
9897.2138671875 1646
9900.2705078125 2396
9907.6025390625 49
9932.2451171875 189
9955.1083984375 261
9956.822265625 263
9964.67578125 430
9992.4609375 831
10020.9609375 899
10023.650390625 1123
10059.1494140625 1169
10061.470703125 1350
10068.494140625 1405
10127.322265625 1512
10131.31640625 1750
10140.21875 1769
10162.2705078125 1908
10201.5419921875 1966
10241.974609375 1982
10277.15234375 1993
10280.041015625 2094
10283.5029296875 2126
10290.4111328125 2141
10319.26171875 2171
10325.671875 2174
10341.9326171875 2177
10457.451171875 2237
10494.0439453125 2367
10513.5224609375 2536
10525.8447265625 2542
10544.8212890625 2582
10560.6591796875 2675
10566.484375 2703
10595.5244140625 1873
10605.9111328125 2107
10609.287109375 1281
10637.6220703125 455
10657.0185546875 470
10659.4072265625 902
10662.9140625 926
10710.76171875 967
10711.369140625 1104
10716.01171875 1225
10720.3583984375 1286
10724.63671875 1506
10734.2080078125 1516
10748.3857421875 1599
10761.6103515625 1779
10766.236328125 1848
10778.400390625 1867
10802.1064453125 1883
10807.7216796875 2063
10818.0927734375 2210
10820.146484375 2246
10832.318359375 2285
10850.126953125 2361
10862.001953125 2686
10930.34765625 2700
10967.0712890625 88
10985.431640625 586
11021.7421875 136
11024.8955078125 1471
11071.9638671875 226
11072.5439453125 296
11110.73046875 1197
11111.5068359375 1666
11111.978515625 2511
11123.669921875 101
11146.60546875 215
11149.3759765625 549
11151.1396484375 550
11175.6279296875 573
11194.4482421875 1136
11217.4404296875 1199
11223.5107421875 1530
11228.0244140625 1581
11231.1865234375 1640
11237.595703125 1688
11238.6884765625 1968
11243.861328125 2526
11244.349609375 2571
11246.16796875 2983
11249.6630859375 1787
11253.232421875 602
11262.408203125 1146
11264.673828125 253
11268.79296875 342
11277.1884765625 843
11284.0185546875 1233
11289.0048828125 1335
11293.1611328125 1394
11302.0380859375 1737
11310.181640625 1784
11325.908203125 1950
11353.6025390625 2025
11387.837890625 2473
11393.765625 2518
11406.416015625 999
11436.1220703125 1056
11444.505859375 1900
11462.134765625 1304
11489.84375 1326
11490.2783203125 2967
11494.59375 1329
11510.2138671875 50
11540.8330078125 318
11541.970703125 389
11553.4560546875 478
11558.048828125 491
11571.2373046875 580
11579.7861328125 599
11595.291015625 890
11596.4140625 896
11603.892578125 909
11610.9296875 919
11616.9892578125 995
11625.99609375 1273
11631.90625 1342
11638.001953125 1430
11649.6630859375 1495
11656.791015625 1568
11660.572265625 1583
11674.572265625 1764
11677.68359375 1774
11686.3544921875 2065
11725.2529296875 2117
11733.943359375 2181
11744.4423828125 2268
11755.9326171875 2465
11759.42578125 2664
11773.763671875 2760
11783.15234375 2764
11790.4599609375 2938
11795.3095703125 2943
11801.6552734375 1860
11804.3837890625 2880
11813.8720703125 1333
11838.7314453125 2631
11851.0048828125 146
11851.37890625 1538
11854.7294921875 21
11860.1748046875 34
11863.3984375 200
11868.37890625 288
11871.859375 336
11875.9931640625 385
11881.1533203125 517
11885.583984375 546
11890.5390625 609
11902.72265625 614
11904.0244140625 683
11905.501953125 686
11909.212890625 769
11910.650390625 1097
11928.603515625 1221
11933.388671875 1322
11938.1337890625 1359
11959.810546875 1376
11964.0234375 1686
11975.328125 1854
11986.51953125 2513
12025.6416015625 2553
12026.8076171875 2650
12026.8076171875 2672
12041.638671875 2911
12043.064453125 78
12043.3134765625 2713
12043.86328125 2800
12049.8798828125 2651
12052.330078125 2970
12056.806640625 1045
12059.5966796875 1068
12071.875 2078
12078.8857421875 884
12090.0390625 886
12092.8310546875 1028
12109.517578125 1845
12123.802734375 1932
12129.7705078125 2489
12136.4013671875 90
12140.8076171875 153
12149.435546875 240
12154.681640625 256
12162.19921875 531
12166.8203125 644
12168.0146484375 706
12186.83984375 775
12194.3125 1163
12207.265625 1483
12220.8125 2114
12224.6796875 2379
12232.046875 2424
12233.3408203125 2433
12240.833984375 2435
12243.2890625 2442
12256.5693359375 2683
12258.021484375 2811
12260.5751953125 2176
12266.384765625 169
12269.7919921875 2207
12273.1318359375 1144
12313.6015625 2180
12315.3349609375 73
12318.7119140625 663
12343.2880859375 677
12344.5146484375 756
12379.541015625 925
12382.708984375 927
12386.0595703125 946
12386.1904296875 996
12386.8701171875 1141
12392.544921875 1202
12398.3759765625 1251
12405.068359375 1457
12411.5966796875 1502
12427.2958984375 1591
12434.033203125 1733
12447.658203125 1735
12460.8701171875 1919
12461.0009765625 1933
12468.6015625 1955
12470.8681640625 2002
12479.60546875 2335
12505.6630859375 2341
12512.892578125 2565
12513.5439453125 2695
12531.58984375 2763
12533.755859375 2840
12540.9404296875 2422
12543.98046875 1020
12559.4677734375 640
12576.263671875 59
12576.263671875 177
12580.736328125 191
12596.2353515625 575
12599.4482421875 687
12610.951171875 934
12612.4658203125 1119
12621.287109375 1529
12646.8701171875 1697
12658.51171875 1810
12669.265625 1831
12674.3466796875 2354
12676.673828125 2528
12688.7373046875 2679
12694.5390625 2712
12720.1953125 2747
12729.13671875 2809
12737.0947265625 2821
12761.8095703125 2842
12763.7578125 2860
12774.029296875 2906
12790.4443359375 2994
12790.662109375 186
12799.0654296875 223
12809.93359375 1594
12822.3369140625 410
12855.78125 631
12869.8447265625 132
12870.6123046875 2576
12872.4443359375 1282
12872.73828125 488
12877.8447265625 869
12898.2490234375 2059
12905.5400390625 787
12922.96484375 904
12927.994140625 137
12932.287109375 275
12936.732421875 328
12937.9296875 333
12951.234375 392
12986.08203125 407
13016.927734375 489
13020.447265625 680
13033.2685546875 1022
13039.1142578125 1290
13046.1474609375 1358
13047.435546875 1607
13049.115234375 1653
13081.9853515625 2024
13087.337890625 2184
13117.4609375 2221
13131.4169921875 2394
13134.41015625 2427
13135.978515625 2517
13136.9296875 2655
13152.203125 2704
13174.658203125 2900
13190.478515625 2946
13200.427734375 459
13201.83203125 1408
13206.615234375 1339
13214.0380859375 22
13242.7705078125 45
13248.9677734375 300
13261.8974609375 812
13262.0341796875 922
13265.7666015625 947
13266.7783203125 975
13273.4619140625 1001
13273.4873046875 1095
13283.662109375 1275
13285.650390625 1664
13294.6416015625 1708
13299.11328125 1763
13301.3115234375 1766
13305.849609375 1889
13312.375 2077
13314.431640625 2082
13314.5625 2131
13321.505859375 2315
13323.595703125 2317
13329.423828125 2409
13355.1015625 2608
13387.1796875 2616
13392.0390625 2649
13412.3291015625 2819
13445.30859375 2862
13455.9462890625 1164
13475.4521484375 2213
13482.4873046875 1050
13485.4482421875 979
13485.6767578125 1562
13488.3974609375 1597
13489.0478515625 2334
13520.904296875 587
13527.1494140625 630
13538.3544921875 777
13543.0234375 1012
13544.544921875 1064
13546.6689453125 1082
13554.2060546875 1462
13565.2373046875 1501
13570.041015625 1654
13570.8349609375 1800
13573.9482421875 2656
13580.6904296875 2884
13581.984375 1416
13584.5341796875 1575
13597.439453125 2889
13605.5380859375 445
13607.619140625 30
13615.9921875 2484
13622.1728515625 38
13623.6005859375 40
13627.78125 76
13630.0498046875 77
13652.5537109375 108
13655.697265625 164
13656.009765625 211
13658.1953125 225
13663.76953125 376
13682.61328125 437
13682.7705078125 510
13691.568359375 646
13694.201171875 671
13701.087890625 738
13708.900390625 770
13716.1962890625 1434
13718.916015625 1610
13737.4990234375 1662
13738.064453125 1709
13758.009765625 1998
13761.650390625 2166
13773.9375 2220
13783.4658203125 2238
13790.384765625 2255
13799.1650390625 2345
13815.6328125 2510
13817.126953125 2581
13842.16796875 2607
13852.2919921875 2807
13854.236328125 1015
13863.0341796875 1984
13899.84375 1258
13900.2421875 2555
13900.7568359375 1147
13922.662109375 865
13926.001953125 939
13927.251953125 1497
13927.521484375 2630
13928.888671875 2752
13932.3173828125 457
13935.2548828125 309
13945.533203125 316
13955.927734375 483
13989.572265625 484
13996.1025390625 633
14004.4453125 1026
14054.6923828125 1036
14058.1318359375 1176
14062.0615234375 1423
14067.1865234375 1485
14105.5986328125 1590
14113.609375 1702
14116.80859375 1759
14132.3046875 1818
14134.5380859375 1958
14162.7353515625 1963
14168.6572265625 1977
14197.1240234375 2053
14209.08203125 2056
14218.4892578125 2125
14221.673828125 2304
14228.1103515625 2356
14232.072265625 2477
14247.296875 2533
14265.525390625 2732
14322.0634765625 2948
14328.7470703125 1601
14334.296875 2256
14348.2802734375 2104
14351.705078125 284
14358.4140625 182
14365.66015625 916
14376.9208984375 1667
14421.9970703125 1852
14438.9072265625 727
14452.9638671875 2036
14468.9716796875 2772
14493.708984375 130
14509.001953125 219
14547.1953125 394
14548.697265625 405
14555.9130859375 634
14562.818359375 856
14567.7119140625 983
14587.439453125 1117
14607.595703125 1386
14610.0703125 1791
14625.5615234375 1991
14627.462890625 2060
14631.369140625 2215
14669.466796875 2314
14691.2314453125 2440
14696.5322265625 2467
14701.4697265625 2618
14717.751953125 2648
14740.7294921875 2694
14741.546875 1772
14744.5830078125 818
14767.0810546875 2907
14767.76171875 660
14769.189453125 1168
14782.6474609375 1145
14800.0712890625 1476
14804.80078125 1618
14830.2353515625 655
14884.4365234375 1592
14887.8798828125 2120
14904.353515625 2557
14916.099609375 112
14920.9892578125 350
14955.9248046875 356
14957.365234375 448
14986.12109375 1500
14997.61328125 1526
15009.5234375 1587
15013.5810546875 1881
15029.6953125 1943
15031.2099609375 1962
15046.0029296875 1995
15055.6240234375 2075
15061.220703125 2118
15061.4345703125 2309
15062.5048828125 2418
15062.71484375 2516
15071.0537109375 2588
15077.9267578125 2605
15078.6474609375 2623
15084.1005859375 2937
15115.1552734375 1005
15118.232421875 110
15121.9140625 2360
15130.0576171875 121
15157.05078125 1046
15158.3681640625 298
15180.9326171875 372
15193.458984375 492
15195.955078125 752
15197.943359375 838
15206.779296875 903
15237.0888671875 1034
15241.22265625 1128
15246.8623046875 1187
15282.033203125 1437
15289.208984375 1488
15327.1923828125 1534
15365.9892578125 1657
15369.4580078125 1678
15415.97265625 1824
15422.68359375 1826
15431.126953125 1941
15432.39453125 1997
15446.1630859375 2318
15489.3740234375 2327
15489.3740234375 2362
15490.15234375 2404
15491.001953125 2453
15493.5283203125 2458
15510.6376953125 2496
15536.125 2696
15594.14453125 2722
15601.2275390625 2796
15617.701171875 2584
15620.615234375 2872
15642.169921875 2589
15643.984375 2135
15667.0576171875 1802
15689.732421875 1853
15708.41796875 1892
15709.546875 1580
15718.2353515625 25
15719.5517578125 72
15744.326171875 343
15761.001953125 710
15768.7109375 755
15772.873046875 885
15806.8251953125 1683
15812.56640625 1776
15815.8388671875 1972
15821.443359375 2047
15830.9970703125 2138
15851.8466796875 2185
15860.0146484375 2344
15884.890625 2545
15915.0703125 2573
15935.8125 2855
15952.2236328125 1511
15969.279296875 1778
15970.30859375 329
15982.7900390625 731
15990.4033203125 1400
15992.1865234375 2070
16051.26953125 1480
16067.8583984375 1714
16081.4453125 249
16093.9111328125 94
16096.7099609375 2823
16100.611328125 471
16128.7333984375 473
16158.26171875 747
16206.2451171875 915
16208.40234375 921
16222.3671875 993
16239.69921875 1072
16273.78515625 1415
16277.083984375 1541
16279.3779296875 1746
16291.1337890625 1949
16310.01171875 2079
16340.603515625 2219
16341.8896484375 2258
16349.1396484375 2413
16367.4697265625 2628
16367.501953125 2828
16371.0380859375 2903
16403.8359375 2996
16424.814453125 204
16456.673828125 1247
16460.576171875 1410
16462.888671875 1888
16472.55078125 1214
16489.37890625 1658
16492.44921875 2587
16515.064453125 380
16517.38671875 688
16534.986328125 1761
16542.86328125 66
16543.482421875 127
16547.177734375 179
16562.873046875 855
16564.78515625 1198
16580.482421875 1250
16584.0859375 1507
16605.98046875 1558
16626.728515625 2007
16644.005859375 2092
16670.916015625 2231
16674.71875 2384
16712.2421875 2457
16717.064453125 2544
16731.568359375 2717
16738.166015625 2774
16742.115234375 2794
16782.28515625 2909
16789.92578125 972
16792.12890625 1138
16804.16796875 1442
16819.18359375 1137
16830.7890625 102
16833.22265625 667
16836.689453125 1935
16882.3671875 2352
16883.82421875 2887
16888.02734375 427
16888.28515625 1533
16919.255859375 170
16946.18359375 262
16965.294921875 306
16996.046875 596
17029.970703125 805
17067.951171875 849
17093.599609375 850
17158.21875 965
17211.2109375 976
17226.4921875 1058
17255.716796875 1403
17260.314453125 1645
17268.8046875 1999
17294.443359375 2292
17386.1796875 2392
17419.78515625 2403
17456.5703125 2497
17477.095703125 2524
17485.083984375 2601
17508.419921875 2652
17521.873046875 2657
17547.025390625 2761
17568.505859375 2839
17589.169921875 2939
17640.0234375 2984
17659.9140625 1027
17660.033203125 622
17666.197265625 417
17713.576171875 450
17771.25 690
17783.48046875 969
17803.1953125 982
17827.255859375 1040
17867.3671875 1078
17875.1640625 1083
17879.43359375 1382
17903.2109375 1391
17904.8203125 1486
17911.37109375 1503
17926.34375 1547
18000.087890625 1561
18012.669921875 1965
18035.154296875 2026
18042.830078125 2066
18043.017578125 2182
18049.466796875 2245
18058.986328125 2460
18174.98046875 2466
18177.298828125 2540
18219.6015625 2593
18239.595703125 2632
18307.0859375 2753
18311.734375 2759
18352.47265625 2793
18377.306640625 2925
18415.857421875 2152
18519.60546875 762
18528.103515625 2757
18566.552734375 37
18625.115234375 1624
18625.859375 1271
18662.78125 2370
18770.37890625 2895
18814.8125 2411
18820.60546875 67
18887.439453125 150
18895.30078125 171
19000.064453125 195
19019.0859375 363
19020.865234375 522
19041.302734375 657
19134.359375 701
19140.822265625 760
19169.55078125 811
19199.81640625 874
19200.037109375 875
19264.94140625 1002
19272.35546875 1007
19302.697265625 1023
19351.037109375 1356
19385.326171875 1378
19417.7734375 1489
19476.03125 1629
19499.130859375 2721
19599.185546875 2032
19643.923828125 2259
19672.68359375 771
19757.29296875 1543
19768.025390625 2241
19820.2265625 1964
19888.87109375 1625
19905.2890625 2693
19961.568359375 222
20069.91015625 258
20144.373046875 281
20146.17578125 506
20170.48046875 582
20217.716796875 724
20228.564453125 879
20240.01953125 1003
20260.455078125 1171
20292.28515625 1182
20303.630859375 1588
20325.693359375 1685
20364.2109375 1758
20415.638671875 2300
20457.03515625 2310
20464.19921875 2705
20575.126953125 2845
20663.3125 2916
20673.234375 1811
20695.41796875 2701
20778.423828125 421
20779.900390625 1440
20803.04296875 2337
20825.6328125 2531
20850.712890625 18
20995.16015625 29
21060.7890625 31
21094.71875 104
21276.763671875 274
21350.048828125 321
21354.765625 370
21632.44140625 375
21682.201171875 562
21719.810546875 914
21719.810546875 944
21778.12890625 1672
22081.947265625 1684
22111.37890625 1825
22216.701171875 1846
22316.1640625 1960
22352.27734375 1976
22384.564453125 2006
22464.291015625 2319
22736.8984375 2405
22867.970703125 2550
22957.91015625 2606
22963.638671875 2768
23212.515625 1081
23235.748046875 1780
23371.6328125 16
23444.333984375 28
23456.248046875 125
23576.58984375 212
23744.193359375 265
23767.47265625 295
23970.6328125 360
24175.875 364
24272.89453125 937
24296.310546875 1077
24540.5234375 1101
24572.05078125 1241
24607.701171875 1243
24696.18359375 1307
24729.087890625 1343
25046.654296875 1404
25052.103515625 1418
25354.34765625 1585
25858.802734375 1719
25934.876953125 1822
26092.513671875 2009
26446.099609375 2164
26652.353515625 2214
26940.6796875 2250
28130.048828125 2263
28248.74609375 2342
31215.587890625 2359
33190.31640625 2547
