7336.466796875 1329
7951.513671875 50
8001.17236328125 318
8071.33154296875 389
8312.2080078125 478
8375.802734375 491
8387.8291015625 580
8442.6376953125 599
8671.22265625 890
8777.6640625 896
8875.814453125 909
8926.6708984375 919
8960.08203125 995
8979.32421875 1273
9133.443359375 1342
9153.080078125 1430
9221.23828125 1495
9243.0625 1568
9243.134765625 1583
9315.99609375 1764
9335.2646484375 1774
9343.8203125 2065
9359.1728515625 2117
9373.4130859375 2181
9376.82421875 2268
9419.501953125 2465
9448.82421875 2664
9451.8125 2760
9509.869140625 2764
9563.7001953125 2938
9569.6396484375 2943
9601.96484375 1860
9606.923828125 2880
9649.0048828125 1446
9674.67578125 87
9691.4248046875 251
9694.5419921875 527
9698.9794921875 529
9707.8642578125 625
9708.072265625 641
9709.3291015625 693
9737.052734375 873
9793.0244140625 881
9801.58203125 928
9808.345703125 1133
9809.6474609375 1283
9834.697265625 1318
9836.74609375 1346
9838.650390625 1417
9841.6396484375 1720
9854.2578125 1987
9874.8642578125 2226
9897.740234375 2296
9914.904296875 2515
9919.857421875 2572
9930.6845703125 2669
9952.0830078125 2728
9962.30859375 2734
10012.138671875 2746
10019.0771484375 2852
10037.0986328125 2866
10039.1083984375 2915
10048.9736328125 2949
10053.4248046875 377
10086.962890625 2281
10100.669921875 160
10106.44921875 1
10106.802734375 425
10107.3388671875 446
10123.724609375 800
10129.4208984375 918
10132.255859375 953
10168.47265625 985
10179.923828125 986
10191.984375 1008
10205.92578125 1043
10211.87890625 1270
10220.59375 1317
10243.873046875 1435
10274.4326171875 1548
10291.6533203125 1606
10297.697265625 1661
10297.994140625 1712
10300.4775390625 2010
10312.4755859375 2088
10371.453125 2365
10372.2294921875 2410
10378.37109375 2414
10382.8994140625 2482
10386.48828125 2560
10446.26953125 2781
10448.2294921875 2820
10474.8515625 997
10509.876953125 1781
10514.380859375 81
10524.2890625 229
10544.734375 440
10548.0634765625 548
10548.8642578125 611
10571.70703125 826
10578.646484375 834
10583.9599609375 848
10593.8203125 871
10606.7568359375 893
10619.4033203125 1231
10636.5068359375 1256
10662.7099609375 1315
10684.140625 1458
10699.4697265625 1550
10713.76953125 1671
10715.14453125 1711
10718.3515625 1815
10725.322265625 1893
10773.76953125 2312
10781.287109375 2324
10817.16796875 2385
10843.908203125 2447
10866.89453125 2562
10868.5791015625 2610
10869.0712890625 2622
10874.892578125 2853
10904.90625 2924
10920.73828125 2927
10927.3515625 2239
10957.3505859375 1362
10960.220703125 1926
10971.083984375 2997
10982.8369140625 254
10987.0771484375 388
11013.6337890625 465
11017.7880859375 498
11024.4541015625 520
11025.8154296875 962
11035.0009765625 981
11039.30859375 1156
11050.068359375 1652
11050.3916015625 2205
11053.23046875 2339
11054.64453125 2417
11058.375 2494
11060.6162109375 2687
11063.5205078125 1122
11073.828125 1670
11084.849609375 264
11089.1044921875 2173
11098.419921875 1646
11113.466796875 2396
11124.548828125 49
11132.455078125 189
11147.865234375 261
11167.35546875 263
11179.703125 430
11183.6318359375 831
11207.826171875 899
11211.130859375 1123
11217.34375 1169
11221.2880859375 1350
11227.466796875 1405
11229.00390625 1512
11232.443359375 1750
11238.41015625 1769
11265.57421875 1908
11279.994140625 1966
11297.9736328125 1982
11312.416015625 1993
11333.291015625 2094
11343.3759765625 2126
11351.44921875 2141
11351.8486328125 2171
11373.728515625 2174
11374.2265625 2177
11376.478515625 2237
11393.6943359375 2367
11410.4384765625 2536
11452.1630859375 2542
11456.578125 2582
11460.80078125 2675
11469.111328125 2703
11469.9765625 1873
11475.296875 2107
11485.43359375 1281
11493.48046875 455
11494.91796875 470
11509.42578125 902
11521.6787109375 926
11531.5341796875 967
11542.0380859375 1104
11554.9951171875 1225
11571.7294921875 1286
11583.0673828125 1506
11592.62890625 1516
11605.1875 1599
11625.220703125 1779
11637.1298828125 1848
11651.9921875 1867
11658.30859375 1883
11675.275390625 2063
11681.6416015625 2210
11693.521484375 2246
11697.669921875 2285
11717.3076171875 2361
11730.125 2686
11734.470703125 2700
11739.791015625 88
11750.9892578125 586
11756.03125 136
11772.14453125 1471
11788.8505859375 226
11795.10546875 296
11796.20703125 1197
11822.4375 1666
11825.1865234375 2511
11830.0537109375 101
11832.6376953125 215
11832.6796875 549
11834.75 550
11851.056640625 573
11866.841796875 1136
11895.0302734375 1199
11899.7509765625 1530
11919.9521484375 1581
11931.1484375 1640
11931.15234375 1688
11931.3916015625 1968
11945.23828125 2526
11954.798828125 2571
11962.33203125 2983
11963.60546875 1787
11967.86328125 602
11976.7041015625 1146
11987.599609375 253
11993.6943359375 342
11997.79296875 843
12010.146484375 1233
12016.095703125 1335
12018.185546875 1394
12037.537109375 1737
12044.0126953125 1784
12045.1318359375 1950
12055.58984375 2025
12070.0224609375 2473
12082.998046875 2518
12094.3916015625 999
12107.4912109375 1056
12113.6328125 1900
12117.203125 1304
12118.8046875 1326
12143.232421875 2967
12153.32421875 1333
12179.6455078125 2631
12204.611328125 146
12223.5791015625 1538
12228.96875 21
12254.880859375 34
12262.71484375 200
12264.068359375 288
12269.2001953125 336
12269.947265625 385
12282.3671875 517
12287.6552734375 546
12301.4951171875 609
12306.6689453125 614
12321.8798828125 683
12325.09765625 686
12335.58203125 769
12346.091796875 1097
12367.55078125 1221
12383.595703125 1322
12434.40625 1359
12434.40625 1376
12441.806640625 1686
12442.009765625 1854
12442.208984375 2513
12451.21484375 2553
12461.1982421875 2650
12465.84765625 2672
12468.916015625 2911
12469.70703125 78
12473.20703125 2713
12497.4990234375 2800
12510.37109375 2651
12513.08984375 2970
12536.0712890625 1045
12545.447265625 1068
12551.970703125 2078
12554.083984375 884
12584.2197265625 886
12587.1162109375 1028
12589.28515625 1845
12604.142578125 1932
12604.2119140625 2489
12605.7880859375 90
12631.2666015625 153
12639.5595703125 240
12641.2998046875 256
12647.439453125 531
12647.984375 644
12650.77734375 706
12673.060546875 775
12674.9306640625 1163
12675.85546875 1483
12676.240234375 2114
12681.3408203125 2379
12692.5439453125 2424
12692.5439453125 2433
12710.587890625 2435
12710.8798828125 2442
12711.4296875 2683
12729.3837890625 2811
12731.48046875 2176
12751.783203125 169
12754.630859375 2207
12756.611328125 1144
12784.55859375 2180
12786.7958984375 73
12788.9150390625 663
12807.5654296875 677
12821.8359375 756
12826.91015625 925
12838.744140625 927
12847.6708984375 946
12848.8642578125 996
12861.0703125 1141
12864.0869140625 1202
12892.7939453125 1251
12905.408203125 1457
12906.1669921875 1502
12920.3671875 1591
12925.912109375 1733
12926.560546875 1735
12929.3251953125 1919
12932.955078125 1933
12944.583984375 1955
12955.142578125 2002
12955.4638671875 2335
12959.8515625 2341
12960.0849609375 2565
12971.990234375 2695
12982.5283203125 2763
12983.744140625 2840
12998.66796875 2422
13004.3388671875 1020
13006.8046875 640
13014.00390625 59
13026.51171875 177
13043.4306640625 191
13056.025390625 575
13058.830078125 687
13068.9453125 934
13080.130859375 1119
13084.2822265625 1529
13099.12109375 1697
13113.2578125 1810
13122.1435546875 1831
13142.5380859375 2354
13168.060546875 2528
13179.6015625 2679
13189.3818359375 2712
13218.78125 2747
13237.54296875 2809
13248.3359375 2821
13263.4677734375 2842
13268.443359375 2860
13281.96875 2906
13300.3466796875 2994
13301.236328125 186
13309.7529296875 223
13319.15234375 1594
13331.3720703125 410
13344.3046875 631
13357.2548828125 132
13365.943359375 2576
13403.9736328125 1282
13420.01171875 488
13421.2509765625 869
13424.9423828125 2059
13436.72265625 787
13449.02734375 904
13449.02734375 137
13449.2763671875 275
13458.1962890625 328
13478.0537109375 333
13485.83203125 392
13492.2021484375 407
13503.9345703125 489
13505.892578125 680
13517.263671875 1022
13534.642578125 1290
13535.9775390625 1358
13541.4013671875 1607
13566.00390625 1653
13572.875 2024
13577.984375 2184
13580.9296875 2221
13584.9013671875 2394
13588.6845703125 2427
13601.189453125 2517
13606.876953125 2655
13611.05859375 2704
13614.0634765625 2900
13625.46875 2946
13640.6396484375 459
13654.9052734375 1408
13672.857421875 1339
13679.7705078125 22
13687.0126953125 45
13719.58203125 300
13729.3720703125 812
13733.072265625 922
13733.3193359375 947
13740.0390625 975
13758.3515625 1001
13764.1259765625 1095
13772.814453125 1275
13777.396484375 1664
13779.791015625 1708
13785.15625 1763
13798.22265625 1766
13799.498046875 1889
13806.5771484375 2077
13810.755859375 2082
13818.0244140625 2131
13832.80078125 2315
13886.767578125 2317
13906.1279296875 2409
13914.419921875 2608
13915.703125 2616
13919.291015625 2649
13927.31640625 2819
13942.587890625 2862
13949.396484375 1164
13954.2568359375 2213
13983.7958984375 1050
14016.4970703125 979
14018.255859375 1562
14019.505859375 1597
14050.34375 2334
14065.02734375 587
14065.9482421875 630
14098.4384765625 777
14124.71875 1012
14139.728515625 1064
14160.712890625 1082
14187.826171875 1462
14188.048828125 1501
14197.603515625 1654
14206.11328125 1800
14230.970703125 2656
14234.38671875 2884
14236.771484375 1416
14238.015625 1575
14250.3896484375 2889
14259.7626953125 445
14274.654296875 30
14291.068359375 2484
14306.359375 38
14317.0771484375 40
14319.3466796875 76
14328.068359375 77
14328.9599609375 108
14336.8671875 164
14336.869140625 211
14356.0439453125 225
14363.533203125 376
14377.646484375 437
14380.8359375 510
14388.5146484375 646
14403.349609375 671
14407.546875 738
14422.033203125 770
14428.123046875 1434
14432.8798828125 1610
14437.84375 1662
14438.2890625 1709
14454.048828125 1998
14457.2158203125 2166
14464.619140625 2220
14488.080078125 2238
14517.8876953125 2255
14520.646484375 2345
14525.791015625 2510
14528.62109375 2581
14530.615234375 2607
14545.6279296875 2807
14548.783203125 1015
14557.43359375 1984
14558.8154296875 1258
14558.849609375 2555
14572.814453125 1147
14577.271484375 865
14610.2001953125 939
14613.1728515625 1497
14642.2353515625 2630
14644.14453125 2752
14665.4951171875 457
14665.91015625 309
14681.3515625 316
14688.6005859375 483
14706.0390625 484
14736.193359375 633
14737.810546875 1026
14767.2421875 1036
14791.1259765625 1176
14793.552734375 1423
14804.7744140625 1485
14805.396484375 1590
14869.3173828125 1702
14880.5458984375 1759
14900.66015625 1818
14909.2890625 1958
14921.615234375 1963
14967.1318359375 1977
14988.84375 2053
14990.033203125 2056
14991.9248046875 2125
15000.7060546875 2304
15010.18359375 2356
15022.7578125 2477
15043.9345703125 2533
15062.8505859375 2732
15062.8505859375 2948
15068.2373046875 1601
15071.484375 2256
15091.7724609375 2104
15112.447265625 284
15133.3466796875 182
15145.69140625 916
15184.935546875 1667
15201.3837890625 1852
15218.572265625 727
15252.4716796875 2036
15268.189453125 2772
15311.744140625 130
15323.6103515625 219
15344.4384765625 394
15352.09375 405
15371.8740234375 634
15379.3935546875 856
15379.765625 983
15389.20703125 1117
15424.744140625 1386
15454.6591796875 1791
15456.9228515625 1991
15485.494140625 2060
15485.9169921875 2215
15514.8662109375 2314
15530.107421875 2440
15551.369140625 2467
15559.4736328125 2618
15567.6494140625 2648
15587.779296875 2694
15600.810546875 1772
15600.9404296875 818
15602.6650390625 2907
15610.759765625 660
15613.9267578125 1168
15628.3212890625 1145
15636.974609375 1476
15664.220703125 1618
15671.5009765625 655
15677.2509765625 1592
15679.171875 2120
15684.7724609375 2557
15756.9072265625 112
15786.076171875 350
15790.8486328125 356
15803.703125 448
15812.005859375 1500
15830.2744140625 1526
15836.08203125 1587
15841.79296875 1881
15854.099609375 1943
15889.7294921875 1962
15925.62109375 1995
15942.2802734375 2075
15951.2763671875 2118
15968.87109375 2309
15975.345703125 2418
16012.9775390625 2516
16019.6142578125 2588
16029.9423828125 2605
16061.6513671875 2623
16069.2724609375 2937
16069.626953125 1005
16071.3916015625 110
16086.333984375 2360
16097.5263671875 121
16107.400390625 1046
16140.0087890625 298
16141.14453125 372
16145.5703125 492
16149.595703125 752
16150.798828125 838
16176.5390625 903
16180.2734375 1034
16190.546875 1128
16214.09375 1187
16244.97265625 1437
16259.0537109375 1488
16294.4404296875 1534
16314.646484375 1657
16316.04296875 1678
16323.27734375 1824
16328.9765625 1826
16337.736328125 1941
16367.17578125 1997
16380.0556640625 2318
16415.09375 2327
16439.97265625 2362
16450.83984375 2404
16484.32421875 2453
16494.68359375 2458
16501.228515625 2496
16522.458984375 2696
16531.29296875 2722
16548.294921875 2796
16551.1796875 2584
16553.740234375 2872
16582.1875 2589
16582.876953125 2135
16592.494140625 1802
16603.328125 1853
16604.931640625 1892
16605.40234375 1580
16611.40234375 25
16618.810546875 72
16636.6953125 343
16636.6953125 710
16643.806640625 755
16686.33984375 885
16686.720703125 1683
16690.548828125 1776
16691.00390625 1972
16693.033203125 2047
16701.890625 2138
16714.611328125 2185
16725.18359375 2344
16728.05859375 2545
16729.4296875 2573
16738.994140625 2855
16742.978515625 2159
16752.07421875 1067
16770.6875 371
16773.37890625 243
16785.00390625 1301
16804.9921875 311
16845.58203125 426
16849.646484375 648
16864.07421875 720
16868.69140625 792
16892.12890625 940
16897.46484375 1006
16901.28125 1032
16909.78515625 1160
16936.318359375 1189
16940.638671875 2183
16953.6015625 2190
16955.81640625 2301
16965.21875 1459
16968.490234375 1649
17001.3125 353
17050.720703125 2706
17056.697265625 1511
17057.91796875 1778
17089.86328125 329
17095.80859375 731
17097.0078125 1400
17103.90625 2070
17108.7890625 1480
17108.7890625 1714
17143.6796875 249
17148.19921875 94
17148.27734375 2823
17162.3515625 471
17195.994140625 473
17203.0546875 747
17211.99609375 915
17221.55078125 921
17256.23046875 993
17316.998046875 1072
17365.5078125 1415
17382.564453125 1541
17387.2109375 1746
17402.4609375 1949
17405.8828125 2079
17408.39453125 2219
17434.22265625 2258
17434.44140625 2413
17450.853515625 2628
17452.91796875 2828
17453.255859375 2903
17475.35546875 2996
17486.82421875 204
17486.951171875 1247
17489.60546875 1410
17497.40625 1888
17564.3359375 1214
17583.837890625 1658
17596.6640625 2587
17604.119140625 380
17615.8515625 688
17624.39453125 1761
17624.787109375 66
17644.29296875 127
17660.53515625 179
17673.447265625 855
17679.224609375 1198
17684.873046875 1250
17693.4609375 1507
17715.24609375 1558
17717.5390625 2007
17722.93359375 2092
17727.19921875 2231
17753.146484375 2384
17767.36328125 2457
17805.529296875 2544
17850.11328125 2717
17863.33984375 2774
17882.423828125 2794
17890.888671875 2909
17910.29296875 972
17920.365234375 1138
17949.767578125 1442
17966.673828125 1137
18030.91015625 102
18090.91796875 667
18122.560546875 1935
18123.0 2352
18127.615234375 2887
18161.5 427
18163.42578125 1533
18175.7265625 170
18186.185546875 262
18206.056640625 306
18209.41796875 596
18210.12109375 805
18212.69921875 849
18233.978515625 850
18243.564453125 965
18274.9609375 976
18282.708984375 1058
18290.986328125 1403
18295.111328125 1645
18356.439453125 1999
18362.98828125 2292
18370.7109375 2392
18386.58203125 2403
18432.81640625 2497
18436.693359375 2524
18453.259765625 2601
18508.7578125 2652
18518.80078125 2657
18526.912109375 2761
18596.4296875 2839
18608.3515625 2939
18658.625 2984
18666.939453125 1027
18701.09375 622
18745.595703125 417
18784.0625 450
18805.8125 690
18826.15625 969
18848.34375 982
18851.025390625 1040
18860.337890625 1078
18906.1640625 1083
18913.6484375 1382
18948.71484375 1391
19111.73828125 1486
19155.720703125 1503
19177.291015625 1547
19204.564453125 1561
19236.169921875 1965
19262.830078125 2026
19297.595703125 2066
19310.54296875 2182
19311.251953125 2245
19330.396484375 2460
19340.62109375 2466
19341.650390625 2540
19346.716796875 2593
19389.072265625 2632
19408.37109375 2753
19439.34375 2759
19495.8984375 2793
19520.658203125 2925
19541.23046875 2152
19545.951171875 762
19579.375 2757
19585.564453125 37
19615.849609375 1624
19660.142578125 1271
19715.068359375 2370
19738.669921875 2895
19789.583984375 2411
19820.892578125 67
19830.880859375 150
19837.55078125 171
19837.623046875 195
19875.9609375 363
19891.041015625 522
19892.046875 657
19906.080078125 701
19958.986328125 760
19999.28125 811
20038.166015625 874
20042.421875 875
20050.298828125 1002
20094.80859375 1007
20150.751953125 1023
20255.349609375 1356
20257.32421875 1378
20276.6171875 1489
20318.23828125 1629
20365.50390625 2721
20369.822265625 2032
20387.169921875 2259
20403.232421875 771
20435.779296875 1543
20506.08203125 2241
20575.833984375 1964
20586.646484375 1625
20635.375 2693
20700.498046875 222
20782.8203125 258
20809.02734375 281
20847.54296875 506
20944.14453125 582
21003.86328125 724
21175.181640625 879
21220.767578125 1003
21309.18359375 1171
21312.673828125 1182
21399.3359375 1588
21442.84375 1685
21484.154296875 1758
21505.76171875 2300
21531.615234375 2310
21573.48828125 2705
21578.345703125 2845
21608.94921875 2916
21616.890625 1811
21621.810546875 2701
21678.888671875 421
21694.14453125 1440
21722.474609375 2337
21872.482421875 2531
21913.248046875 18
21965.1484375 29
22039.330078125 31
22090.3125 104
22136.330078125 274
22149.970703125 321
22226.345703125 370
22277.14453125 375
22294.6171875 562
22316.33203125 914
22387.876953125 944
22456.65625 1672
22471.91796875 1684
22514.953125 1825
22530.4609375 1846
22538.349609375 1960
22604.00390625 1976
22607.48046875 2006
22665.388671875 2319
22696.30078125 2405
22943.63671875 2550
22959.337890625 2606
22991.140625 2768
23006.2109375 1081
23026.201171875 1780
23042.958984375 16
23082.822265625 28
23209.484375 125
23413.025390625 212
23670.076171875 265
23723.587890625 295
23931.27734375 360
23943.26171875 364
24097.890625 937
24306.755859375 1077
24348.259765625 1101
24385.767578125 1241
24671.05859375 1243
24805.98828125 1307
24873.65234375 1343
25036.640625 1404
25039.7890625 1418
25104.759765625 1585
25458.130859375 1719
25581.14453125 1822
25985.505859375 2009
26210.783203125 2164
26310.708984375 2214
27637.755859375 2250
27973.765625 2263
28082.26953125 2342
28497.998046875 2359
28949.779296875 2547
