4493.30078125 1020
4791.4267578125 640
4808.83642578125 59
4876.29736328125 177
5061.48779296875 191
5129.65478515625 575
5395.45947265625 687
5663.59521484375 934
5781.50146484375 1119
6022.60986328125 1529
6125.4755859375 1697
6251.5361328125 1810
6407.73291015625 1831
6685.50341796875 2354
6704.2431640625 2528
6770.77099609375 2679
6790.7451171875 2712
6825.77392578125 2747
7074.029296875 2809
7086.48876953125 2821
7139.70068359375 2842
7214.560546875 2860
7281.8583984375 2906
7344.4677734375 2994
7359.09814453125 186
7418.2177734375 223
7802.48095703125 1594
7931.3486328125 410
8108.498046875 631
8118.5517578125 132
8262.3125 2576
8302.30078125 1446
8405.1650390625 87
8483.615234375 251
8488.2529296875 527
8595.93359375 529
8706.98828125 625
8781.0341796875 641
8840.466796875 693
8978.984375 873
9026.595703125 881
9060.11328125 928
9124.189453125 1133
9124.189453125 1283
9151.4228515625 1318
9200.4658203125 1346
9225.1171875 1417
9368.2958984375 1720
9376.7939453125 1987
9399.0693359375 2226
9424.888671875 2296
9424.97265625 2515
9498.076171875 2572
9507.86328125 2669
9672.2734375 2728
9728.810546875 2734
9785.306640625 2746
9790.1279296875 2852
9920.7392578125 2866
9926.421875 2915
9991.23828125 2949
10060.3857421875 377
10161.8154296875 2281
10197.05859375 160
10328.30078125 1
10485.50390625 425
10489.21484375 446
10515.982421875 800
10535.2666015625 918
10575.052734375 953
10610.494140625 985
10615.796875 986
10673.3955078125 1008
10688.095703125 1043
10701.6083984375 1270
10715.669921875 1317
10759.7109375 1435
10793.24609375 1548
10840.4375 1606
10856.990234375 1661
10902.1357421875 1712
10907.48828125 2010
10907.48828125 2088
10931.56640625 2365
10958.73046875 2410
10961.27734375 2414
11022.279296875 2482
11127.234375 2560
11165.6796875 2781
11174.6875 2820
11200.076171875 997
11252.318359375 1781
11253.42578125 81
11255.95703125 229
11297.0380859375 440
11312.1103515625 548
11589.3359375 611
11598.783203125 826
11683.03125 834
11707.8779296875 848
11766.931640625 871
11771.5810546875 893
11781.4521484375 1231
11821.8369140625 1256
11829.486328125 1315
11859.4501953125 1458
11904.720703125 1550
11915.90234375 1671
11963.4873046875 1711
12042.36328125 1815
12150.54296875 1893
12170.482421875 2312
12183.19921875 2324
12197.419921875 2385
12228.0712890625 2447
12232.9091796875 2562
12261.5341796875 2610
12318.0986328125 2622
12320.068359375 2853
12327.2724609375 2924
12381.78515625 2927
12396.609375 2239
12554.3056640625 1362
12557.9638671875 1926
12563.109375 2997
12571.39453125 254
12653.3779296875 388
12674.400390625 465
12678.96484375 498
12742.09375 520
12765.9306640625 962
12782.3974609375 981
12851.73046875 1156
12882.671875 1652
12910.1123046875 2205
12960.2607421875 2339
12968.9033203125 2417
13014.044921875 2494
13095.5224609375 2687
13127.68359375 1122
13227.9736328125 1670
13273.068359375 264
13273.9453125 2173
13369.6796875 1646
13411.8203125 2396
13437.423828125 49
13438.017578125 189
13515.216796875 261
13545.669921875 263
13576.779296875 430
13580.4990234375 831
13585.3564453125 899
13598.42578125 1123
13612.1650390625 1169
13633.3935546875 1350
13647.65234375 1405
13665.3173828125 1512
13673.3720703125 1750
13689.15625 1769
13692.306640625 1908
13709.3076171875 1966
13723.5400390625 1982
13724.4775390625 1993
13754.6328125 2094
13815.2470703125 2126
13816.74609375 2141
13832.0498046875 2171
13865.9580078125 2174
13871.419921875 2177
13986.533203125 2237
14099.4970703125 2367
14100.48046875 2536
14110.07421875 2542
14125.861328125 2582
14133.560546875 2675
14144.2587890625 2703
14146.8408203125 1873
14170.662109375 2107
14181.783203125 1281
14184.16796875 455
14245.4306640625 470
14252.609375 902
14267.740234375 926
14313.140625 967
14379.017578125 1104
14380.6279296875 1225
14397.068359375 1286
14409.595703125 1506
14454.5615234375 1516
14468.216796875 1599
14483.2236328125 1779
14487.498046875 1848
14509.6015625 1867
14511.58203125 1883
14531.5048828125 2063
14554.6044921875 2210
14582.662109375 2246
14674.62109375 2285
14710.99609375 2361
14728.1787109375 2686
14733.05078125 2700
14750.07421875 88
14767.6064453125 586
14771.734375 136
14798.5732421875 1471
14812.9716796875 226
14831.6484375 296
14879.291015625 1197
14920.2314453125 1666
14946.244140625 2511
14967.8564453125 101
15010.9580078125 215
15034.5546875 549
15078.009765625 550
15082.8623046875 573
15106.84375 1136
15118.5107421875 1199
15119.830078125 1530
15146.390625 1581
15148.4609375 1640
15162.1689453125 1688
15227.841796875 1968
15242.3173828125 2526
15267.6455078125 2571
15290.15234375 2983
15313.5068359375 1787
15316.900390625 602
15341.763671875 1146
15396.29296875 253
15401.6689453125 342
15420.916015625 843
15462.232421875 1233
15470.5546875 1335
15488.271484375 1394
15509.20703125 1737
15511.7431640625 1784
15556.216796875 1950
15562.01171875 2025
15611.05859375 2473
15616.208984375 2518
15621.962890625 999
15626.5263671875 1056
15646.3046875 1900
15648.681640625 1304
15692.80078125 1326
15693.2470703125 2967
15712.349609375 1329
15722.56640625 50
15770.103515625 318
15799.533203125 389
15803.87109375 478
15809.9228515625 491
15825.21875 580
15854.88671875 599
15857.6591796875 890
15882.873046875 896
15882.9072265625 909
15936.3115234375 919
15942.43359375 995
15948.544921875 1273
15983.91015625 1342
15997.998046875 1430
16003.0947265625 1495
16045.826171875 1568
16055.3291015625 1583
16097.716796875 1764
16100.494140625 1774
16128.154296875 2065
16161.0947265625 2117
16190.7041015625 2181
16206.22265625 2268
16255.7294921875 2465
16274.220703125 2664
16279.837890625 2760
16285.4814453125 2764
16302.78515625 2938
16304.7607421875 2943
16340.0947265625 1860
16346.38671875 2880
16348.8388671875 1333
16363.0947265625 2631
16426.666015625 146
16440.728515625 1538
16463.369140625 21
16476.92578125 34
16479.154296875 200
16490.880859375 288
16492.478515625 336
16495.1171875 385
16495.986328125 517
16500.384765625 546
16509.0234375 609
16523.18359375 614
16542.20703125 683
16549.515625 686
16569.578125 769
16570.494140625 1097
16580.435546875 1221
16606.404296875 1322
16615.73828125 1359
16619.20703125 1376
16648.310546875 1686
16665.654296875 1854
16666.267578125 2513
16670.015625 2553
16677.140625 2650
16722.9375 2672
16747.423828125 2911
16754.3515625 78
16776.505859375 2713
16776.60546875 2800
16792.0703125 2651
16806.029296875 2970
16807.16796875 1045
16822.802734375 1068
16830.83984375 2078
16914.009765625 884
16925.453125 886
16935.36328125 1028
16948.109375 1845
16969.9296875 1932
16971.1328125 2489
17037.240234375 90
17067.546875 153
17087.91015625 240
17104.037109375 256
17109.607421875 531
17110.0703125 644
17129.005859375 706
17143.0234375 775
17153.12109375 1163
17155.056640625 1483
17159.609375 2114
17161.455078125 2379
17190.525390625 2424
17215.185546875 2433
17265.830078125 2435
17288.623046875 2442
17299.060546875 2683
17299.798828125 2811
17328.52734375 2176
17340.166015625 169
17386.72265625 2207
17403.87890625 1144
17419.068359375 2180
17421.4375 73
17426.876953125 663
17430.482421875 677
17480.544921875 756
17508.087890625 925
17515.056640625 927
17517.154296875 946
17522.5234375 996
17524.822265625 1141
17556.5 1202
17588.576171875 1251
17635.017578125 1457
17649.5234375 1502
17673.71875 1591
17673.71875 1733
17697.353515625 1735
17728.42578125 1919
17728.87109375 1933
17737.93359375 1955
17739.478515625 2002
17754.37109375 2335
17799.212890625 2341
17818.55859375 2565
17830.65625 2695
17843.51171875 2763
17860.02734375 2840
17863.8984375 2422
17876.51953125 1282
17877.333984375 488
17883.53125 869
17892.435546875 2059
17892.822265625 787
17896.00390625 904
17898.609375 137
17907.26953125 275
17950.25 328
17955.59765625 333
17961.595703125 392
18000.548828125 407
18004.80078125 489
18012.7421875 680
18017.03125 1022
18033.83203125 1290
18055.646484375 1358
18099.642578125 1607
18136.228515625 1653
18138.69140625 2024
18146.798828125 2184
18155.66015625 2221
18164.58984375 2394
18172.138671875 2427
18176.724609375 2517
18186.23828125 2655
18202.69921875 2704
18211.560546875 2900
18220.880859375 2946
18237.080078125 459
18243.98828125 1408
18250.599609375 1339
18298.138671875 22
18342.310546875 45
18351.658203125 300
18367.783203125 812
18380.5859375 922
18386.333984375 947
18411.53515625 975
18417.26953125 1001
18423.892578125 1095
18438.734375 1275
18446.501953125 1664
18448.84765625 1708
18457.333984375 1763
18473.48046875 1766
18484.984375 1889
18507.845703125 2077
18509.083984375 2082
18509.224609375 2131
18517.92578125 2315
18517.93359375 2317
18526.37109375 2409
18535.97265625 2608
18539.57421875 2616
18548.14453125 2649
18552.52734375 2819
18559.7890625 2862
18562.72265625 1164
18607.48046875 2213
18627.5390625 1050
18644.564453125 979
18653.5546875 1562
18682.015625 1597
18687.439453125 2334
18727.943359375 587
18731.26171875 630
18746.021484375 777
18757.486328125 1012
18763.099609375 1064
18764.625 1082
18785.15625 1462
18793.671875 1501
18794.44921875 1654
18814.63671875 1800
18834.193359375 2656
18843.33984375 2884
18853.890625 1416
18861.595703125 1575
18901.638671875 2889
18924.212890625 445
18935.798828125 30
18937.166015625 2484
18960.060546875 38
18960.771484375 40
18962.927734375 76
18990.13671875 77
19007.33203125 108
19046.556640625 164
19068.71484375 211
19091.94921875 225
19091.984375 376
19093.6875 437
19095.798828125 510
19097.19921875 646
19108.54296875 671
19116.275390625 738
19126.43359375 770
19132.62109375 1434
19161.9140625 1610
19162.443359375 1662
19169.201171875 1709
19171.3203125 1998
19175.095703125 2166
19192.685546875 2220
19194.35546875 2238
19200.71484375 2255
19207.177734375 2345
19224.974609375 2510
19260.484375 2581
19269.404296875 2607
19282.626953125 2807
19283.22265625 1015
19290.220703125 1984
19335.935546875 1258
19406.998046875 2555
19407.412109375 1147
19410.783203125 865
19414.640625 939
19477.37109375 1497
19522.048828125 2630
19526.150390625 2752
19531.02734375 457
19539.689453125 309
19542.05078125 316
19549.056640625 483
19563.98046875 484
19594.013671875 633
19596.623046875 1026
19618.984375 1036
19624.37890625 1176
19634.98046875 1423
19637.251953125 1485
19680.826171875 1590
19687.48828125 1702
19692.54296875 1759
19723.2578125 1818
19743.814453125 1958
19756.7109375 1963
19774.90625 1977
19783.7109375 2053
19788.548828125 2056
19801.841796875 2125
19803.951171875 2304
19814.96484375 2356
19850.56640625 2477
19859.41015625 2533
19867.1875 2732
19879.611328125 2948
19903.9609375 1601
19916.6484375 2256
19937.01953125 2104
19952.2890625 284
19970.072265625 182
19988.140625 916
20021.125 1667
20027.58203125 1852
20030.666015625 727
20067.349609375 2036
20079.361328125 2772
20128.91796875 130
20145.46484375 219
20154.962890625 394
20175.3046875 405
20182.6484375 634
20210.7578125 856
20218.486328125 983
20220.796875 1117
20235.177734375 1386
20241.0546875 1791
20269.888671875 1991
20270.58203125 2060
20274.4765625 2215
20290.244140625 2314
20294.3515625 2440
20302.33203125 2467
20328.8046875 2618
20334.033203125 2648
20353.296875 2694
20354.787109375 1772
20367.673828125 818
20369.837890625 2907
20379.95703125 660
20384.05078125 1168
20392.923828125 1145
20402.63671875 1476
20414.44140625 1618
20443.357421875 655
20444.67578125 1592
20452.453125 2120
20467.849609375 2557
20468.189453125 112
20472.728515625 350
20480.32421875 356
20482.099609375 448
20494.087890625 1500
20528.369140625 1526
20531.703125 1587
20534.333984375 1881
20535.619140625 1943
20559.28125 1962
20599.01171875 1995
20607.29296875 2075
20630.08984375 2118
20640.689453125 2309
20640.689453125 2418
20643.31640625 2516
20668.97265625 2588
20687.4375 2605
20694.68359375 2623
20734.61328125 2937
20766.990234375 1005
20775.255859375 110
20777.19921875 2360
20799.66796875 121
20804.49609375 1046
20831.1953125 298
20848.283203125 372
20869.9453125 492
20889.041015625 752
20909.9140625 838
20918.421875 903
20927.482421875 1034
20927.86328125 1128
20934.359375 1187
20947.6015625 1437
20956.361328125 1488
20963.794921875 1534
20980.607421875 1657
20989.12890625 1678
20998.966796875 1824
20999.98828125 1826
21023.92578125 1941
21033.671875 1997
21035.357421875 2318
21042.88671875 2327
21069.494140625 2362
21073.607421875 2404
21073.9453125 2453
21083.451171875 2458
21097.060546875 2496
21099.240234375 2696
21123.951171875 2722
21128.595703125 2796
21134.5 2584
21159.87109375 2872
21172.6171875 2589
21204.484375 2135
21208.138671875 1802
21209.517578125 1853
21223.73046875 1892
21233.162109375 1580
21243.001953125 25
21252.8203125 72
21254.349609375 343
21281.64453125 710
21293.34375 755
21295.6484375 885
21304.521484375 1683
21308.263671875 1776
21362.080078125 1972
21381.55078125 2047
21386.478515625 2138
21399.533203125 2185
21403.240234375 2344
21403.634765625 2545
21409.501953125 2573
21433.291015625 2855
21436.939453125 2159
21449.791015625 1067
21454.912109375 371
21467.38671875 243
21470.046875 1301
21478.40625 311
21485.92578125 426
21519.615234375 648
21533.99609375 720
21560.578125 792
21570.646484375 940
21583.634765625 1006
21640.646484375 1032
21655.18359375 1160
21665.10546875 1189
21671.173828125 2183
21677.546875 2190
21712.525390625 2301
21734.16015625 1459
21745.783203125 1649
21754.162109375 353
21763.626953125 2706
21774.2890625 1511
21839.30078125 1778
21843.3828125 329
21852.498046875 731
21862.365234375 1400
21865.552734375 2070
21873.9140625 1480
21878.763671875 1714
21883.326171875 249
21912.890625 94
21931.884765625 2823
21932.388671875 471
21954.919921875 473
21981.18359375 747
21994.158203125 915
22018.658203125 921
22021.2890625 993
22100.91796875 1072
22137.853515625 1415
22154.35546875 1541
22158.431640625 1746
22158.771484375 1949
22168.435546875 2079
22173.068359375 2219
22231.009765625 2258
22248.119140625 2413
22253.951171875 2628
22272.203125 2828
22272.546875 2903
22287.72265625 2996
22295.357421875 204
22357.951171875 1247
22376.158203125 1410
22399.5 1888
22411.953125 1214
22423.130859375 1658
22447.28515625 2587
22451.822265625 380
22467.49609375 688
22488.708984375 1761
22507.24609375 66
22523.322265625 127
22535.966796875 179
22553.5859375 855
22560.876953125 1198
22579.63671875 1250
22597.8046875 1507
22599.33984375 1558
22620.333984375 2007
22668.666015625 2092
22673.40234375 2231
22693.72265625 2384
22725.62890625 2457
22732.94140625 2544
22736.265625 2717
22741.0234375 2774
22741.373046875 2794
22773.916015625 2909
22851.99609375 972
22857.017578125 1138
22877.55859375 1442
22877.66015625 1137
22877.66015625 102
22892.3203125 667
22911.046875 1935
22925.689453125 2352
22972.591796875 2887
23000.73046875 427
23024.013671875 1533
23083.99609375 170
23101.88671875 262
23107.13671875 306
23107.75390625 596
23109.513671875 805
23165.181640625 849
23165.994140625 850
23175.61328125 965
23194.5 976
23203.0390625 1058
23227.21875 1403
23279.33203125 1645
23279.591796875 1999
23298.28515625 2292
23319.77734375 2392
23322.775390625 2403
23337.150390625 2497
23338.15234375 2524
23374.287109375 2601
23389.16796875 2652
23390.984375 2657
23423.80859375 2761
23461.185546875 2839
23493.28125 2939
23547.61328125 2984
23573.1484375 1027
23580.416015625 622
23657.06640625 417
23663.6953125 450
23704.25390625 690
23722.259765625 969
23747.2421875 982
23760.4609375 1040
23796.216796875 1078
23808.1875 1083
23829.9921875 1382
23879.091796875 1391
23906.59375 1486
23934.98046875 1503
24057.015625 1547
24068.416015625 1561
24110.59375 1965
24121.673828125 2026
24146.75 2066
24178.5546875 2182
24187.044921875 2245
24187.044921875 2460
24234.349609375 2466
24260.984375 2540
24296.583984375 2593
24356.26171875 2632
24377.337890625 2753
24427.056640625 2759
24457.626953125 2793
24486.802734375 2925
24495.447265625 2152
24499.22265625 762
24504.2109375 2757
24524.970703125 37
24527.6015625 1624
24555.6171875 1271
24594.23046875 2370
24597.08984375 2895
24599.82421875 2411
24599.82421875 67
24656.158203125 150
24658.8671875 171
24691.595703125 195
24696.013671875 363
24728.845703125 522
24735.451171875 657
24741.43359375 701
24754.3125 760
24805.7734375 811
24904.384765625 874
24904.9140625 875
24908.673828125 1002
24920.6015625 1007
24925.421875 1023
25020.578125 1356
25036.607421875 1378
25037.1484375 1489
25069.55078125 1629
25143.337890625 2721
25198.59765625 2032
25216.498046875 2259
25218.181640625 771
25226.240234375 1543
25252.369140625 2241
25267.138671875 1964
25277.95703125 1625
25396.3203125 2693
25439.673828125 222
25451.271484375 258
25453.19921875 281
25465.96484375 506
25466.87109375 582
25470.1328125 724
25475.279296875 879
25483.3046875 1003
25532.67578125 1171
25549.724609375 1182
25578.919921875 1588
25605.453125 1685
25605.861328125 1758
25637.564453125 2300
25641.12109375 2310
25642.41015625 2705
25686.783203125 2845
25753.302734375 2916
25757.609375 1811
25770.98828125 2701
25777.966796875 421
25809.53515625 1440
25814.326171875 2337
25867.599609375 2531
25873.0078125 18
25894.22265625 29
25921.66015625 31
25958.912109375 104
26067.6875 274
26077.4296875 321
26145.845703125 370
26250.40625 375
26263.783203125 562
26382.3828125 914
26459.080078125 944
26574.75 1672
26630.46875 1684
26738.908203125 1825
26760.8671875 1846
26937.57421875 1960
26938.29296875 1976
27023.140625 2006
27183.380859375 2319
27775.80859375 2405
27790.400390625 2550
27959.912109375 2606
28075.6953125 2768
28111.376953125 1081
28131.380859375 1780
28208.5078125 16
28348.08203125 28
28577.224609375 125
28605.3671875 212
28649.90234375 265
28731.65625 295
28957.927734375 360
28990.11328125 364
29179.19140625 937
29344.181640625 1077
29446.24609375 1101
29584.31640625 1241
29697.234375 1243
29716.7734375 1307
29953.71484375 1343
30071.28125 1404
30279.412109375 1418
30347.712890625 1585
30832.681640625 1719
31125.515625 1822
31206.4140625 2009
31475.359375 2164
31604.3671875 2214
31874.15625 2250
32651.197265625 2263
32739.744140625 2342
35305.21484375 2359
35990.53125 2547
