6599.005859375 1329
6716.2724609375 50
6975.1103515625 318
7109.892578125 389
7147.18115234375 478
7197.8505859375 491
7309.5439453125 580
7332.81103515625 599
7334.01708984375 890
7349.92333984375 896
7379.85693359375 909
7384.3134765625 919
7605.140625 995
7611.21875 1273
7612.27197265625 1342
7703.234375 1430
7738.9658203125 1495
7801.984375 1568
7824.1240234375 1583
7837.17236328125 1764
7868.87451171875 1774
7881.41162109375 2065
7889.677734375 2117
7923.265625 2181
8008.00390625 2268
8024.50341796875 2465
8083.58349609375 2664
8108.7001953125 2760
8137.6357421875 2764
8193.953125 2938
8211.15234375 2943
8242.9052734375 1860
8280.4951171875 2880
8282.4326171875 1446
8295.912109375 87
8307.0947265625 251
8324.24609375 527
8368.212890625 529
8449.029296875 625
8449.029296875 641
8452.1884765625 693
8553.3369140625 873
8554.171875 881
8614.0595703125 928
8621.2685546875 1133
8628.62109375 1283
8688.34375 1318
8706.517578125 1346
8721.5087890625 1417
8726.09765625 1720
8745.671875 1987
8749.20703125 2226
8774.1455078125 2296
8851.4921875 2515
8891.576171875 2572
8904.3671875 2669
8913.0751953125 2728
8941.283203125 2734
9039.541015625 2746
9066.234375 2852
9079.525390625 2866
9087.4931640625 2915
9095.35546875 2949
9110.7080078125 377
9114.4638671875 2281
9132.7177734375 160
9138.0908203125 1
9144.2978515625 425
9168.19921875 446
9170.751953125 800
9179.7255859375 918
9185.990234375 953
9230.83203125 985
9252.931640625 986
9255.75 1008
9270.09375 1043
9276.373046875 1270
9296.6435546875 1317
9318.3955078125 1435
9339.455078125 1548
9341.037109375 1606
9377.6650390625 1661
9398.521484375 1712
9412.8203125 2010
9418.84765625 2088
9448.0341796875 2365
9467.091796875 2410
9469.1318359375 2414
9476.47265625 2482
9479.3193359375 2560
9494.744140625 2781
9502.7998046875 2820
9515.4111328125 997
9553.8974609375 1781
9563.1396484375 81
9585.0400390625 229
9591.01953125 440
9600.455078125 548
9602.8515625 611
9644.2001953125 826
9649.21875 834
9654.8291015625 848
9694.2060546875 871
9717.2880859375 893
9798.943359375 1231
9803.884765625 1256
9806.3720703125 1315
9816.232421875 1458
9819.5361328125 1550
9823.66015625 1671
9946.6767578125 1711
9958.0078125 1815
9969.7109375 1893
9991.86328125 2312
9998.4091796875 2324
10003.5078125 2385
10008.943359375 2447
10014.2060546875 2562
10016.1201171875 2610
10016.12890625 2622
10016.626953125 2853
10043.833984375 2924
10076.3994140625 2927
10078.361328125 2239
10081.8798828125 1362
10087.7958984375 1926
10138.08203125 2997
10140.7421875 254
10141.19140625 388
10143.640625 465
10163.7099609375 498
10166.0732421875 520
10168.2158203125 962
10175.8671875 981
10181.09765625 1156
10182.6318359375 1652
10191.5009765625 2205
10193.962890625 2339
10198.3017578125 2417
10208.5849609375 2494
10215.9794921875 2687
10219.232421875 1122
10234.4345703125 1670
10246.6494140625 264
10254.01953125 2173
10294.76171875 1646
10301.466796875 2396
10311.3701171875 49
10328.287109375 189
10332.48828125 261
10334.439453125 263
10335.2734375 430
10342.20703125 831
10345.1240234375 899
10367.865234375 1123
10380.58203125 1169
10394.412109375 1350
10401.6591796875 1405
10422.689453125 1512
10432.708984375 1750
10436.634765625 1769
10437.1201171875 1908
10454.8408203125 1966
10456.703125 1982
10459.177734375 1993
10487.90234375 2094
10507.2373046875 2126
10514.86328125 2141
10530.2451171875 2171
10579.685546875 2174
10583.251953125 2177
10613.2109375 2237
10620.8505859375 2367
10621.9345703125 2536
10622.6708984375 2542
10639.791015625 2582
10644.9765625 2675
10648.28125 2703
10650.2958984375 1873
10658.8681640625 2107
10663.7744140625 1281
10667.7099609375 455
10674.115234375 470
10679.080078125 902
10694.90234375 926
10695.0634765625 967
10735.2275390625 1104
10753.03515625 1225
10761.49609375 1286
10764.529296875 1506
10767.982421875 1516
10773.2998046875 1599
10775.0888671875 1779
10780.759765625 1848
10793.294921875 1867
10806.31640625 1883
10806.869140625 2063
10807.26953125 2210
10846.7880859375 2246
10851.2353515625 2285
10873.6171875 2361
10873.927734375 2686
10882.17578125 2700
10889.4306640625 88
10951.8818359375 586
10952.1630859375 136
10958.6064453125 1471
10976.44921875 226
10983.994140625 296
10989.4697265625 1197
10990.611328125 1666
10993.751953125 2511
10999.927734375 101
11008.7412109375 215
11022.234375 549
11027.61328125 550
11041.8466796875 573
11043.0068359375 1136
11055.0595703125 1199
11065.8974609375 1530
11083.2763671875 1581
11097.59765625 1640
11109.46484375 1688
11117.9638671875 1968
11124.1044921875 2526
11130.375 2571
11131.623046875 2983
11142.357421875 1787
11145.1474609375 602
11148.74609375 1146
11151.1376953125 253
11151.8623046875 342
11164.7763671875 843
11183.431640625 1233
11185.6875 1335
11194.779296875 1394
11198.9697265625 1737
11199.841796875 1784
11208.560546875 1950
11214.681640625 2025
11234.171875 2473
11246.8505859375 2518
11259.7470703125 999
11285.376953125 1056
11287.6123046875 1900
11292.7490234375 1304
11299.7119140625 1326
11304.0478515625 2967
11322.7890625 1333
11328.6103515625 2631
11333.4267578125 146
11341.6689453125 1538
11346.4990234375 21
11382.45703125 34
11395.09375 200
11401.900390625 288
11405.169921875 336
11415.2451171875 385
11425.705078125 517
11425.705078125 546
11428.849609375 609
11431.80859375 614
11431.9638671875 683
11439.443359375 686
11441.638671875 769
11454.0205078125 1097
11479.986328125 1221
11493.169921875 1322
11527.330078125 1359
11527.697265625 1376
11531.470703125 1686
11533.279296875 1854
11541.0302734375 2513
11565.1845703125 2553
11608.0830078125 2650
11611.326171875 2672
11612.08203125 2911
11651.388671875 78
11667.95703125 2713
11671.1103515625 2800
11679.71875 2651
11693.8701171875 2970
11701.865234375 1045
11710.5390625 1068
11715.626953125 2078
11724.6396484375 884
11729.56640625 886
11757.5068359375 1028
11762.3662109375 1845
11768.84765625 1932
11778.5712890625 2489
11779.5341796875 90
11784.27734375 153
11792.84765625 240
11819.7734375 256
11821.466796875 531
11823.78125 644
11842.310546875 706
11845.87890625 775
11846.3544921875 1163
11849.47265625 1483
11856.4765625 2114
11863.09765625 2379
11886.6259765625 2424
11892.6337890625 2433
11899.8955078125 2435
11924.4599609375 2442
11924.67578125 2683
11939.1220703125 2811
11950.041015625 2176
11967.060546875 169
11973.1845703125 2207
11983.990234375 1144
11990.7685546875 2180
12002.66015625 73
12004.60546875 663
12004.7138671875 677
12014.16015625 756
12015.7421875 925
12050.2548828125 927
12051.6806640625 946
12062.96484375 996
12083.0439453125 1141
12091.8544921875 1202
12091.8544921875 1251
12094.1318359375 1457
12094.76953125 1502
12125.83203125 1591
12130.1806640625 1733
12130.7138671875 1735
12137.146484375 1919
12142.541015625 1933
12163.3154296875 1955
12176.833984375 2002
12178.8046875 2335
12183.896484375 2341
12197.791015625 2565
12204.9228515625 2695
12205.962890625 2763
12215.396484375 2840
12227.169921875 2422
12244.2451171875 1020
12249.9677734375 640
12273.3359375 59
12291.615234375 177
12295.3525390625 191
12324.4306640625 575
12325.31640625 687
12350.353515625 934
12366.2080078125 1119
12374.072265625 1529
12382.8515625 1697
12390.3603515625 1810
12413.6484375 1831
12422.416015625 2354
12439.115234375 2528
12439.810546875 2679
12441.029296875 2712
12445.662109375 2747
12451.9814453125 2809
12452.97265625 2821
12472.4384765625 2842
12474.0625 2860
12474.9189453125 2906
12483.734375 2994
12491.3916015625 186
12492.07421875 223
12494.765625 1594
12502.853515625 410
12506.361328125 631
12507.51171875 132
12510.6943359375 2576
12514.78515625 1282
12541.671875 488
12545.4072265625 869
12545.5068359375 2059
12546.8671875 787
12554.9521484375 904
12600.048828125 137
12602.7744140625 275
12603.5712890625 328
12615.1962890625 333
12631.826171875 392
12646.5439453125 407
12651.91015625 489
12669.0361328125 680
12669.08203125 1022
12677.8076171875 1290
12681.185546875 1358
12686.439453125 1607
12702.6787109375 1653
12705.056640625 2024
12716.505859375 2184
12721.599609375 2221
12723.935546875 2394
12742.6552734375 2427
12772.078125 2517
12772.6181640625 2655
12791.794921875 2704
12793.0185546875 2900
12795.0126953125 2946
12808.71875 459
12809.201171875 1408
12809.3662109375 1339
12809.47265625 22
12811.64453125 45
12819.6689453125 300
12824.07421875 812
12827.791015625 922
12838.4580078125 947
12856.8232421875 975
12862.9892578125 1001
12862.9892578125 1095
12867.609375 1275
12877.1806640625 1664
12878.5810546875 1708
12881.9072265625 1763
12894.3125 1766
12905.3466796875 1889
12907.5810546875 2077
12914.421875 2082
12946.0654296875 2131
12967.740234375 2315
12978.8134765625 2317
12980.6142578125 2409
13008.7451171875 2608
13021.517578125 2616
13029.9765625 2649
13045.658203125 2819
13051.197265625 2862
13053.404296875 1164
13055.5634765625 2213
13076.826171875 1050
13088.3740234375 979
13090.39453125 1562
13092.19140625 1597
13096.60546875 2334
13109.1953125 587
13122.7861328125 630
13129.685546875 777
13131.4150390625 1012
13136.8935546875 1064
13145.77734375 1082
13148.6484375 1462
13149.986328125 1501
13150.30859375 1654
13152.00390625 1800
13159.0126953125 2656
13163.4814453125 2884
13168.94921875 1416
13192.8876953125 1575
13193.431640625 2889
13203.451171875 445
13213.8583984375 30
13228.5263671875 2484
13233.876953125 38
13235.1826171875 40
13249.7705078125 76
13253.2958984375 77
13306.9091796875 108
13315.453125 164
13318.0859375 211
13318.876953125 225
13319.3671875 376
13339.0205078125 437
13348.10546875 510
13350.0107421875 646
13350.97265625 671
13351.81640625 738
13352.484375 770
13365.7998046875 1434
13370.8515625 1610
13381.7822265625 1662
13399.5595703125 1709
13405.232421875 1998
13408.759765625 2166
13426.65234375 2220
13427.7294921875 2238
13428.8681640625 2255
13435.083984375 2345
13469.25 2510
13483.029296875 2581
13487.51953125 2607
13489.732421875 2807
13503.478515625 1015
13508.3798828125 1984
13515.06640625 1258
13530.9150390625 2555
13532.34375 1147
13537.548828125 865
13541.34765625 939
13565.2529296875 1497
13573.40625 2630
13581.5322265625 2752
13582.216796875 457
13609.2451171875 309
13610.017578125 316
13625.048828125 483
13627.7568359375 484
13639.59765625 633
13640.5029296875 1026
13640.935546875 1036
13643.49609375 1176
13667.2421875 1423
13668.220703125 1485
13672.5751953125 1590
13680.6826171875 1702
13681.4228515625 1759
13688.2216796875 1818
13692.271484375 1958
13697.009765625 1963
13707.2373046875 1977
13730.517578125 2053
13736.51953125 2056
13738.7783203125 2125
13739.69921875 2304
13774.53125 2356
13778.169921875 2477
13779.7255859375 2533
13811.3740234375 2732
13815.265625 2948
13821.798828125 1601
13825.5712890625 2256
13830.48828125 2104
13834.849609375 284
13847.3662109375 182
13848.8408203125 916
13858.4736328125 1667
13864.560546875 1852
13867.7734375 727
13872.9921875 2036
13890.16796875 2772
13907.873046875 130
13920.2919921875 219
13921.482421875 394
13925.806640625 405
13938.18359375 634
13940.1708984375 856
13944.8876953125 983
14009.171875 1117
14030.02734375 1386
14039.3828125 1791
14079.2099609375 1991
14106.7744140625 2060
14151.9970703125 2215
14182.609375 2314
14182.609375 2440
14194.69140625 2467
14203.6962890625 2618
14203.9765625 2648
14206.1845703125 2694
14249.025390625 1772
14257.1572265625 818
14277.208984375 2907
14278.173828125 660
14281.1279296875 1168
14289.330078125 1145
14299.611328125 1476
14305.5029296875 1618
14319.03125 655
14321.4248046875 1592
14327.0009765625 2120
14330.80859375 2557
14341.544921875 112
14347.416015625 350
14349.84375 356
14360.1162109375 448
14372.8017578125 1500
14418.001953125 1526
14442.41796875 1587
14464.369140625 1881
14494.6396484375 1943
14511.615234375 1962
14515.7314453125 1995
14522.9189453125 2075
14527.0048828125 2118
14547.91796875 2309
14556.7265625 2418
14591.0712890625 2516
14598.333984375 2588
14602.7197265625 2605
14604.201171875 2623
14604.92578125 2937
14611.0830078125 1005
14627.5224609375 110
14634.0673828125 2360
14636.4638671875 121
14647.998046875 1046
14648.630859375 298
14665.548828125 372
14685.5703125 492
14687.5107421875 752
14690.9814453125 838
14691.53125 903
14724.5830078125 1034
14736.494140625 1128
14742.0390625 1187
14749.685546875 1437
14776.1015625 1488
14787.037109375 1534
14810.1533203125 1657
14817.2255859375 1678
14828.6435546875 1824
14828.9013671875 1826
14831.974609375 1941
14842.021484375 1997
14844.8671875 2318
14853.30078125 2327
14862.8828125 2362
14867.2646484375 2404
14888.0634765625 2453
14898.904296875 2458
14907.1357421875 2496
14907.4326171875 2696
14918.232421875 2722
14924.0849609375 2796
14924.744140625 2584
14928.4267578125 2872
14931.5703125 2589
14942.2880859375 2135
14949.2060546875 1802
14952.4521484375 1853
14954.154296875 1892
14961.9267578125 1580
14994.5078125 25
15014.1572265625 72
15016.7138671875 343
15034.7880859375 710
15075.798828125 755
15077.2705078125 885
15082.1357421875 1683
15084.2109375 1776
15086.35546875 1972
15089.79296875 2047
15104.8369140625 2138
15111.146484375 2185
15119.90234375 2344
15129.5908203125 2545
15133.626953125 2573
15161.216796875 2855
15171.857421875 2159
15183.28515625 1067
15188.880859375 371
15204.740234375 243
15206.77734375 1301
15225.13671875 311
15234.1552734375 426
15237.42578125 648
15277.9736328125 720
15290.166015625 792
15297.279296875 940
15303.095703125 1006
15315.2880859375 1032
15319.55859375 1160
15320.30078125 1189
15351.103515625 2183
15360.341796875 2190
15370.451171875 2301
15376.7119140625 1459
15379.44140625 1649
15386.8662109375 353
15427.86328125 2706
15468.5185546875 1511
15476.1416015625 1778
15480.3720703125 329
15481.0810546875 731
15485.5166015625 1400
15503.546875 2070
15503.8857421875 1480
15506.376953125 1714
15506.44140625 249
15526.97265625 94
15543.19921875 2823
15559.810546875 471
15575.642578125 473
15576.65234375 747
15593.55078125 915
15611.6962890625 921
15617.564453125 993
15648.7421875 1072
15656.5078125 1415
15679.064453125 1541
15685.4619140625 1746
15696.5185546875 1949
15716.1376953125 2079
15718.55859375 2219
15720.6552734375 2258
15722.5546875 2413
15735.009765625 2628
15746.5244140625 2828
15801.138671875 2903
15806.6357421875 2996
15811.0576171875 204
15819.1865234375 1247
15847.25390625 1410
15848.4462890625 1888
15853.599609375 1214
15865.46484375 1658
15892.669921875 2587
15896.83984375 380
15906.0556640625 688
15942.9931640625 1761
15944.3232421875 66
15960.009765625 127
15966.34375 179
15967.2509765625 855
15979.62890625 1198
15987.890625 1250
16017.6279296875 1507
16048.978515625 1558
16060.2265625 2007
16090.26953125 2092
16093.9638671875 2231
16117.3955078125 2384
16141.984375 2457
16173.0107421875 2544
16186.7333984375 2717
16207.271484375 2774
16211.55078125 2794
16231.2861328125 2909
16249.3203125 972
16252.486328125 1138
16256.53125 1442
16270.7041015625 1137
16283.5927734375 102
16284.53125 667
16292.212890625 1935
16294.208984375 2352
16340.142578125 2887
16340.1982421875 427
16350.314453125 1533
16355.78125 170
16357.2900390625 262
16371.810546875 306
16378.2421875 596
16380.2109375 805
16420.26171875 849
16425.8046875 850
16435.2109375 965
16447.427734375 976
16456.673828125 1058
16465.251953125 1403
16472.53125 1645
16480.955078125 1999
16508.060546875 2292
16522.7265625 2392
16530.88671875 2403
16534.078125 2497
16551.54296875 2524
16628.271484375 2601
16644.84375 2652
16648.439453125 2657
16654.44921875 2761
16665.880859375 2839
16671.3671875 2939
16678.955078125 2984
16719.880859375 1027
16741.642578125 622
16742.328125 417
16759.955078125 450
16765.419921875 690
16780.3515625 969
16781.28515625 982
16791.921875 1040
16808.517578125 1078
16868.09765625 1083
16876.66796875 1382
16953.486328125 1391
16977.6015625 1486
17000.27734375 1503
17014.2890625 1547
17066.173828125 1561
17082.443359375 1965
17089.3515625 2026
17113.140625 2066
17115.703125 2182
17118.90625 2245
17143.099609375 2460
17152.4296875 2466
17172.9375 2540
17181.255859375 2593
17234.240234375 2632
17279.34765625 2753
17288.310546875 2759
17305.205078125 2793
17380.142578125 2925
17394.3515625 2152
17401.458984375 762
17430.177734375 2757
17438.3828125 37
17442.814453125 1624
17450.2890625 1271
17461.7578125 2370
17468.958984375 2895
17487.921875 2411
17517.58984375 67
17517.58984375 150
17536.90234375 171
17627.0390625 195
17632.560546875 363
17683.23046875 522
17702.8359375 657
17738.716796875 701
17783.779296875 760
17827.837890625 811
17838.14453125 874
17861.859375 875
17891.900390625 1002
17906.73828125 1007
17969.00390625 1023
17990.099609375 1356
17995.70703125 1378
18014.806640625 1489
18054.603515625 1629
18163.3984375 2721
18213.197265625 2032
18232.513671875 2259
18247.625 771
18251.22265625 1543
18287.42578125 2241
18321.87109375 1964
18350.689453125 1625
18350.751953125 2693
18367.4609375 222
18385.70703125 258
18401.859375 281
18449.25390625 506
18528.0625 582
18530.296875 724
18534.10546875 879
18558.990234375 1003
18575.5546875 1171
18585.12890625 1182
18599.87890625 1588
18654.5234375 1685
18678.28125 1758
18733.25390625 2300
18791.1171875 2310
18799.556640625 2705
18848.16796875 2845
18853.9296875 2916
18910.904296875 1811
19010.12890625 2701
19020.541015625 421
19060.810546875 1440
19162.318359375 2337
19173.755859375 2531
19205.5859375 18
19245.19921875 29
19458.7265625 31
19466.30078125 104
19532.802734375 274
19550.71875 321
19569.791015625 370
19582.015625 375
19666.544921875 562
19828.41796875 914
19833.32421875 944
19897.943359375 1672
20064.12109375 1684
20313.60546875 1825
20364.248046875 1846
20451.3359375 1960
20456.501953125 1976
20461.912109375 2006
20466.591796875 2319
20512.392578125 2405
20529.056640625 2550
20531.466796875 2606
20537.400390625 2768
20760.81640625 1081
20909.32421875 1780
20916.880859375 16
20965.91796875 28
21043.794921875 125
21192.724609375 212
21269.6640625 265
21307.400390625 295
21739.248046875 360
21817.48046875 364
21822.771484375 937
22044.142578125 1077
22555.138671875 1101
22611.833984375 1241
22739.599609375 1243
22756.462890625 1307
22826.404296875 1343
22940.01953125 1404
22984.3203125 1418
23137.927734375 1585
23875.275390625 1719
24010.6015625 1822
25577.8046875 2009
25601.181640625 2164
25650.111328125 2214
26372.166015625 2250
26437.537109375 2263
26646.435546875 2342
27661.458984375 2359
31627.759765625 2547
