5515.97314453125 1168
5635.595703125 1145
5815.13720703125 1476
5934.3486328125 1618
6160.98046875 655
6180.45654296875 1592
6236.6806640625 2120
6259.0478515625 2557
6268.30810546875 112
6274.64404296875 350
6288.03857421875 356
6304.9765625 448
6311.93701171875 1500
6472.1376953125 1526
6626.4462890625 1587
6649.2490234375 1881
6683.65234375 1943
6743.814453125 1962
6748.65185546875 1995
6787.91748046875 2075
6803.912109375 2118
6814.2900390625 2309
6839.712890625 2418
6864.27587890625 2516
6872.02587890625 2588
6959.7158203125 2605
6999.2822265625 2623
7060.068359375 2937
7061.5908203125 1005
7097.39306640625 110
7160.8740234375 2360
7179.9892578125 121
7180.8056640625 1446
7183.3037109375 87
7199.5771484375 251
7203.28955078125 527
7240.095703125 529
7303.595703125 625
7318.3515625 641
7321.259765625 693
7389.09765625 873
7427.24169921875 881
7440.2197265625 928
7462.8388671875 1133
7464.69189453125 1283
7466.0185546875 1318
7471.4521484375 1346
7513.572265625 1417
7518.3623046875 1720
7565.884765625 1987
7567.4912109375 2226
7594.41162109375 2296
7601.46533203125 2515
7631.3154296875 2572
7662.1630859375 2669
7668.87060546875 2728
7670.5537109375 2734
7673.87353515625 2746
7698.2578125 2852
7711.10400390625 2866
7715.05859375 2915
7715.97802734375 2949
7744.01953125 377
7752.03515625 2281
7776.408203125 160
7784.982421875 1
7788.9482421875 425
7817.85205078125 446
7835.66552734375 800
7845.90087890625 918
7846.4541015625 953
7848.0068359375 985
7859.49658203125 986
7871.166015625 1008
7872.20751953125 1043
7879.49951171875 1270
7903.068359375 1317
7911.435546875 1435
7919.3642578125 1548
7922.8564453125 1606
7946.77392578125 1661
7949.47900390625 1712
7966.93359375 2010
7990.1943359375 2088
7998.83642578125 2365
8002.57177734375 2410
8021.875 2414
8022.6943359375 2482
8038.9560546875 2560
8045.0947265625 2781
8045.11181640625 2820
8062.72607421875 997
8080.07861328125 1781
8081.65576171875 81
8094.314453125 229
8161.3642578125 440
8165.0126953125 548
8195.6494140625 611
8206.4951171875 826
8223.771484375 834
8243.1103515625 848
8245.2041015625 871
8245.2041015625 893
8262.3310546875 1231
8272.080078125 1256
8278.2470703125 1315
8279.13671875 1458
8283.41796875 1550
8292.2216796875 1671
8320.4091796875 1711
8337.9228515625 1815
8353.056640625 1893
8397.814453125 2312
8402.4228515625 2324
8411.0263671875 2385
8417.8369140625 2447
8455.0 2562
8460.8017578125 2610
8469.6455078125 2622
8475.6787109375 2853
8530.642578125 2924
8549.6298828125 2927
8572.0009765625 2239
8596.6455078125 1362
8601.390625 1926
8608.8701171875 2997
8616.00390625 254
8646.5908203125 388
8666.4404296875 465
8704.7763671875 498
8705.82421875 520
8720.9375 962
8722.873046875 981
8722.873046875 1156
8752.748046875 1652
8757.5419921875 2205
8760.98828125 2339
8792.0703125 2417
8817.857421875 2494
8823.474609375 2687
8844.96875 1122
8850.4599609375 1670
8873.7421875 264
8878.4443359375 2173
8886.572265625 1646
8907.8984375 2396
8920.703125 49
8931.421875 189
8950.388671875 261
8952.9912109375 263
8964.724609375 430
8966.9375 831
8977.84375 899
8986.2734375 1123
9001.4599609375 1169
9029.21484375 1350
9075.9541015625 1405
9102.8359375 1512
9120.7080078125 1750
9136.4130859375 1769
9140.087890625 1908
9167.0654296875 1966
9176.35546875 1982
9188.9658203125 1993
9201.8095703125 2094
9216.1640625 2126
9222.5791015625 2141
9225.1845703125 2171
9228.998046875 2174
9233.123046875 2177
9233.2099609375 2237
9243.72265625 2367
9256.4248046875 2536
9270.9619140625 2542
9291.0390625 2582
9320.4609375 2675
9320.5458984375 2703
9357.6904296875 1873
9371.1875 2107
9371.20703125 1281
9391.25390625 455
9399.0712890625 470
9414.291015625 902
9429.30078125 926
9443.44921875 967
9446.9306640625 1104
9453.66015625 1225
9469.8203125 1286
9482.609375 1506
9493.572265625 1516
9501.2978515625 1599
9504.9208984375 1779
9510.93359375 1848
9517.5 1867
9527.5400390625 1883
9545.111328125 2063
9555.55078125 2210
9572.220703125 2246
9577.677734375 2285
9602.5947265625 2361
9618.0185546875 2686
9622.220703125 2700
9645.2138671875 88
9648.716796875 586
9658.6728515625 136
9666.36328125 1471
9671.94921875 226
9683.0859375 296
9700.8310546875 1197
9707.2451171875 1666
9714.6005859375 2511
9735.5947265625 101
9746.21875 215
9746.373046875 549
9760.2861328125 550
9768.7216796875 573
9791.701171875 1136
9837.283203125 1199
9859.9501953125 1530
9877.9365234375 1581
9880.2626953125 1640
9894.0791015625 1688
9896.1484375 1968
9922.974609375 2526
9936.1962890625 2571
9957.6396484375 2983
9974.23046875 1787
9974.7236328125 602
9978.9833984375 1146
10013.912109375 253
10015.03515625 342
10041.583984375 843
10056.6728515625 1233
10070.576171875 1335
10081.09375 1394
10130.2158203125 1737
10131.8427734375 1784
10139.185546875 1950
10155.1611328125 2025
10160.0830078125 2473
10163.619140625 2518
10166.5107421875 999
10173.498046875 1056
10177.455078125 1900
10188.642578125 1304
10201.359375 1326
10217.6611328125 2967
10225.0869140625 1329
10234.9033203125 50
10236.595703125 318
10249.1044921875 389
10256.958984375 478
10330.55078125 491
10331.091796875 580
10344.42578125 599
10350.0205078125 890
10353.365234375 896
10442.9189453125 909
10444.9453125 919
10448.353515625 995
10452.55078125 1273
10482.6279296875 1342
10493.0302734375 1430
10498.830078125 1495
10507.0634765625 1568
10508.55078125 1583
10529.3935546875 1764
10534.2392578125 1774
10535.8515625 2065
10560.1259765625 2117
10570.732421875 2181
10574.888671875 2268
10578.859375 2465
10583.5498046875 2664
10588.248046875 2760
10598.6669921875 2764
10635.7529296875 2938
10638.728515625 2943
10649.5087890625 1860
10650.404296875 2880
10675.2861328125 1333
10675.6533203125 2631
10675.6728515625 146
10678.466796875 1538
10686.095703125 21
10687.884765625 34
10698.984375 200
10702.716796875 288
10724.4755859375 336
10728.017578125 385
10735.607421875 517
10752.3681640625 546
10753.1640625 609
10763.6328125 614
10770.775390625 683
10792.2177734375 686
10796.32421875 769
10806.0654296875 1097
10824.90625 1221
10849.9267578125 1322
10866.9931640625 1359
10868.0546875 1376
10874.3134765625 1686
10879.814453125 1854
10931.419921875 2513
10935.5068359375 2553
10936.759765625 2650
10939.375 2672
10947.8203125 2911
10955.55078125 78
10977.423828125 2713
10977.423828125 2800
10983.6435546875 2651
10985.2373046875 2970
10991.1884765625 1045
11018.201171875 1068
11036.51171875 2078
11039.001953125 884
11062.7109375 886
11066.486328125 1028
11067.130859375 1845
11101.060546875 1932
11115.4765625 2489
11160.0419921875 90
11210.70703125 153
11219.5654296875 240
11221.3427734375 256
11230.6318359375 531
11243.8212890625 644
11267.7265625 706
11277.7060546875 775
11278.701171875 1163
11307.0341796875 1483
11317.4423828125 2114
11320.984375 2379
11327.30078125 2424
11332.2861328125 2433
11340.04296875 2435
11340.462890625 2442
11345.64453125 2683
11377.4755859375 2811
11398.548828125 2176
11405.0595703125 169
11425.455078125 2207
11425.55859375 1144
11440.7255859375 2180
11458.62890625 73
11473.357421875 663
11504.240234375 677
11518.6591796875 756
11526.52734375 925
11558.14453125 927
11562.896484375 946
11575.697265625 996
11586.8525390625 1141
11607.7998046875 1202
11609.888671875 1251
11640.869140625 1457
11675.72265625 1502
11678.65234375 1591
11696.4208984375 1733
11698.080078125 1735
11768.826171875 1919
11769.8203125 1933
11779.0654296875 1955
11798.7158203125 2002
11803.732421875 2335
11818.7529296875 2341
11825.443359375 2565
11836.384765625 2695
11857.5732421875 2763
11869.6845703125 2840
11894.7998046875 2422
11895.513671875 1020
11907.708984375 640
11923.955078125 59
11957.4140625 177
11964.142578125 191
11965.2685546875 575
11967.1689453125 687
11983.61328125 934
11986.61328125 1119
12010.9345703125 1529
12073.7802734375 1697
12140.517578125 1810
12149.25390625 1831
12156.6875 2354
12160.935546875 2528
12180.4814453125 2679
12180.95703125 2712
12183.828125 2747
12184.533203125 2809
12237.38671875 2821
12245.453125 2842
12286.921875 2860
12287.677734375 2906
12302.322265625 2994
12315.529296875 186
12326.26171875 223
12332.76953125 1594
12336.7158203125 410
12345.330078125 631
12353.8466796875 132
12359.9169921875 2576
12360.97265625 1282
12370.5087890625 488
12375.1708984375 869
12383.623046875 2059
12393.58203125 787
12401.177734375 904
12408.8466796875 137
12429.1435546875 275
12435.4990234375 328
12484.0205078125 333
12484.61328125 392
12509.1728515625 407
12523.017578125 489
12527.984375 680
12548.146484375 1022
12552.8955078125 1290
12569.4951171875 1358
12571.474609375 1607
12575.2568359375 1653
12595.564453125 2024
12603.3330078125 2184
12616.6669921875 2221
12630.0634765625 2394
12636.515625 2427
12677.5888671875 2517
12748.70703125 2655
12761.6826171875 2704
12769.8369140625 2900
12782.427734375 2946
12789.607421875 459
12794.92578125 1408
12802.611328125 1339
12847.7998046875 22
12851.0078125 45
12880.154296875 300
12883.013671875 812
12885.150390625 922
12888.099609375 947
12907.3076171875 975
12912.857421875 1001
12913.41015625 1095
12942.248046875 1275
12943.599609375 1664
12949.078125 1708
12982.70703125 1763
13004.787109375 1766
13013.9638671875 1889
13021.55078125 2077
13035.3837890625 2082
13061.9814453125 2131
13072.6298828125 2315
13075.5048828125 2317
13077.658203125 2409
13078.7001953125 2608
13093.904296875 2616
13105.4404296875 2649
13112.0712890625 2819
13113.916015625 2862
13120.517578125 1164
13120.5634765625 2213
13132.4306640625 1050
13177.939453125 979
13186.287109375 1562
13187.623046875 1597
13209.1201171875 2334
13219.6689453125 587
13230.9423828125 630
13232.4755859375 777
13243.765625 1012
13253.4736328125 1064
13264.1416015625 1082
13269.2109375 1462
13272.8681640625 1501
13278.677734375 1654
13301.505859375 1800
13302.16796875 2656
13318.396484375 2884
13321.478515625 1416
13321.607421875 1575
13321.9052734375 2889
13325.51171875 445
13326.5634765625 30
13360.48828125 2484
13375.6259765625 38
13416.9306640625 40
13430.65625 76
13438.5087890625 77
13450.7314453125 108
13451.4111328125 164
13509.3251953125 211
13510.8916015625 225
13513.458984375 376
13550.05859375 437
13570.619140625 510
13572.1455078125 646
13573.4853515625 671
13574.4423828125 738
13575.669921875 770
13576.912109375 1434
13581.630859375 1610
13590.5283203125 1662
13646.8271484375 1709
13658.052734375 1998
13668.5390625 2166
13698.7890625 2220
13704.123046875 2238
13704.123046875 2255
13748.7548828125 2345
13778.6455078125 2510
13785.6640625 2581
13793.8720703125 2607
13820.6865234375 2807
13828.47265625 1015
13838.57421875 1984
13850.8544921875 1258
13888.751953125 2555
13889.501953125 1147
13906.9580078125 865
13993.984375 939
14025.0771484375 1497
14032.462890625 2630
14037.337890625 2752
14088.396484375 457
14110.5908203125 309
14135.833984375 316
14164.34765625 483
14197.099609375 484
14199.8056640625 633
14237.67578125 1026
14261.177734375 1036
14306.5654296875 1176
14317.69921875 1423
14322.1123046875 1485
14322.1123046875 1590
14323.0048828125 1702
14335.09765625 1759
14383.89453125 1818
14392.5048828125 1958
14400.2998046875 1963
14404.9501953125 1977
14414.08203125 2053
14418.818359375 2056
14434.7099609375 2125
14438.37890625 2304
14487.4833984375 2356
14500.0 2477
14505.15234375 2533
14505.306640625 2732
14506.94921875 2948
14545.763671875 1601
14567.833984375 2256
14575.2421875 2104
14602.0244140625 284
14602.1337890625 182
14621.0078125 916
14650.197265625 1667
14650.791015625 1852
14672.9716796875 727
14695.8818359375 2036
14717.5927734375 2772
14720.962890625 130
14739.052734375 219
14739.5576171875 394
14744.6748046875 405
14747.64453125 634
14753.109375 856
14760.5048828125 983
14778.0146484375 1117
14807.1572265625 1386
14812.9716796875 1791
14841.6845703125 1991
14868.861328125 2060
14908.9853515625 2215
14912.1533203125 2314
14936.583984375 2440
14944.6259765625 2467
14982.146484375 2618
14983.28125 2648
14989.826171875 2694
15003.4384765625 1772
15021.5556640625 818
15023.8720703125 2907
15041.7353515625 660
15056.69921875 1046
15072.0830078125 298
15079.775390625 372
15116.2490234375 492
15143.9365234375 752
15149.6474609375 838
15166.388671875 903
15250.2900390625 1034
15290.7314453125 1128
15291.29296875 1187
15305.6259765625 1437
15309.208984375 1488
15341.5078125 1534
15368.16015625 1657
15376.48828125 1678
15417.1474609375 1824
15425.7890625 1826
15431.37109375 1941
15497.384765625 1997
15499.18359375 2318
15515.384765625 2327
15550.2626953125 2362
15570.943359375 2404
15581.5791015625 2453
15591.91015625 2458
15608.560546875 2496
15618.474609375 2696
15642.5166015625 2722
15643.5732421875 2796
15684.2880859375 2584
15711.0380859375 2872
15810.58203125 2589
15820.3662109375 2135
15821.4208984375 1802
15828.4619140625 1853
15876.755859375 1892
15931.2255859375 1580
15949.9091796875 25
15950.4462890625 72
15972.7373046875 343
15997.43359375 710
15997.6201171875 755
16006.7236328125 885
16062.9033203125 1683
16072.2216796875 1776
16081.650390625 1972
16092.7568359375 2047
16160.97265625 2138
16161.22265625 2185
16165.4423828125 2344
16170.2275390625 2545
16195.208984375 2573
16205.4990234375 2855
16209.4912109375 2159
16215.013671875 1067
16219.048828125 371
16222.12890625 243
16222.3564453125 1301
16240.9951171875 311
16250.150390625 426
16287.1259765625 648
16292.4169921875 720
16306.8515625 792
16321.3271484375 940
16327.5400390625 1006
16334.5283203125 1032
16341.4951171875 1160
16373.0068359375 1189
16394.560546875 2183
16426.1484375 2190
16446.8046875 2301
16448.84765625 1459
16517.896484375 1649
16583.26953125 353
16632.505859375 2706
16640.162109375 1511
16641.974609375 1778
16652.7265625 329
16660.12109375 731
16702.095703125 1400
16718.951171875 2070
16725.09375 1480
16755.6796875 1714
16759.2890625 249
16775.099609375 94
16803.23828125 2823
16842.1328125 471
16875.01171875 473
16894.685546875 747
16923.01953125 915
16927.591796875 921
16937.357421875 993
16947.638671875 1072
16965.837890625 1415
17005.732421875 1541
17016.767578125 1746
17028.58203125 1949
17037.037109375 2079
17048.986328125 2219
17082.05859375 2258
17154.224609375 2413
17160.775390625 2628
17161.830078125 2828
17213.171875 2903
17303.03125 2996
17338.556640625 204
17352.560546875 1247
17356.609375 1410
17356.609375 1888
17400.05859375 1214
17415.6875 1658
17436.1796875 2587
17463.875 380
17534.84765625 688
17551.8671875 1761
17559.7890625 66
17575.34375 127
17610.40625 179
17613.18359375 855
17627.248046875 1198
17666.470703125 1250
17666.9765625 1507
17676.7109375 1558
17677.138671875 2007
17724.16015625 2092
17725.15625 2231
17785.4609375 2384
17800.720703125 2457
17809.794921875 2544
17853.00390625 2717
17936.34765625 2774
17946.724609375 2794
18020.587890625 2909
18037.40625 972
18044.763671875 1138
18093.765625 1442
18190.05859375 1137
18241.111328125 102
18247.8203125 667
18275.27734375 1935
18278.26171875 2352
18279.90234375 2887
18283.2421875 427
18300.7734375 1533
18326.83984375 170
18339.54296875 262
18348.236328125 306
18356.111328125 596
18358.59375 805
18388.162109375 849
18420.16796875 850
18439.55859375 965
18452.970703125 976
18470.02734375 1058
18504.28515625 1403
18509.947265625 1645
18571.8203125 1999
18579.888671875 2292
18628.876953125 2392
18651.70703125 2403
18658.673828125 2497
18676.681640625 2524
18744.03125 2601
18767.9375 2652
18841.18359375 2657
18863.626953125 2761
18884.955078125 2839
18894.376953125 2939
18916.388671875 2984
18922.28515625 1027
18948.978515625 622
19016.865234375 417
19071.10546875 450
19090.75390625 690
19094.623046875 969
19097.376953125 982
19132.228515625 1040
19135.060546875 1078
19146.9375 1083
19158.302734375 1382
19208.560546875 1391
19216.671875 1486
19236.42578125 1503
19278.95703125 1547
19282.8515625 1561
19307.029296875 1965
19314.03515625 2026
19326.146484375 2066
19508.158203125 2182
19524.150390625 2245
19541.9921875 2460
19613.716796875 2466
19643.060546875 2540
19676.380859375 2593
19677.275390625 2632
19682.427734375 2753
19735.541015625 2759
19808.0546875 2793
19809.71875 2925
19815.5078125 2152
19880.177734375 762
19888.935546875 2757
19913.03515625 37
19938.572265625 1624
19979.9609375 1271
20025.45703125 2370
20064.67578125 2895
20116.029296875 2411
20182.9453125 67
20229.6875 150
20350.29296875 171
20367.212890625 195
20470.140625 363
20485.267578125 522
20517.271484375 657
20521.30859375 701
20650.33203125 760
20663.43359375 811
20685.611328125 874
20697.005859375 875
20725.859375 1002
20743.6015625 1007
20747.302734375 1023
20778.072265625 1356
20802.251953125 1378
20905.580078125 1489
20944.259765625 1629
20976.3046875 2721
21030.615234375 2032
21049.73046875 2259
21049.73046875 771
21060.1015625 1543
21171.1484375 2241
21234.978515625 1964
21323.91796875 1625
21358.46484375 2693
21372.427734375 222
21421.38671875 258
21424.041015625 281
21439.244140625 506
21479.634765625 582
21501.05078125 724
21509.6328125 879
21551.83203125 1003
21663.205078125 1171
21674.3203125 1182
21698.16015625 1588
21787.408203125 1685
21812.18359375 1758
21819.087890625 2300
21821.802734375 2310
21853.546875 2705
21965.939453125 2845
21995.1796875 2916
22023.369140625 1811
22024.998046875 2701
22039.517578125 421
22040.861328125 1440
22325.474609375 2337
22338.45703125 2531
22347.0859375 18
22387.4765625 29
22390.9609375 31
22397.291015625 104
22485.984375 274
22554.291015625 321
22560.662109375 370
22584.64453125 375
22595.6953125 562
22792.107421875 914
22807.154296875 944
22854.84375 1672
22948.384765625 1684
22974.263671875 1825
22977.072265625 1846
22993.25 1960
23015.794921875 1976
23174.9296875 2006
23339.810546875 2319
23366.408203125 2405
23402.095703125 2550
23427.150390625 2606
23523.109375 2768
23587.390625 1081
23744.33984375 1780
23788.2578125 16
23822.158203125 28
24143.212890625 125
24165.87109375 212
24238.921875 265
24497.02734375 295
24497.02734375 360
24559.58203125 364
24614.70703125 937
24803.85546875 1077
25164.751953125 1101
25175.06640625 1241
25315.65625 1243
25803.298828125 1307
25805.537109375 1343
25926.4140625 1404
26160.484375 1418
26206.103515625 1585
26380.3203125 1719
26824.662109375 1822
26859.66796875 2009
28636.029296875 2164
28894.12890625 2214
30176.765625 2250
30204.966796875 2263
31065.826171875 2342
32733.23046875 2359
35282.2421875 2547
