5840.484375 1781
6617.22900390625 81
6778.416015625 229
6994.53076171875 440
7056.5712890625 548
7179.5322265625 611
7289.283203125 826
7390.88818359375 834
7487.4560546875 848
7511.51416015625 871
7540.599609375 893
7551.41796875 1231
7699.15087890625 1256
7882.6806640625 1315
7922.376953125 1458
8045.1240234375 1550
8069.07421875 1671
8292.0302734375 1711
8305.1572265625 1815
8323.611328125 1893
8335.181640625 2312
8367.9677734375 2324
8391.701171875 2385
8440.693359375 2447
8457.984375 2562
8502.2626953125 2610
8605.15625 2622
8641.7578125 2853
8667.42578125 2924
8692.6533203125 2927
8868.23046875 2239
8898.9267578125 1446
8914.55859375 87
8922.298828125 251
8936.4951171875 527
8949.806640625 529
8979.4970703125 625
9006.8515625 641
9086.568359375 693
9141.595703125 873
9145.0087890625 881
9244.48828125 928
9255.1455078125 1133
9268.7451171875 1283
9380.0 1318
9452.669921875 1346
9474.982421875 1417
9507.7099609375 1720
9515.037109375 1987
9523.8359375 2226
9526.2392578125 2296
9530.2666015625 2515
9613.251953125 2572
9617.8486328125 2669
9682.197265625 2728
9690.4794921875 2734
9696.080078125 2746
9698.474609375 2852
9705.6337890625 2866
9747.0888671875 2915
9777.326171875 2949
9778.1162109375 377
9786.673828125 2281
9856.494140625 160
9874.21484375 1
9891.7900390625 425
9897.44921875 446
9989.603515625 800
10126.94921875 918
10160.345703125 953
10163.07421875 985
10165.95703125 986
10170.3583984375 1008
10217.0205078125 1043
10227.205078125 1270
10270.6328125 1317
10283.984375 1435
10306.6591796875 1548
10311.8798828125 1606
10321.5166015625 1661
10335.1396484375 1712
10337.697265625 2010
10341.19921875 2088
10349.87890625 2365
10351.6884765625 2410
10413.9248046875 2414
10418.6416015625 2482
10421.96875 2560
10456.623046875 2781
10495.3759765625 2820
10509.8037109375 997
10513.609375 1362
10523.490234375 1926
10546.65625 2997
10619.0205078125 254
10619.423828125 388
10640.748046875 465
10652.4677734375 498
10696.6455078125 520
10728.9658203125 962
10734.7783203125 981
10738.693359375 1156
10750.279296875 1652
10776.224609375 2205
10817.95703125 2339
10841.400390625 2417
10847.4443359375 2494
10868.76953125 2687
10880.6787109375 1122
10895.982421875 1670
10919.533203125 264
10970.201171875 2173
10999.5791015625 1646
11026.404296875 2396
11035.8134765625 49
11056.927734375 189
11088.7548828125 261
11108.91796875 263
11118.443359375 430
11147.158203125 831
11155.265625 899
11157.9658203125 1123
11177.1328125 1169
11177.9111328125 1350
11194.5673828125 1405
11207.5810546875 1512
11207.5810546875 1750
11212.3427734375 1769
11225.333984375 1908
11232.6650390625 1966
11257.7626953125 1982
11279.1826171875 1993
11295.6875 2094
11301.3515625 2126
11318.423828125 2141
11340.4453125 2171
11355.419921875 2174
11358.603515625 2177
11360.6357421875 2237
11360.947265625 2367
11387.748046875 2536
11422.986328125 2542
11430.7919921875 2582
11432.0595703125 2675
11461.390625 2703
11474.919921875 1873
11487.0322265625 2107
11505.763671875 1281
11523.6845703125 455
11537.81640625 470
11540.1884765625 902
11606.0126953125 926
11615.4013671875 967
11620.0546875 1104
11627.1845703125 1225
11646.361328125 1286
11680.5 1506
11699.966796875 1516
11715.12890625 1599
11729.287109375 1779
11731.525390625 1848
11732.2451171875 1867
11735.1943359375 1883
11770.3544921875 2063
11773.193359375 2210
11775.7060546875 2246
11777.6103515625 2285
11785.29296875 2361
11798.3583984375 2686
11799.958984375 2700
11801.1533203125 88
11805.1513671875 586
11807.2646484375 136
11809.900390625 1471
11825.9130859375 226
11847.8681640625 296
11875.560546875 1197
11877.5849609375 1666
11884.4091796875 2511
11896.21484375 101
11901.474609375 215
11906.73046875 549
11907.87890625 550
11909.7822265625 573
11929.326171875 1136
11929.970703125 1199
11931.9248046875 1530
11942.326171875 1581
11955.25390625 1640
11975.1494140625 1688
11989.7177734375 1968
11995.634765625 2526
12000.763671875 2571
12034.5546875 2983
12046.34375 1787
12053.0146484375 602
12053.6357421875 1146
12084.42578125 253
12085.7333984375 342
12090.88671875 843
12102.6552734375 1233
12104.736328125 1335
12104.736328125 1394
12109.453125 1737
12111.7919921875 1784
12118.42578125 1950
12119.88671875 2025
12144.6240234375 2473
12155.916015625 2518
12157.57421875 999
12180.66796875 1056
12222.83203125 1900
12249.376953125 1304
12270.2841796875 1326
12270.7177734375 2967
12280.244140625 1329
12280.251953125 50
12286.666015625 318
12287.404296875 389
12302.693359375 478
12311.697265625 491
12313.4833984375 580
12314.703125 599
12314.751953125 890
12319.64453125 896
12324.14453125 909
12328.708984375 919
12358.259765625 995
12375.4345703125 1273
12385.66015625 1342
12415.5048828125 1430
12434.55078125 1495
12435.46484375 1568
12444.080078125 1583
12447.640625 1764
12490.8681640625 1774
12490.8818359375 2065
12496.966796875 2117
12498.6162109375 2181
12528.892578125 2268
12544.287109375 2465
12547.169921875 2664
12573.974609375 2760
12604.34375 2764
12604.4794921875 2938
12609.45703125 2943
12625.025390625 1860
12627.197265625 2880
12629.1806640625 1333
12632.8232421875 2631
12640.8828125 146
12651.083984375 1538
12651.3359375 21
12666.1103515625 34
12666.8876953125 200
12672.55859375 288
12673.357421875 336
12677.0830078125 385
12690.8193359375 517
12698.8828125 546
12705.3984375 609
12714.1005859375 614
12717.7705078125 683
12731.076171875 686
12732.6005859375 769
12763.853515625 1097
12763.943359375 1221
12777.44140625 1322
12790.8056640625 1359
12799.9921875 1376
12800.751953125 1686
12804.9765625 1854
12809.2158203125 2513
12814.6591796875 2553
12841.2744140625 2650
12847.2216796875 2672
12871.373046875 2911
12875.228515625 78
12876.39453125 2713
12899.33203125 2800
12900.9306640625 2651
12904.8046875 2970
12910.8525390625 1045
12914.7802734375 1068
12929.474609375 2078
12930.1025390625 884
12937.6865234375 886
12937.6865234375 1028
12945.6640625 1845
12959.666015625 1932
12970.806640625 2489
12973.2138671875 90
13013.697265625 153
13038.97265625 240
13066.27734375 256
13066.6533203125 531
13066.6533203125 644
13092.73828125 706
13102.259765625 775
13106.962890625 1163
13109.978515625 1483
13150.29296875 2114
13176.3515625 2379
13195.658203125 2424
13199.333984375 2433
13201.4296875 2435
13202.20703125 2442
13218.626953125 2683
13234.30078125 2811
13240.056640625 2176
13242.4931640625 169
13252.0693359375 2207
13257.8828125 1144
13258.5166015625 2180
13275.0615234375 73
13291.92578125 663
13292.5224609375 677
13298.056640625 756
13304.341796875 925
13309.0546875 927
13336.9541015625 946
13346.728515625 996
13349.0849609375 1141
13353.6904296875 1202
13358.3466796875 1251
13361.732421875 1457
13393.3134765625 1502
13396.1708984375 1591
13403.72265625 1733
13410.0625 1735
13429.7265625 1919
13443.40234375 1933
13444.359375 1955
13449.51171875 2002
13462.9091796875 2335
13466.400390625 2341
13498.12109375 2565
13512.25 2695
13516.7392578125 2763
13517.1865234375 2840
13519.9697265625 2422
13521.013671875 1020
13536.384765625 640
13541.318359375 59
13564.8525390625 177
13582.62109375 191
13591.6416015625 575
13601.228515625 687
13616.39453125 934
13617.11328125 1119
13620.49609375 1529
13621.01171875 1697
13629.482421875 1810
13630.9384765625 1831
13639.55859375 2354
13639.880859375 2528
13647.6640625 2679
13648.9306640625 2712
13663.2373046875 2747
13664.7431640625 2809
13670.9287109375 2821
13678.0166015625 2842
13681.8310546875 2860
13685.79296875 2906
13690.005859375 2994
13690.033203125 186
13693.490234375 223
13711.7119140625 1594
13712.7900390625 410
13716.998046875 631
13723.3134765625 132
13742.6005859375 2576
13757.482421875 1282
13757.482421875 488
13767.572265625 869
13769.7109375 2059
13776.234375 787
13779.4033203125 904
13783.060546875 137
13795.5625 275
13800.83984375 328
13807.3720703125 333
13820.8076171875 392
13824.181640625 407
13831.6611328125 489
13836.234375 680
13837.57421875 1022
13845.90234375 1290
13873.5341796875 1358
13878.6962890625 1607
13882.076171875 1653
13885.703125 2024
13906.703125 2184
13918.17578125 2221
13926.091796875 2394
13947.5771484375 2427
13947.740234375 2517
13949.8134765625 2655
13959.4423828125 2704
13960.099609375 2900
13975.359375 2946
13992.8056640625 459
14001.76953125 1408
14019.2861328125 1339
14033.1845703125 22
14036.37890625 45
14043.765625 300
14056.771484375 812
14072.9130859375 922
14077.765625 947
14089.22265625 975
14091.41796875 1001
14095.3984375 1095
14112.626953125 1275
14119.291015625 1664
14128.978515625 1708
14137.998046875 1763
14138.9765625 1766
14162.3447265625 1889
14169.8369140625 2077
14169.990234375 2082
14175.34765625 2131
14181.4609375 2315
14182.6015625 2317
14189.0419921875 2409
14206.802734375 2608
14208.5087890625 2616
14225.22265625 2649
14251.7265625 2819
14256.8515625 2862
14263.0107421875 1164
14267.2216796875 2213
14284.79296875 1050
14286.6962890625 979
14289.28515625 1562
14306.091796875 1597
14321.61328125 2334
14323.8798828125 587
14335.0302734375 630
14337.2880859375 777
14345.064453125 1012
14345.7216796875 1064
14349.822265625 1082
14369.2109375 1462
14406.8583984375 1501
14433.177734375 1654
14443.9208984375 1800
14452.921875 2656
14455.560546875 2884
14456.033203125 1416
14457.5322265625 1575
14458.115234375 2889
14466.2373046875 445
14472.1982421875 30
14472.2451171875 2484
14472.40234375 38
14472.6181640625 40
14476.830078125 76
14476.884765625 77
14489.2333984375 108
14504.84765625 164
14507.744140625 211
14508.802734375 225
14509.017578125 376
14519.4501953125 437
14526.0107421875 510
14532.25390625 646
14533.1865234375 671
14548.6796875 738
14561.09765625 770
14574.5009765625 1434
14583.3779296875 1610
14604.3857421875 1662
14626.6806640625 1709
14636.3115234375 1998
14640.4912109375 2166
14646.2490234375 2220
14648.765625 2238
14648.9697265625 2255
14652.490234375 2345
14677.3984375 2510
14697.0537109375 2581
14697.7236328125 2607
14701.8232421875 2807
14714.421875 1015
14716.9111328125 1984
14729.802734375 1258
14745.453125 2555
14748.48828125 1147
14757.615234375 865
14798.7958984375 939
14811.212890625 1497
14828.986328125 2630
14838.2802734375 2752
14844.16015625 457
14845.1357421875 309
14864.6728515625 316
14890.091796875 483
14896.1484375 484
14903.462890625 633
14904.359375 1026
14909.462890625 1036
14915.0927734375 1176
14921.671875 1423
14942.3896484375 1485
14952.8779296875 1590
14957.3037109375 1702
14978.193359375 1759
14999.646484375 1818
15000.6064453125 1958
15008.7255859375 1963
15011.193359375 1977
15024.666015625 2053
15026.2119140625 2056
15032.787109375 2125
15047.396484375 2304
15061.4892578125 2356
15068.275390625 2477
15069.1318359375 2533
15070.544921875 2732
15074.27734375 2948
15112.5263671875 1601
15137.11328125 2256
15138.6572265625 2104
15155.7099609375 284
15161.9375 182
15194.93359375 916
15207.4736328125 1667
15209.349609375 1852
15219.1259765625 727
15220.583984375 2036
15244.447265625 2772
15247.5263671875 130
15283.251953125 219
15288.66015625 394
15299.8232421875 405
15307.4462890625 634
15328.9482421875 856
15332.861328125 983
15349.9931640625 1117
15359.798828125 1386
15372.2734375 1791
15375.203125 1991
15399.837890625 2060
15407.8310546875 2215
15413.169921875 2314
15440.314453125 2440
15442.48046875 2467
15447.173828125 2618
15451.9072265625 2648
15451.9169921875 2694
15465.5380859375 1772
15467.787109375 818
15475.9208984375 2907
15497.2314453125 660
15510.2685546875 1168
15511.333984375 1145
15519.4052734375 1476
15520.7578125 1618
15521.8857421875 655
15579.05859375 1592
15604.07421875 2120
15607.2021484375 2557
15648.6484375 112
15655.3115234375 350
15660.833984375 356
15687.8076171875 448
15734.2744140625 1500
15760.91015625 1526
15760.98828125 1587
15788.697265625 1881
15793.857421875 1943
15796.62890625 1962
15806.966796875 1995
15807.78125 2075
15849.46484375 2118
15860.9423828125 2309
15861.388671875 2418
15873.5283203125 2516
15883.85546875 2588
15884.388671875 2605
15885.4833984375 2623
15885.650390625 2937
15904.7412109375 1005
15906.50390625 110
15914.7509765625 2360
15930.236328125 121
15951.865234375 1046
15956.9658203125 298
15958.009765625 372
15968.4306640625 492
15970.4384765625 752
15997.92578125 838
16007.376953125 903
16052.1552734375 1034
16059.8095703125 1128
16064.892578125 1187
16074.3759765625 1437
16076.609375 1488
16081.810546875 1534
16084.9140625 1657
16096.015625 1678
16104.52734375 1824
16129.4814453125 1826
16133.99609375 1941
16144.328125 1997
16148.177734375 2318
16161.44140625 2327
16169.779296875 2362
16173.533203125 2404
16181.205078125 2453
16210.2841796875 2458
16223.6474609375 2496
16265.3671875 2696
16268.8984375 2722
16269.4921875 2796
16282.650390625 2584
16288.0419921875 2872
16289.763671875 2589
16303.34765625 2135
16318.4931640625 1802
16339.283203125 1853
16356.533203125 1892
16359.962890625 1580
16366.546875 25
16385.53515625 72
16396.87890625 343
16422.615234375 710
16446.693359375 755
16446.98828125 885
16452.908203125 1683
16456.373046875 1776
16477.7734375 1972
16478.943359375 2047
16504.880859375 2138
16509.9921875 2185
16524.515625 2344
16533.19140625 2545
16567.697265625 2573
16574.64453125 2855
16592.998046875 2159
16608.39453125 1067
16609.298828125 371
16674.517578125 243
16693.59765625 1301
16694.556640625 311
16703.615234375 426
16729.638671875 648
16736.369140625 720
16747.96875 792
16753.93359375 940
16756.8359375 1006
16785.787109375 1032
16800.466796875 1160
16810.328125 1189
16838.583984375 2183
16843.00390625 2190
16855.9453125 2301
16903.150390625 1459
16904.544921875 1649
16908.08984375 353
16919.1171875 2706
16939.505859375 1511
16957.421875 1778
16970.091796875 329
16998.4140625 731
17036.953125 1400
17044.169921875 2070
17049.658203125 1480
17057.076171875 1714
17080.064453125 249
17095.48828125 94
17098.44140625 2823
17102.369140625 471
17107.865234375 473
17156.2421875 747
17161.951171875 915
17166.71875 921
17178.53125 993
17180.23828125 1072
17199.7421875 1415
17200.8125 1541
17202.798828125 1746
17230.732421875 1949
17238.6875 2079
17241.978515625 2219
17257.275390625 2258
17269.482421875 2413
17274.916015625 2628
17285.689453125 2828
17326.525390625 2903
17363.55078125 2996
17370.11328125 204
17374.251953125 1247
17390.689453125 1410
17410.0859375 1888
17417.087890625 1214
17427.1953125 1658
17510.52734375 2587
17527.38671875 380
17535.90625 688
17542.640625 1761
17556.24609375 66
17574.79296875 127
17591.4296875 179
17670.001953125 855
17688.30859375 1198
17707.818359375 1250
17762.849609375 1507
17767.4609375 1558
17786.8828125 2007
17796.171875 2092
17812.48828125 2231
17835.095703125 2384
17856.171875 2457
17883.744140625 2544
17895.3984375 2717
17907.41796875 2774
17982.056640625 2794
18016.978515625 2909
18024.31640625 972
18035.39453125 1138
18107.46875 1442
18123.630859375 1137
18127.17578125 102
18127.287109375 667
18132.716796875 1935
18146.17578125 2352
18183.806640625 2887
18184.390625 427
18209.205078125 1533
18212.380859375 170
18256.9609375 262
18266.931640625 306
18272.515625 596
18276.708984375 805
18298.19921875 849
18325.935546875 850
18336.60546875 965
18340.775390625 976
18343.58203125 1058
18430.8125 1403
18497.5 1645
18505.916015625 1999
18512.494140625 2292
18517.98828125 2392
18530.759765625 2403
18549.697265625 2497
18558.265625 2524
18565.236328125 2601
18566.697265625 2652
18590.69921875 2657
18598.111328125 2761
18605.55078125 2839
18611.12109375 2939
18613.09765625 2984
18691.634765625 1027
18700.8203125 622
18707.779296875 417
18757.208984375 450
18769.669921875 690
18784.162109375 969
18800.068359375 982
18812.2109375 1040
18836.28125 1078
18842.236328125 1083
18864.89453125 1382
18871.7265625 1391
18875.13671875 1486
18891.47265625 1503
18891.47265625 1547
18896.7578125 1561
18915.2421875 1965
18935.90234375 2026
18950.09765625 2066
18983.74609375 2182
19049.716796875 2245
19053.09765625 2460
19074.935546875 2466
19076.404296875 2540
19104.962890625 2593
19107.078125 2632
19108.162109375 2753
19155.94140625 2759
19163.6953125 2793
19173.505859375 2925
19205.41796875 2152
19253.345703125 762
19259.896484375 2757
19272.80078125 37
19278.927734375 1624
19302.416015625 1271
19318.787109375 2370
19329.68359375 2895
19334.505859375 2411
19360.95703125 67
19411.66796875 150
19440.994140625 171
19473.453125 195
19493.3984375 363
19505.3046875 522
19514.748046875 657
19529.755859375 701
19530.01953125 760
19607.8125 811
19639.46875 874
19672.919921875 875
19707.89453125 1002
19710.232421875 1007
19731.298828125 1023
19787.9296875 1356
19790.306640625 1378
19791.404296875 1489
19842.642578125 1629
19849.162109375 2721
19858.171875 2032
19912.927734375 2259
19921.345703125 771
19923.09375 1543
19950.583984375 2241
19976.791015625 1964
20036.833984375 1625
20109.728515625 2693
20110.369140625 222
20134.603515625 258
20142.427734375 281
20153.91015625 506
20178.615234375 582
20313.798828125 724
20342.9453125 879
20345.20703125 1003
20425.97265625 1171
20464.482421875 1182
20527.3515625 1588
20552.494140625 1685
20641.66015625 1758
20645.728515625 2300
20664.65625 2310
20667.236328125 2705
20746.865234375 2845
20781.8046875 2916
21054.740234375 1811
21093.103515625 2701
21093.103515625 421
21220.490234375 1440
21225.283203125 2337
21231.2421875 2531
21244.814453125 18
21263.0 29
21314.607421875 31
21351.0234375 104
21496.328125 274
21591.919921875 321
21614.193359375 370
21632.826171875 375
21674.248046875 562
21736.408203125 914
21772.078125 944
22105.646484375 1672
22107.248046875 1684
22126.0234375 1825
22217.142578125 1846
22308.912109375 1960
22318.564453125 1976
22448.65625 2006
22477.2578125 2319
22546.26171875 2405
22557.01171875 2550
22575.03125 2606
22644.6015625 2768
22679.884765625 1081
22726.966796875 1780
22809.19140625 16
22813.544921875 28
22832.466796875 125
22902.583984375 212
23115.294921875 265
23185.1640625 295
23213.904296875 360
23304.171875 364
23455.294921875 937
23610.544921875 1077
23830.234375 1101
23937.609375 1241
24112.509765625 1243
24269.771484375 1307
24350.0390625 1343
24364.427734375 1404
24512.142578125 1418
25344.8046875 1585
25348.267578125 1719
25475.9140625 1822
25485.078125 2009
25762.560546875 2164
26054.72265625 2214
26166.498046875 2250
27541.875 2263
27679.998046875 2342
28910.359375 2359
29374.9921875 2547
