7000.15185546875 2589
7024.6416015625 2135
7121.77978515625 1802
7238.93701171875 1853
7275.68212890625 1892
7316.4599609375 1580
7391.85693359375 25
7456.48388671875 72
7537.287109375 343
7562.7265625 710
7579.80810546875 755
7604.50146484375 885
7625.97265625 1683
7625.97265625 1776
7668.1806640625 1972
7710.095703125 2047
7756.65283203125 2138
7781.45263671875 2185
7792.29150390625 2344
7799.68896484375 2545
7814.06298828125 2573
7834.4501953125 2855
7868.2294921875 1446
7869.2919921875 87
7881.744140625 251
7958.35986328125 527
8007.0224609375 529
8028.9833984375 625
8042.21435546875 641
8047.244140625 693
8105.5810546875 873
8129.91455078125 881
8153.9990234375 928
8175.9833984375 1133
8182.00732421875 1283
8187.86865234375 1318
8207.2626953125 1346
8218.5302734375 1417
8219.3271484375 1720
8219.765625 1987
8264.4912109375 2226
8277.4208984375 2296
8340.1337890625 2515
8354.40234375 2572
8364.3623046875 2669
8367.955078125 2728
8369.7802734375 2734
8374.888671875 2746
8375.119140625 2852
8379.880859375 2866
8391.572265625 2915
8397.009765625 2949
8436.0439453125 377
8476.4443359375 2281
8481.271484375 160
8527.1533203125 1
8527.8701171875 425
8531.3251953125 446
8534.28125 800
8534.900390625 918
8544.96875 953
8550.841796875 985
8564.9873046875 986
8606.12890625 1008
8606.5791015625 1043
8608.685546875 1270
8643.736328125 1317
8702.9013671875 1435
8713.7490234375 1548
8715.375 1606
8717.716796875 1661
8735.15234375 1712
8741.3173828125 2010
8747.1630859375 2088
8751.2783203125 2365
8753.29296875 2410
8756.6796875 2414
8772.7353515625 2482
8776.2490234375 2560
8779.3583984375 2781
8793.6279296875 2820
8810.4638671875 997
8813.82421875 1781
8834.837890625 81
8840.9521484375 229
8851.5654296875 440
8851.7998046875 548
8870.328125 611
8876.447265625 826
8878.099609375 834
8895.3798828125 848
8897.9013671875 871
8898.7099609375 893
8905.318359375 1231
8921.578125 1256
8928.626953125 1315
8928.626953125 1458
8934.6103515625 1550
8939.9189453125 1671
8941.8671875 1711
8944.654296875 1815
8967.15625 1893
8978.01953125 2312
8984.69140625 2324
8987.26171875 2385
8993.43359375 2447
9016.71484375 2562
9023.9140625 2610
9036.6064453125 2622
9048.7060546875 2853
9071.6435546875 2924
9072.8076171875 2927
9075.853515625 2239
9079.7255859375 1362
9094.974609375 1926
9125.357421875 2997
9127.7900390625 254
9129.6845703125 388
9155.693359375 465
9158.73046875 498
9163.041015625 520
9168.3779296875 962
9173.060546875 981
9178.6552734375 1156
9198.4921875 1652
9215.4287109375 2205
9218.74609375 2339
9225.53125 2417
9228.2734375 2494
9237.181640625 2687
9263.59765625 1122
9263.6796875 1670
9263.68359375 264
9289.421875 2173
9291.3408203125 1646
9299.80859375 2396
9332.86328125 49
9353.986328125 189
9355.3486328125 261
9371.1708984375 263
9372.8359375 430
9385.9638671875 831
9398.42578125 899
9400.8525390625 1123
9406.900390625 1169
9410.58203125 1350
9431.79296875 1405
9441.27734375 1512
9441.8125 1750
9447.9736328125 1769
9450.6845703125 1908
9463.5751953125 1966
9470.962890625 1982
9489.994140625 1993
9494.5966796875 2094
9497.41796875 2126
9499.7998046875 2141
9502.0615234375 2171
9519.3359375 2174
9524.4228515625 2177
9526.2412109375 2237
9528.4208984375 2367
9540.689453125 2536
9542.875 2542
9553.3701171875 2582
9563.3154296875 2675
9566.60546875 2703
9567.4794921875 1873
9567.5439453125 2107
9572.25390625 1281
9572.7353515625 455
9583.150390625 470
9584.9599609375 902
9609.900390625 926
9610.578125 967
9611.6494140625 1104
9616.2783203125 1225
9620.98828125 1286
9628.7626953125 1506
9643.431640625 1516
9645.392578125 1599
9653.8076171875 1779
9681.7900390625 1848
9688.591796875 1867
9696.828125 1883
9699.9482421875 2063
9700.9208984375 2210
9704.6416015625 2246
9740.7197265625 2285
9746.0068359375 2361
9770.5361328125 2686
9783.70703125 2700
9796.4267578125 88
9798.6396484375 586
9806.05859375 136
9811.693359375 1471
9819.865234375 226
9822.986328125 296
9826.197265625 1197
9836.3193359375 1666
9838.759765625 2511
9851.1962890625 101
9868.3583984375 215
9889.455078125 549
9892.6767578125 550
9897.677734375 573
9904.3447265625 1136
9907.7041015625 1199
9918.20703125 1530
9921.623046875 1581
9943.4130859375 1640
9946.7197265625 1688
9954.599609375 1968
9955.45703125 2526
9956.693359375 2571
9963.697265625 2983
9987.119140625 1787
9994.65625 602
9997.9248046875 1146
10002.4931640625 253
10008.9052734375 342
10012.9091796875 843
10018.6923828125 1233
10020.12890625 1335
10032.5478515625 1394
10037.55859375 1737
10043.8232421875 1784
10048.337890625 1950
10066.77734375 2025
10067.927734375 2473
10068.9541015625 2518
10098.8193359375 999
10112.18359375 1056
10122.9765625 1900
10155.3046875 1304
10167.9189453125 1326
10175.125 2967
10181.61328125 1329
10182.3857421875 50
10189.412109375 318
10198.056640625 389
10204.2607421875 478
10217.58203125 491
10234.4765625 580
10271.6796875 599
10274.552734375 890
10280.302734375 896
10280.873046875 909
10286.7392578125 919
10291.8134765625 995
10295.9169921875 1273
10320.6484375 1342
10326.7734375 1430
10339.8193359375 1495
10350.9736328125 1568
10370.775390625 1583
10380.4013671875 1764
10398.8359375 1774
10400.279296875 2065
10401.4013671875 2117
10423.119140625 2181
10438.021484375 2268
10476.3359375 2465
10477.01953125 2664
10477.1357421875 2760
10481.3671875 2764
10509.3173828125 2938
10529.224609375 2943
10549.037109375 1860
10549.1953125 2880
10551.6796875 1333
10572.61328125 2631
10573.5751953125 146
10586.40625 1538
10588.2783203125 21
10591.7138671875 34
10608.9638671875 200
10609.9306640625 288
10623.5537109375 336
10626.076171875 385
10628.13671875 517
10637.70703125 546
10643.6083984375 609
10657.640625 614
10666.0068359375 683
10677.943359375 686
10677.958984375 769
10684.4912109375 1097
10689.4140625 1221
10702.8994140625 1322
10718.06640625 1359
10727.3515625 1376
10736.728515625 1686
10760.443359375 1854
10764.33203125 2513
10767.75390625 2553
10772.1494140625 2650
10772.53515625 2672
10775.513671875 2911
10781.560546875 78
10798.48828125 2713
10799.1416015625 2800
10813.3740234375 2651
10813.486328125 2970
10823.2783203125 1045
10852.7236328125 1068
10876.958984375 2078
10884.0166015625 884
10889.0830078125 886
10894.0458984375 1028
10894.0458984375 1845
10926.7587890625 1932
10943.62109375 2489
10946.328125 90
10954.0654296875 153
10957.4296875 240
10969.923828125 256
10980.84765625 531
10994.3828125 644
11037.97265625 706
11041.7158203125 775
11068.3896484375 1163
11086.017578125 1483
11090.822265625 2114
11114.572265625 2379
11118.9404296875 2424
11142.7099609375 2433
11142.8203125 2435
11148.9794921875 2442
11153.6396484375 2683
11174.9990234375 2811
11178.1162109375 2176
11188.021484375 169
11189.9580078125 2207
11190.42578125 1144
11192.09765625 2180
11195.8515625 73
11206.2529296875 663
11243.455078125 677
11255.357421875 756
11256.892578125 925
11256.9140625 927
11282.796875 946
11292.3779296875 996
11298.6796875 1141
11315.1435546875 1202
11320.3857421875 1251
11323.955078125 1457
11331.341796875 1502
11362.736328125 1591
11376.447265625 1733
11386.0224609375 1735
11387.259765625 1919
11391.8837890625 1933
11401.0859375 1955
11452.5703125 2002
11474.9501953125 2335
11480.84765625 2341
11482.1455078125 2565
11498.0390625 2695
11502.259765625 2763
11505.087890625 2840
11505.3359375 2422
11513.2333984375 1020
11520.5615234375 640
11529.2685546875 59
11560.0546875 177
11587.25 191
11590.9140625 575
11601.7236328125 687
11611.5380859375 934
11618.6220703125 1119
11674.212890625 1529
11686.8212890625 1697
11692.994140625 1810
11702.8720703125 1831
11719.322265625 2354
11719.35546875 2528
11726.2890625 2679
11766.7197265625 2712
11776.4677734375 2747
11785.9365234375 2809
11792.3662109375 2821
11816.7958984375 2842
11817.7998046875 2860
11823.2275390625 2906
11837.271484375 2994
11848.98828125 186
11890.859375 223
11903.8125 1594
11928.728515625 410
11949.947265625 631
11962.1015625 132
11996.94921875 2576
12019.7861328125 1282
12040.07421875 488
12041.232421875 869
12043.5302734375 2059
12045.681640625 787
12058.83984375 904
12075.0234375 137
12085.58984375 275
12090.2080078125 328
12090.2080078125 333
12098.5341796875 392
12105.10546875 407
12106.3359375 489
12118.267578125 680
12121.6376953125 1022
12174.49609375 1290
12212.68359375 1358
12214.294921875 1607
12226.0302734375 1653
12244.0048828125 2024
12261.4248046875 2184
12272.732421875 2221
12289.4150390625 2394
12301.5078125 2427
12309.5166015625 2517
12328.3994140625 2655
12369.595703125 2704
12370.498046875 2900
12373.615234375 2946
12381.8251953125 459
12394.5966796875 1408
12408.572265625 1339
12409.8173828125 22
12428.576171875 45
12457.876953125 300
12460.669921875 812
12477.859375 922
12484.72265625 947
12488.306640625 975
12489.974609375 1001
12490.642578125 1095
12492.771484375 1275
12535.6865234375 1664
12564.216796875 1708
12569.9306640625 1763
12570.17578125 1766
12570.4365234375 1889
12573.4560546875 2077
12606.4443359375 2082
12614.04296875 2131
12635.197265625 2315
12637.451171875 2317
12640.1728515625 2409
12645.76953125 2608
12651.654296875 2616
12680.2431640625 2649
12691.23046875 2819
12692.20703125 2862
12699.513671875 1164
12703.1025390625 2213
12709.3564453125 1050
12724.4287109375 979
12770.5458984375 1562
12778.015625 1597
12778.869140625 2334
12783.068359375 587
12791.638671875 630
12791.9541015625 777
12800.1123046875 1012
12820.349609375 1064
12829.443359375 1082
12845.8486328125 1462
12852.861328125 1501
12913.998046875 1654
12952.232421875 1800
13008.015625 2656
13018.439453125 2884
13022.9228515625 1416
13031.998046875 1575
13032.224609375 2889
13052.94140625 445
13093.7333984375 30
13130.81640625 2484
13137.9267578125 38
13138.4453125 40
13153.533203125 76
13169.2099609375 77
13182.7890625 108
13188.919921875 164
13209.1435546875 211
13243.2255859375 225
13263.4755859375 376
13282.3583984375 437
13304.806640625 510
13319.9658203125 646
13331.025390625 671
13339.796875 738
13342.609375 770
13346.205078125 1434
13371.7109375 1610
13388.6220703125 1662
13413.666015625 1709
13420.154296875 1998
13422.4375 2166
13432.615234375 2220
13460.3857421875 2238
13467.7158203125 2255
13482.3125 2345
13486.474609375 2510
13493.142578125 2581
13514.48046875 2607
13534.052734375 2807
13551.7216796875 1015
13592.9091796875 1984
13614.69921875 1258
13616.283203125 2555
13637.16015625 1147
13685.6796875 865
13697.76171875 939
13703.212890625 1497
13713.328125 2630
13722.0166015625 2752
13738.080078125 457
13746.857421875 309
13783.052734375 316
13783.3583984375 483
13783.76171875 484
13783.76171875 633
13785.408203125 1026
13804.103515625 1036
13827.09765625 1176
13832.513671875 1423
13834.64453125 1485
13852.0908203125 1590
13881.0341796875 1702
13893.09375 1759
13898.109375 1818
13906.0986328125 1958
13918.20703125 1963
13927.1162109375 1977
13928.3232421875 2053
13930.7919921875 2056
13934.337890625 2125
13950.90625 2304
13965.580078125 2356
14033.947265625 2477
14059.80078125 2533
14092.00390625 2732
14108.2041015625 2948
14110.919921875 1601
14116.673828125 2256
14154.0283203125 2104
14193.4404296875 284
14209.8056640625 182
14216.0166015625 916
14217.015625 1667
14222.2265625 1852
14223.203125 727
14240.8447265625 2036
14255.7021484375 2772
14264.306640625 130
14265.1484375 219
14276.5078125 394
14316.9091796875 405
14332.8369140625 634
14364.5078125 856
14365.54296875 983
14366.4423828125 1117
14409.5234375 1386
14427.509765625 1791
14437.2890625 1991
14463.080078125 2060
14484.685546875 2215
14508.8916015625 2314
14520.5859375 2440
14525.0 2467
14539.2021484375 2618
14546.103515625 2648
14553.6259765625 2694
14566.623046875 1772
14573.7587890625 818
14670.041015625 2907
14689.01953125 660
14696.998046875 1168
14699.2880859375 1145
14723.2080078125 1476
14736.2001953125 1618
14739.287109375 655
14752.130859375 1592
14752.91796875 2120
14755.7138671875 2557
14757.6416015625 112
14761.1640625 350
14763.8037109375 356
14768.8466796875 448
14792.8037109375 1500
14797.9345703125 1526
14802.7958984375 1587
14814.0283203125 1881
14854.0859375 1943
14891.8193359375 1962
14892.44921875 1995
14897.3525390625 2075
14897.9208984375 2118
14931.3310546875 2309
14932.587890625 2418
14944.103515625 2516
14973.20703125 2588
15001.4951171875 2605
15032.5751953125 2623
15047.7607421875 2937
15070.3955078125 1005
15089.49609375 110
15096.0673828125 2360
15119.888671875 121
15187.20703125 1046
15209.869140625 298
15230.3681640625 372
15251.9892578125 492
15257.9970703125 752
15265.25390625 838
15290.1103515625 903
15313.66015625 1034
15314.7607421875 1128
15335.890625 1187
15379.8408203125 1437
15426.3740234375 1488
15426.3740234375 1534
15464.369140625 1657
15494.849609375 1678
15497.98828125 1824
15498.263671875 1826
15499.36328125 1941
15506.591796875 1997
15544.0341796875 2318
15546.158203125 2327
15560.6689453125 2362
15576.4716796875 2404
15595.890625 2453
15609.6767578125 2458
15664.216796875 2496
15665.68359375 2696
15673.71875 2722
15694.255859375 2796
15716.98046875 2584
15718.486328125 2872
15739.8486328125 2159
15832.3466796875 1067
15864.6484375 371
15879.24609375 243
15885.958984375 1301
15900.169921875 311
15917.74609375 426
15948.283203125 648
15949.5712890625 720
15963.759765625 792
16006.3251953125 940
16012.1123046875 1006
16021.5673828125 1032
16032.2578125 1160
16161.49609375 1189
16177.349609375 2183
16179.6162109375 2190
16193.67578125 2301
16208.3544921875 1459
16213.7646484375 1649
16236.0673828125 353
16242.0625 2706
16322.4609375 1511
16335.1162109375 1778
16348.8232421875 329
16363.876953125 731
16372.6572265625 1400
16380.1142578125 2070
16388.796875 1480
16443.025390625 1714
16464.083984375 249
16469.884765625 94
16493.685546875 2823
16572.6640625 471
16573.91015625 473
16583.8828125 747
16593.77734375 915
16642.0859375 921
16653.462890625 993
16716.44140625 1072
16736.984375 1415
16780.65234375 1541
16787.6875 1746
16816.341796875 1949
16860.24609375 2079
16958.212890625 2219
16996.4609375 2258
17047.056640625 2413
17052.833984375 2628
17056.46484375 2828
17105.361328125 2903
17127.236328125 2996
17206.642578125 204
17238.271484375 1247
17258.21875 1410
17260.62890625 1888
17279.796875 1214
17282.93359375 1658
17296.447265625 2587
17300.6015625 380
17363.318359375 688
17372.201171875 1761
17373.37890625 66
17385.111328125 127
17394.4296875 179
17397.623046875 855
17474.33203125 1198
17499.138671875 1250
17509.10546875 1507
17549.111328125 1558
17560.076171875 2007
17569.044921875 2092
17600.3203125 2231
17658.943359375 2384
17670.806640625 2457
17695.98046875 2544
17702.05859375 2717
17745.720703125 2774
17749.408203125 2794
17765.7734375 2909
17778.82421875 972
17788.642578125 1138
17797.6640625 1442
17846.32421875 1137
17949.705078125 102
17993.337890625 667
18007.669921875 1935
18015.349609375 2352
18048.40234375 2887
18049.080078125 427
18070.458984375 1533
18087.05078125 170
18145.837890625 262
18187.673828125 306
18248.66796875 596
18513.822265625 805
18549.376953125 849
18678.916015625 850
18792.541015625 965
18861.40234375 976
18866.10546875 1058
18886.408203125 1403
18906.53125 1645
18932.9921875 1999
18947.5 2292
18985.748046875 2392
19013.982421875 2403
19034.671875 2497
19089.462890625 2524
19096.337890625 2601
19109.017578125 2652
19175.5703125 2657
19235.009765625 2761
19300.92578125 2839
19317.0 2939
19374.08984375 2984
19393.041015625 1027
19453.810546875 622
19534.15625 417
19536.53515625 450
19556.462890625 690
19611.1484375 969
19616.283203125 982
19744.833984375 1040
19804.802734375 1078
19834.720703125 1083
19841.5390625 1382
19881.59765625 1391
19952.248046875 1486
19954.548828125 1503
19996.830078125 1547
20001.60546875 1561
20003.46484375 1965
20026.173828125 2026
20033.001953125 2066
20040.373046875 2182
20065.474609375 2245
20103.990234375 2460
20127.626953125 2466
20164.4921875 2540
20165.779296875 2593
20191.1171875 2632
20214.607421875 2753
20337.7890625 2759
20431.291015625 2793
20491.455078125 2925
20513.98046875 2152
20553.421875 762
20553.48046875 2757
20575.01953125 37
20579.17578125 1624
20596.478515625 1271
20632.384765625 2370
20842.041015625 2895
20855.107421875 2411
20866.408203125 67
20916.314453125 150
20931.15625 171
21078.345703125 195
21140.416015625 363
21155.80078125 522
21159.01171875 657
21192.4375 701
21207.787109375 760
21213.79296875 811
21353.126953125 874
21431.65234375 875
21471.171875 1002
21501.9140625 1007
21513.5390625 1023
21514.015625 1356
21640.712890625 1378
21675.37109375 1489
21677.763671875 1629
21680.869140625 2721
21722.486328125 2032
21723.564453125 2259
21738.65234375 771
21754.296875 1543
21862.3984375 2241
21970.56640625 1964
22001.576171875 1625
22007.580078125 2693
22059.130859375 222
22084.380859375 258
22120.859375 281
22146.521484375 506
22146.884765625 582
22173.65234375 724
22225.32421875 879
22293.67578125 1003
22300.498046875 1171
22349.8828125 1182
22444.458984375 1588
22458.533203125 1685
22482.73046875 1758
22615.43359375 2300
22699.5390625 2310
22748.537109375 2705
22757.45703125 2845
22777.546875 2916
22787.732421875 1811
22818.064453125 2701
22911.822265625 421
23039.056640625 1440
23039.056640625 2337
23127.943359375 2531
23182.0 18
23240.6171875 29
23301.775390625 31
23326.0234375 104
23422.759765625 274
23453.33203125 321
23454.77734375 370
23576.71484375 375
23630.96484375 562
23630.96484375 914
23710.466796875 944
23774.384765625 1672
23903.58984375 1684
23906.62109375 1825
23943.6796875 1846
24138.08203125 1960
24229.794921875 1976
24243.115234375 2006
24247.765625 2319
24259.390625 2405
24354.296875 2550
24378.77734375 2606
24399.26953125 2768
24499.904296875 1081
24593.86328125 1780
24746.93359375 16
24757.296875 28
24861.13671875 125
24915.078125 212
25001.5859375 265
25115.0703125 295
25640.443359375 360
25875.3359375 364
25945.171875 937
26218.9296875 1077
26465.544921875 1101
26534.638671875 1241
27238.7578125 1243
27355.02734375 1307
27437.962890625 1343
27457.78125 1404
27535.39453125 1418
28263.94140625 1585
28717.658203125 1719
28865.068359375 1822
30103.46875 2009
30201.056640625 2164
30592.28515625 2214
30600.912109375 2250
31226.064453125 2263
32110.54296875 2342
33433.88671875 2359
35742.06640625 2547
