5701.85791015625 1781
5768.08935546875 81
5858.4150390625 229
6270.623046875 440
6385.09716796875 548
6385.09716796875 611
6612.1376953125 826
6659.92578125 834
6882.98486328125 848
6931.3486328125 871
7054.47216796875 893
7104.17333984375 1231
7119.189453125 1256
7128.568359375 1315
7130.0888671875 1458
7189.943359375 1550
7190.443359375 1671
7210.095703125 1711
7353.94140625 1815
7409.30908203125 1893
7442.7841796875 2312
7481.8076171875 2324
7491.46240234375 2385
7528.1416015625 2447
7550.67724609375 2562
7575.71826171875 2610
7602.087890625 2622
7635.93310546875 2853
7636.0986328125 2924
7709.431640625 2927
7794.427734375 2239
7892.31103515625 1446
7904.51171875 87
7909.57421875 251
7995.2265625 527
8013.5419921875 529
8034.6181640625 625
8146.58447265625 641
8255.64453125 693
8264.216796875 873
8319.908203125 881
8330.0390625 928
8355.22265625 1133
8368.3896484375 1283
8380.154296875 1318
8385.408203125 1346
8413.48046875 1417
8438.6259765625 1720
8463.22265625 1987
8502.9501953125 2226
8544.6435546875 2296
8546.1669921875 2515
8553.6904296875 2572
8575.21875 2669
8626.2998046875 2728
8652.7646484375 2734
8680.43359375 2746
8737.7548828125 2852
8770.791015625 2866
8794.966796875 2915
8825.3212890625 2949
8843.9296875 377
8896.818359375 2281
9026.193359375 160
9044.4619140625 1
9046.529296875 425
9088.44140625 446
9128.5146484375 800
9131.849609375 918
9136.7900390625 953
9168.7041015625 985
9230.0634765625 986
9249.3212890625 1008
9259.451171875 1043
9283.6328125 1270
9297.2099609375 1317
9302.96484375 1435
9313.8818359375 1548
9365.9140625 1606
9373.4921875 1661
9378.5361328125 1712
9413.2880859375 2010
9423.5029296875 2088
9427.544921875 2365
9459.84375 2410
9472.6611328125 2414
9510.2744140625 2482
9516.916015625 2560
9527.5546875 2781
9549.4130859375 2820
9562.5078125 997
9563.537109375 1362
9567.7177734375 1926
9583.6904296875 2997
9641.6181640625 254
9657.6826171875 388
9673.623046875 465
9702.01171875 498
9727.470703125 520
9747.658203125 962
9751.48828125 981
9822.4462890625 1156
9842.7509765625 1652
9862.251953125 2205
9863.8955078125 2339
9886.30078125 2417
9891.876953125 2494
9924.939453125 2687
9928.3662109375 1122
9933.02734375 1670
10105.3916015625 264
10119.7548828125 2173
10157.5244140625 1646
10174.298828125 2396
10239.8515625 49
10266.1982421875 189
10286.357421875 261
10318.7421875 263
10366.2412109375 430
10379.7822265625 831
10381.796875 899
10407.3310546875 1123
10460.6015625 1169
10461.984375 1350
10475.8701171875 1405
10479.892578125 1512
10524.84765625 1750
10531.7724609375 1769
10558.1015625 1908
10562.7373046875 1966
10577.3154296875 1982
10619.2021484375 1993
10619.216796875 2094
10635.732421875 2126
10654.4892578125 2141
10678.564453125 2171
10683.7421875 2174
10691.857421875 2177
10692.587890625 2237
10702.0693359375 2367
10709.01953125 2536
10714.2109375 2542
10716.1435546875 2582
10717.220703125 2675
10718.2451171875 2703
10729.0087890625 1873
10734.2353515625 2107
10741.056640625 1281
10762.0625 455
10767.7421875 470
10769.4921875 902
10776.0732421875 926
10791.947265625 967
10803.1953125 1104
10839.04296875 1225
10839.04296875 1286
10853.099609375 1506
10858.841796875 1516
10869.904296875 1599
10900.1376953125 1779
10908.412109375 1848
10918.8447265625 1867
10919.4287109375 1883
10919.62109375 2063
10926.240234375 2210
10934.1162109375 2246
10941.1201171875 2285
10950.5283203125 2361
10959.42578125 2686
10978.94140625 2700
10994.015625 88
10998.7490234375 586
11021.1806640625 136
11033.6455078125 1471
11065.01171875 226
11078.33203125 296
11104.4521484375 1197
11104.4521484375 1666
11108.4296875 2511
11148.431640625 101
11152.201171875 215
11152.201171875 549
11161.9072265625 550
11164.0791015625 573
11192.3701171875 1136
11242.48828125 1199
11286.849609375 1530
11297.98828125 1581
11299.38671875 1640
11305.4677734375 1688
11324.9580078125 1968
11328.302734375 2526
11336.58984375 2571
11339.501953125 2983
11404.0888671875 1787
11415.205078125 602
11422.4755859375 1146
11423.7705078125 253
11459.48828125 342
11466.30078125 843
11477.3095703125 1233
11532.248046875 1335
11541.5595703125 1394
11551.181640625 1737
11556.8564453125 1784
11565.9580078125 1950
11587.5478515625 2025
11598.349609375 2473
11606.599609375 2518
11631.630859375 999
11668.873046875 1056
11680.6826171875 1900
11706.61328125 1304
11708.6123046875 1326
11713.54296875 2967
11715.1474609375 1329
11755.6220703125 50
11765.6591796875 318
11781.0703125 389
11804.875 478
11834.607421875 491
11846.72265625 580
11868.583984375 599
11880.916015625 890
11884.8642578125 896
11895.2109375 909
11943.140625 919
11943.5029296875 995
11949.9521484375 1273
11987.3681640625 1342
11996.7265625 1430
12000.7705078125 1495
12010.6953125 1568
12024.974609375 1583
12034.99609375 1764
12088.25 1774
12118.140625 2065
12119.72265625 2117
12139.0 2181
12144.1513671875 2268
12156.42578125 2465
12163.28125 2664
12166.134765625 2760
12193.4287109375 2764
12195.28515625 2938
12204.306640625 2943
12216.1396484375 1860
12216.94140625 2880
12226.3662109375 1333
12232.552734375 2631
12246.0205078125 146
12263.2685546875 1538
12295.0458984375 21
12305.0634765625 34
12334.9677734375 200
12343.5888671875 288
12348.037109375 336
12349.4765625 385
12349.48046875 517
12371.3583984375 546
12396.390625 609
12402.904296875 614
12414.111328125 683
12424.703125 686
12473.484375 769
12482.35546875 1097
12500.1123046875 1221
12506.208984375 1322
12513.8125 1359
12525.5517578125 1376
12531.072265625 1686
12531.6923828125 1854
12536.998046875 2513
12549.564453125 2553
12559.900390625 2650
12562.216796875 2672
12570.20703125 2911
12570.6201171875 78
12571.7158203125 2713
12575.7353515625 2800
12576.1015625 2651
12587.0595703125 2970
12590.134765625 1045
12612.3037109375 1068
12613.76953125 2078
12617.8681640625 884
12627.1611328125 886
12628.4443359375 1028
12678.9189453125 1845
12686.8935546875 1932
12721.822265625 2489
12752.2021484375 90
12755.498046875 153
12757.498046875 240
12762.3173828125 256
12774.8740234375 531
12789.7958984375 644
12794.955078125 706
12814.896484375 775
12821.126953125 1163
12836.1357421875 1483
12846.0673828125 2114
12862.8583984375 2379
12876.5595703125 2424
12887.26171875 2433
12888.6376953125 2435
12904.7734375 2442
12913.28515625 2683
12923.048828125 2811
12931.044921875 2176
12972.080078125 169
12974.0751953125 2207
12982.8349609375 1144
12997.1953125 2180
13002.154296875 73
13003.1962890625 663
13044.392578125 677
13054.7890625 756
13060.3330078125 925
13084.46484375 927
13116.4990234375 946
13120.1923828125 996
13128.9140625 1141
13146.072265625 1202
13148.7275390625 1251
13186.884765625 1457
13198.9072265625 1502
13207.259765625 1591
13220.5263671875 1733
13229.140625 1735
13238.8740234375 1919
13244.111328125 1933
13251.4013671875 1955
13260.3857421875 2002
13269.3017578125 2335
13296.298828125 2341
13318.6044921875 2565
13325.0751953125 2695
13325.0751953125 2763
13332.5341796875 2840
13338.3662109375 2422
13339.775390625 1020
13381.4716796875 640
13387.5966796875 59
13405.6171875 177
13410.8037109375 191
13417.3369140625 575
13421.5244140625 687
13430.99609375 934
13476.7607421875 1119
13480.9169921875 1529
13493.0703125 1697
13494.619140625 1810
13496.052734375 1831
13501.7607421875 2354
13503.62109375 2528
13511.93359375 2679
13524.708984375 2712
13525.767578125 2747
13525.767578125 2809
13531.3369140625 2821
13547.275390625 2842
13562.6318359375 2860
13571.9765625 2906
13573.5439453125 2994
13575.1083984375 186
13575.291015625 223
13587.8447265625 1594
13606.07421875 410
13614.9833984375 631
13621.640625 132
13639.3486328125 2576
13646.267578125 1282
13654.236328125 488
13662.2578125 869
13674.1298828125 2059
13691.6328125 787
13693.587890625 904
13712.0517578125 137
13716.7900390625 275
13731.6572265625 328
13766.548828125 333
13774.9404296875 392
13779.890625 407
13782.4052734375 489
13799.0517578125 680
13802.515625 1022
13817.447265625 1290
13831.857421875 1358
13832.4443359375 1607
13840.4267578125 1653
13856.2880859375 2024
13865.638671875 2184
13896.8447265625 2221
13914.1630859375 2394
13914.7890625 2427
13924.5361328125 2517
13959.0400390625 2655
13961.609375 2704
13987.30859375 2900
13991.5146484375 2946
13999.6123046875 459
14012.59375 1408
14038.166015625 1339
14040.1845703125 22
14045.5009765625 45
14062.685546875 300
14064.375 812
14075.23046875 922
14119.7734375 947
14136.7626953125 975
14142.9375 1001
14174.8984375 1095
14177.6328125 1275
14179.109375 1664
14182.8505859375 1708
14184.4541015625 1763
14194.5390625 1766
14198.2314453125 1889
14201.025390625 2077
14219.51953125 2082
14237.2509765625 2131
14255.9794921875 2315
14291.9521484375 2317
14292.3310546875 2409
14296.08984375 2608
14298.134765625 2616
14303.5517578125 2649
14309.05859375 2819
14337.1123046875 2862
14337.5146484375 1164
14340.1162109375 2213
14359.494140625 1050
14364.0458984375 979
14376.75390625 1562
14386.748046875 1597
14403.9658203125 2334
14410.3251953125 587
14413.08203125 630
14415.1328125 777
14428.8515625 1012
14444.166015625 1064
14452.3623046875 1082
14455.669921875 1462
14485.1142578125 1501
14500.5224609375 1654
14507.2978515625 1800
14510.111328125 2656
14513.146484375 2884
14516.3671875 1416
14519.056640625 1575
14527.99609375 2889
14528.0849609375 445
14528.4873046875 30
14533.080078125 2484
14534.9638671875 38
14544.7275390625 40
14546.572265625 76
14547.7958984375 77
14549.5439453125 108
14558.5205078125 164
14565.11328125 211
14578.9453125 225
14582.720703125 376
14587.595703125 437
14590.326171875 510
14591.0849609375 646
14634.23046875 671
14643.921875 738
14661.765625 770
14662.3486328125 1434
14704.15625 1610
14735.46484375 1662
14739.130859375 1709
14739.501953125 1998
14764.6552734375 2166
14765.6533203125 2220
14777.009765625 2238
14788.6591796875 2255
14807.1142578125 2345
14809.05859375 2510
14822.6201171875 2581
14832.1748046875 2607
14839.05859375 2807
14857.0625 1015
14858.15234375 1984
14916.2109375 1258
14924.6474609375 2555
14926.673828125 1147
14944.447265625 865
14953.80078125 939
14958.173828125 1497
14970.37890625 2630
14979.05078125 2752
14982.1826171875 457
14989.05078125 309
15029.416015625 316
15045.6806640625 483
15058.2392578125 484
15063.4384765625 633
15070.3037109375 1026
15076.3076171875 1036
15084.8017578125 1176
15099.130859375 1423
15100.529296875 1485
15106.072265625 1590
15112.115234375 1702
15183.9111328125 1759
15197.1123046875 1818
15198.759765625 1958
15204.060546875 1963
15217.486328125 1977
15223.5390625 2053
15231.5205078125 2056
15234.037109375 2125
15234.46875 2304
15237.654296875 2356
15245.0869140625 2477
15252.8486328125 2533
15267.59375 2732
15276.5751953125 2948
15278.6923828125 1601
15281.5029296875 2256
15282.287109375 2104
15291.2177734375 284
15292.30859375 182
15303.236328125 916
15303.4462890625 1667
15314.158203125 1852
15322.0390625 727
15367.4765625 2036
15379.1064453125 2772
15382.625 130
15384.673828125 219
15386.9306640625 394
15411.8203125 405
15421.7578125 634
15428.955078125 856
15431.3759765625 983
15469.55078125 1117
15480.046875 1386
15499.572265625 1791
15519.8447265625 1991
15529.759765625 2060
15541.2626953125 2215
15552.3935546875 2314
15557.2490234375 2440
15573.478515625 2467
15573.7314453125 2618
15599.8056640625 2648
15600.01953125 2694
15618.970703125 1772
15628.34765625 818
15639.837890625 2907
15644.091796875 660
15646.6572265625 1168
15673.9013671875 1145
15700.474609375 1476
15726.9033203125 1618
15727.37109375 655
15727.37109375 1592
15728.306640625 2120
15743.8505859375 2557
15746.28515625 112
15756.3076171875 350
15764.1201171875 356
15774.974609375 448
15787.390625 1500
15802.2744140625 1526
15816.34765625 1587
15822.015625 1881
15873.716796875 1943
15918.55078125 1962
15924.6494140625 1995
15925.0869140625 2075
15946.083984375 2118
15958.328125 2309
15973.6591796875 2418
16006.103515625 2516
16011.8603515625 2588
16036.4873046875 2605
16037.21875 2623
16038.5419921875 2937
16048.08203125 1005
16054.111328125 110
16082.4912109375 2360
16091.958984375 121
16106.4150390625 1046
16114.40625 298
16116.31640625 372
16119.6201171875 492
16128.2900390625 752
16134.9931640625 838
16142.11328125 903
16147.3544921875 1034
16166.4423828125 1128
16170.1201171875 1187
16180.388671875 1437
16201.01953125 1488
16226.1455078125 1534
16236.609375 1657
16267.2607421875 1678
16285.365234375 1824
16291.4404296875 1826
16294.267578125 1941
16298.7587890625 1997
16300.2109375 2318
16309.2578125 2327
16330.619140625 2362
16335.740234375 2404
16338.6787109375 2453
16347.0390625 2458
16356.3134765625 2496
16380.54296875 2696
16384.30078125 2722
16384.30078125 2796
16396.09765625 2584
16424.625 2872
16445.755859375 2589
16451.5 2135
16473.015625 1802
16476.046875 1853
16480.380859375 1892
16535.90234375 1580
16536.86328125 25
16543.494140625 72
16557.26171875 343
16558.552734375 710
16565.263671875 755
16569.46875 885
16605.064453125 1683
16607.40625 1776
16608.36328125 1972
16625.201171875 2047
16653.828125 2138
16674.02734375 2185
16687.33203125 2344
16709.1171875 2545
16720.875 2573
16738.6328125 2855
16746.162109375 2159
16750.462890625 1067
16776.970703125 371
16782.44921875 243
16792.05859375 1301
16794.361328125 311
16803.462890625 426
16803.875 648
16840.41796875 720
16843.53125 792
16848.6015625 940
16854.1796875 1006
16867.806640625 1032
16876.720703125 1160
16893.40625 1189
16898.169921875 2183
16912.818359375 2190
16918.97265625 2301
16922.984375 1459
16928.3125 1649
16982.03125 353
16994.8125 2706
17014.611328125 1511
17038.73828125 1778
17039.548828125 329
17049.71484375 731
17051.818359375 1400
17055.96875 2070
17080.83203125 1480
17091.431640625 1714
17102.47265625 249
17156.80078125 94
17156.82421875 2823
17168.1328125 471
17187.65625 473
17211.23828125 747
17246.80859375 915
17249.41015625 921
17283.19140625 993
17283.205078125 1072
17310.64453125 1415
17354.431640625 1541
17379.3125 1746
17400.794921875 1949
17402.3046875 2079
17410.1953125 2219
17417.31640625 2258
17433.646484375 2413
17456.19921875 2628
17482.60546875 2828
17502.46484375 2903
17522.95703125 2996
17523.650390625 204
17545.4609375 1247
17548.390625 1410
17548.912109375 1888
17549.197265625 1214
17553.30859375 1658
17571.439453125 2587
17617.005859375 380
17634.48046875 688
17635.71875 1761
17644.01953125 66
17661.869140625 127
17669.5390625 179
17674.0078125 855
17696.486328125 1198
17700.330078125 1250
17716.970703125 1507
17736.001953125 1558
17736.513671875 2007
17760.64453125 2092
17803.955078125 2231
17877.484375 2384
17933.189453125 2457
17937.03515625 2544
17976.01953125 2717
17987.931640625 2774
18002.32421875 2794
18010.33203125 2909
18027.91015625 972
18035.85546875 1138
18050.6171875 1442
18054.06640625 1137
18066.923828125 102
18080.1484375 667
18095.587890625 1935
18119.84765625 2352
18125.5390625 2887
18154.892578125 427
18180.134765625 1533
18185.66015625 170
18201.84375 262
18204.861328125 306
18210.724609375 596
18221.283203125 805
18225.552734375 849
18244.294921875 850
18248.916015625 965
18268.1171875 976
18315.75 1058
18398.412109375 1403
18423.66796875 1645
18425.14453125 1999
18426.04296875 2292
18505.6953125 2392
18510.4609375 2403
18588.83984375 2497
18590.615234375 2524
18604.794921875 2601
18616.98046875 2652
18634.541015625 2657
18681.328125 2761
18683.814453125 2839
18696.5625 2939
18789.912109375 2984
18805.3515625 1027
18827.798828125 622
18841.4140625 417
18881.279296875 450
18889.673828125 690
18892.4140625 969
18897.068359375 982
18902.47265625 1040
18971.984375 1078
18985.541015625 1083
18997.7109375 1382
19006.220703125 1391
19013.6015625 1486
19025.64453125 1503
19040.501953125 1547
19069.578125 1561
19087.4453125 1965
19209.904296875 2026
19213.34765625 2066
19251.873046875 2182
19259.0 2245
19307.05859375 2460
19399.64453125 2466
19430.275390625 2540
19519.841796875 2593
19580.51171875 2632
19589.861328125 2753
19593.322265625 2759
19625.658203125 2793
19636.328125 2925
19670.673828125 2152
19709.78515625 762
19713.21875 2757
19733.06640625 37
19758.330078125 1624
19804.4140625 1271
19805.08984375 2370
19823.703125 2895
19846.703125 2411
19872.443359375 67
19875.916015625 150
19898.08203125 171
19945.6015625 195
19959.994140625 363
20011.125 522
20103.462890625 657
20105.2578125 701
20119.841796875 760
20172.65625 811
20175.22265625 874
20210.8984375 875
20212.6015625 1002
20216.875 1007
20218.673828125 1023
20305.7265625 1356
20342.18359375 1378
20350.337890625 1489
20370.853515625 1629
20374.501953125 2721
20472.111328125 2032
20483.619140625 2259
20496.689453125 771
20499.646484375 1543
20516.044921875 2241
20612.1484375 1964
20624.087890625 1625
20698.36328125 2693
20726.54296875 222
20781.884765625 258
20789.76171875 281
20840.90234375 506
20869.033203125 582
20874.3359375 724
20976.443359375 879
21005.1171875 1003
21039.75390625 1171
21041.896484375 1182
21043.845703125 1588
21290.88671875 1685
21301.857421875 1758
21303.326171875 2300
21369.828125 2310
21423.029296875 2705
21478.380859375 2845
21480.361328125 2916
21498.529296875 1811
22047.5703125 2701
22096.6875 421
22136.173828125 1440
22174.638671875 2337
22317.515625 2531
22350.408203125 18
22358.88671875 29
22399.146484375 31
22399.146484375 104
22767.19140625 274
22771.884765625 321
22779.94921875 370
22815.203125 375
22918.150390625 562
22941.71875 914
22959.96875 944
23141.005859375 1672
23216.56640625 1684
23432.072265625 1825
23452.681640625 1846
23510.390625 1960
23674.48046875 1976
23697.31640625 2006
23713.029296875 2319
23827.744140625 2405
23905.044921875 2550
23984.58984375 2606
23987.7421875 2768
24274.978515625 1081
24277.236328125 1780
24286.33984375 16
24358.904296875 28
24531.849609375 125
24644.076171875 212
24687.923828125 265
24918.728515625 295
25158.16015625 360
25303.90625 364
26021.33203125 937
26188.119140625 1077
26453.24609375 1101
26463.40625 1241
26564.453125 1243
26821.19921875 1307
26904.376953125 1343
27331.880859375 1404
27976.796875 1418
28869.259765625 1585
28963.310546875 1719
29573.970703125 1822
29917.470703125 2009
29970.470703125 2164
32176.77734375 2214
32398.16015625 2250
32791.875 2263
34383.0390625 2342
34837.328125 2359
39601.28515625 2547
