2956.12255859375 182
3139.555908203125 916
3547.7255859375 1667
3628.630615234375 1852
3736.90087890625 727
3747.3779296875 2036
3763.84814453125 2772
3828.76416015625 130
4034.3515625 219
4061.36865234375 394
4107.94921875 405
4129.4658203125 634
4179.47119140625 856
4256.64453125 983
4277.7705078125 1117
4320.1982421875 1386
4328.5634765625 1791
4417.826171875 1991
4607.89990234375 2060
4607.89990234375 2215
4710.0400390625 2314
4828.271484375 2440
4861.44189453125 2467
4945.208984375 2618
4975.91455078125 2648
4990.80517578125 2694
5042.0439453125 1772
5064.2783203125 818
5132.82421875 2907
5178.60693359375 660
5180.755859375 1446
5415.32373046875 87
5425.4111328125 251
5498.74072265625 527
5498.74072265625 529
5506.818359375 625
5623.53564453125 641
5690.845703125 693
5861.9765625 873
5967.16845703125 881
6297.01708984375 928
6320.07568359375 1133
6438.30029296875 1283
6499.5751953125 1318
6631.7646484375 1346
6754.97998046875 1417
6812.76416015625 1720
6838.67529296875 1987
6848.00439453125 2226
6859.14697265625 2296
6908.12890625 2515
6938.1650390625 2572
7031.89208984375 2669
7325.8310546875 2728
7382.341796875 2734
7395.87060546875 2746
7452.72998046875 2852
7453.26806640625 2866
7804.46826171875 2915
8000.4736328125 2949
8048.33203125 377
8054.31591796875 2281
8114.41796875 160
8274.4765625 1
8275.134765625 425
8472.9677734375 446
8503.6416015625 800
8738.1015625 918
8910.1259765625 953
8936.890625 985
8953.734375 986
8962.015625 1008
8998.2314453125 1043
9006.896484375 1270
9153.4052734375 1317
9182.861328125 1435
9221.2705078125 1548
9297.03515625 1606
9307.8173828125 1661
9348.1328125 1712
9427.7919921875 2010
9494.9853515625 2088
9544.828125 2365
9581.91015625 2410
9648.18359375 2414
9656.494140625 2482
9718.052734375 2560
9731.025390625 2781
9753.740234375 2820
9833.2939453125 997
9843.4306640625 1781
9885.8779296875 81
9901.583984375 229
9977.52734375 440
9989.9267578125 548
10059.431640625 611
10077.775390625 826
10102.373046875 834
10104.998046875 848
10138.7236328125 871
10178.2626953125 893
10183.3076171875 1231
10263.03515625 1256
10284.484375 1315
10308.724609375 1458
10417.8076171875 1550
10440.8232421875 1671
10479.015625 1711
10479.3515625 1815
10486.443359375 1893
10502.1103515625 2312
10511.771484375 2324
10576.529296875 2385
10580.1669921875 2447
10672.154296875 2562
10684.5009765625 2610
10720.916015625 2622
10727.0537109375 2853
10735.1328125 2924
10862.6142578125 2927
10930.9775390625 2239
11029.482421875 1362
11087.2265625 1926
11104.193359375 2997
11127.84375 254
11165.0693359375 388
11168.904296875 465
11177.125 498
11186.1875 520
11186.396484375 962
11192.228515625 981
11207.29296875 1156
11268.2158203125 1652
11346.1044921875 2205
11354.916015625 2339
11359.4326171875 2417
11362.26171875 2494
11417.9990234375 2687
11465.5712890625 1122
11489.9404296875 1670
11518.83984375 264
11544.8818359375 2173
11643.23046875 1646
11655.865234375 2396
11712.119140625 49
11739.8994140625 189
11739.8994140625 261
11760.412109375 263
11770.3046875 430
11772.404296875 831
11831.5283203125 899
11852.580078125 1123
11862.01953125 1169
11890.044921875 1350
11909.4189453125 1405
11915.75 1512
11920.720703125 1750
11932.6025390625 1769
11970.638671875 1908
12050.70703125 1966
12056.373046875 1982
12069.935546875 1993
12072.6796875 2094
12078.828125 2126
12126.3173828125 2141
12140.9931640625 2171
12165.408203125 2174
12174.302734375 2177
12174.9892578125 2237
12185.228515625 2367
12209.2275390625 2536
12210.701171875 2542
12244.4296875 2582
12267.9345703125 2675
12292.3212890625 2703
12303.0068359375 1873
12329.2197265625 2107
12330.12890625 1281
12371.2216796875 455
12378.4345703125 470
12383.5380859375 902
12393.4208984375 926
12411.3720703125 967
12419.4345703125 1104
12428.5419921875 1225
12459.6357421875 1286
12471.0302734375 1506
12482.4033203125 1516
12493.8974609375 1599
12508.9111328125 1779
12524.392578125 1848
12563.0751953125 1867
12572.69140625 1883
12579.2158203125 2063
12585.375 2210
12612.47265625 2246
12654.7109375 2285
12704.2431640625 2361
12735.603515625 2686
12757.59765625 2700
12763.8408203125 88
12828.091796875 586
12871.32421875 136
12872.1337890625 1471
12873.236328125 226
12911.4462890625 296
12913.1376953125 1197
12921.697265625 1666
12923.9375 2511
12926.6591796875 101
12927.5 215
12928.8115234375 549
12966.1923828125 550
12970.107421875 573
13002.8056640625 1136
13010.90234375 1199
13020.4814453125 1530
13057.5966796875 1581
13060.501953125 1640
13065.7900390625 1688
13071.216796875 1968
13088.26171875 2526
13124.43359375 2571
13132.3173828125 2983
13149.8017578125 1787
13172.0830078125 602
13178.62109375 1146
13180.75390625 253
13185.5361328125 342
13191.08203125 843
13222.5947265625 1233
13225.21484375 1335
13238.7216796875 1394
13246.197265625 1737
13247.99609375 1784
13262.17578125 1950
13273.9814453125 2025
13281.0703125 2473
13284.1611328125 2518
13291.015625 999
13304.7412109375 1056
13316.58203125 1900
13323.2080078125 1304
13326.58984375 1326
13376.263671875 2967
13383.8544921875 1329
13408.3779296875 50
13414.93359375 318
13416.6279296875 389
13422.22265625 478
13480.162109375 491
13498.0 580
13521.9716796875 599
13537.287109375 890
13550.6171875 896
13555.21484375 909
13563.5341796875 919
13563.9208984375 995
13576.482421875 1273
13581.0859375 1342
13585.1728515625 1430
13592.8408203125 1495
13593.828125 1568
13598.5615234375 1583
13607.34375 1764
13628.615234375 1774
13631.068359375 2065
13631.068359375 2117
13631.193359375 2181
13633.1298828125 2268
13666.4169921875 2465
13666.876953125 2664
13675.46484375 2760
13708.4130859375 2764
13714.30859375 2938
13734.515625 2943
13766.2890625 1860
13790.6484375 2880
13822.47265625 1333
13830.3642578125 2631
13831.4619140625 146
13836.0205078125 1538
13848.2060546875 21
13851.6337890625 34
13873.697265625 200
13876.9423828125 288
13887.900390625 336
13889.23828125 385
13905.5703125 517
13907.09375 546
13950.0634765625 609
13953.509765625 614
13964.42578125 683
13984.7666015625 686
14025.037109375 769
14031.0537109375 1097
14064.806640625 1221
14075.7080078125 1322
14080.2197265625 1359
14100.5234375 1376
14109.169921875 1686
14136.884765625 1854
14146.22265625 2513
14182.2412109375 2553
14259.2177734375 2650
14263.142578125 2672
14286.4833984375 2911
14289.455078125 78
14319.61328125 2713
14327.7021484375 2800
14336.5966796875 2651
14365.6142578125 2970
14370.70703125 1045
14392.205078125 1068
14401.7841796875 2078
14402.6513671875 884
14436.2373046875 886
14437.40625 1028
14439.3984375 1845
14447.02734375 1932
14464.59765625 2489
14470.697265625 90
14482.546875 153
14484.0009765625 240
14499.5888671875 256
14509.97265625 531
14561.451171875 644
14598.9267578125 706
14604.3935546875 775
14611.693359375 1163
14627.0361328125 1483
14632.1103515625 2114
14634.376953125 2379
14646.2275390625 2424
14650.9609375 2433
14661.3935546875 2435
14668.849609375 2442
14673.6162109375 2683
14674.6279296875 2811
14697.203125 2176
14698.7841796875 169
14706.33984375 2207
14708.3544921875 1144
14732.9609375 2180
14768.986328125 73
14785.572265625 663
14789.7998046875 677
14797.33203125 756
14807.07421875 925
14826.5625 927
14839.1396484375 946
14843.0458984375 996
14854.6513671875 1141
14872.4765625 1202
14879.9384765625 1251
14899.056640625 1457
14951.5986328125 1502
14966.7763671875 1591
14978.1025390625 1733
15003.015625 1735
15056.2705078125 1919
15069.2529296875 1933
15069.4384765625 1955
15083.89453125 2002
15123.771484375 2335
15219.9482421875 2341
15240.990234375 2565
15267.0390625 2695
15269.306640625 2763
15287.71875 2840
15291.5703125 2422
15297.9443359375 1020
15335.99609375 640
15358.9345703125 59
15367.2080078125 177
15388.5048828125 191
15395.75390625 575
15405.8671875 687
15413.93359375 934
15460.1962890625 1119
15483.9375 1529
15484.642578125 1697
15488.0859375 1810
15495.0068359375 1831
15495.064453125 2354
15499.462890625 2528
15515.087890625 2679
15557.6337890625 2712
15562.2880859375 2747
15580.1728515625 2809
15595.296875 2821
15595.8232421875 2842
15596.30078125 2860
15616.0419921875 2906
15624.6240234375 2994
15669.3515625 186
15669.8828125 223
15699.98046875 1594
15702.51171875 410
15703.3095703125 631
15714.703125 132
15751.2724609375 2576
15751.8125 1282
15760.529296875 488
15769.916015625 869
15776.2451171875 2059
15787.673828125 787
15818.873046875 904
15830.3466796875 137
15848.8662109375 275
15850.298828125 328
15875.5234375 333
15875.958984375 392
15889.728515625 407
15923.265625 489
15926.9638671875 680
15927.3056640625 1022
15927.908203125 1290
15942.6337890625 1358
15942.7080078125 1607
15949.7412109375 1653
15951.958984375 2024
15983.6982421875 2184
16024.7109375 2221
16043.900390625 2394
16115.6728515625 2427
16140.484375 2517
16143.6337890625 2655
16155.4169921875 2704
16157.3857421875 2900
16180.6787109375 2946
16189.63671875 459
16206.8251953125 1408
16216.4814453125 1339
16250.0185546875 22
16254.1259765625 45
16265.4501953125 300
16284.41015625 812
16287.927734375 922
16299.77734375 947
16311.1328125 975
16328.9541015625 1001
16378.947265625 1095
16383.5986328125 1275
16386.619140625 1664
16393.232421875 1708
16406.388671875 1763
16444.19140625 1766
16447.283203125 1889
16459.412109375 2077
16480.171875 2082
16488.240234375 2131
16500.43359375 2315
16521.083984375 2317
16525.08203125 2409
16530.34375 2608
16535.046875 2616
16544.18359375 2649
16549.56640625 2819
16554.25 2862
16662.12890625 1164
16694.34765625 2213
16698.6640625 1050
16712.849609375 979
16713.869140625 1562
16744.23828125 1597
16744.345703125 2334
16749.15234375 587
16754.6953125 630
16819.41796875 777
16831.259765625 1012
16850.80859375 1064
16879.82421875 1082
16885.6015625 1462
16886.353515625 1501
16888.884765625 1654
16915.9765625 1800
16924.943359375 2656
16930.162109375 2884
16940.560546875 1416
16945.0703125 1575
16970.0 2889
17006.482421875 445
17039.728515625 30
17065.744140625 2484
17070.96875 38
17121.689453125 40
17124.248046875 76
17126.43359375 77
17127.87890625 108
17149.91796875 164
17151.123046875 211
17154.03515625 225
17178.62109375 376
17193.087890625 437
17219.015625 510
17254.73828125 646
17283.68359375 671
17283.73046875 738
17301.46875 770
17321.724609375 1434
17326.908203125 1610
17339.43359375 1662
17385.88671875 1709
17392.037109375 1998
17413.697265625 2166
17420.140625 2220
17450.6015625 2238
17462.359375 2255
17488.966796875 2345
17532.5078125 2510
17542.947265625 2581
17543.53125 2607
17556.63671875 2807
17564.689453125 1015
17564.875 1984
17605.677734375 1258
17607.734375 2555
17611.39453125 1147
17611.66015625 865
17620.19921875 939
17626.623046875 1497
17683.169921875 2630
17703.203125 2752
17773.83984375 457
17797.8671875 309
17825.20703125 316
17896.09765625 483
17898.986328125 484
17948.498046875 633
17960.099609375 1026
17983.734375 1036
18017.392578125 1176
18032.060546875 1423
18046.33203125 1485
18056.78515625 1590
18069.044921875 1702
18145.49609375 1759
18155.04296875 1818
18165.568359375 1958
18171.4765625 1963
18179.958984375 1977
18183.9375 2053
18187.62109375 2056
18233.92578125 2125
18249.537109375 2304
18271.240234375 2356
18278.6484375 2477
18289.173828125 2533
18297.978515625 2732
18298.35546875 2948
18320.826171875 1601
18322.251953125 2256
18353.841796875 2104
18381.58203125 284
18394.58203125 1168
18439.71484375 1145
18446.337890625 1476
18496.599609375 1618
18501.935546875 655
18502.109375 1592
18522.134765625 2120
18544.966796875 2557
18545.998046875 112
18552.94921875 350
18563.294921875 356
18607.5234375 448
18645.6640625 1500
18660.1328125 1526
18676.17578125 1587
18704.576171875 1881
18712.634765625 1943
18752.78125 1962
18763.31640625 1995
18767.7890625 2075
18796.138671875 2118
18796.208984375 2309
18812.54296875 2418
18836.5625 2516
18844.66015625 2588
18865.873046875 2605
18872.3984375 2623
18891.552734375 2937
18920.3515625 1005
18978.1171875 110
18991.619140625 2360
18995.5 121
19017.611328125 1046
19020.359375 298
19028.33984375 372
19035.765625 492
19041.046875 752
19056.052734375 838
19114.74609375 903
19130.447265625 1034
19141.333984375 1128
19141.6484375 1187
19165.310546875 1437
19169.111328125 1488
19170.228515625 1534
19200.322265625 1657
19237.21875 1678
19243.677734375 1824
19268.1171875 1826
19274.111328125 1941
19408.8203125 1997
19427.755859375 2318
19431.794921875 2327
19452.73046875 2362
19479.396484375 2404
19508.79296875 2453
19528.810546875 2458
19554.9140625 2496
19572.185546875 2696
19582.025390625 2722
19591.55859375 2796
19596.83984375 2584
19615.828125 2872
19616.51171875 2589
19619.333984375 2135
19648.892578125 1802
19674.611328125 1853
19676.173828125 1892
19704.017578125 1580
19715.2421875 25
19743.61328125 72
19745.18359375 343
19766.76953125 710
19769.890625 755
19792.552734375 885
19805.830078125 1683
19868.744140625 1776
19876.92578125 1972
19941.09375 2047
19995.966796875 2138
19998.763671875 2185
19999.177734375 2344
20006.611328125 2545
20016.73828125 2573
20017.568359375 2855
20038.8125 2159
20135.798828125 1067
20137.033203125 371
20171.443359375 243
20188.7890625 1301
20212.724609375 311
20303.8359375 426
20314.6953125 648
20345.763671875 720
20360.044921875 792
20361.06640625 940
20368.830078125 1006
20389.166015625 1032
20403.806640625 1160
20447.78125 1189
20455.541015625 2183
20463.515625 2190
20465.232421875 2301
20472.41796875 1459
20488.986328125 1649
20493.189453125 353
20530.2890625 2706
20540.33984375 1511
20552.931640625 1778
20736.919921875 329
20737.5078125 731
20748.541015625 1400
20752.056640625 2070
20762.068359375 1480
20769.595703125 1714
20776.572265625 249
20787.029296875 94
20787.029296875 2823
20792.021484375 471
20795.6796875 473
20806.919921875 747
20815.650390625 915
20816.8671875 921
20822.873046875 993
20832.068359375 1072
20860.25 1415
20860.59375 1541
20865.232421875 1746
20926.10546875 1949
20938.3359375 2079
20968.869140625 2219
20978.658203125 2258
20984.783203125 2413
20988.65625 2628
21060.732421875 2828
21069.41015625 2903
21084.666015625 2996
21087.248046875 204
21095.896484375 1247
21096.88671875 1410
21162.146484375 1888
21182.0078125 1214
21186.138671875 1658
21205.892578125 2587
21265.2890625 380
21277.21875 688
21278.15234375 1761
21286.70703125 66
21294.68359375 127
21318.771484375 179
21321.58203125 855
21349.3203125 1198
21426.328125 1250
21491.580078125 1507
21514.736328125 1558
21612.36328125 2007
21620.318359375 2092
21627.466796875 2231
21631.203125 2384
21652.96484375 2457
21664.958984375 2544
21667.328125 2717
21667.927734375 2774
21683.423828125 2794
21713.890625 2909
21741.611328125 972
21753.443359375 1138
21777.146484375 1442
21855.74609375 1137
21875.322265625 102
21877.9296875 667
21892.375 1935
21922.4140625 2352
21953.876953125 2887
22004.109375 427
22053.779296875 1533
22062.0546875 170
22081.8359375 262
22110.958984375 306
22136.189453125 596
22138.06640625 805
22143.00390625 849
22195.21875 850
22211.919921875 965
22219.50390625 976
22230.623046875 1058
22253.748046875 1403
22260.0234375 1645
22271.912109375 1999
22285.080078125 2292
22312.2109375 2392
22317.9921875 2403
22345.40234375 2497
22389.0859375 2524
22390.873046875 2601
22391.91015625 2652
22401.59765625 2657
22420.8828125 2761
22432.982421875 2839
22454.130859375 2939
22472.583984375 2984
22486.35546875 1027
22556.427734375 622
22568.41796875 417
22573.51953125 450
22576.0078125 690
22578.603515625 969
22584.0703125 982
22630.40625 1040
22641.896484375 1078
22727.994140625 1083
22827.544921875 1382
22827.9375 1391
22841.09375 1486
22852.087890625 1503
22866.720703125 1547
22898.80859375 1561
22919.10546875 1965
23026.33984375 2026
23032.7109375 2066
23041.53125 2182
23069.677734375 2245
23079.86328125 2460
23124.990234375 2466
23158.1015625 2540
23161.912109375 2593
23324.16015625 2632
23324.7109375 2753
23341.92578125 2759
23370.505859375 2793
23375.361328125 2925
23397.802734375 2152
23441.556640625 762
23449.767578125 2757
23462.9765625 37
23478.7265625 1624
23522.07421875 1271
23560.638671875 2370
23562.05078125 2895
23654.79296875 2411
23665.041015625 67
23731.79296875 150
23772.1953125 171
23783.0703125 195
23816.236328125 363
23917.423828125 522
23922.46484375 657
24022.259765625 701
24168.763671875 760
24178.556640625 811
24192.56640625 874
24205.833984375 875
24209.974609375 1002
24343.291015625 1007
24360.544921875 1023
24361.08203125 1356
24366.08984375 1378
24375.33984375 1489
24397.095703125 1629
24518.57421875 2721
24524.197265625 2032
24694.296875 2259
24773.84375 771
24852.71875 1543
24864.89453125 2241
24905.869140625 1964
24912.248046875 1625
24921.80078125 2693
24931.615234375 222
25033.91796875 258
25088.88671875 281
25103.7265625 506
25109.849609375 582
25149.123046875 724
25177.88671875 879
25183.818359375 1003
25248.12109375 1171
25267.11328125 1182
25305.478515625 1588
25377.564453125 1685
25499.009765625 1758
25546.4453125 2300
25680.26953125 2310
25827.18359375 2705
25883.69921875 2845
25887.51953125 2916
25926.673828125 1811
25969.109375 2701
26008.294921875 421
26018.5859375 1440
26020.115234375 2337
26117.203125 2531
26383.0390625 18
26445.986328125 29
26485.48828125 31
26889.61328125 104
27113.91015625 274
27166.56640625 321
27169.125 370
27169.125 375
27171.755859375 562
27290.490234375 914
27297.6640625 944
27371.953125 1672
27596.81640625 1684
27612.787109375 1825
27628.41796875 1846
27666.73828125 1960
27994.015625 1976
28216.826171875 2006
28267.8203125 2319
28349.3203125 2405
28397.859375 2550
28502.8671875 2606
28504.1953125 2768
28504.732421875 1081
28544.78515625 1780
28614.21875 16
28696.416015625 28
28900.6171875 125
28994.775390625 212
29176.623046875 265
29215.845703125 295
29331.37109375 360
29509.884765625 364
29569.10546875 937
29588.42578125 1077
29649.806640625 1101
29775.607421875 1241
29814.27734375 1243
29999.130859375 1307
30311.57421875 1343
30400.634765625 1404
30493.51171875 1418
30743.0390625 1585
30918.654296875 1719
30985.576171875 1822
30990.548828125 2009
31079.416015625 2164
31375.390625 2214
31409.068359375 2250
31650.6015625 2263
31663.72265625 2342
32971.28125 2359
33624.63671875 2547
