7143.31982421875 1575
7966.1513671875 2889
7986.486328125 445
8095.5419921875 30
8179.478515625 2484
8298.150390625 38
8300.6953125 40
8502.740234375 76
8703.0703125 77
8729.9765625 108
8865.0634765625 164
8872.1552734375 211
8899.6259765625 225
8930.4736328125 376
8979.189453125 437
8983.001953125 510
9011.4189453125 646
9032.8134765625 671
9050.841796875 738
9069.513671875 770
9099.4404296875 1434
9141.931640625 1610
9181.9619140625 1662
9191.724609375 1709
9291.7080078125 1998
9302.6669921875 2166
9316.50390625 2220
9318.5751953125 2238
9335.328125 2255
9337.01171875 2345
9355.009765625 2510
9357.185546875 2581
9399.33984375 2607
9428.3447265625 2807
9437.271484375 1015
9442.25 1984
9447.0830078125 1258
9448.51171875 2555
9478.4990234375 1446
9490.052734375 87
9530.1015625 251
9532.9140625 527
9541.064453125 529
9596.6494140625 625
9597.802734375 641
9603.1181640625 693
9650.2333984375 873
9651.0673828125 881
9661.373046875 928
9661.986328125 1133
9669.3232421875 1283
9690.4423828125 1318
9699.15625 1346
9700.58203125 1417
9726.1904296875 1720
9730.16015625 1987
9746.857421875 2226
9748.7431640625 2296
9761.7431640625 2515
9790.1181640625 2572
9792.7431640625 2669
9812.287109375 2728
9816.56640625 2734
9825.298828125 2746
9847.4091796875 2852
9848.474609375 2866
9850.4326171875 2915
9860.60546875 2949
9922.931640625 377
9927.4404296875 2281
9932.189453125 160
9934.57421875 1
9935.9638671875 425
9949.998046875 446
9966.3583984375 800
9984.0 918
9984.953125 953
9986.1044921875 985
9986.4619140625 986
9987.9951171875 1008
9994.03515625 1043
9994.3837890625 1270
9997.626953125 1317
10004.7392578125 1435
10017.7607421875 1548
10027.94140625 1606
10029.541015625 1661
10032.236328125 1712
10054.173828125 2010
10054.76171875 2088
10055.7421875 2365
10069.185546875 2410
10079.662109375 2414
10081.4033203125 2482
10089.685546875 2560
10090.2900390625 2781
10105.0703125 2820
10116.6259765625 997
10117.791015625 1781
10118.9814453125 81
10128.53515625 229
10131.990234375 440
10134.6474609375 548
10135.380859375 611
10141.67578125 826
10142.3056640625 834
10152.7412109375 848
10152.947265625 871
10160.6826171875 893
10161.591796875 1231
10169.7783203125 1256
10175.091796875 1315
10182.0751953125 1458
10182.7314453125 1550
10188.44140625 1671
10199.2626953125 1711
10215.859375 1815
10226.01953125 1893
10246.501953125 2312
10258.4267578125 2324
10259.9443359375 2385
10259.9443359375 2447
10266.2119140625 2562
10271.75390625 2610
10276.322265625 2622
10288.6640625 2853
10298.9130859375 2924
10321.90234375 2927
10325.86328125 2239
10326.2734375 1362
10337.8642578125 1926
10341.15234375 2997
10343.0185546875 254
10347.0302734375 388
10352.970703125 465
10375.396484375 498
10384.2216796875 520
10389.61328125 962
10412.8271484375 981
10413.3271484375 1156
10416.2109375 1652
10436.0712890625 2205
10443.060546875 2339
10446.76171875 2417
10447.705078125 2494
10449.4716796875 2687
10459.958984375 1122
10463.59375 1670
10471.5595703125 264
10471.8974609375 2173
10484.654296875 1646
10495.6259765625 2396
10496.373046875 49
10506.8037109375 189
10512.2744140625 261
10512.3466796875 263
10517.826171875 430
10524.9736328125 831
10537.0634765625 899
10542.7431640625 1123
10545.701171875 1169
10573.17578125 1350
10586.078125 1405
10586.46875 1512
10589.66015625 1750
10607.03515625 1769
10633.14453125 1908
10638.7919921875 1966
10647.08203125 1982
10647.5478515625 1993
10663.5439453125 2094
10667.5458984375 2126
10667.6767578125 2141
10678.4072265625 2171
10679.640625 2174
10691.201171875 2177
10699.263671875 2237
10705.083984375 2367
10705.6494140625 2536
10713.9013671875 2542
10715.390625 2582
10722.45703125 2675
10725.96484375 2703
10745.607421875 1873
10760.095703125 2107
10762.5966796875 1281
10776.1025390625 455
10794.9296875 470
10830.7978515625 902
10834.3046875 926
10834.4560546875 967
10858.037109375 1104
10883.1875 1225
10885.5126953125 1286
10885.783203125 1506
10898.859375 1516
10900.318359375 1599
10902.6396484375 1779
10912.744140625 1848
10913.87109375 1867
10916.61328125 1883
10930.0791015625 2063
10932.88671875 2210
10935.1904296875 2246
10944.3583984375 2285
10950.2265625 2361
10966.9736328125 2686
10970.6572265625 2700
10974.142578125 88
10979.0341796875 586
10979.2021484375 136
10980.892578125 1471
10987.40625 226
10995.353515625 296
11004.3408203125 1197
11004.81640625 1666
11016.3115234375 2511
11017.3623046875 101
11023.6728515625 215
11024.34375 549
11028.4111328125 550
11036.5361328125 573
11038.3720703125 1136
11053.52734375 1199
11054.4130859375 1530
11054.84375 1581
11063.9921875 1640
11067.2490234375 1688
11069.49609375 1968
11074.9453125 2526
11079.1611328125 2571
11080.96875 2983
11083.1533203125 1787
11089.11328125 602
11093.3828125 1146
11098.0869140625 253
11098.0869140625 342
11098.193359375 843
11123.74609375 1233
11124.5205078125 1335
11127.23046875 1394
11134.9970703125 1737
11140.5517578125 1784
11143.2421875 1950
11147.36328125 2025
11153.271484375 2473
11167.4892578125 2518
11172.7431640625 999
11173.544921875 1056
11175.8203125 1900
11179.654296875 1304
11184.0703125 1326
11187.423828125 2967
11192.236328125 1329
11193.26171875 50
11194.9482421875 318
11208.8388671875 389
11212.5458984375 478
11215.4248046875 491
11222.30859375 580
11225.6484375 599
11229.0078125 890
11232.3857421875 896
11246.0419921875 909
11259.927734375 919
11281.056640625 995
11291.1015625 1273
11294.7626953125 1342
11297.7734375 1430
11304.5078125 1495
11305.49609375 1568
11311.3447265625 1583
11312.2548828125 1764
11321.8740234375 1774
11327.9775390625 2065
11338.037109375 2117
11342.5810546875 2181
11361.986328125 2268
11367.2744140625 2465
11373.341796875 2664
11375.1865234375 2760
11375.6875 2764
11377.205078125 2938
11398.794921875 2943
11409.83203125 1860
11411.953125 2880
11426.576171875 1333
11431.16015625 2631
11432.021484375 146
11438.861328125 1538
11440.908203125 21
11449.0654296875 34
11458.28125 200
11458.28125 288
11461.275390625 336
11461.353515625 385
11465.8603515625 517
11474.111328125 546
11483.662109375 609
11485.4580078125 614
11486.5595703125 683
11512.5703125 686
11514.822265625 769
11527.1416015625 1097
11529.875 1221
11549.787109375 1322
11552.931640625 1359
11553.9111328125 1376
11558.919921875 1686
11559.400390625 1854
11566.2353515625 2513
11568.658203125 2553
11572.8564453125 2650
11586.505859375 2672
11595.8984375 2911
11606.611328125 78
11618.7490234375 2713
11630.6396484375 2800
11630.9287109375 2651
11641.443359375 2970
11642.033203125 1045
11644.7880859375 1068
11645.47265625 2078
11651.5966796875 884
11674.771484375 886
11676.8974609375 1028
11694.5361328125 1845
11697.2587890625 1932
11699.06640625 2489
11708.154296875 90
11708.193359375 153
11709.7392578125 240
11716.072265625 256
11721.2216796875 531
11723.087890625 644
11728.595703125 706
11731.427734375 775
11734.046875 1163
11753.806640625 1483
11753.8916015625 2114
11755.873046875 2379
11757.0146484375 2424
11768.6806640625 2433
11775.1396484375 2435
11780.21484375 2442
11789.4072265625 2683
11811.53125 2811
11817.5517578125 2176
11823.8134765625 169
11829.6201171875 2207
11835.1826171875 1144
11836.435546875 2180
11843.4912109375 73
11848.390625 663
11869.193359375 677
11871.0341796875 756
11880.6982421875 925
11896.837890625 927
11905.263671875 946
11908.6240234375 996
11910.0634765625 1141
11911.53515625 1202
11914.833984375 1251
11915.484375 1457
11919.916015625 1502
11924.12109375 1591
11925.994140625 1733
11929.5146484375 1735
11931.0068359375 1919
11941.947265625 1933
11951.822265625 1955
11973.9716796875 2002
11975.083984375 2335
11977.9697265625 2341
11985.8134765625 2565
11990.0185546875 2695
11996.654296875 2763
12009.904296875 2840
12016.021484375 2422
12051.037109375 1020
12062.255859375 640
12083.95703125 59
12084.0 177
12086.326171875 191
12126.8798828125 575
12131.9140625 687
12138.7607421875 934
12141.1220703125 1119
12148.3984375 1529
12149.8154296875 1697
12151.1259765625 1810
12156.2099609375 1831
12157.0244140625 2354
12179.908203125 2528
12180.8623046875 2679
12181.4931640625 2712
12193.919921875 2747
12211.64453125 2809
12220.4150390625 2821
12222.650390625 2842
12223.119140625 2860
12229.42578125 2906
12240.0029296875 2994
12272.2236328125 186
12278.578125 223
12280.5361328125 1594
12284.732421875 410
12298.4765625 631
12298.8876953125 132
12299.330078125 2576
12302.37109375 1282
12303.669921875 488
12309.603515625 869
12313.505859375 2059
12316.37890625 787
12318.900390625 904
12325.4609375 137
12327.7734375 275
12346.822265625 328
12380.140625 333
12382.98046875 392
12384.1474609375 407
12384.41015625 489
12404.857421875 680
12427.173828125 1022
12439.0791015625 1290
12445.224609375 1358
12445.806640625 1607
12449.3369140625 1653
12452.11328125 2024
12474.96484375 2184
12475.4921875 2221
12478.287109375 2394
12499.5771484375 2427
12507.578125 2517
12520.853515625 2655
12524.9423828125 2704
12542.1279296875 2900
12567.0380859375 2946
12570.48828125 459
12588.203125 1408
12593.7998046875 1339
12601.2421875 22
12611.8984375 45
12618.47265625 300
12655.9111328125 812
12658.189453125 922
12663.939453125 947
12673.236328125 975
12685.490234375 1001
12702.853515625 1095
12711.5966796875 1275
12730.181640625 1664
12733.134765625 1708
12742.2705078125 1763
12751.568359375 1766
12757.85546875 1889
12766.603515625 2077
12781.8671875 2082
12787.4326171875 2131
12801.3037109375 2315
12807.7783203125 2317
12810.91796875 2409
12817.595703125 2608
12833.6298828125 2616
12838.337890625 2649
12870.251953125 2819
12877.310546875 2862
12882.125 1164
12892.669921875 2213
12908.1640625 1050
12910.583984375 979
12916.0380859375 1562
12922.33984375 1597
12923.83203125 2334
12930.31640625 587
12941.298828125 630
12947.61328125 777
12953.7255859375 1012
12954.439453125 1064
12964.33984375 1082
12977.474609375 1462
12979.0595703125 1501
12981.107421875 1654
12997.625 1800
13014.599609375 2656
13016.66796875 2884
13020.126953125 1416
13020.126953125 1147
13023.83203125 865
13026.298828125 939
13035.390625 1497
13040.8916015625 2630
13046.181640625 2752
13051.3115234375 457
13052.1533203125 309
13065.9052734375 316
13072.0927734375 483
13079.224609375 484
13093.85546875 633
13106.58984375 1026
13111.41796875 1036
13115.0703125 1176
13115.1455078125 1423
13144.9736328125 1485
13172.7783203125 1590
13197.953125 1702
13198.7529296875 1759
13207.7177734375 1818
13253.4072265625 1958
13263.169921875 1963
13264.62890625 1977
13265.7939453125 2053
13267.7265625 2056
13274.203125 2125
13280.8544921875 2304
13327.0947265625 2356
13368.9423828125 2477
13395.671875 2533
13454.60546875 2732
13470.779296875 2948
13479.8349609375 1601
13508.7939453125 2256
13521.697265625 2104
13529.046875 284
13532.5048828125 182
13533.712890625 916
13585.8154296875 1667
13590.7734375 1852
13607.640625 727
13610.376953125 2036
13629.8466796875 2772
13644.4697265625 130
13646.8095703125 219
13650.7841796875 394
13656.4111328125 405
13669.984375 634
13682.939453125 856
13686.931640625 983
13691.666015625 1117
13691.81640625 1386
13736.0732421875 1791
13749.1455078125 1991
13792.994140625 2060
13799.01171875 2215
13800.8701171875 2314
13802.78515625 2440
13805.7646484375 2467
13813.724609375 2618
13815.78515625 2648
13837.2646484375 2694
13842.9755859375 1772
13869.9091796875 818
13872.3134765625 2907
13891.98046875 660
13910.9677734375 1168
13914.689453125 1145
13923.7734375 1476
13931.564453125 1618
13934.3935546875 655
13938.2265625 1592
13945.8447265625 2120
13947.6171875 2557
13953.1640625 112
13956.619140625 350
13963.451171875 356
13968.37109375 448
13980.580078125 1500
14001.4736328125 1526
14007.921875 1587
14009.6240234375 1881
14017.28515625 1943
14017.4091796875 1962
14029.90625 1995
14039.486328125 2075
14045.3388671875 2118
14051.3916015625 2309
14056.25390625 2418
14079.9697265625 2516
14105.609375 2588
14105.609375 2605
14113.0390625 2623
14126.650390625 2937
14130.60546875 1005
14134.896484375 110
14136.1796875 2360
14149.8916015625 121
14154.744140625 1046
14169.271484375 298
14170.1513671875 372
14175.482421875 492
14175.9541015625 752
14186.611328125 838
14201.162109375 903
14212.40234375 1034
14229.505859375 1128
14230.5986328125 1187
14237.9873046875 1437
14281.8076171875 1488
14293.759765625 1534
14297.7333984375 1657
14324.1171875 1678
14324.83203125 1824
14347.119140625 1826
14352.42578125 1941
14353.4013671875 1997
14370.92578125 2318
14395.828125 2327
14400.4326171875 2362
14403.9677734375 2404
14409.216796875 2453
14411.142578125 2458
14426.4912109375 2496
14441.3037109375 2696
14444.34765625 2722
14445.958984375 2796
14501.6435546875 2584
14501.72265625 2872
14508.7041015625 2589
14538.9091796875 2135
14558.9208984375 1802
14575.4072265625 1853
14590.966796875 1892
14604.19140625 1580
14608.36328125 25
14635.9140625 72
14642.2060546875 343
14657.7431640625 710
14660.982421875 755
14679.5087890625 885
14687.1826171875 1683
14736.4326171875 1776
14755.8671875 1972
14778.1455078125 2047
14792.0029296875 2138
14794.9736328125 2185
14807.76171875 2344
14819.0224609375 2545
14821.765625 2573
14828.69140625 2855
14843.365234375 2159
14848.2421875 1067
14888.1044921875 371
14890.921875 243
14895.671875 1301
14924.541015625 311
14939.291015625 426
14971.685546875 648
14979.1142578125 720
14980.412109375 792
14998.953125 940
15015.37109375 1006
15064.072265625 1032
15112.1455078125 1160
15119.4619140625 1189
15128.697265625 2183
15138.6650390625 2190
15174.0673828125 2301
15183.58203125 1459
15195.072265625 1649
15204.482421875 353
15238.2470703125 2706
15243.15234375 1511
15243.580078125 1778
15284.703125 329
15300.216796875 731
15315.5751953125 1400
15362.2890625 2070
15364.50390625 1480
15379.8486328125 1714
15385.5810546875 249
15398.9921875 94
15424.16015625 2823
15443.126953125 471
15468.1787109375 473
15479.96875 747
15484.765625 915
15507.6572265625 921
15546.841796875 993
15564.154296875 1072
15575.7392578125 1415
15591.0751953125 1541
15645.3720703125 1746
15658.6689453125 1949
15671.0 2079
15720.927734375 2219
15748.498046875 2258
15761.1806640625 2413
15771.623046875 2628
15773.841796875 2828
15792.7197265625 2903
15796.390625 2996
15835.8974609375 204
15847.95703125 1247
15877.7041015625 1410
15882.2197265625 1888
15890.4609375 1214
15922.7578125 1658
15931.7978515625 2587
15951.0634765625 380
15953.2421875 688
15980.4697265625 1761
16016.3310546875 66
16066.203125 127
16071.7333984375 179
16081.2783203125 855
16081.791015625 1198
16082.46484375 1250
16110.75390625 1507
16115.478515625 1558
16151.7197265625 2007
16154.0908203125 2092
16154.0908203125 2231
16176.78125 2384
16187.3046875 2457
16187.7783203125 2544
16192.177734375 2717
16223.734375 2774
16232.201171875 2794
16232.2109375 2909
16233.5 972
16247.4072265625 1138
16248.125 1442
16253.46484375 1137
16295.853515625 102
16305.4033203125 667
16307.9658203125 1935
16313.6806640625 2352
16344.0732421875 2887
16365.009765625 427
16393.73046875 1533
16397.595703125 170
16404.037109375 262
16416.537109375 306
16524.216796875 596
16537.666015625 805
16546.427734375 849
16561.71875 850
16572.6796875 965
16576.65234375 976
16589.28515625 1058
16596.171875 1403
16600.02734375 1645
16600.02734375 1999
16617.861328125 2292
16664.046875 2392
16674.892578125 2403
16760.236328125 2497
16764.484375 2524
16783.365234375 2601
16804.32421875 2652
16816.61328125 2657
16893.203125 2761
16906.84765625 2839
16920.314453125 2939
16922.55078125 2984
16931.154296875 1027
16951.48046875 622
16974.384765625 417
17000.76953125 450
17009.26953125 690
17110.8125 969
17124.1953125 982
17128.09375 1040
17165.69921875 1078
17183.216796875 1083
17196.81640625 1382
17282.04296875 1391
17326.912109375 1486
17381.869140625 1503
17385.1640625 1547
17503.521484375 1561
17578.517578125 1965
17605.861328125 2026
17617.318359375 2066
17630.498046875 2182
17636.39453125 2245
17658.015625 2460
17666.8515625 2466
17786.6328125 2540
17838.505859375 2593
17860.267578125 2632
17865.279296875 2753
17963.75 2759
18028.4609375 2793
18035.6796875 2925
18043.798828125 2152
18055.318359375 762
18116.134765625 2757
18132.978515625 37
18160.185546875 1624
18162.4765625 1271
18166.326171875 2370
18190.08203125 2895
18224.021484375 2411
18230.828125 67
18250.755859375 150
18281.455078125 171
18285.73828125 195
18309.193359375 363
18350.07421875 522
18377.564453125 657
18390.998046875 701
18407.623046875 760
18424.1796875 811
18448.845703125 874
18461.6640625 875
18464.12109375 1002
18474.255859375 1007
18482.677734375 1023
18504.080078125 1356
18519.529296875 1378
18535.814453125 1489
18569.533203125 1629
18575.107421875 2721
18579.6328125 2032
18585.9765625 2259
18657.1328125 771
18662.615234375 1543
18666.66796875 2241
18707.447265625 1964
18729.052734375 1625
18732.85546875 2693
18749.228515625 222
18766.005859375 258
18791.224609375 281
18799.09375 506
18915.44140625 582
18916.2265625 724
18932.888671875 879
18986.263671875 1003
19051.234375 1171
19054.15234375 1182
19105.732421875 1588
19109.4453125 1685
19184.486328125 1758
19217.779296875 2300
19348.947265625 2310
19450.029296875 2705
19541.14453125 2845
19647.765625 2916
19674.275390625 1811
19680.732421875 2701
19715.087890625 421
19742.68359375 1440
19813.474609375 2337
19813.982421875 2531
19868.64453125 18
19877.046875 29
19889.029296875 31
20024.185546875 104
20119.26953125 274
20153.556640625 321
20250.615234375 370
20362.38671875 375
20424.521484375 562
20471.6640625 914
20471.75390625 944
20541.12109375 1672
20544.55078125 1684
20553.576171875 1825
20553.576171875 1846
20554.400390625 1960
20625.87890625 1976
20691.4453125 2006
20847.1796875 2319
20902.6171875 2405
21086.904296875 2550
21107.22265625 2606
21120.916015625 2768
21353.755859375 1081
21438.580078125 1780
21456.71484375 16
21499.59375 28
21569.9765625 125
21754.810546875 212
21891.68359375 265
21909.34375 295
21916.70703125 360
21921.0546875 364
21976.4296875 937
22038.111328125 1077
22072.76953125 1101
22138.607421875 1241
22238.099609375 1243
22359.50390625 1307
22442.1796875 1343
22569.51171875 1404
22870.013671875 1418
22988.587890625 1585
25067.78515625 1719
25298.62890625 1822
25407.1796875 2009
25790.3984375 2164
26626.27734375 2214
27551.78125 2250
27959.818359375 2263
29438.5703125 2342
30878.38671875 2359
34141.546875 2547
