7886.5771484375 1168
8249.52734375 1145
8316.2431640625 1476
8412.3125 1618
8539.3193359375 655
8615.861328125 1592
8637.90625 2120
8705.6767578125 2557
8740.0986328125 112
8815.4794921875 350
8835.529296875 356
8840.6240234375 448
8982.4033203125 1500
8996.119140625 1526
9079.7802734375 1587
9146.8896484375 1881
9149.5146484375 1943
9207.8642578125 1962
9226.873046875 1995
9254.69140625 2075
9348.3623046875 2118
9378.1826171875 2309
9408.9814453125 2418
9426.25390625 2516
9472.3720703125 2588
9506.0009765625 2605
9515.126953125 2623
9521.5361328125 2937
9553.71875 1005
9577.873046875 110
9581.130859375 2360
9628.41015625 121
9653.9541015625 1446
9672.205078125 87
9679.671875 251
9711.0498046875 527
9755.7841796875 529
9767.91796875 625
9776.7431640625 641
9782.9443359375 693
9795.08984375 873
9804.935546875 881
9807.9775390625 928
9808.763671875 1133
9815.4541015625 1283
9831.1025390625 1318
9839.931640625 1346
9863.1044921875 1417
9903.15625 1720
9903.9873046875 1987
9933.732421875 2226
9934.5302734375 2296
9935.5751953125 2515
9939.1552734375 2572
9952.7158203125 2669
9978.83203125 2728
9985.3330078125 2734
9986.0224609375 2746
9989.9921875 2852
10019.8740234375 2866
10045.6689453125 2915
10046.568359375 2949
10047.9775390625 377
10048.583984375 2281
10049.64453125 160
10096.515625 1
10101.115234375 425
10157.669921875 446
10164.87890625 800
10165.943359375 918
10187.5224609375 953
10191.3759765625 985
10192.44140625 986
10210.4140625 1008
10232.259765625 1043
10244.75 1270
10276.568359375 1317
10287.6318359375 1435
10308.3642578125 1548
10310.970703125 1606
10316.0390625 1661
10322.375 1712
10334.43359375 2010
10336.076171875 2088
10337.15234375 2365
10337.236328125 2410
10339.5517578125 2414
10346.349609375 2482
10353.1845703125 2560
10357.716796875 2781
10368.130859375 2820
10379.8544921875 997
10380.5859375 1781
10397.556640625 81
10406.923828125 229
10408.9228515625 440
10409.7255859375 548
10414.587890625 611
10415.037109375 826
10425.638671875 834
10432.744140625 848
10435.4873046875 871
10442.998046875 893
10447.9013671875 1231
10453.9384765625 1256
10460.5439453125 1315
10460.5439453125 1458
10468.677734375 1550
10481.427734375 1671
10486.0390625 1711
10511.224609375 1815
10538.1572265625 1893
10568.458984375 2312
10569.5390625 2324
10573.984375 2385
10609.4833984375 2447
10636.0693359375 2562
10651.2890625 2610
10660.4404296875 2622
10661.763671875 2853
10668.7666015625 2924
10669.287109375 2927
10684.29296875 2239
10696.8564453125 1362
10705.548828125 1926
10705.9755859375 2997
10710.8134765625 254
10716.564453125 388
10717.1845703125 465
10719.7734375 498
10721.8603515625 520
10721.9931640625 962
10737.04296875 981
10738.7412109375 1156
10756.658203125 1652
10763.34375 2205
10787.8916015625 2339
10799.560546875 2417
10801.1416015625 2494
10813.6259765625 2687
10816.173828125 1122
10817.3193359375 1670
10823.767578125 264
10825.478515625 2173
10827.673828125 1646
10827.986328125 2396
10832.5478515625 49
10856.638671875 189
10864.0634765625 261
10873.1884765625 263
10876.7080078125 430
10888.064453125 831
10894.009765625 899
10899.166015625 1123
10903.9892578125 1169
10909.244140625 1350
10913.6611328125 1405
10918.1025390625 1512
10923.5830078125 1750
10926.9560546875 1769
10932.9619140625 1908
10938.33203125 1966
10981.533203125 1982
10991.4521484375 1993
11003.5205078125 2094
11008.73046875 2126
11008.830078125 2141
11041.8701171875 2171
11057.57421875 2174
11062.7109375 2177
11066.0029296875 2237
11070.5576171875 2367
11083.482421875 2536
11092.7392578125 2542
11094.6904296875 2582
11109.48828125 2675
11118.9267578125 2703
11123.765625 1873
11131.365234375 2107
11134.8359375 1281
11161.4541015625 455
11167.0888671875 470
11181.75390625 902
11187.3623046875 926
11195.7490234375 967
11219.587890625 1104
11221.111328125 1225
11221.390625 1286
11257.1875 1506
11264.828125 1516
11270.4248046875 1599
11281.1708984375 1779
11287.01171875 1848
11289.826171875 1867
11353.451171875 1883
11362.66796875 2063
11363.556640625 2210
11371.7421875 2246
11374.8232421875 2285
11378.857421875 2361
11379.263671875 2686
11381.212890625 2700
11385.5849609375 88
11391.84765625 586
11400.3095703125 136
11402.98046875 1471
11412.9853515625 226
11472.845703125 296
11476.615234375 1197
11477.365234375 1666
11490.8388671875 2511
11497.015625 101
11497.84375 215
11512.396484375 549
11517.1162109375 550
11534.3662109375 573
11534.462890625 1136
11536.5400390625 1199
11537.8974609375 1530
11554.1484375 1581
11559.1220703125 1640
11559.87109375 1688
11563.4560546875 1968
11564.869140625 2526
11575.025390625 2571
11578.146484375 2983
11586.04296875 1787
11588.953125 602
11590.923828125 1146
11613.3818359375 253
11660.05078125 342
11662.369140625 843
11670.2880859375 1233
11679.0009765625 1335
11713.705078125 1394
11715.359375 1737
11716.3154296875 1784
11751.912109375 1950
11752.2236328125 2025
11752.923828125 2473
11754.6533203125 2518
11754.7734375 999
11801.9345703125 1056
11802.56640625 1900
11811.59375 1304
11821.6494140625 1326
11825.7041015625 2967
11853.5576171875 1329
11856.2900390625 50
11857.755859375 318
11861.2578125 389
11864.021484375 478
11870.7421875 491
11887.423828125 580
11895.9580078125 599
11915.3671875 890
11918.2470703125 896
11925.5009765625 909
11929.3681640625 919
11951.5576171875 995
11965.9560546875 1273
11975.1708984375 1342
11975.4873046875 1430
11980.521484375 1495
11987.283203125 1568
11995.5322265625 1583
11998.99609375 1764
12024.7333984375 1774
12033.6015625 2065
12038.2392578125 2117
12038.888671875 2181
12042.4658203125 2268
12055.1650390625 2465
12057.673828125 2664
12067.5810546875 2760
12076.474609375 2764
12080.345703125 2938
12088.53515625 2943
12095.697265625 1860
12097.328125 2880
12102.48828125 1333
12117.60546875 2631
12134.181640625 146
12134.3349609375 1538
12137.970703125 21
12142.400390625 34
12145.6162109375 200
12149.2705078125 288
12150.8427734375 336
12151.8203125 385
12158.404296875 517
12169.484375 546
12182.0849609375 609
12182.6259765625 614
12192.544921875 683
12201.2998046875 686
12211.87109375 769
12215.9140625 1097
12217.15625 1221
12220.109375 1322
12224.494140625 1359
12225.767578125 1376
12225.767578125 1686
12245.900390625 1854
12258.5751953125 2513
12259.978515625 2553
12262.5791015625 2650
12263.275390625 2672
12273.7890625 2911
12283.01953125 78
12301.767578125 2713
12305.1015625 2800
12326.515625 2651
12353.56640625 2970
12353.9755859375 1045
12357.6875 1068
12360.349609375 2078
12388.505859375 884
12395.58203125 886
12410.3984375 1028
12410.5478515625 1845
12422.1484375 1932
12424.0068359375 2489
12431.6015625 90
12436.1650390625 153
12443.15625 240
12445.8671875 256
12449.634765625 531
12453.033203125 644
12453.29296875 706
12477.248046875 775
12477.5087890625 1163
12486.6416015625 1483
12497.6640625 2114
12508.0654296875 2379
12509.03125 2424
12532.705078125 2433
12539.2041015625 2435
12540.9365234375 2442
12547.7431640625 2683
12549.4541015625 2811
12551.88671875 2176
12563.4794921875 169
12564.890625 2207
12565.28125 1144
12565.62890625 2180
12565.83984375 73
12584.5244140625 663
12614.267578125 677
12616.0869140625 756
12629.408203125 925
12644.6494140625 927
12666.94140625 946
12675.2763671875 996
12676.0302734375 1141
12690.23046875 1202
12700.962890625 1251
12701.943359375 1457
12704.197265625 1502
12717.04296875 1591
12717.04296875 1733
12718.669921875 1735
12722.517578125 1919
12734.8828125 1933
12749.97265625 1955
12759.251953125 2002
12764.529296875 2335
12772.3095703125 2341
12789.3984375 2565
12808.9140625 2695
12810.4970703125 2763
12826.216796875 2840
12826.9052734375 2422
12835.88671875 1020
12844.328125 640
12850.91015625 59
12851.5595703125 177
12869.9130859375 191
12878.7626953125 575
12895.9248046875 687
12899.884765625 934
12911.4716796875 1119
12915.349609375 1529
12924.783203125 1697
12930.728515625 1810
12931.0751953125 1831
12931.37890625 2354
12951.95703125 2528
12962.3662109375 2679
12984.033203125 2712
12989.4609375 2747
12992.521484375 2809
13001.291015625 2821
13007.96484375 2842
13020.9365234375 2860
13022.283203125 2906
13027.4384765625 2994
13032.818359375 186
13033.9228515625 223
13050.046875 1594
13051.4794921875 410
13090.1357421875 631
13090.392578125 132
13093.0810546875 2576
13108.8251953125 1282
13120.2021484375 488
13123.0771484375 869
13130.048828125 2059
13132.0625 787
13142.927734375 904
13143.033203125 137
13155.2265625 275
13159.1201171875 328
13161.21484375 333
13184.6083984375 392
13194.16796875 407
13210.666015625 489
13228.6884765625 680
13247.326171875 1022
13248.259765625 1290
13263.236328125 1358
13275.1875 1607
13278.6982421875 1653
13282.1435546875 2024
13289.4169921875 2184
13303.5263671875 2221
13306.5703125 2394
13311.630859375 2427
13335.728515625 2517
13339.0849609375 2655
13357.9306640625 2704
13361.6328125 2900
13384.779296875 2946
13391.8037109375 459
13393.357421875 1408
13393.6650390625 1339
13398.2841796875 22
13407.337890625 45
13419.533203125 300
13427.515625 812
13442.7998046875 922
13453.583984375 947
13466.673828125 975
13468.1220703125 1001
13484.3251953125 1095
13491.1953125 1275
13526.8671875 1664
13536.671875 1708
13537.494140625 1763
13545.2783203125 1766
13547.5517578125 1889
13547.97265625 2077
13585.8583984375 2082
13594.431640625 2131
13597.01171875 2315
13602.158203125 2317
13609.599609375 2409
13625.439453125 2608
13626.166015625 2616
13626.642578125 2649
13640.3798828125 2819
13646.4013671875 2862
13664.2197265625 1164
13668.865234375 2213
13675.341796875 1050
13682.48828125 979
13682.7236328125 1562
13684.9775390625 1597
13713.0 2334
13728.9033203125 587
13730.763671875 630
13738.396484375 777
13752.01953125 1012
13754.587890625 1064
13759.951171875 1082
13760.40625 1462
13768.2109375 1501
13807.3837890625 1654
13814.912109375 1800
13815.458984375 2656
13821.9033203125 2884
13825.0595703125 1416
13842.7353515625 1575
13843.71875 2889
13849.2451171875 445
13869.05859375 30
13872.05078125 2484
13886.64453125 38
13889.150390625 40
13895.791015625 76
13895.8203125 77
13916.3369140625 108
13922.380859375 164
13923.1708984375 211
13928.232421875 225
13937.390625 376
13939.74609375 437
13956.35546875 510
13958.4306640625 646
13959.419921875 671
13960.994140625 738
13975.798828125 770
13984.7890625 1434
13985.4541015625 1610
13992.3798828125 1662
13997.9140625 1709
13997.951171875 1998
14017.9697265625 2166
14039.142578125 2220
14041.9921875 2238
14063.013671875 2255
14063.453125 2345
14065.041015625 2510
14070.822265625 2581
14090.2626953125 2607
14100.2578125 2807
14102.802734375 1015
14102.896484375 1984
14103.673828125 1258
14106.6328125 2555
14110.732421875 1147
14148.333984375 865
14154.88671875 939
14160.578125 1497
14197.9111328125 2630
14198.4345703125 2752
14210.6796875 457
14210.6796875 309
14245.53515625 316
14248.884765625 483
14263.45703125 484
14267.2607421875 633
14271.35546875 1026
14279.7607421875 1036
14300.744140625 1176
14320.52734375 1423
14340.283203125 1485
14354.939453125 1590
14355.07421875 1702
14357.4619140625 1759
14357.4619140625 1818
14381.466796875 1958
14396.59765625 1963
14397.259765625 1977
14411.736328125 2053
14422.384765625 2056
14430.03125 2125
14434.8671875 2304
14472.6640625 2356
14484.138671875 2477
14493.294921875 2533
14509.001953125 2732
14519.939453125 2948
14524.4306640625 1601
14554.2158203125 2256
14561.5390625 2104
14589.5849609375 284
14607.4697265625 182
14646.01171875 916
14663.8798828125 1667
14684.4609375 1852
14689.66015625 727
14693.4462890625 2036
14705.8291015625 2772
14721.94140625 130
14752.84765625 219
14770.4794921875 394
14778.8603515625 405
14785.927734375 634
14793.1474609375 856
14819.33984375 983
14834.9697265625 1117
14835.29296875 1386
14840.6484375 1791
14847.791015625 1991
14848.568359375 2060
14851.7734375 2215
14861.017578125 2314
14863.26953125 2440
14864.720703125 2467
14875.3505859375 2618
14890.4091796875 2648
14935.009765625 2694
14942.869140625 1772
14973.67578125 818
15001.310546875 2907
15022.1591796875 660
15034.34765625 1046
15040.990234375 298
15062.1240234375 372
15105.990234375 492
15122.05078125 752
15124.25 838
15130.5166015625 903
15137.9501953125 1034
15147.8203125 1128
15157.3251953125 1187
15159.6396484375 1437
15163.0234375 1488
15190.0986328125 1534
15198.197265625 1657
15221.130859375 1678
15223.72265625 1824
15224.529296875 1826
15231.400390625 1941
15246.6484375 1997
15268.7666015625 2318
15294.36328125 2327
15299.9375 2362
15316.2890625 2404
15321.287109375 2453
15337.322265625 2458
15373.7138671875 2496
15432.8037109375 2696
15433.81640625 2722
15446.1455078125 2796
15449.0595703125 2584
15455.3798828125 2872
15518.22265625 2589
15524.2119140625 2135
15524.267578125 1802
15526.908203125 1853
15529.2841796875 1892
15534.771484375 1580
15536.41796875 25
15575.91796875 72
15585.814453125 343
15601.3583984375 710
15606.4189453125 755
15642.6826171875 885
15643.130859375 1683
15665.6982421875 1776
15665.927734375 1972
15677.189453125 2047
15677.2373046875 2138
15702.1279296875 2185
15707.7685546875 2344
15730.9609375 2545
15757.826171875 2573
15786.2294921875 2855
15789.87109375 2159
15801.0751953125 1067
15808.3486328125 371
15826.0146484375 243
15832.6142578125 1301
15866.732421875 311
15875.794921875 426
15883.037109375 648
15905.16015625 720
15923.0263671875 792
15938.30078125 940
15945.9638671875 1006
15948.572265625 1032
15950.662109375 1160
15954.0546875 1189
15979.3291015625 2183
15989.43359375 2190
16012.662109375 2301
16044.779296875 1459
16063.802734375 1649
16075.140625 353
16089.6298828125 2706
16093.310546875 1511
16098.4736328125 1778
16122.6962890625 329
16137.4912109375 731
16152.58984375 1400
16159.7998046875 2070
16169.0029296875 1480
16197.6015625 1714
16229.1455078125 249
16243.611328125 94
16281.2353515625 2823
16288.291015625 471
16296.369140625 473
16302.255859375 747
16366.1220703125 915
16376.28125 921
16388.1171875 993
16397.013671875 1072
16415.68359375 1415
16448.99609375 1541
16500.798828125 1746
16512.994140625 1949
16528.228515625 2079
16542.59375 2219
16562.7890625 2258
16571.10546875 2413
16577.11328125 2628
16580.984375 2828
16603.966796875 2903
16619.287109375 2996
16650.341796875 204
16650.62109375 1247
16652.837890625 1410
16720.255859375 1888
16731.267578125 1214
16738.2890625 1658
16742.552734375 2587
16746.30078125 380
16749.76953125 688
16808.939453125 1761
16836.1796875 66
16836.1796875 127
16850.435546875 179
16875.37109375 855
16884.861328125 1198
16891.94140625 1250
16932.697265625 1507
16939.97265625 1558
16948.50390625 2007
16948.619140625 2092
16982.92578125 2231
16987.318359375 2384
16988.9375 2457
17048.087890625 2544
17069.146484375 2717
17069.6015625 2774
17170.521484375 2794
17174.701171875 2909
17179.9140625 972
17183.97265625 1138
17192.96484375 1442
17202.48828125 1137
17218.0390625 102
17235.20703125 667
17259.890625 1935
17273.77734375 2352
17274.01953125 2887
17279.673828125 427
17327.7109375 1533
17359.408203125 170
17373.998046875 262
17385.5 306
17392.708984375 596
17406.671875 805
17467.01953125 849
17477.4296875 850
17479.4140625 965
17479.53125 976
17480.71875 1058
17480.943359375 1403
17505.802734375 1645
17540.615234375 1999
17624.82421875 2292
17625.34765625 2392
17628.74609375 2403
17656.23046875 2497
17664.544921875 2524
17679.560546875 2601
17701.212890625 2652
17725.34765625 2657
17765.630859375 2761
17780.630859375 2839
17788.689453125 2939
17805.5859375 2984
17829.30078125 1027
17838.087890625 622
17854.40234375 417
17856.5703125 450
17859.466796875 690
17878.38671875 969
17896.8046875 982
17951.2265625 1040
17978.27734375 1078
17987.212890625 1083
18008.9375 1382
18015.92578125 1391
18033.748046875 1486
18054.931640625 1503
18134.93359375 1547
18139.658203125 1561
18145.841796875 1965
18151.720703125 2026
18164.23046875 2066
18243.67578125 2182
18288.572265625 2245
18289.5078125 2460
18297.0859375 2466
18326.849609375 2540
18333.71484375 2593
18344.056640625 2632
18344.056640625 2753
18349.82421875 2759
18422.26171875 2793
18447.216796875 2925
18481.25 2152
18500.978515625 762
18538.87109375 2757
18565.32421875 37
18579.845703125 1624
18649.609375 1271
18767.76953125 2370
18773.521484375 2895
18774.44921875 2411
18793.05859375 67
18809.76953125 150
18812.650390625 171
18847.94921875 195
18894.587890625 363
18929.19140625 522
19028.09375 657
19058.203125 701
19070.083984375 760
19083.1328125 811
19094.828125 874
19130.388671875 875
19131.09765625 1002
19168.04296875 1007
19249.40234375 1023
19309.84765625 1356
19376.12890625 1378
19554.982421875 1489
19560.59765625 1629
19564.32421875 2721
19591.8828125 2032
19598.7734375 2259
19609.3984375 771
19646.376953125 1543
19656.0078125 2241
19663.435546875 1964
19688.462890625 1625
19729.48828125 2693
19746.4765625 222
19793.595703125 258
19796.255859375 281
19798.06640625 506
19813.705078125 582
19836.94921875 724
19845.27734375 879
19897.26171875 1003
19910.087890625 1171
19947.8828125 1182
20097.40625 1588
20131.701171875 1685
20178.55078125 1758
20228.5390625 2300
20254.67578125 2310
20303.984375 2705
20359.134765625 2845
20494.3671875 2916
20494.3671875 1811
20538.04296875 2701
20546.73046875 421
20599.01171875 1440
20728.451171875 2337
20791.70703125 2531
20822.2265625 18
20896.529296875 29
21117.091796875 31
21126.478515625 104
21168.9921875 274
21184.85546875 321
21197.140625 370
21217.150390625 375
21298.2578125 562
21303.265625 914
21327.296875 944
21349.78125 1672
21372.08203125 1684
21378.38671875 1825
21431.900390625 1846
21468.125 1960
21480.62890625 1976
21482.4765625 2006
21483.984375 2319
21511.78515625 2405
21551.0078125 2550
21552.1015625 2606
21572.24609375 2768
21803.728515625 1081
21980.8046875 1780
22037.52734375 16
22140.435546875 28
22275.88671875 125
22418.708984375 212
22437.46484375 265
22612.625 295
22666.486328125 360
23173.470703125 364
23202.078125 937
23516.943359375 1077
23614.43359375 1101
23657.546875 1241
23716.732421875 1243
23856.5390625 1307
23952.6015625 1343
24274.859375 1404
24547.0390625 1418
24727.96484375 1585
24890.412109375 1719
25162.55078125 1822
25464.83203125 2009
25588.74609375 2164
26915.068359375 2214
26961.216796875 2250
28365.875 2263
28498.89453125 2342
30412.169921875 2359
30477.275390625 2547
