2957.88671875 1144
3262.0302734375 2180
3475.6923828125 73
3489.260498046875 663
3562.260009765625 677
3562.62060546875 756
3661.166015625 925
3738.109375 927
3745.84814453125 946
4016.233154296875 996
4203.453125 1141
4206.44970703125 1202
4237.876953125 1251
4248.162109375 1457
4372.248046875 1502
4417.33642578125 1591
4424.4208984375 1733
4507.6171875 1735
4642.7763671875 1919
4861.869140625 1933
4874.6064453125 1955
5060.5654296875 2002
5168.06005859375 2335
5219.630859375 2341
5294.6630859375 2565
5295.09375 2695
5303.12451171875 2763
5374.5048828125 2840
5466.84765625 2422
5502.1953125 1446
5525.43310546875 87
5639.92431640625 251
5674.259765625 527
5734.8525390625 529
5737.5146484375 625
5790.9384765625 641
5916.2783203125 693
6052.4912109375 873
6130.21044921875 881
6210.4853515625 928
6298.9931640625 1133
6390.212890625 1283
6450.16015625 1318
6475.40234375 1346
6490.095703125 1417
6501.1533203125 1720
6580.6220703125 1987
6754.25048828125 2226
6766.076171875 2296
6841.9931640625 2515
6845.1845703125 2572
6866.443359375 2669
6956.31103515625 2728
6975.8330078125 2734
7102.5517578125 2746
7213.9638671875 2852
7227.5478515625 2866
7247.6103515625 2915
7254.8330078125 2949
7259.91162109375 377
7410.6962890625 2281
7530.025390625 160
7543.1748046875 1
7580.953125 425
7580.9990234375 446
7592.35986328125 800
7650.1181640625 918
7658.37109375 953
7660.03125 985
7757.27490234375 986
7771.8388671875 1008
7788.5283203125 1043
7835.48486328125 1270
7917.93603515625 1317
7934.9912109375 1435
7950.59423828125 1548
7966.56640625 1606
7967.78271484375 1661
7969.6474609375 1712
7984.353515625 2010
7986.2705078125 2088
8081.3193359375 2365
8127.35546875 2410
8195.087890625 2414
8197.375 2482
8221.892578125 2560
8229.169921875 2781
8299.740234375 2820
8356.4140625 997
8409.470703125 1781
8430.0400390625 81
8430.5927734375 229
8446.9912109375 440
8486.9609375 548
8506.650390625 611
8510.779296875 826
8533.8798828125 834
8562.0439453125 848
8600.9775390625 871
8640.064453125 893
8642.7470703125 1231
8658.1357421875 1256
8693.1044921875 1315
8720.3671875 1458
8732.556640625 1550
8749.744140625 1671
8765.3466796875 1711
8832.794921875 1815
8848.2705078125 1893
8849.88671875 2312
8874.1494140625 2324
8911.244140625 2385
8998.203125 2447
9013.849609375 2562
9028.51171875 2610
9095.8466796875 2622
9113.708984375 2853
9164.126953125 2924
9206.72265625 2927
9208.00390625 2239
9411.34765625 1362
9448.2001953125 1926
9499.3154296875 2997
9533.7880859375 254
9544.3564453125 388
9597.49609375 465
9610.26171875 498
9610.26171875 520
9634.201171875 962
9655.3994140625 981
9662.7587890625 1156
9731.970703125 1652
9781.005859375 2205
9786.92578125 2339
9800.2685546875 2417
9818.0107421875 2494
9819.361328125 2687
9851.869140625 1122
9887.6572265625 1670
9932.375 264
9935.8076171875 2173
9996.962890625 1646
10098.2421875 2396
10100.609375 49
10101.59375 189
10175.6630859375 261
10176.5625 263
10184.654296875 430
10256.9462890625 831
10259.333984375 899
10311.150390625 1123
10324.8505859375 1169
10325.9775390625 1350
10327.498046875 1405
10327.951171875 1512
10338.798828125 1750
10345.529296875 1769
10366.544921875 1908
10366.544921875 1966
10384.5546875 1982
10429.888671875 1993
10447.0078125 2094
10464.0576171875 2126
10538.611328125 2141
10540.2138671875 2171
10551.3330078125 2174
10619.5126953125 2177
10644.25 2237
10777.6767578125 2367
10805.6376953125 2536
10814.755859375 2542
10908.767578125 2582
10926.173828125 2675
10926.9814453125 2703
10984.408203125 1873
11169.927734375 2107
11191.5712890625 1281
11232.076171875 455
11236.763671875 470
11236.763671875 902
11284.9765625 926
11471.03515625 967
11594.08984375 1104
11597.9580078125 1225
11634.072265625 1286
11688.8544921875 1506
11753.2685546875 1516
11763.9609375 1599
11766.220703125 1779
11784.689453125 1848
11878.58984375 1867
11887.822265625 1883
11917.87109375 2063
11937.6826171875 2210
11958.025390625 2246
12044.7275390625 2285
12077.3681640625 2361
12086.9130859375 2686
12100.4052734375 2700
12125.466796875 88
12205.6044921875 586
12223.578125 136
12258.0146484375 1471
12272.447265625 226
12292.0048828125 296
12356.0078125 1197
12388.3564453125 1666
12399.3935546875 2511
12460.3115234375 101
12506.796875 215
12508.24609375 549
12508.99609375 550
12525.6337890625 573
12582.88671875 1136
12589.2177734375 1199
12599.158203125 1530
12612.2421875 1581
12638.8125 1640
12712.9873046875 1688
12718.0966796875 1968
12747.8798828125 2526
12753.8369140625 2571
12759.578125 2983
12788.87890625 1787
12819.2392578125 602
12825.1337890625 1146
12859.7265625 253
12878.7939453125 342
12886.1533203125 843
12894.58984375 1233
12903.4443359375 1335
12913.23046875 1394
12947.876953125 1737
12951.048828125 1784
12964.279296875 1950
12995.7578125 2025
13009.140625 2473
13017.8623046875 2518
13032.91015625 999
13040.865234375 1056
13053.71484375 1900
13061.4921875 1304
13065.5263671875 1326
13075.357421875 2967
13083.541015625 1329
13099.5400390625 50
13101.8388671875 318
13102.033203125 389
13129.9013671875 478
13131.26171875 491
13135.94140625 580
13148.134765625 599
13162.9677734375 890
13189.1845703125 896
13247.1923828125 909
13319.86328125 919
13360.8046875 995
13401.1923828125 1273
13410.1708984375 1342
13418.4990234375 1430
13430.01171875 1495
13443.298828125 1568
13456.923828125 1583
13467.54296875 1764
13470.2939453125 1774
13478.5361328125 2065
13489.193359375 2117
13489.6103515625 2181
13496.232421875 2268
13516.8984375 2465
13520.998046875 2664
13523.44921875 2760
13553.5595703125 2764
13569.75 2938
13572.44921875 2943
13593.1533203125 1860
13598.2333984375 2880
13611.6796875 1333
13639.755859375 2631
13657.1298828125 146
13666.1904296875 1538
13724.0283203125 21
13748.76171875 34
13751.572265625 200
13760.341796875 288
13767.3984375 336
13777.1181640625 385
13781.0703125 517
13781.1669921875 546
13788.8857421875 609
13789.42578125 614
13814.9169921875 683
13875.8369140625 686
13878.4228515625 769
13908.982421875 1097
13957.0859375 1221
13979.53515625 1322
14029.4306640625 1359
14047.83984375 1376
14055.408203125 1686
14062.111328125 1854
14084.7626953125 2513
14088.2626953125 2553
14106.451171875 2650
14113.3271484375 2672
14161.919921875 2911
14175.1181640625 78
14189.462890625 2713
14208.3369140625 2800
14243.759765625 2651
14248.1845703125 2970
14251.189453125 1045
14254.1923828125 1068
14269.9853515625 2078
14276.7880859375 884
14289.4765625 886
14313.126953125 1028
14323.99609375 1845
14348.46875 1932
14365.58984375 2489
14373.6171875 90
14393.2080078125 153
14410.5361328125 240
14429.11328125 256
14450.244140625 531
14466.8095703125 644
14472.4990234375 706
14484.4228515625 775
14545.853515625 1163
14555.4912109375 1483
14565.4208984375 2114
14565.6025390625 2379
14572.130859375 2424
14597.0107421875 2433
14604.4892578125 2435
14673.486328125 2442
14727.9326171875 2683
14736.8212890625 2811
14744.591796875 2176
14752.3271484375 169
14771.88671875 2207
14781.0595703125 1020
14787.6240234375 640
14797.330078125 59
14802.884765625 177
14815.96875 191
14828.2919921875 575
14828.5537109375 687
14838.21875 934
14847.78125 1119
14850.5849609375 1529
14885.853515625 1697
14895.5390625 1810
14960.7958984375 1831
14961.0849609375 2354
14992.3974609375 2528
14997.4365234375 2679
15002.0673828125 2712
15027.390625 2747
15030.49609375 2809
15034.943359375 2821
15043.94921875 2842
15055.2548828125 2860
15078.2939453125 2906
15086.20703125 2994
15096.21875 186
15106.2685546875 223
15111.73046875 1594
15124.544921875 410
15132.359375 631
15175.43359375 132
15188.59765625 2576
15197.4130859375 1282
15205.150390625 488
15207.7900390625 869
15218.98046875 2059
15243.2900390625 787
15262.3896484375 904
15266.4228515625 137
15271.1328125 275
15318.966796875 328
15328.55859375 333
15355.6767578125 392
15382.77734375 407
15392.25 489
15467.224609375 680
15469.3935546875 1022
15509.4736328125 1290
15534.9287109375 1358
15540.638671875 1607
15545.3173828125 1653
15548.984375 2024
15565.048828125 2184
15635.955078125 2221
15658.7978515625 2394
15664.4931640625 2427
15690.4443359375 2517
15693.16015625 2655
15704.345703125 2704
15714.9677734375 2900
15719.01953125 2946
15739.6015625 459
15740.01171875 1408
15754.1689453125 1339
15761.44140625 22
15794.837890625 45
15796.47265625 300
15799.09375 812
15800.732421875 922
15832.7763671875 947
15838.50390625 975
15851.5478515625 1001
15863.146484375 1095
15864.134765625 1275
15871.125 1664
15872.9873046875 1708
15883.859375 1763
15906.8408203125 1766
15920.865234375 1889
15920.9423828125 2077
15930.2705078125 2082
15954.0234375 2131
15969.9306640625 2315
15986.4033203125 2317
16010.931640625 2409
16026.478515625 2608
16077.4833984375 2616
16080.7333984375 2649
16082.236328125 2819
16094.802734375 2862
16169.61328125 1164
16193.13671875 2213
16194.2890625 1050
16202.080078125 979
16206.92578125 1562
16224.5673828125 1597
16229.8720703125 2334
16244.03515625 587
16245.4697265625 630
16253.7578125 777
16263.462890625 1012
16293.0283203125 1064
16315.177734375 1082
16318.052734375 1462
16318.912109375 1501
16320.8837890625 1654
16333.1279296875 1800
16344.234375 2656
16356.8583984375 2884
16358.63671875 1416
16404.53125 1575
16413.34375 2889
16419.6171875 445
16419.98828125 30
16424.890625 2484
16428.453125 38
16446.810546875 40
16447.177734375 76
16474.328125 77
16485.427734375 108
16501.017578125 164
16534.53515625 211
16535.76953125 225
16565.1484375 376
16592.890625 437
16610.095703125 510
16623.78125 646
16625.16015625 671
16645.51171875 738
16657.71484375 770
16659.25 1434
16662.2109375 1610
16708.181640625 1662
16714.439453125 1709
16741.494140625 1998
16794.52734375 2166
16801.029296875 2220
16807.9140625 2238
16818.05078125 2255
16835.515625 2345
16851.025390625 2510
16851.908203125 2581
16857.32421875 2607
16879.96875 2807
16882.81640625 1015
16890.36328125 1984
16894.1328125 1258
16915.048828125 2555
16919.19921875 1147
16932.138671875 865
16951.083984375 939
16951.30078125 1497
16960.423828125 2630
16973.28515625 2752
16989.255859375 457
16992.1796875 309
17022.435546875 316
17041.203125 483
17047.8515625 484
17061.376953125 633
17080.583984375 1026
17123.767578125 1036
17143.65625 1176
17152.10546875 1423
17160.541015625 1485
17169.064453125 1590
17190.224609375 1702
17192.853515625 1759
17197.353515625 1818
17197.53125 1958
17208.369140625 1963
17212.201171875 1977
17220.095703125 2053
17235.3046875 2056
17247.87109375 2125
17250.525390625 2304
17279.359375 2356
17302.708984375 2477
17311.62109375 2533
17349.314453125 2732
17350.4296875 2948
17367.568359375 1601
17375.333984375 2256
17398.78515625 2104
17426.892578125 284
17441.099609375 182
17452.5078125 916
17484.90234375 1667
17487.02734375 1852
17488.443359375 727
17489.763671875 2036
17497.888671875 2772
17512.515625 130
17523.580078125 219
17529.4296875 394
17556.6796875 405
17589.05859375 634
17597.50390625 856
17598.830078125 983
17600.330078125 1117
17647.466796875 1386
17651.39453125 1791
17658.3125 1991
17695.41796875 2060
17717.458984375 2215
17718.50390625 2314
17734.9765625 2440
17745.017578125 2467
17753.40625 2618
17761.236328125 2648
17781.4609375 2694
17783.595703125 1772
17794.150390625 818
17797.71875 2907
17805.86328125 660
17812.962890625 1168
17817.625 1145
17879.12890625 1476
17894.484375 1618
17945.85546875 655
17964.466796875 1592
17980.490234375 2120
18004.017578125 2557
18009.099609375 112
18011.6484375 350
18020.025390625 356
18031.9765625 448
18034.490234375 1500
18039.5390625 1526
18043.2109375 1587
18050.44140625 1881
18062.74609375 1943
18066.302734375 1962
18074.435546875 1995
18075.103515625 2075
18125.08984375 2118
18129.185546875 2309
18146.04296875 2418
18146.984375 2516
18160.853515625 2588
18176.935546875 2605
18200.875 2623
18202.767578125 2937
18207.8046875 1005
18234.3515625 110
18257.3828125 2360
18273.927734375 121
18287.9375 1046
18299.083984375 298
18315.478515625 372
18321.8984375 492
18381.3125 752
18396.37890625 838
18459.40234375 903
18459.978515625 1034
18473.24609375 1128
18515.037109375 1187
18554.333984375 1437
18579.302734375 1488
18587.5 1534
18603.220703125 1657
18604.3046875 1678
18623.4765625 1824
18644.966796875 1826
18659.505859375 1941
18674.1171875 1997
18674.1171875 2318
18680.302734375 2327
18722.177734375 2362
18729.869140625 2404
18745.49609375 2453
18750.796875 2458
18757.654296875 2496
18786.251953125 2696
18790.4453125 2722
18790.94140625 2796
18806.255859375 2584
18835.525390625 2872
18838.51171875 2589
18850.962890625 2135
18861.255859375 1802
18872.685546875 1853
18930.76953125 1892
18933.669921875 1580
18937.068359375 25
18937.068359375 72
18975.0234375 343
18988.529296875 710
18992.708984375 755
19005.3203125 885
19017.837890625 1683
19025.626953125 1776
19045.083984375 1972
19045.939453125 2047
19049.927734375 2138
19090.07421875 2185
19097.890625 2344
19113.3046875 2545
19127.453125 2573
19163.732421875 2855
19176.771484375 2159
19209.306640625 1067
19231.03515625 371
19231.060546875 243
19234.158203125 1301
19258.9140625 311
19298.02734375 426
19304.421875 648
19306.10546875 720
19307.10546875 792
19329.5 940
19351.87109375 1006
19360.7734375 1032
19376.80078125 1160
19377.568359375 1189
19390.314453125 2183
19391.21484375 2190
19399.791015625 2301
19406.203125 1459
19432.423828125 1649
19453.859375 353
19453.86328125 2706
19481.12109375 1511
19510.80859375 1778
19511.0078125 329
19540.80859375 731
19560.16015625 1400
19619.67578125 2070
19632.43359375 1480
19685.689453125 1714
19692.041015625 249
19745.37890625 94
19759.248046875 2823
19793.640625 471
19818.765625 473
19843.5390625 747
19855.884765625 915
19873.181640625 921
19874.076171875 993
19948.115234375 1072
19974.31640625 1415
19980.1328125 1541
19980.1328125 1746
20006.080078125 1949
20050.880859375 2079
20059.87890625 2219
20092.1640625 2258
20094.55078125 2413
20129.4375 2628
20160.498046875 2828
20165.62109375 2903
20167.271484375 2996
20190.251953125 204
20207.099609375 1247
20207.4765625 1410
20226.0859375 1888
20226.3359375 1214
20230.783203125 1658
20253.53125 2587
20254.865234375 380
20281.287109375 688
20282.46484375 1761
20300.353515625 66
20301.140625 127
20331.275390625 179
20331.9375 855
20343.6328125 1198
20398.4453125 1250
20418.318359375 1507
20422.92578125 1558
20446.59375 2007
20521.474609375 2092
20524.287109375 2231
20560.25390625 2384
20580.33203125 2457
20613.884765625 2544
20615.6796875 2717
20633.123046875 2774
20680.03125 2794
20681.21875 2909
20682.001953125 972
20694.138671875 1138
20713.9609375 1442
20746.896484375 1137
20753.009765625 102
20760.751953125 667
20768.583984375 1935
20819.80859375 2352
20828.556640625 2887
20853.85546875 427
20905.662109375 1533
20913.103515625 170
20917.841796875 262
20933.552734375 306
20950.58203125 596
20995.548828125 805
21068.9765625 849
21131.685546875 850
21132.41015625 965
21188.001953125 976
21293.70703125 1058
21338.33984375 1403
21352.205078125 1645
21352.31640625 1999
21368.404296875 2292
21419.982421875 2392
21454.890625 2403
21493.46875 2497
21497.2890625 2524
21499.2578125 2601
21528.578125 2652
21549.21875 2657
21549.708984375 2761
21557.44921875 2839
21568.001953125 2939
21594.740234375 2984
21600.712890625 1027
21607.18359375 622
21640.37109375 417
21671.953125 450
21677.369140625 690
21680.96875 969
21731.130859375 982
21745.90625 1040
21763.3125 1078
21764.33984375 1083
21793.33203125 1382
21835.607421875 1391
21837.37890625 1486
21841.095703125 1503
21850.326171875 1547
21899.4375 1561
21935.982421875 1965
21990.228515625 2026
22030.431640625 2066
22080.865234375 2182
22102.951171875 2245
22162.73828125 2460
22178.859375 2466
22205.765625 2540
22219.30078125 2593
22263.220703125 2632
22294.85546875 2753
22310.693359375 2759
22358.732421875 2793
22362.640625 2925
22397.447265625 2152
22450.3125 762
22460.57421875 2757
22583.02734375 37
22618.18359375 1624
22691.27734375 1271
22750.521484375 2370
22772.5546875 2895
22782.78125 2411
22843.279296875 67
22857.5390625 150
22914.044921875 171
23028.765625 195
23038.01171875 363
23048.04296875 522
23048.861328125 657
23068.76171875 701
23070.375 760
23076.9453125 811
23081.25 874
23082.908203125 875
23091.396484375 1002
23091.396484375 1007
23152.69921875 1023
23160.66015625 1356
23201.46875 1378
23203.048828125 1489
23222.7734375 1629
23227.072265625 2721
23254.693359375 2032
23284.384765625 2259
23314.734375 771
23340.69140625 1543
23347.6875 2241
23391.96484375 1964
23422.30078125 1625
23467.8125 2693
23503.58984375 222
23515.24609375 258
23560.373046875 281
23589.0390625 506
23686.02734375 582
23716.751953125 724
23825.115234375 879
23857.041015625 1003
23921.6640625 1171
23944.134765625 1182
23987.142578125 1588
23996.4609375 1685
24365.21875 1758
24393.560546875 2300
24442.474609375 2310
24538.32421875 2705
24637.509765625 2845
24697.869140625 2916
24715.2578125 1811
24755.25390625 2701
24764.4765625 421
24769.76953125 1440
24835.908203125 2337
24982.8203125 2531
25016.6796875 18
25021.0859375 29
25189.25 31
25271.921875 104
25274.357421875 274
25296.32421875 321
25334.3046875 370
25600.169921875 375
25611.046875 562
25641.4765625 914
25682.716796875 944
25772.1875 1672
25796.177734375 1684
25862.12109375 1825
25871.5390625 1846
25875.48046875 1960
25971.345703125 1976
25988.39453125 2006
26034.212890625 2319
26085.076171875 2405
26348.224609375 2550
26415.341796875 2606
26493.0234375 2768
26522.37890625 1081
26648.2421875 1780
26651.091796875 16
26774.873046875 28
26782.251953125 125
26895.83203125 212
27151.408203125 265
27289.50390625 295
27349.376953125 360
27365.83984375 364
27466.296875 937
27559.81640625 1077
27659.072265625 1101
27707.876953125 1241
27709.455078125 1243
28658.8046875 1307
28865.19921875 1343
29040.916015625 1404
29829.9921875 1418
29998.728515625 1585
30021.439453125 1719
30179.681640625 1822
30392.2109375 2009
30421.28515625 2164
30504.8515625 2214
30562.58984375 2250
30662.5546875 2263
30921.802734375 2342
32127.556640625 2359
32570.2421875 2547
