3533.1708984375 1050
3749.16748046875 979
3844.736083984375 1562
4000.234619140625 1597
4001.9931640625 2334
4125.66162109375 587
4136.61669921875 630
4149.09912109375 777
4152.49560546875 1012
4191.193359375 1064
4237.56689453125 1082
4292.46875 1462
4317.94140625 1501
4403.10546875 1654
4450.26318359375 1800
4452.61328125 2656
4454.96875 2884
4466.3603515625 1416
4493.064453125 1446
4493.064453125 87
4496.8759765625 251
4501.32666015625 527
4593.671875 529
4608.28515625 625
4635.328125 641
4696.66748046875 693
4703.19873046875 873
4712.1865234375 881
4778.583984375 928
4801.64599609375 1133
4831.20751953125 1283
4860.43896484375 1318
4861.43310546875 1346
4887.291015625 1417
4887.291015625 1720
4925.185546875 1987
4929.185546875 2226
4997.978515625 2296
5000.45068359375 2515
5124.3779296875 2572
5127.9423828125 2669
5150.26220703125 2728
5179.1376953125 2734
5191.27099609375 2746
5191.5869140625 2852
5193.232421875 2866
5204.8935546875 2915
5209.484375 2949
5241.64306640625 377
5261.685546875 2281
5271.8916015625 160
5279.27880859375 1
5294.9091796875 425
5313.6904296875 446
5344.7587890625 800
5346.9892578125 918
5389.62109375 953
5504.11767578125 985
5514.59033203125 986
5558.7958984375 1008
5588.9853515625 1043
5594.0498046875 1270
5648.92626953125 1317
5683.74755859375 1435
5694.474609375 1548
5709.88330078125 1606
5727.0068359375 1661
5729.75732421875 1712
5733.865234375 2010
5737.09423828125 2088
5753.91259765625 2365
5769.3037109375 2410
5813.03076171875 2414
5823.392578125 2482
5838.5166015625 2560
5887.34814453125 2781
5927.39013671875 2820
5936.87109375 997
5960.4169921875 1781
5992.4892578125 81
6012.1572265625 229
6018.8330078125 440
6043.134765625 548
6060.35986328125 611
6082.24462890625 826
6104.11083984375 834
6105.45751953125 848
6122.85791015625 871
6172.21630859375 893
6224.67578125 1231
6245.60888671875 1256
6276.17529296875 1315
6290.89599609375 1458
6296.7001953125 1550
6306.49853515625 1671
6323.98828125 1711
6339.90966796875 1815
6371.97412109375 1893
6383.15234375 2312
6408.361328125 2324
6431.2705078125 2385
6453.45166015625 2447
6456.36328125 2562
6464.5849609375 2610
6466.89013671875 2622
6493.349609375 2853
6507.16015625 2924
6574.42626953125 2927
6611.46484375 2239
6614.7138671875 1362
6639.50390625 1926
6675.93115234375 2997
6702.32080078125 254
6703.80419921875 388
6718.2626953125 465
6730.255859375 498
6751.560546875 520
6760.2177734375 962
6780.447265625 981
6790.72265625 1156
6791.8251953125 1652
6793.28466796875 2205
6807.5302734375 2339
6808.28759765625 2417
6817.158203125 2494
6839.025390625 2687
6855.2939453125 1122
6918.2734375 1670
6937.33251953125 264
6947.54345703125 2173
7005.3662109375 1646
7021.6025390625 2396
7026.9091796875 49
7100.52685546875 189
7101.0244140625 261
7102.9228515625 263
7103.18994140625 430
7116.42822265625 831
7120.416015625 899
7143.3486328125 1123
7152.8701171875 1169
7155.56689453125 1350
7163.32666015625 1405
7163.921875 1512
7191.69921875 1750
7193.8408203125 1769
7236.33203125 1908
7266.79052734375 1966
7311.39306640625 1982
7315.763671875 1993
7334.90283203125 2094
7340.341796875 2126
7346.17919921875 2141
7366.53125 2171
7388.7431640625 2174
7432.6650390625 2177
7451.005859375 2237
7466.5341796875 2367
7474.8251953125 2536
7554.6806640625 2542
7578.5654296875 2582
7595.9375 2675
7650.34521484375 2703
7657.3408203125 1873
7728.5625 2107
7767.84033203125 1281
7774.25 455
7811.94677734375 470
7831.86669921875 902
7843.22607421875 926
7853.1337890625 967
7911.09130859375 1104
7912.228515625 1225
7918.05810546875 1286
7927.458984375 1506
7948.51953125 1516
7962.93603515625 1599
7967.775390625 1779
7970.431640625 1848
7983.75732421875 1867
8010.8515625 1883
8014.57177734375 2063
8041.140625 2210
8092.07177734375 2246
8099.8046875 2285
8101.734375 2361
8124.490234375 2686
8133.9091796875 2700
8139.62109375 88
8204.62109375 586
8220.9501953125 136
8246.3974609375 1471
8261.5830078125 226
8324.4130859375 296
8324.8505859375 1197
8345.9873046875 1666
8361.03515625 2511
8365.9814453125 101
8398.8642578125 215
8421.7265625 549
8424.978515625 550
8440.3203125 573
8450.0556640625 1136
8450.1572265625 1199
8459.041015625 1530
8465.572265625 1581
8495.6376953125 1640
8521.4072265625 1688
8571.169921875 1968
8585.1572265625 2526
8607.703125 2571
8638.57421875 2983
8641.373046875 1787
8652.287109375 602
8702.05859375 1146
8722.3271484375 253
8723.16015625 342
8726.74609375 843
8735.76171875 1233
8738.419921875 1335
8776.1015625 1394
8808.7138671875 1737
8824.380859375 1784
8853.00390625 1950
8873.966796875 2025
8888.3525390625 2473
8897.7158203125 2518
8919.482421875 999
8929.6123046875 1056
8954.033203125 1900
8966.7607421875 1304
8975.12890625 1326
8987.97265625 2967
8991.5439453125 1329
9004.1396484375 50
9009.8349609375 318
9023.2333984375 389
9051.17578125 478
9078.0283203125 491
9080.486328125 580
9110.55859375 599
9120.02734375 890
9142.5478515625 896
9144.501953125 909
9146.3076171875 919
9150.6455078125 995
9211.68359375 1273
9237.6044921875 1342
9246.8076171875 1430
9311.7529296875 1495
9315.0048828125 1568
9317.451171875 1583
9323.90234375 1764
9332.6689453125 1774
9338.5791015625 2065
9363.41796875 2117
9374.0302734375 2181
9377.5009765625 2268
9419.642578125 2465
9452.71875 2664
9487.7578125 2760
9487.8740234375 2764
9520.5625 2938
9523.630859375 2943
9567.4287109375 1860
9622.658203125 2880
9633.78515625 1333
9638.7041015625 2631
9645.7958984375 146
9664.4208984375 1538
9666.431640625 21
9714.861328125 34
9718.669921875 200
9724.4443359375 288
9727.48828125 336
9731.4169921875 385
9756.599609375 517
9762.494140625 546
9770.45703125 609
9801.39453125 614
9801.7900390625 683
9824.1640625 686
9850.06640625 769
9854.1005859375 1097
9896.1416015625 1221
9897.6279296875 1322
9907.982421875 1359
9950.271484375 1376
9955.54296875 1686
9997.14453125 1854
10003.9091796875 2513
10034.2265625 2553
10035.4794921875 2650
10085.4697265625 2672
10117.41015625 2911
10122.6328125 78
10126.55859375 2713
10148.8984375 2800
10160.3515625 2651
10183.1728515625 2970
10247.8505859375 1045
10273.095703125 1068
10315.451171875 2078
10362.0419921875 884
10392.2890625 886
10399.7451171875 1028
10432.98828125 1845
10527.47265625 1932
10555.578125 2489
10582.8125 90
10653.4619140625 153
10677.0732421875 240
10679.076171875 256
10687.044921875 531
10714.9619140625 644
10748.154296875 706
10749.224609375 775
10759.2880859375 1163
10762.0166015625 1483
10791.32421875 2114
10806.90625 2379
10836.5654296875 2424
10842.4765625 2433
10855.2783203125 2435
10858.9091796875 2442
10864.841796875 2683
10866.150390625 2811
10876.1533203125 2176
10886.3134765625 169
10919.255859375 2207
10927.2724609375 1144
10930.8134765625 2180
10933.119140625 73
10935.875 663
10955.2783203125 677
10970.48828125 756
10996.990234375 925
11017.427734375 927
11025.716796875 946
11031.5244140625 996
11035.384765625 1141
11058.1904296875 1202
11073.9169921875 1251
11080.5087890625 1457
11093.6162109375 1502
11113.24609375 1591
11122.1240234375 1733
11137.4453125 1735
11137.775390625 1919
11183.38671875 1933
11244.529296875 1955
11270.0654296875 2002
11289.693359375 2335
11292.55859375 2341
11309.0927734375 2565
11333.2568359375 2695
11351.390625 2763
11352.724609375 2840
11363.0390625 2422
11374.41015625 1020
11417.283203125 640
11417.8828125 59
11443.2978515625 177
11452.2041015625 191
11462.849609375 575
11464.48828125 687
11475.6181640625 934
11477.58984375 1119
11500.14453125 1529
11524.6640625 1697
11527.728515625 1810
11569.3388671875 1831
11586.7802734375 2354
11592.6630859375 2528
11594.576171875 2679
11609.052734375 2712
11634.5029296875 2747
11639.4521484375 2809
11683.22265625 2821
11691.9033203125 2842
11732.9404296875 2860
11744.0625 2906
11811.46484375 2994
11815.80078125 186
11860.78125 223
11878.865234375 1594
11952.44140625 410
11996.9072265625 631
12004.31640625 132
12012.302734375 2576
12015.146484375 1282
12022.4638671875 488
12024.0078125 869
12034.96875 2059
12045.9677734375 787
12067.521484375 904
12122.48046875 137
12123.6552734375 275
12139.67578125 328
12152.1435546875 333
12160.3369140625 392
12171.015625 407
12176.29296875 489
12192.37109375 680
12211.091796875 1022
12261.515625 1290
12298.8837890625 1358
12301.2158203125 1607
12326.7314453125 1653
12338.7705078125 2024
12342.5048828125 2184
12343.427734375 2221
12353.8037109375 2394
12372.84375 2427
12374.6015625 2517
12430.125 2655
12436.837890625 2704
12436.9951171875 2900
12506.2568359375 2946
12517.1572265625 459
12542.572265625 1408
12554.9697265625 1339
12591.521484375 22
12618.951171875 45
12626.955078125 300
12628.3525390625 812
12641.9462890625 922
12663.7412109375 947
12703.095703125 975
12711.0341796875 1001
12715.2294921875 1095
12749.5048828125 1275
12761.86328125 1664
12801.7412109375 1708
12814.2509765625 1763
12824.8837890625 1766
12857.6748046875 1889
12878.5966796875 2077
12909.453125 2082
12910.74609375 2131
12911.408203125 2315
12980.9013671875 2317
12992.1494140625 2409
12998.353515625 2608
12999.220703125 2616
13001.4755859375 2649
13010.087890625 2819
13026.0458984375 2862
13065.23828125 1164
13067.279296875 2213
13088.34375 1575
13104.1923828125 2889
13117.6484375 445
13118.0302734375 30
13142.673828125 2484
13156.7880859375 38
13168.341796875 40
13193.353515625 76
13196.4912109375 77
13212.56640625 108
13216.9296875 164
13251.3544921875 211
13276.12890625 225
13312.87109375 376
13321.6533203125 437
13327.6513671875 510
13338.6025390625 646
13350.955078125 671
13367.4189453125 738
13377.1376953125 770
13383.7275390625 1434
13388.2451171875 1610
13411.2080078125 1662
13428.59375 1709
13429.9580078125 1998
13445.9384765625 2166
13466.4296875 2220
13469.46875 2238
13472.314453125 2255
13472.9228515625 2345
13486.2724609375 2510
13486.2724609375 2581
13488.0791015625 2607
13488.8935546875 2807
13493.845703125 1015
13503.154296875 1984
13511.205078125 1258
13587.8623046875 2555
13600.5595703125 1147
13600.5595703125 865
13607.095703125 939
13614.3994140625 1497
13636.623046875 2630
13679.287109375 2752
13729.669921875 457
13737.5205078125 309
13739.697265625 316
13777.32421875 483
13785.50390625 484
13822.279296875 633
13828.08203125 1026
13829.5576171875 1036
13838.28515625 1176
13852.3408203125 1423
13852.69921875 1485
13855.814453125 1590
13868.46484375 1702
13904.248046875 1759
13939.470703125 1818
13954.76953125 1958
13975.173828125 1963
13991.181640625 1977
14010.2724609375 2053
14011.296875 2056
14024.5322265625 2125
14046.138671875 2304
14090.46875 2356
14092.85546875 2477
14093.771484375 2533
14100.798828125 2732
14111.7490234375 2948
14119.759765625 1601
14156.3154296875 2256
14171.890625 2104
14181.828125 284
14193.2109375 182
14193.482421875 916
14202.9951171875 1667
14209.9306640625 1852
14242.9072265625 727
14332.400390625 2036
14338.51171875 2772
14373.0078125 130
14395.91796875 219
14396.6630859375 394
14403.2119140625 405
14449.47265625 634
14450.228515625 856
14479.5595703125 983
14480.4228515625 1117
14486.814453125 1386
14515.546875 1791
14541.564453125 1991
14565.1171875 2060
14568.767578125 2215
14596.18359375 2314
14610.8798828125 2440
14620.9140625 2467
14656.4228515625 2618
14670.6787109375 2648
14690.0771484375 2694
14705.2802734375 1772
14727.37890625 818
14739.408203125 2907
14755.876953125 660
14799.7724609375 1168
14803.4248046875 1145
14815.111328125 1476
14838.666015625 1618
14864.607421875 655
14887.599609375 1592
14915.736328125 2120
14950.0029296875 2557
14963.23046875 112
14979.6865234375 350
14988.259765625 356
14997.6806640625 448
15013.166015625 1500
15044.9052734375 1526
15111.3154296875 1587
15117.76953125 1881
15124.044921875 1943
15151.2158203125 1962
15163.623046875 1995
15169.681640625 2075
15170.5302734375 2118
15178.140625 2309
15199.1220703125 2418
15205.19921875 2516
15223.974609375 2588
15231.361328125 2605
15273.4443359375 2623
15304.7685546875 2937
15320.5595703125 1005
15350.0537109375 110
15350.26171875 2360
15374.2939453125 121
15406.9267578125 1046
15450.9072265625 298
15479.4765625 372
15490.2998046875 492
15493.4248046875 752
15506.30078125 838
15526.57421875 903
15530.33984375 1034
15552.9794921875 1128
15564.955078125 1187
15598.625 1437
15610.4091796875 1488
15612.3232421875 1534
15617.0927734375 1657
15695.1611328125 1678
15761.072265625 1824
15784.41015625 1826
15801.537109375 1941
15821.908203125 1997
15831.9990234375 2318
15841.2275390625 2327
15851.2421875 2362
15883.076171875 2404
15884.8466796875 2453
15886.07421875 2458
15886.07421875 2496
15888.2060546875 2696
15969.2373046875 2722
16004.21875 2796
16017.5546875 2584
16029.8662109375 2872
16035.6796875 2589
16041.5390625 2135
16042.2099609375 1802
16058.31640625 1853
16062.3330078125 1892
16079.8271484375 1580
16129.8359375 25
16132.849609375 72
16140.6435546875 343
16147.615234375 710
16210.626953125 755
16220.236328125 885
16238.8193359375 1683
16253.9169921875 1776
16255.2060546875 1972
16258.92578125 2047
16279.6005859375 2138
16280.11328125 2185
16339.8974609375 2344
16353.5546875 2545
16358.927734375 2573
16363.9326171875 2855
16391.111328125 2159
16403.7265625 1067
16409.30859375 371
16417.658203125 243
16434.912109375 1301
16451.205078125 311
16452.16015625 426
16457.119140625 648
16467.7109375 720
16497.83203125 792
16517.3125 940
16519.125 1006
16536.6640625 1032
16540.451171875 1160
16552.154296875 1189
16601.623046875 2183
16608.017578125 2190
16608.36328125 2301
16609.111328125 1459
16609.111328125 1649
16642.8671875 353
16659.482421875 2706
16678.1796875 1511
16778.78125 1778
16804.853515625 329
16812.111328125 731
16824.732421875 1400
16835.513671875 2070
16844.486328125 1480
16868.009765625 1714
16890.462890625 249
16944.119140625 94
16970.125 2823
17006.826171875 471
17013.81640625 473
17018.921875 747
17091.44140625 915
17100.205078125 921
17102.77734375 993
17110.833984375 1072
17114.806640625 1415
17165.09765625 1541
17210.91015625 1746
17213.22265625 1949
17214.31640625 2079
17235.390625 2219
17272.310546875 2258
17291.2890625 2413
17320.58984375 2628
17343.568359375 2828
17344.9375 2903
17409.607421875 2996
17413.53515625 204
17414.05859375 1247
17424.9296875 1410
17468.421875 1888
17476.1171875 1214
17492.208984375 1658
17509.173828125 2587
17524.541015625 380
17538.380859375 688
17552.28515625 1761
17571.546875 66
17617.01953125 127
17629.4453125 179
17677.8046875 855
17725.666015625 1198
17739.8125 1250
17771.607421875 1507
17781.982421875 1558
17816.931640625 2007
17818.2890625 2092
17845.630859375 2231
17851.087890625 2384
17852.306640625 2457
17860.322265625 2544
17869.125 2717
17904.599609375 2774
17918.615234375 2794
17940.150390625 2909
17961.37109375 972
18107.33203125 1138
18184.021484375 1442
18185.55078125 1137
18190.4453125 102
18200.060546875 667
18202.181640625 1935
18206.345703125 2352
18221.99609375 2887
18229.3203125 427
18283.673828125 1533
18321.763671875 170
18336.880859375 262
18338.046875 306
18354.298828125 596
18374.9296875 805
18396.041015625 849
18425.921875 850
18453.443359375 965
18489.99609375 976
18490.876953125 1058
18569.408203125 1403
18573.91015625 1645
18612.248046875 1999
18624.240234375 2292
18640.728515625 2392
18643.85546875 2403
18708.66796875 2497
18732.970703125 2524
18782.34375 2601
18810.142578125 2652
18828.52734375 2657
18849.392578125 2761
18971.134765625 2839
18998.0703125 2939
19032.64453125 2984
19033.142578125 1027
19063.5390625 622
19078.78515625 417
19117.19921875 450
19244.654296875 690
19263.27734375 969
19291.37890625 982
19303.310546875 1040
19307.037109375 1078
19329.171875 1083
19375.73828125 1382
19387.232421875 1391
19489.892578125 1486
19621.2890625 1503
19632.3359375 1547
19671.25 1561
19677.54296875 1965
19712.892578125 2026
19746.673828125 2066
19755.720703125 2182
19823.123046875 2245
19880.9921875 2460
19915.392578125 2466
19931.125 2540
19943.90234375 2593
19980.05859375 2632
20032.18359375 2753
20035.3984375 2759
20075.48046875 2793
20103.3828125 2925
20104.203125 2152
20121.95703125 762
20123.419921875 2757
20148.080078125 37
20251.55859375 1624
20285.294921875 1271
20324.880859375 2370
20454.033203125 2895
20497.716796875 2411
20533.083984375 67
20547.228515625 150
20569.88671875 171
20587.978515625 195
20589.986328125 363
20636.978515625 522
20669.96484375 657
20721.2734375 701
20739.8984375 760
20860.46875 811
20917.224609375 874
20932.728515625 875
20969.16796875 1002
21000.9765625 1007
21008.521484375 1023
21038.02734375 1356
21038.193359375 1378
21043.380859375 1489
21051.740234375 1629
21061.5078125 2721
21231.46484375 2032
21262.615234375 2259
21295.93359375 771
21434.638671875 1543
21450.462890625 2241
21467.138671875 1964
21523.419921875 1625
21536.65234375 2693
21577.576171875 222
21659.79296875 258
21686.96484375 281
21737.09765625 506
21738.5859375 582
21753.4140625 724
21948.896484375 879
21956.88671875 1003
21978.580078125 1171
21991.18359375 1182
22017.861328125 1588
22019.5390625 1685
22027.154296875 1758
22054.314453125 2300
22167.765625 2310
22176.39453125 2705
22179.798828125 2845
22195.5703125 2916
22240.611328125 1811
22254.134765625 2701
22265.021484375 421
22290.90625 1440
22309.556640625 2337
22310.560546875 2531
22319.2578125 18
22327.19921875 29
22339.984375 31
22392.158203125 104
22460.951171875 274
22512.2421875 321
22748.599609375 370
22770.076171875 375
22800.046875 562
22801.5 914
22882.80859375 944
23283.326171875 1672
23302.3984375 1684
23351.720703125 1825
23353.37890625 1846
23373.318359375 1960
23377.984375 1976
23482.0859375 2006
23525.533203125 2319
23645.9296875 2405
23692.015625 2550
23851.583984375 2606
23991.77734375 2768
24221.75 1081
24310.4140625 1780
24523.091796875 16
24548.1640625 28
24587.791015625 125
24596.244140625 212
24596.244140625 265
24703.861328125 295
24707.134765625 360
24707.876953125 364
24776.51171875 937
24861.716796875 1077
25013.03125 1101
25040.44921875 1241
25208.80859375 1243
25486.025390625 1307
25564.486328125 1343
25608.52734375 1404
25900.685546875 1418
25957.580078125 1585
26043.17578125 1719
26508.34765625 1822
26739.333984375 2009
27066.26171875 2164
27421.88671875 2214
28140.412109375 2250
28367.099609375 2263
29289.326171875 2342
29946.92578125 2359
31429.78125 2547
