5613.77880859375 2511
5795.8046875 101
5808.021484375 215
5954.03125 549
5991.05322265625 550
6033.0615234375 573
6117.6142578125 1136
6277.2216796875 1199
6375.4580078125 1530
6568.146484375 1581
6837.9169921875 1640
6891.666015625 1688
6928.37109375 1968
7114.947265625 2526
7144.47314453125 2571
7359.912109375 2983
7476.5888671875 1787
7499.26953125 602
7561.93994140625 1146
7606.59326171875 253
7755.12109375 342
8010.12451171875 843
8025.02587890625 1233
8032.162109375 1335
8032.162109375 1394
8069.3486328125 1737
8086.24560546875 1784
8123.60693359375 1950
8157.93212890625 2025
8305.912109375 2473
8312.201171875 2518
8312.51953125 999
8337.3251953125 1056
8345.6611328125 1900
8350.3564453125 1304
8414.0859375 1326
8454.158203125 2967
8467.390625 1446
8481.4365234375 87
8511.78125 251
8532.23046875 527
8569.94921875 529
8590.056640625 625
8661.57421875 641
8711.7783203125 693
8772.0859375 873
8808.0830078125 881
8840.54296875 928
8871.806640625 1133
8894.9404296875 1283
8953.04296875 1318
8956.615234375 1346
8960.5693359375 1417
8971.3369140625 1720
8989.3828125 1987
9023.0771484375 2226
9057.1826171875 2296
9058.908203125 2515
9082.33203125 2572
9112.2431640625 2669
9125.1923828125 2728
9130.5478515625 2734
9130.5478515625 2746
9137.52734375 2852
9180.375 2866
9194.08984375 2915
9218.390625 2949
9271.8935546875 377
9297.208984375 2281
9369.162109375 160
9396.6982421875 1
9437.451171875 425
9453.5390625 446
9462.267578125 800
9494.9345703125 918
9515.505859375 953
9546.53515625 985
9593.248046875 986
9605.5693359375 1008
9674.6796875 1043
9684.9482421875 1270
9692.65625 1317
9736.865234375 1435
9810.8837890625 1548
9815.91796875 1606
9830.07421875 1661
9866.359375 1712
9867.08203125 2010
9868.208984375 2088
9869.666015625 2365
9886.9775390625 2410
9900.197265625 2414
9911.76171875 2482
9926.6337890625 2560
9959.728515625 2781
10033.763671875 2820
10040.1279296875 997
10057.41796875 1781
10057.4833984375 81
10061.8671875 229
10123.6611328125 440
10144.5625 548
10163.61328125 611
10167.48046875 826
10176.3212890625 834
10219.123046875 848
10220.0791015625 871
10222.5439453125 893
10232.84765625 1231
10273.138671875 1256
10291.8359375 1315
10296.421875 1458
10347.783203125 1550
10380.349609375 1671
10426.5029296875 1711
10463.2119140625 1815
10466.71875 1893
10470.544921875 2312
10487.927734375 2324
10516.9453125 2385
10520.58203125 2447
10534.9306640625 2562
10540.01953125 2610
10546.1044921875 2622
10563.08984375 2853
10564.3916015625 2924
10571.7998046875 2927
10594.1015625 2239
10613.0927734375 1362
10646.5146484375 1926
10656.080078125 2997
10661.3955078125 254
10666.2060546875 388
10673.046875 465
10683.0859375 498
10693.3896484375 520
10778.583984375 962
10806.09765625 981
10819.2578125 1156
10847.4462890625 1652
10859.974609375 2205
10875.427734375 2339
10897.2080078125 2417
10913.8916015625 2494
10920.8505859375 2687
10922.6484375 1122
10932.4033203125 1670
10990.384765625 264
10995.2333984375 2173
11000.779296875 1646
11006.841796875 2396
11011.37109375 49
11020.44921875 189
11047.1318359375 261
11084.677734375 263
11086.54296875 430
11095.1845703125 831
11113.0654296875 899
11127.390625 1123
11145.8427734375 1169
11153.2763671875 1350
11167.95703125 1405
11183.63671875 1512
11185.2978515625 1750
11205.89453125 1769
11206.4716796875 1908
11234.373046875 1966
11249.736328125 1982
11265.451171875 1993
11308.16796875 2094
11319.634765625 2126
11324.9853515625 2141
11351.3740234375 2171
11352.361328125 2174
11357.3271484375 2177
11390.1318359375 2237
11401.361328125 2367
11414.8330078125 2536
11417.3623046875 2542
11430.94921875 2582
11435.466796875 2675
11435.9609375 2703
11449.1904296875 1873
11499.810546875 2107
11520.107421875 1281
11533.9921875 455
11576.11328125 470
11586.0703125 902
11603.0302734375 926
11639.3125 967
11640.974609375 1104
11643.7958984375 1225
11646.7734375 1286
11665.779296875 1506
11667.697265625 1516
11687.28125 1599
11701.484375 1779
11726.17578125 1848
11744.4287109375 1867
11751.96484375 1883
11763.46484375 2063
11765.6259765625 2210
11765.8134765625 2246
11768.794921875 2285
11772.228515625 2361
11783.919921875 2686
11800.7041015625 2700
11804.1982421875 88
11808.091796875 586
11856.677734375 136
11887.8740234375 1471
11938.1865234375 226
11956.248046875 296
11960.560546875 1197
11961.4619140625 1666
11964.6396484375 1329
11978.5546875 50
11980.2373046875 318
11986.921875 389
11993.8125 478
12018.2822265625 491
12040.5595703125 580
12047.083984375 599
12049.330078125 890
12059.1005859375 896
12066.505859375 909
12075.42578125 919
12077.4921875 995
12085.7626953125 1273
12085.7822265625 1342
12095.646484375 1430
12106.5810546875 1495
12111.0654296875 1568
12122.80078125 1583
12150.0595703125 1764
12157.3740234375 1774
12164.1787109375 2065
12189.810546875 2117
12213.3173828125 2181
12217.9306640625 2268
12227.0322265625 2465
12230.8037109375 2664
12245.70703125 2760
12248.34765625 2764
12250.6904296875 2938
12252.8125 2943
12259.1142578125 1860
12262.2724609375 2880
12271.5078125 1333
12280.87890625 2631
12313.923828125 146
12328.1865234375 1538
12328.7890625 21
12328.984375 34
12343.7783203125 200
12373.1484375 288
12373.3515625 336
12384.4775390625 385
12400.42578125 517
12408.373046875 546
12432.1328125 609
12454.5244140625 614
12479.9638671875 683
12482.2978515625 686
12485.337890625 769
12487.7373046875 1097
12488.7646484375 1221
12504.5537109375 1322
12511.78125 1359
12521.123046875 1376
12522.91796875 1686
12531.55859375 1854
12577.568359375 2513
12586.10546875 2553
12619.0546875 2650
12673.400390625 2672
12712.646484375 2911
12713.923828125 78
12723.3193359375 2713
12742.84765625 2800
12748.9482421875 2651
12763.2734375 2970
12776.73828125 1045
12785.685546875 1068
12788.419921875 2078
12792.802734375 884
12814.09375 886
12831.5029296875 1028
12848.458984375 1845
12859.1474609375 1932
12913.935546875 2489
12915.0625 90
12943.064453125 153
12948.939453125 240
12952.6123046875 256
12957.09375 531
12958.056640625 644
12980.056640625 706
12990.25390625 775
12997.4140625 1163
13029.79296875 1483
13031.240234375 2114
13035.625 2379
13039.255859375 2424
13040.5107421875 2433
13056.615234375 2435
13057.853515625 2442
13067.677734375 2683
13087.109375 2811
13093.51171875 2176
13150.3017578125 169
13166.0048828125 2207
13177.8623046875 1144
13183.1884765625 2180
13209.9189453125 73
13212.701171875 663
13236.3173828125 677
13258.2548828125 756
13268.439453125 925
13272.474609375 927
13279.169921875 946
13296.3896484375 996
13302.642578125 1141
13326.298828125 1202
13329.537109375 1251
13329.97265625 1457
13332.037109375 1502
13339.9462890625 1591
13344.76953125 1733
13356.01171875 1735
13380.232421875 1919
13385.64453125 1933
13483.916015625 1955
13500.25 2002
13539.6103515625 2335
13543.5068359375 2341
13554.75390625 2565
13569.244140625 2695
13569.7744140625 2763
13596.7978515625 2840
13617.9892578125 2422
13633.857421875 1020
13652.2919921875 640
13654.318359375 59
13658.0634765625 177
13673.6767578125 191
13674.3828125 575
13677.4775390625 687
13715.73828125 934
13734.263671875 1119
13735.673828125 1529
13749.5947265625 1697
13752.05078125 1810
13755.9482421875 1831
13788.353515625 2354
13791.0576171875 2528
13792.8798828125 2679
13801.4619140625 2712
13811.09765625 2747
13823.9072265625 2809
13834.041015625 2821
13836.70703125 2842
13841.9267578125 2860
13851.4892578125 2906
13873.6884765625 2994
13874.5654296875 186
13875.14453125 223
13884.4423828125 1594
13884.765625 410
13884.9228515625 631
13892.220703125 132
13900.3388671875 2576
13928.025390625 1282
13938.5986328125 488
13945.1689453125 869
13945.724609375 2059
13957.8564453125 787
13974.205078125 904
14013.8359375 137
14035.3212890625 275
14056.9736328125 328
14064.63671875 333
14070.4677734375 392
14127.501953125 407
14148.76171875 489
14164.515625 680
14166.0556640625 1022
14198.10546875 1290
14218.5634765625 1358
14233.046875 1607
14243.8125 1653
14244.888671875 2024
14248.205078125 2184
14258.912109375 2221
14273.576171875 2394
14279.203125 2427
14282.5830078125 2517
14285.587890625 2655
14295.3173828125 2704
14324.1025390625 2900
14341.625 2946
14341.6953125 459
14363.599609375 1408
14382.9580078125 1339
14390.1435546875 22
14407.5498046875 45
14415.9638671875 300
14432.0888671875 812
14432.55859375 922
14447.5966796875 947
14451.6298828125 975
14469.6826171875 1001
14470.51171875 1095
14488.3369140625 1275
14513.560546875 1664
14530.712890625 1708
14537.7822265625 1763
14549.7236328125 1766
14572.2666015625 1889
14589.6865234375 2077
14590.8134765625 2082
14592.76171875 2131
14621.91015625 2315
14628.6171875 2317
14633.1513671875 2409
14672.783203125 2608
14691.55859375 2616
14693.353515625 2649
14697.2666015625 2819
14710.87109375 2862
14710.9814453125 1164
14713.177734375 2213
14742.2822265625 1050
14747.51953125 979
14755.474609375 1562
14758.923828125 1597
14798.03125 2334
14804.7265625 587
14832.3974609375 630
14840.44921875 777
14856.75390625 1012
14867.7001953125 1064
14886.845703125 1082
14889.861328125 1462
14891.47265625 1501
14893.8798828125 1654
14929.587890625 1800
14931.423828125 2656
14947.494140625 2884
14961.9775390625 1416
14962.3427734375 1575
15014.408203125 2889
15022.3203125 445
15029.546875 30
15054.7744140625 2484
15067.9638671875 38
15074.3349609375 40
15114.1357421875 76
15119.904296875 77
15121.796875 108
15166.818359375 164
15170.6455078125 211
15170.9609375 225
15181.083984375 376
15195.859375 437
15208.2451171875 510
15221.8623046875 646
15290.1572265625 671
15336.830078125 738
15358.6796875 770
15433.189453125 1434
15455.7431640625 1610
15476.314453125 1662
15492.21875 1709
15499.8818359375 1998
15511.484375 2166
15534.29296875 2220
15540.208984375 2238
15594.6171875 2255
15602.521484375 2345
15613.15234375 2510
15615.8203125 2581
15645.111328125 2607
15645.111328125 2807
15676.359375 1015
15687.044921875 1984
15729.091796875 1258
15730.3828125 2555
15736.2548828125 1147
15739.18359375 865
15742.9912109375 939
15745.9716796875 1497
15772.41796875 2630
15781.8974609375 2752
15782.365234375 457
15817.537109375 309
15844.8623046875 316
15858.458984375 483
15867.427734375 484
15867.728515625 633
15879.0146484375 1026
15887.9697265625 1036
15892.947265625 1176
15895.0185546875 1423
15930.7255859375 1485
15945.6494140625 1590
15950.0234375 1702
15951.3154296875 1759
15960.298828125 1818
15978.23046875 1958
15983.7021484375 1963
15983.7021484375 1977
15984.189453125 2053
15988.765625 2056
16003.8046875 2125
16013.583984375 2304
16035.47265625 2356
16044.193359375 2477
16049.6572265625 2533
16056.951171875 2732
16079.408203125 2948
16095.548828125 1601
16137.52734375 2256
16161.8935546875 2104
16164.234375 284
16204.5087890625 182
16225.244140625 916
16238.794921875 1667
16253.259765625 1852
16280.21484375 727
16285.0869140625 2036
16305.220703125 2772
16355.6630859375 130
16356.8134765625 219
16426.12890625 394
16433.34375 405
16448.1796875 634
16468.515625 856
16507.005859375 983
16530.6015625 1117
16546.0 1386
16595.859375 1791
16596.369140625 1991
16604.490234375 2060
16624.1640625 2215
16627.865234375 2314
16634.73828125 2440
16646.33984375 2467
16654.18359375 2618
16698.1015625 2648
16701.34375 2694
16725.6953125 1772
16727.578125 818
16746.681640625 2907
16751.666015625 660
16799.935546875 1168
16838.763671875 1145
16887.05078125 1476
16924.013671875 1618
16934.04296875 655
16967.400390625 1592
16989.33203125 2120
16992.1875 2557
16994.740234375 112
16997.42578125 350
17074.4921875 356
17097.49609375 448
17116.662109375 1500
17145.69140625 1526
17173.740234375 1587
17184.328125 1881
17191.87109375 1943
17198.533203125 1962
17217.53515625 1995
17226.126953125 2075
17261.53125 2118
17262.5078125 2309
17330.240234375 2418
17348.439453125 2516
17390.134765625 2588
17404.28125 2605
17417.404296875 2623
17435.546875 2937
17475.818359375 1005
17536.421875 110
17539.41796875 2360
17556.96484375 121
17598.39453125 1046
17609.044921875 298
17609.490234375 372
17653.91796875 492
17661.607421875 752
17778.10546875 838
17798.296875 903
17811.337890625 1034
17841.6171875 1128
17858.82421875 1187
17865.84375 1437
17887.86328125 1488
17904.48046875 1534
17912.935546875 1657
17975.54296875 1678
18011.41015625 1824
18023.580078125 1826
18061.68359375 1941
18097.07421875 1997
18123.6015625 2318
18250.82421875 2327
18278.3125 2362
18296.77734375 2404
18308.984375 2453
18373.3359375 2458
18391.046875 2496
18438.10546875 2696
18443.54296875 2722
18458.9375 2796
18464.037109375 2584
18495.40234375 2872
18506.162109375 2589
18517.68359375 2135
18527.630859375 1802
18536.01953125 1853
18612.314453125 1892
18712.291015625 1580
18726.81640625 25
18728.544921875 72
18728.544921875 343
18736.2265625 710
18755.33203125 755
18764.2109375 885
18766.228515625 1683
18789.76953125 1776
18808.75390625 1972
18838.0 2047
18850.384765625 2138
18886.76171875 2185
18911.568359375 2344
18940.3125 2545
18950.03125 2573
18969.62109375 2855
19093.931640625 2159
19160.205078125 1067
19199.06640625 371
19215.38671875 243
19266.38671875 1301
19282.974609375 311
19290.001953125 426
19313.05078125 648
19327.009765625 720
19351.35546875 792
19363.4453125 940
19443.15625 1006
19449.462890625 1032
19463.56640625 1160
19463.59375 1189
19467.443359375 2183
19467.845703125 2190
19487.69140625 2301
19507.365234375 1459
19615.388671875 1649
19710.720703125 353
19886.490234375 2706
19931.68359375 1511
19991.400390625 1778
20011.21484375 329
20083.142578125 731
20154.2265625 1400
20203.689453125 2070
20326.63671875 1480
20376.392578125 1714
20415.103515625 249
20498.470703125 94
20503.541015625 2823
20516.98828125 471
20532.453125 473
20536.4140625 747
20611.28515625 915
20673.771484375 921
20730.220703125 993
20751.625 1072
20780.408203125 1415
20820.4140625 1541
20838.72265625 1746
20865.6796875 1949
20914.15234375 2079
20926.482421875 2219
20927.06640625 2258
21014.0234375 2413
21034.26171875 2628
21044.603515625 2828
21063.5625 2903
21066.251953125 2996
21098.25390625 204
21099.9140625 1247
21147.20703125 1410
21172.1796875 1888
21199.98046875 1214
21210.998046875 1658
21269.703125 2587
21288.681640625 380
21289.8671875 688
21317.666015625 1761
21389.0859375 66
21393.12890625 127
21421.236328125 179
21458.423828125 855
21475.203125 1198
21479.12890625 1250
21512.283203125 1507
21577.7578125 1558
21581.90234375 2007
21584.498046875 2092
21585.548828125 2231
21612.251953125 2384
21688.0859375 2457
21688.880859375 2544
21710.73828125 2717
21743.384765625 2774
21749.310546875 2794
21803.142578125 2909
21879.888671875 972
21890.0703125 1138
21973.3984375 1442
22089.0625 1137
22135.650390625 102
22137.271484375 667
22148.35546875 1935
22156.46875 2352
22255.654296875 2887
22261.798828125 427
22291.203125 1533
22320.85546875 170
22341.34375 262
22374.02734375 306
22420.0625 596
22517.138671875 805
22518.4609375 849
22519.640625 850
22530.703125 965
22543.55078125 976
22593.625 1058
22638.26953125 1403
22655.814453125 1645
22670.244140625 1999
22715.240234375 2292
22722.33984375 2392
22745.98046875 2403
22748.640625 2497
22753.0625 2524
22884.1953125 2601
22930.20703125 2652
23007.943359375 2657
23022.357421875 2761
23037.111328125 2839
23111.970703125 2939
23169.83203125 2984
23185.00390625 1027
23193.041015625 622
23220.8515625 417
23481.2421875 450
23511.400390625 690
23511.9453125 969
23537.91796875 982
23586.822265625 1040
23617.97265625 1078
23646.064453125 1083
23685.34765625 1382
23847.76953125 1391
23928.384765625 1486
23938.08984375 1503
23945.01953125 1547
23951.1171875 1561
24092.220703125 1965
24138.443359375 2026
24163.3359375 2066
24311.01953125 2182
24400.49609375 2245
24437.462890625 2460
24439.953125 2466
24447.900390625 2540
24453.654296875 2593
24464.59765625 2632
24642.5078125 2753
24673.060546875 2759
24710.126953125 2793
24760.59375 2925
24774.26171875 2152
24829.380859375 762
24893.072265625 2757
24983.03515625 37
25020.689453125 1624
25049.404296875 1271
25117.51953125 2370
25150.890625 2895
25176.08203125 2411
25249.115234375 67
25264.06640625 150
25328.212890625 171
25349.15625 195
25622.361328125 363
25687.67578125 522
25710.109375 657
25785.623046875 701
25822.82421875 760
25822.82421875 811
25915.16015625 874
25932.41015625 875
26027.728515625 1002
26119.193359375 1007
26243.67578125 1023
26248.205078125 1356
26254.5546875 1378
26341.03125 1489
26392.9296875 1629
26470.03515625 2721
26482.736328125 2032
26497.62890625 2259
26508.2890625 771
26520.267578125 1543
26547.86328125 2241
26562.587890625 1964
26565.484375 1625
26579.5703125 2693
26632.685546875 222
26632.685546875 258
26808.923828125 281
26978.083984375 506
27175.74609375 582
27194.779296875 724
27234.482421875 879
27269.76953125 1003
27282.109375 1171
27313.1328125 1182
27336.720703125 1588
27360.76953125 1685
27409.509765625 1758
27484.09765625 2300
27511.439453125 2310
27518.439453125 2705
27612.794921875 2845
27642.572265625 2916
27645.421875 1811
27756.458984375 2701
27759.0 421
27995.18359375 1440
28008.5390625 2337
28246.080078125 2531
28391.580078125 18
28466.36328125 29
28510.953125 31
28561.51171875 104
28585.771484375 274
28690.486328125 321
28741.9140625 370
29034.5390625 375
29102.43359375 562
29138.197265625 914
29196.125 944
29286.552734375 1672
29447.603515625 1684
29464.787109375 1825
29484.638671875 1846
29659.296875 1960
29702.44140625 1976
29735.19140625 2006
29773.6953125 2319
29815.158203125 2405
29953.77734375 2550
30012.8359375 2606
30154.5 2768
30241.23828125 1081
30301.6640625 1780
30331.232421875 16
30484.5859375 28
30547.177734375 125
30664.11328125 212
30819.361328125 265
30871.548828125 295
30968.806640625 360
31074.912109375 364
31377.9609375 937
31445.6171875 1077
31484.28515625 1101
31708.546875 1241
31767.54296875 1243
31816.638671875 1307
32001.61328125 1343
32118.408203125 1404
32177.078125 1418
32724.21875 1585
33679.0703125 1719
33930.765625 1822
34114.28515625 2009
34504.47265625 2164
34593.18359375 2214
34729.0234375 2250
35059.05078125 2263
35093.54296875 2342
35351.03515625 2359
36443.5546875 2547
