5091.3984375 1446
5215.3193359375 87
5515.64697265625 251
5601.68798828125 527
5936.55859375 529
6046.30029296875 625
6196.2939453125 641
6200.42578125 693
6378.50634765625 873
6452.7841796875 881
6519.677734375 928
6540.86181640625 1133
6595.671875 1283
6621.330078125 1318
6629.02783203125 1346
6650.2138671875 1417
6666.40869140625 1720
6681.1884765625 1987
6726.7060546875 2226
6785.6943359375 2296
6804.3759765625 2515
6811.4501953125 2572
6896.60400390625 2669
6927.9404296875 2728
7040.6904296875 2734
7068.6708984375 2746
7197.02734375 2852
7208.8564453125 2866
7216.712890625 2915
7248.00732421875 2949
7255.921875 377
7285.18017578125 2281
7298.501953125 160
7311.50537109375 1
7312.16650390625 425
7331.2275390625 446
7336.287109375 800
7376.50390625 918
7459.1318359375 953
7460.05615234375 985
7529.06982421875 986
7586.02001953125 1008
7596.546875 1043
7605.93701171875 1270
7629.39599609375 1317
7641.02490234375 1435
7716.20703125 1548
7717.34326171875 1606
7718.8134765625 1661
7740.212890625 1712
7747.5126953125 2010
7750.5126953125 2088
7774.10400390625 2365
7811.88134765625 2410
7817.8134765625 2414
7835.0576171875 2482
7875.8466796875 2560
7881.21337890625 2781
7914.32666015625 2820
7919.330078125 997
7962.45947265625 1781
7966.84130859375 81
7967.74658203125 229
8091.037109375 440
8192.3740234375 548
8196.15625 611
8205.6806640625 826
8238.0703125 834
8258.3701171875 848
8266.42578125 871
8267.04296875 893
8283.2060546875 1231
8283.7158203125 1256
8290.76171875 1315
8313.0947265625 1458
8344.8603515625 1550
8351.830078125 1671
8363.9599609375 1711
8375.4326171875 1815
8376.79296875 1893
8377.091796875 2312
8384.45703125 2324
8385.9453125 2385
8386.041015625 2447
8386.736328125 2562
8400.5859375 2610
8420.0546875 2622
8427.513671875 2853
8458.6748046875 2924
8461.12890625 2927
8471.4482421875 2239
8479.43359375 1362
8488.9912109375 1926
8490.3642578125 2997
8503.1630859375 254
8549.3486328125 388
8551.7158203125 465
8554.8076171875 498
8573.142578125 520
8587.8486328125 962
8598.115234375 981
8604.2685546875 1156
8648.30859375 1652
8685.6083984375 2205
8685.7666015625 2339
8719.5439453125 2417
8723.0537109375 2494
8805.1376953125 2687
8816.255859375 1122
8858.765625 1670
8860.7646484375 264
8885.2919921875 2173
8887.6650390625 1646
8895.21875 2396
8913.1953125 49
8925.138671875 189
8939.748046875 261
8946.69921875 263
8962.404296875 430
8993.0771484375 831
8996.1611328125 899
9030.171875 1123
9045.50390625 1169
9062.02734375 1350
9065.0712890625 1405
9072.0908203125 1512
9085.830078125 1750
9094.03515625 1769
9133.501953125 1908
9154.267578125 1966
9156.677734375 1982
9181.9365234375 1993
9198.5146484375 2094
9211.3291015625 2126
9265.857421875 2141
9326.4150390625 2171
9331.173828125 2174
9378.947265625 2177
9380.515625 2237
9388.2138671875 2367
9389.2119140625 2536
9396.265625 2542
9404.095703125 2582
9415.3095703125 2675
9425.296875 2703
9463.138671875 1873
9488.224609375 2107
9540.904296875 1281
9566.5654296875 455
9589.9873046875 470
9603.650390625 902
9612.130859375 926
9621.126953125 967
9656.498046875 1104
9660.2783203125 1225
9738.701171875 1286
9749.017578125 1506
9765.4541015625 1516
9795.259765625 1599
9801.107421875 1779
9803.380859375 1848
9811.779296875 1867
9812.1640625 1883
9823.015625 2063
9827.876953125 2210
9860.83203125 2246
9864.5859375 2285
9874.7138671875 2361
9884.7197265625 2686
9891.7626953125 2700
9892.541015625 88
9915.6396484375 586
9933.83203125 136
9933.83203125 1471
9949.564453125 226
9952.84765625 296
9980.9697265625 1197
9981.2861328125 1666
9981.5625 2511
9998.6416015625 101
10039.4013671875 215
10091.146484375 549
10093.7890625 550
10102.9189453125 573
10114.240234375 1136
10142.529296875 1199
10143.28125 1530
10162.345703125 1581
10176.8251953125 1640
10191.650390625 1688
10198.427734375 1968
10210.5048828125 2526
10228.5537109375 2571
10230.6083984375 2983
10241.015625 1787
10244.873046875 602
10259.6669921875 1146
10267.537109375 253
10272.0703125 342
10318.8173828125 843
10346.525390625 1233
10356.39453125 1335
10357.5478515625 1394
10373.189453125 1737
10376.0 1784
10379.62109375 1950
10391.4072265625 2025
10396.712890625 2473
10421.5830078125 2518
10430.8046875 999
10440.947265625 1056
10441.1025390625 1900
10441.1025390625 1304
10443.2216796875 1326
10449.291015625 2967
10452.408203125 1329
10457.904296875 50
10461.638671875 318
10484.4013671875 389
10494.0029296875 478
10507.080078125 491
10510.98046875 580
10511.76171875 599
10515.66015625 890
10530.7822265625 896
10534.8486328125 909
10543.2216796875 919
10561.0693359375 995
10565.4892578125 1273
10596.322265625 1342
10602.369140625 1430
10605.49609375 1495
10635.2822265625 1568
10638.2099609375 1583
10653.828125 1764
10664.48046875 1774
10728.0029296875 2065
10729.212890625 2117
10730.62109375 2181
10731.583984375 2268
10733.3017578125 2465
10734.427734375 2664
10751.84765625 2760
10756.8515625 2764
10763.630859375 2938
10766.97265625 2943
10801.96875 1860
10810.328125 2880
10819.1376953125 1333
10828.4765625 2631
10837.2919921875 146
10851.650390625 1538
10867.75 21
10872.263671875 34
10881.677734375 200
10882.57421875 288
10890.1533203125 336
10893.05859375 385
10901.216796875 517
10906.28125 546
10910.771484375 609
10937.287109375 614
10939.90625 683
10984.4560546875 686
10985.755859375 769
10992.5283203125 1097
11012.560546875 1221
11019.025390625 1322
11023.13671875 1359
11035.83984375 1376
11049.7109375 1686
11054.0927734375 1854
11063.904296875 2513
11069.5654296875 2553
11083.173828125 2650
11084.9560546875 2672
11120.662109375 2911
11121.123046875 78
11138.1162109375 2713
11140.9462890625 2800
11149.2470703125 2651
11150.5361328125 2970
11170.3544921875 1045
11184.62109375 1068
11185.3583984375 2078
11215.1572265625 884
11217.08984375 886
11224.2587890625 1028
11235.94921875 1845
11272.8857421875 1932
11285.7734375 2489
11291.5556640625 90
11294.5380859375 153
11311.50390625 240
11334.482421875 256
11337.40625 531
11342.4609375 644
11342.505859375 706
11357.515625 775
11371.208984375 1163
11385.5400390625 1483
11393.34375 2114
11396.95703125 2379
11404.3251953125 2424
11408.08203125 2433
11424.078125 2435
11424.125 2442
11424.95703125 2683
11441.2265625 2811
11441.5234375 2176
11442.4931640625 169
11447.0009765625 2207
11448.02734375 1144
11467.560546875 2180
11467.9326171875 73
11481.32421875 663
11486.962890625 677
11495.3291015625 756
11538.41796875 925
11547.265625 927
11554.6904296875 946
11559.3603515625 996
11564.197265625 1141
11566.1953125 1202
11584.017578125 1251
11634.41015625 1457
11664.203125 1502
11665.498046875 1591
11723.474609375 1733
11730.8857421875 1735
11756.1787109375 1919
11787.55078125 1933
11790.0029296875 1955
11790.12890625 2002
11795.912109375 2335
11818.7724609375 2341
11819.45703125 2565
11824.171875 2695
11827.578125 2763
11848.7216796875 2840
11857.2568359375 2422
11886.4658203125 1020
11916.642578125 640
11917.9580078125 59
11931.3505859375 177
11931.8408203125 191
11935.2734375 575
11977.6416015625 687
11978.142578125 934
11986.150390625 1119
11986.498046875 1529
12011.6826171875 1697
12016.451171875 1810
12021.4853515625 1831
12031.0234375 2354
12035.4150390625 2528
12035.484375 2679
12045.3896484375 2712
12058.5595703125 2747
12074.3896484375 2809
12078.279296875 2821
12089.37890625 2842
12117.447265625 2860
12127.0 2906
12148.98046875 2994
12154.4384765625 186
12159.1953125 223
12193.03125 1594
12201.115234375 410
12216.52734375 631
12233.6767578125 132
12251.9111328125 2576
12252.265625 1282
12256.44140625 488
12259.2802734375 869
12266.42578125 2059
12272.798828125 787
12299.0 904
12315.703125 137
12329.302734375 275
12355.16015625 328
12372.6552734375 333
12372.912109375 392
12378.75 407
12379.8515625 489
12385.8271484375 680
12388.93359375 1022
12396.439453125 1290
12399.359375 1358
12401.029296875 1607
12410.1259765625 1653
12429.8408203125 2024
12468.9130859375 2184
12484.283203125 2221
12484.77734375 2394
12485.7666015625 2427
12492.9482421875 2517
12503.1015625 2655
12517.373046875 2704
12518.0390625 2900
12519.4619140625 2946
12524.990234375 459
12528.5576171875 1408
12534.4248046875 1339
12551.001953125 22
12559.078125 45
12573.1884765625 300
12573.3251953125 812
12578.494140625 922
12589.8134765625 947
12621.8916015625 975
12629.5634765625 1001
12640.44140625 1095
12645.357421875 1275
12669.4111328125 1664
12687.2861328125 1708
12695.3212890625 1763
12698.1962890625 1766
12703.0498046875 1889
12712.89453125 2077
12717.958984375 2082
12728.3291015625 2131
12730.5673828125 2315
12754.3271484375 2317
12766.5791015625 2409
12775.296875 2608
12780.8388671875 2616
12802.8466796875 2649
12806.3330078125 2819
12810.6103515625 2862
12823.8193359375 1164
12825.107421875 2213
12827.5166015625 1050
12839.779296875 979
12876.8896484375 1562
12880.251953125 1597
12884.0693359375 2334
12887.4619140625 587
12890.568359375 630
12896.75390625 777
12897.3271484375 1012
12918.423828125 1064
12925.26953125 1082
12931.486328125 1462
12956.05078125 1501
12960.40625 1654
12967.5419921875 1800
12990.5751953125 2656
13000.396484375 2884
13025.6044921875 1416
13029.609375 1575
13035.7705078125 2889
13041.09375 445
13074.2236328125 30
13089.7294921875 2484
13095.52734375 38
13128.423828125 40
13130.74609375 76
13130.74609375 77
13131.046875 108
13132.2451171875 164
13141.8017578125 211
13146.603515625 225
13148.837890625 376
13188.994140625 437
13192.400390625 510
13222.724609375 646
13226.5537109375 671
13227.2939453125 738
13237.970703125 770
13269.193359375 1434
13294.9091796875 1610
13309.013671875 1662
13315.1484375 1709
13318.3583984375 1998
13320.1943359375 2166
13324.466796875 2220
13327.6396484375 2238
13334.6953125 2255
13339.947265625 2345
13383.71875 2510
13421.4130859375 2581
13450.8486328125 2607
13463.09765625 2807
13466.9091796875 1015
13474.830078125 1984
13478.296875 1258
13478.3388671875 2555
13482.3095703125 1147
13496.533203125 865
13497.1494140625 939
13499.9921875 1497
13517.38671875 2630
13517.8994140625 2752
13535.701171875 457
13554.177734375 309
13557.9248046875 316
13559.0 483
13580.275390625 484
13580.830078125 633
13593.84765625 1026
13595.9169921875 1036
13616.419921875 1176
13623.1376953125 1423
13632.443359375 1485
13638.2861328125 1590
13639.1796875 1702
13655.9921875 1759
13662.5908203125 1818
13669.8466796875 1958
13670.017578125 1963
13671.3095703125 1977
13685.2724609375 2053
13698.4267578125 2056
13706.4375 2125
13752.3544921875 2304
13760.1318359375 2356
13760.796875 2477
13762.779296875 2533
13765.263671875 2732
13774.251953125 2948
13803.474609375 1601
13809.2900390625 2256
13811.6044921875 2104
13813.3408203125 284
13814.51953125 182
13832.923828125 916
13839.521484375 1667
13849.068359375 1852
13854.44140625 727
13857.4892578125 2036
13873.0908203125 2772
13888.4423828125 130
13897.79296875 219
13947.1943359375 394
13951.2666015625 405
13952.77734375 634
13957.869140625 856
13968.6708984375 983
13969.009765625 1117
13969.7451171875 1386
13973.986328125 1791
13998.009765625 1991
14012.0185546875 2060
14034.923828125 2215
14036.431640625 2314
14042.8125 2440
14052.78125 2467
14055.197265625 2618
14058.3408203125 2648
14069.0439453125 2694
14117.408203125 1772
14134.255859375 818
14140.771484375 2907
14146.6787109375 660
14146.90234375 1168
14171.009765625 1145
14188.2099609375 1476
14198.662109375 1618
14235.91796875 655
14236.326171875 1592
14257.1015625 2120
14278.619140625 2557
14295.9462890625 112
14296.939453125 350
14301.2939453125 356
14305.8759765625 448
14356.525390625 1500
14366.6162109375 1526
14368.2763671875 1587
14372.873046875 1881
14381.5625 1943
14383.505859375 1962
14390.83984375 1995
14400.31640625 2075
14425.6396484375 2118
14434.98046875 2309
14435.9208984375 2418
14439.6201171875 2516
14453.0009765625 2588
14453.91796875 2605
14466.2587890625 2623
14472.447265625 2937
14497.662109375 1005
14498.603515625 110
14498.740234375 2360
14499.1796875 121
14501.4609375 1046
14511.3515625 298
14513.69140625 372
14515.455078125 492
14521.3154296875 752
14545.646484375 838
14548.275390625 903
14559.6572265625 1034
14559.6572265625 1128
14591.0869140625 1187
14595.728515625 1437
14608.0673828125 1488
14627.17578125 1534
14640.5107421875 1657
14650.958984375 1678
14656.740234375 1824
14664.6220703125 1826
14671.431640625 1941
14683.0947265625 1997
14692.4892578125 2318
14700.53515625 2327
14710.0458984375 2362
14713.94921875 2404
14756.294921875 2453
14756.8505859375 2458
14757.0048828125 2496
14761.802734375 2696
14774.5322265625 2722
14788.1474609375 2796
14806.6083984375 2584
14807.978515625 2872
14825.7470703125 2589
14833.017578125 2135
14874.6845703125 1802
14874.83984375 1853
14898.509765625 1892
14973.5546875 1580
14979.9931640625 25
14980.3017578125 72
14983.16796875 343
14994.0927734375 710
15013.556640625 755
15024.63671875 885
15026.1591796875 1683
15027.271484375 1776
15044.4296875 1972
15067.03125 2047
15088.263671875 2138
15113.474609375 2185
15142.845703125 2344
15165.4970703125 2545
15190.169921875 2573
15212.673828125 2855
15223.021484375 2159
15243.7529296875 1067
15284.8408203125 371
15341.8388671875 243
15353.056640625 1301
15379.3662109375 311
15401.767578125 426
15411.23828125 648
15417.90625 720
15480.171875 792
15543.48046875 940
15552.3486328125 1006
15555.0869140625 1032
15564.0908203125 1160
15570.2861328125 1189
15601.396484375 2183
15607.0849609375 2190
15609.7900390625 2301
15623.8642578125 1459
15629.861328125 1649
15634.16015625 353
15634.16015625 2706
15668.15234375 1511
15680.67578125 1778
15682.341796875 329
15714.0986328125 731
15730.189453125 1400
15752.6591796875 2070
15776.095703125 1480
15804.728515625 1714
15831.146484375 249
15857.09375 94
15859.771484375 2823
15867.7890625 471
15880.3427734375 473
15890.9599609375 747
15901.169921875 915
15906.47265625 921
15906.892578125 993
15910.2109375 1072
15928.580078125 1415
15962.111328125 1541
15981.033203125 1746
16007.9345703125 1949
16009.015625 2079
16052.9462890625 2219
16053.482421875 2258
16109.1171875 2413
16116.12109375 2628
16127.8701171875 2828
16183.5 2903
16301.8173828125 2996
16326.3583984375 204
16332.625 1247
16337.6943359375 1410
16344.734375 1888
16347.5361328125 1214
16373.458984375 1658
16382.0390625 2587
16382.7568359375 380
16392.1015625 688
16423.25390625 1761
16484.09375 66
16511.322265625 127
16544.78515625 179
16563.048828125 855
16585.689453125 1198
16613.90625 1250
16649.6640625 1507
16650.35546875 1558
16659.02734375 2007
16678.76171875 2092
16685.072265625 2231
16705.017578125 2384
16708.388671875 2457
16752.55859375 2544
16849.419921875 2717
16861.46484375 2774
16864.080078125 2794
16929.001953125 2909
17001.21875 972
17011.74609375 1138
17013.66796875 1442
17028.1015625 1137
17042.900390625 102
17045.890625 667
17106.486328125 1935
17119.41796875 2352
17124.0703125 2887
17173.5703125 427
17198.1484375 1533
17200.021484375 170
17212.109375 262
17224.0 306
17254.548828125 596
17255.6484375 805
17289.7578125 849
17289.7578125 850
17307.408203125 965
17321.435546875 976
17369.4296875 1058
17384.0234375 1403
17390.60546875 1645
17402.791015625 1999
17424.439453125 2292
17425.7109375 2392
17451.697265625 2403
17486.271484375 2497
17491.142578125 2524
17579.08984375 2601
17620.916015625 2652
17621.1875 2657
17626.39453125 2761
17630.70703125 2839
17640.783203125 2939
17644.32421875 2984
17673.890625 1027
17686.35546875 622
17695.181640625 417
17706.388671875 450
17728.560546875 690
17741.263671875 969
17756.443359375 982
17846.361328125 1040
17856.826171875 1078
17877.912109375 1083
17883.865234375 1382
18021.283203125 1391
18037.869140625 1486
18080.208984375 1503
18141.783203125 1547
18219.93359375 1561
18273.759765625 1965
18306.439453125 2026
18327.017578125 2066
18458.951171875 2182
18531.29296875 2245
18670.240234375 2460
18680.8515625 2466
18693.9609375 2540
18694.068359375 2593
18763.388671875 2632
18778.015625 2753
18834.91796875 2759
18849.892578125 2793
18856.29296875 2925
18886.357421875 2152
18900.275390625 762
18909.185546875 2757
18912.20703125 37
18972.33984375 1624
19014.9609375 1271
19025.314453125 2370
19036.1875 2895
19048.681640625 2411
19161.388671875 67
19172.69140625 150
19196.375 171
19199.74609375 195
19237.392578125 363
19239.375 522
19373.41015625 657
19399.7890625 701
19405.564453125 760
19450.759765625 811
19488.0546875 874
19495.234375 875
19591.53515625 1002
19593.953125 1007
19614.064453125 1023
19635.013671875 1356
19654.275390625 1378
19667.490234375 1489
19669.083984375 1629
19673.04296875 2721
19684.9375 2032
19690.16796875 2259
19710.19921875 771
19808.0 1543
19833.51171875 2241
19868.80078125 1964
19948.294921875 1625
20006.935546875 2693
20021.826171875 222
20029.404296875 258
20098.01953125 281
20138.13671875 506
20165.869140625 582
20183.537109375 724
20321.544921875 879
20459.412109375 1003
20486.166015625 1171
20535.138671875 1182
20592.916015625 1588
20626.912109375 1685
20656.0625 1758
20712.34765625 2300
20908.193359375 2310
20935.798828125 2705
21001.947265625 2845
21191.88671875 2916
21291.486328125 1811
21330.91796875 2701
21438.203125 421
21500.861328125 1440
21565.79296875 2337
21647.513671875 2531
21673.34375 18
21779.76953125 29
21828.287109375 31
21887.6015625 104
22158.49609375 274
22258.765625 321
22286.1328125 370
22323.1328125 375
22377.5859375 562
22399.90625 914
22496.083984375 944
22496.2578125 1672
22591.962890625 1684
22594.380859375 1825
22603.0546875 1846
22617.923828125 1960
22711.119140625 1976
22836.869140625 2006
23013.75 2319
23170.537109375 2405
23188.73046875 2550
23269.255859375 2606
23326.712890625 2768
23329.0546875 1081
23348.837890625 1780
23348.837890625 16
23749.6796875 28
23752.36328125 125
23814.990234375 212
23866.73828125 265
23938.509765625 295
24161.28515625 360
24228.708984375 364
24460.58984375 937
24651.42578125 1077
24723.056640625 1101
25193.927734375 1241
25673.0546875 1243
26001.611328125 1307
26359.240234375 1343
26396.56640625 1404
26571.501953125 1418
26657.685546875 1585
26943.607421875 1719
27027.40625 1822
27390.0234375 2009
28157.275390625 2164
30014.255859375 2214
30801.337890625 2250
30916.845703125 2263
33136.078125 2342
33550.48046875 2359
35164.24609375 2547
