551.5269775390625 1046
654.4067993164062 298
700.907470703125 372
822.0877685546875 492
1038.076904296875 752
1041.73583984375 838
1052.93701171875 903
1069.7835693359375 1034
1111.7490234375 1128
1147.262451171875 1187
1186.216552734375 1437
1192.34716796875 1488
1288.01171875 1534
1358.6925048828125 1657
1552.72021484375 1678
1552.72021484375 1824
1596.9124755859375 1826
1653.379150390625 1941
1653.379150390625 1997
1653.509765625 2318
1672.7574462890625 2327
1787.4500732421875 2362
1877.6876220703125 2404
2091.5498046875 2453
2137.484619140625 2458
2138.77734375 2496
2208.292236328125 2696
2366.5546875 2722
2367.1474609375 2796
2379.1279296875 2584
2407.76171875 2872
2537.565673828125 1446
2661.15478515625 87
2813.712158203125 251
2838.71435546875 527
3083.12646484375 529
3286.602783203125 625
3352.647216796875 641
3381.12890625 693
3405.618408203125 873
3446.112548828125 881
3466.207275390625 928
3540.45654296875 1133
3580.1923828125 1283
3752.9228515625 1318
4092.7802734375 1346
4221.4033203125 1417
4365.31689453125 1720
4369.96337890625 1987
4416.5224609375 2226
4539.1005859375 2296
4705.73486328125 2515
4826.74609375 2572
4876.8271484375 2669
5186.62646484375 2728
5421.23046875 2734
5428.51171875 2746
5462.26220703125 2852
5845.0166015625 2866
6043.0595703125 2915
6247.228515625 2949
6328.55810546875 377
6991.7666015625 2281
7061.1064453125 160
7084.14404296875 1
7088.6259765625 425
7335.38818359375 446
7378.93212890625 800
7440.38525390625 918
7526.09130859375 953
7546.95751953125 985
7584.974609375 986
7621.7490234375 1008
7739.6650390625 1043
7785.884765625 1270
8012.91796875 1317
8188.3828125 1435
8569.41015625 1548
8613.5576171875 1606
8680.427734375 1661
8694.4970703125 1712
8715.2734375 2010
9177.5302734375 2088
9411.34765625 2365
9490.359375 2410
9796.5283203125 2414
9845.8876953125 2482
9914.326171875 2560
9916.6201171875 2781
10123.568359375 2820
10137.58203125 997
10168.294921875 1781
10207.7939453125 81
10231.1142578125 229
10333.44140625 440
10390.8984375 548
10466.171875 611
10475.865234375 826
10580.771484375 834
10667.5654296875 848
10753.6318359375 871
10964.04296875 893
11145.9013671875 1231
11198.109375 1256
11286.7802734375 1315
11364.408203125 1458
11435.205078125 1550
11466.3193359375 1671
11500.572265625 1711
11912.4501953125 1815
11966.310546875 1893
12053.6611328125 2312
12362.6171875 2324
12487.728515625 2385
12545.119140625 2447
12638.384765625 2562
12683.421875 2610
12717.1240234375 2622
12741.673828125 2853
12819.3740234375 2924
12896.521484375 2927
13058.513671875 2239
13392.40234375 1362
13440.24609375 1926
13516.21484375 2997
13679.8251953125 254
13787.6279296875 388
13924.505859375 465
13947.611328125 498
13971.66015625 520
13999.6328125 962
14009.248046875 981
14080.2578125 1156
14183.060546875 1652
14253.9716796875 2205
14291.880859375 2339
14295.220703125 2417
14362.1513671875 2494
14414.767578125 2687
14430.22265625 1122
14517.2421875 1670
14594.07421875 264
14619.767578125 2173
14721.9755859375 1646
14924.443359375 2396
14980.81640625 49
15001.681640625 189
15058.375 261
15102.5341796875 263
15132.841796875 430
15170.3701171875 831
15256.9716796875 899
15315.7060546875 1123
15344.416015625 1169
15387.1904296875 1350
15495.666015625 1405
15577.416015625 1512
15590.2109375 1750
15661.2685546875 1769
15698.716796875 1908
15754.08984375 1966
15768.41796875 1982
15787.6806640625 1993
15794.7822265625 2094
15864.42578125 2126
15982.9873046875 2141
15985.986328125 2171
16012.85546875 2174
16029.63671875 2177
16057.7646484375 2237
16078.6591796875 2367
16155.0107421875 2536
16178.6826171875 2542
16179.0302734375 2582
16311.8740234375 2675
16354.3935546875 2703
16417.466796875 1873
16440.57421875 2107
16458.287109375 1281
16487.9453125 455
16515.931640625 470
16558.48046875 902
16626.216796875 926
16628.28515625 967
16758.1796875 1104
16759.0 1225
16766.49609375 1286
16770.392578125 1506
16774.7734375 1516
16809.537109375 1599
16859.931640625 1779
17012.361328125 1848
17018.400390625 1867
17053.7265625 1883
17095.93359375 2063
17103.84375 2210
17159.123046875 2246
17160.47265625 2285
17182.341796875 2361
17240.134765625 2686
17240.462890625 2700
17247.576171875 88
17317.0625 586
17351.58203125 136
17355.138671875 1471
17367.6328125 226
17381.62890625 296
17388.435546875 1197
17389.826171875 1666
17408.4921875 2511
17459.25 101
17484.515625 215
17495.19921875 549
17550.884765625 550
17591.75390625 573
17601.12890625 1136
17678.5234375 1199
17685.03125 1530
17749.220703125 1581
17754.625 1640
17754.919921875 1688
17783.521484375 1968
17807.9375 2526
17823.53125 2571
17828.6875 2983
17888.54296875 1787
17910.9921875 602
17969.705078125 1146
18041.779296875 253
18044.478515625 342
18135.576171875 843
18172.32421875 1233
18207.376953125 1335
18210.390625 1394
18255.263671875 1737
18282.033203125 1784
18305.896484375 1950
18391.884765625 2025
18406.587890625 2473
18424.587890625 2518
18434.1875 999
18457.20703125 1056
18469.720703125 1900
18478.84765625 1304
18507.1328125 1326
18556.4296875 2967
18567.310546875 1329
18573.21484375 50
18635.826171875 318
18687.61328125 389
18720.583984375 478
18724.857421875 491
18736.904296875 580
18777.943359375 599
18789.298828125 890
18812.37890625 896
18855.7890625 909
18877.48828125 919
18898.990234375 995
18903.1640625 1273
18918.56640625 1342
18931.47265625 1430
19001.166015625 1495
19053.85546875 1568
19057.15625 1583
19071.89453125 1764
19128.53515625 1774
19175.7578125 2065
19191.95703125 2117
19204.9453125 2181
19210.47265625 2268
19217.61328125 2465
19250.033203125 2664
19251.697265625 2760
19276.25390625 2764
19301.279296875 2938
19307.744140625 2943
19309.017578125 1860
19346.494140625 2880
19371.455078125 1333
19377.36328125 2631
19401.802734375 146
19422.654296875 1538
19432.287109375 21
19436.49609375 34
19441.416015625 200
19453.662109375 288
19483.310546875 336
19514.880859375 385
19523.646484375 517
19556.732421875 546
19572.814453125 609
19572.814453125 614
19573.443359375 683
19582.224609375 686
19585.212890625 769
19589.80859375 1097
19602.064453125 1221
19615.703125 1322
19622.1796875 1359
19642.064453125 1376
19651.322265625 1686
19716.080078125 1854
19732.75 2513
19748.361328125 2553
19796.44921875 2650
19829.9453125 2672
19867.111328125 2911
19879.078125 78
19900.353515625 2713
19900.353515625 2800
19913.509765625 2651
19941.189453125 2970
19945.12890625 1045
19983.443359375 1068
19994.173828125 2078
20001.265625 884
20023.287109375 886
20051.125 1028
20056.6171875 1845
20085.62890625 1932
20089.5234375 2489
20140.1015625 90
20161.587890625 153
20190.60546875 240
20200.451171875 256
20208.69140625 531
20262.36328125 644
20304.287109375 706
20317.796875 775
20335.298828125 1163
20345.318359375 1483
20345.318359375 2114
20345.318359375 2379
20349.6171875 2424
20361.1796875 2433
20366.306640625 2435
20402.96875 2442
20438.220703125 2683
20446.1015625 2811
20456.64453125 2176
20473.021484375 169
20477.197265625 2207
20491.4140625 1144
20510.55078125 2180
20518.33984375 73
20526.046875 663
20549.8046875 677
20554.55078125 756
20630.85546875 925
20633.8671875 927
20648.6171875 946
20650.65625 996
20658.6328125 1141
20668.462890625 1202
20687.771484375 1251
20698.30078125 1457
20762.4453125 1502
20773.291015625 1591
20775.7265625 1733
20807.314453125 1735
20813.40234375 1919
20823.69140625 1933
20857.15625 1955
20896.767578125 2002
20910.91015625 2335
20924.66015625 2341
20928.734375 2565
20937.841796875 2695
20940.759765625 2763
20962.9609375 2840
20972.302734375 2422
20989.345703125 1020
21014.54296875 640
21021.880859375 59
21026.01171875 177
21033.470703125 191
21056.76953125 575
21071.208984375 687
21108.197265625 934
21108.8828125 1119
21111.95703125 1529
21115.349609375 1697
21120.4375 1810
21128.361328125 1831
21144.705078125 2354
21146.43359375 2528
21146.88671875 2679
21155.666015625 2712
21157.142578125 2747
21176.048828125 2809
21183.849609375 2821
21185.77734375 2842
21255.693359375 2860
21257.53125 2906
21268.15625 2994
21310.150390625 186
21320.236328125 223
21337.6171875 1594
21349.37890625 410
21361.974609375 631
21361.974609375 132
21388.052734375 2576
21395.267578125 1282
21412.056640625 488
21427.72265625 869
21439.759765625 2059
21456.001953125 787
21469.72265625 904
21485.916015625 137
21538.203125 275
21539.107421875 328
21547.1484375 333
21550.21484375 392
21550.69921875 407
21552.46875 489
21555.904296875 680
21567.7265625 1022
21576.30859375 1290
21577.9765625 1358
21586.83203125 1607
21601.576171875 1653
21645.5703125 2024
21668.5 2184
21678.892578125 2221
21684.611328125 2394
21685.5546875 2427
21737.92578125 2517
21743.33203125 2655
21750.771484375 2704
21780.58203125 2900
21806.35546875 2946
21809.548828125 459
21840.654296875 1408
21859.3828125 1339
21883.875 22
21885.203125 45
21886.65625 300
21901.591796875 812
21914.955078125 922
21917.26953125 947
21926.97265625 975
21926.984375 1001
21933.984375 1095
21942.220703125 1275
21947.5234375 1664
21964.51953125 1708
21969.74609375 1763
22000.740234375 1766
22002.796875 1889
22003.49609375 2077
22017.6484375 2082
22031.392578125 2131
22037.033203125 2315
22039.546875 2317
22042.654296875 2409
22047.23828125 2608
22055.73828125 2616
22058.775390625 2649
22095.578125 2819
22173.37109375 2862
22208.03515625 1164
22210.25 2213
22232.96875 1050
22234.009765625 979
22246.3046875 1562
22255.4140625 1597
22262.517578125 2334
22296.0078125 587
22306.328125 630
22312.455078125 777
22314.359375 1012
22315.458984375 1064
22316.8828125 1082
22333.625 1462
22336.201171875 1501
22377.677734375 1654
22386.71484375 1800
22390.75390625 2656
22399.91015625 2884
22402.85546875 1416
22435.92578125 1575
22440.267578125 2889
22453.53515625 445
22460.75390625 30
22469.240234375 2484
22479.333984375 38
22483.904296875 40
22511.4921875 76
22536.818359375 77
22542.6875 108
22552.67578125 164
22579.86328125 211
22584.486328125 225
22585.90625 376
22613.849609375 437
22614.490234375 510
22625.86328125 646
22638.474609375 671
22690.798828125 738
22701.8203125 770
22718.85546875 1434
22735.734375 1610
22747.484375 1662
22760.33203125 1709
22777.818359375 1998
22786.771484375 2166
22796.53125 2220
22838.068359375 2238
22862.6328125 2255
22866.302734375 2345
22867.568359375 2510
22875.591796875 2581
22910.728515625 2607
22952.568359375 2807
22960.83984375 1015
22974.953125 1984
22975.744140625 1258
22978.58984375 2555
22983.08203125 1147
22994.41015625 865
23009.33984375 939
23012.7265625 1497
23018.65234375 2630
23035.568359375 2752
23039.994140625 457
23047.08203125 309
23086.232421875 316
23087.662109375 483
23094.560546875 484
23142.130859375 633
23143.015625 1026
23150.6484375 1036
23161.927734375 1176
23193.890625 1423
23200.546875 1485
23205.51953125 1590
23250.595703125 1702
23259.1171875 1759
23274.078125 1818
23282.8671875 1958
23297.412109375 1963
23328.96875 1977
23339.166015625 2053
23344.625 2056
23347.884765625 2125
23375.228515625 2304
23387.251953125 2356
23395.947265625 2477
23422.826171875 2533
23431.0390625 2732
23434.3125 2948
23464.08984375 1601
23468.953125 2256
23529.1640625 2104
23538.89453125 284
23543.240234375 182
23559.62109375 916
23569.84375 1667
23577.65234375 1852
23578.111328125 727
23578.572265625 2036
23624.03515625 2772
23638.64453125 130
23647.384765625 219
23668.796875 394
23700.3125 405
23726.0234375 634
23734.55859375 856
23739.76171875 983
23746.291015625 1117
23762.224609375 1386
23769.80859375 1791
23786.44140625 1991
23801.505859375 2060
23802.896484375 2215
23820.18359375 2314
23873.205078125 2440
23893.876953125 2467
23893.900390625 2618
23894.091796875 2648
23902.6796875 2694
23933.98828125 1772
23950.982421875 818
23990.12109375 2907
24012.47265625 660
24044.17578125 1168
24044.6328125 1145
24049.646484375 1476
24065.4375 1618
24071.466796875 655
24073.716796875 1592
24094.626953125 2120
24121.765625 2557
24122.099609375 112
24123.2109375 350
24128.23828125 356
24137.734375 448
24146.9765625 1500
24188.201171875 1526
24198.796875 1587
24211.8671875 1881
24227.427734375 1943
24228.76953125 1962
24251.431640625 1995
24252.53515625 2075
24259.541015625 2118
24278.845703125 2309
24282.19140625 2418
24286.80078125 2516
24295.39453125 2588
24401.064453125 2605
24409.240234375 2623
24427.900390625 2937
24436.36328125 1005
24439.896484375 110
24462.43359375 2360
24464.171875 121
24471.162109375 2589
24487.123046875 2135
24488.21484375 1802
24492.95703125 1853
24515.24609375 1892
24530.31640625 1580
24532.57421875 25
24547.091796875 72
24547.5390625 343
24561.412109375 710
24565.416015625 755
24567.49609375 885
24569.931640625 1683
24572.49609375 1776
24588.666015625 1972
24600.560546875 2047
24618.580078125 2138
24647.56640625 2185
24671.603515625 2344
24676.576171875 2545
24686.37109375 2573
24700.513671875 2855
24724.705078125 2159
24752.673828125 1067
24768.716796875 371
24769.580078125 243
24780.462890625 1301
24783.947265625 311
24791.9765625 426
24796.76171875 648
24805.517578125 720
24808.16796875 792
24820.6171875 940
24837.22265625 1006
24846.111328125 1032
24890.072265625 1160
24895.005859375 1189
24899.80859375 2183
24911.056640625 2190
24914.015625 2301
24985.548828125 1459
24989.29296875 1649
25000.4609375 353
25017.439453125 2706
25017.5078125 1511
25029.580078125 1778
25034.9140625 329
25073.59375 731
25096.794921875 1400
25128.70703125 2070
25136.265625 1480
25175.310546875 1714
25178.96875 249
25180.951171875 94
25192.142578125 2823
25209.306640625 471
25212.89453125 473
25237.890625 747
25240.828125 915
25270.478515625 921
25270.875 993
25277.375 1072
25279.501953125 1415
25339.7109375 1541
25358.80859375 1746
25376.412109375 1949
25379.373046875 2079
25388.9609375 2219
25392.201171875 2258
25396.01171875 2413
25408.587890625 2628
25437.21484375 2828
25449.46875 2903
25455.861328125 2996
25502.28125 204
25502.4375 1247
25564.125 1410
25565.072265625 1888
25587.826171875 1214
25604.423828125 1658
25610.6953125 2587
25610.6953125 380
25633.642578125 688
25674.09375 1761
25683.4921875 66
25704.75390625 127
25707.7265625 179
25712.921875 855
25714.01171875 1198
25754.6171875 1250
25827.265625 1507
25891.595703125 1558
25934.166015625 2007
25936.634765625 2092
25998.099609375 2231
26005.66796875 2384
26009.224609375 2457
26016.66796875 2544
26018.0546875 2717
26038.689453125 2774
26095.43359375 2794
26110.6015625 2909
26129.955078125 972
26147.35546875 1138
26171.283203125 1442
26184.802734375 1137
26193.57421875 102
26248.912109375 667
26252.6171875 1935
26258.294921875 2352
26262.8984375 2887
26311.828125 427
26322.42578125 1533
26341.998046875 170
26343.033203125 262
26351.833984375 306
26351.833984375 596
26360.01953125 805
26366.64453125 849
26381.748046875 850
26398.873046875 965
26408.5078125 976
26419.8984375 1058
26433.814453125 1403
26446.021484375 1645
26455.7265625 1999
26456.546875 2292
26494.53515625 2392
26498.71484375 2403
26511.287109375 2497
26557.1953125 2524
26574.662109375 2601
26597.05859375 2652
26614.12890625 2657
26644.669921875 2761
26654.138671875 2839
26686.658203125 2939
26701.697265625 2984
26727.09375 1027
26738.552734375 622
26743.7265625 417
26745.01171875 450
26786.03125 690
26845.8671875 969
26857.94140625 982
26868.12890625 1040
26893.8984375 1078
26897.8984375 1083
26926.244140625 1382
26927.05859375 1391
26960.11328125 1486
26989.609375 1503
26992.33984375 1547
27006.880859375 1561
27010.74609375 1965
27018.66796875 2026
27018.76171875 2066
27033.435546875 2182
27084.958984375 2245
27090.77734375 2460
27110.44921875 2466
27156.453125 2540
27171.904296875 2593
27184.48046875 2632
27188.412109375 2753
27288.638671875 2759
27301.904296875 2793
27311.33203125 2925
27318.826171875 2152
27380.05859375 762
27427.541015625 2757
27447.568359375 37
27465.490234375 1624
27495.578125 1271
27549.015625 2370
27576.470703125 2895
27588.7578125 2411
27647.59375 67
27693.435546875 150
27701.775390625 171
27739.009765625 195
27805.0703125 363
27832.95703125 522
27833.736328125 657
27843.775390625 701
27854.611328125 760
27904.259765625 811
27959.57421875 874
27967.76171875 875
27984.28125 1002
27987.888671875 1007
27999.947265625 1023
28082.013671875 1356
28090.787109375 1378
28096.5234375 1489
28133.1328125 1629
28155.24609375 2721
28174.2265625 2032
28196.533203125 2259
28198.94921875 771
28258.564453125 1543
28333.880859375 2241
28359.744140625 1964
28415.8515625 1625
28452.375 2693
28490.103515625 222
28539.71484375 258
28574.0234375 281
28636.732421875 506
28715.10546875 582
28757.39453125 724
28845.287109375 879
28857.48828125 1003
28937.4375 1171
28957.861328125 1182
29028.287109375 1588
29097.1484375 1685
29107.625 1758
29113.83203125 2300
29309.552734375 2310
29348.767578125 2705
29355.244140625 2845
29452.126953125 2916
29452.873046875 1811
29486.404296875 2701
29512.77734375 421
29555.140625 1440
29556.005859375 2337
29633.16015625 2531
29638.53515625 18
29715.169921875 29
29728.97265625 31
29756.892578125 104
29807.830078125 274
29810.98046875 321
29983.92578125 370
29993.958984375 375
30016.314453125 562
30153.263671875 914
30282.857421875 944
30306.9453125 1672
30369.931640625 1684
30517.12109375 1825
30535.94140625 1846
30556.33203125 1960
30605.091796875 1976
30723.89453125 2006
30815.599609375 2319
30833.87109375 2405
30835.080078125 2550
30971.705078125 2606
31054.296875 2768
31078.39453125 1081
31096.865234375 1780
31116.716796875 16
31172.796875 28
31215.81640625 125
31309.626953125 212
31457.013671875 265
31610.154296875 295
31675.56640625 360
31687.109375 364
31687.685546875 937
31840.068359375 1077
32004.54296875 1101
32048.265625 1241
32272.115234375 1243
32541.49609375 1307
32809.4296875 1343
32900.64453125 1404
32938.62890625 1418
33125.875 1585
33333.5703125 1719
33460.19921875 1822
34243.97265625 2009
35140.04296875 2164
35327.84765625 2214
35342.12890625 2250
35573.23046875 2263
35574.3828125 2342
37790.97265625 2359
39393.94921875 2547
