5011.5751953125 1575
5048.15185546875 2889
5099.318359375 445
5173.78515625 30
5312.2236328125 2484
5318.7939453125 38
5356.96484375 40
5453.0224609375 76
5563.85205078125 77
5574.021484375 108
5621.98095703125 164
5659.9169921875 211
5668.974609375 225
5781.525390625 376
5892.349609375 437
5900.408203125 510
5906.17919921875 646
5914.2060546875 671
5969.3515625 738
5976.76025390625 770
6070.36474609375 1434
6074.4736328125 1610
6096.69970703125 1662
6098.275390625 1709
6121.1923828125 1998
6146.853515625 2166
6150.02490234375 2220
6161.8203125 2238
6214.806640625 2255
6290.6474609375 2345
6297.76171875 2510
6307.05029296875 2581
6324.234375 2607
6341.3408203125 2807
6405.94482421875 1015
6445.41943359375 1984
6473.263671875 1258
6474.2392578125 2555
6483.783203125 1446
6505.8798828125 87
6528.6728515625 251
6539.275390625 527
6642.3583984375 529
6644.171875 625
6679.203125 641
6708.724609375 693
6718.81298828125 873
6740.0673828125 881
6800.06396484375 928
6840.97509765625 1133
7010.40771484375 1283
7020.322265625 1318
7023.86669921875 1346
7034.58984375 1417
7104.2021484375 1720
7106.111328125 1987
7108.4384765625 2226
7120.55712890625 2296
7130.02734375 2515
7193.3564453125 2572
7223.97802734375 2669
7234.67041015625 2728
7251.47998046875 2734
7270.3095703125 2746
7274.6083984375 2852
7287.908203125 2866
7288.505859375 2915
7351.88623046875 2949
7388.2197265625 377
7400.19189453125 2281
7442.1337890625 160
7443.7255859375 1
7497.6396484375 425
7498.8115234375 446
7541.0009765625 800
7550.1171875 918
7645.1962890625 953
7651.24560546875 985
7651.7626953125 986
7717.427734375 1008
7756.6455078125 1043
7770.17578125 1270
7785.31884765625 1317
7813.50048828125 1435
7824.8642578125 1548
7853.85302734375 1606
7859.5576171875 1661
7935.8828125 1712
7946.51904296875 2010
7948.83935546875 2088
7955.4677734375 2365
7974.64892578125 2410
7987.9267578125 2414
8021.43994140625 2482
8035.08544921875 2560
8075.59619140625 2781
8078.47900390625 2820
8079.58203125 997
8090.8017578125 1781
8090.8017578125 81
8096.26953125 229
8104.01025390625 440
8104.8359375 548
8115.40185546875 611
8123.97802734375 826
8160.0166015625 834
8178.2763671875 848
8189.3544921875 871
8192.01171875 893
8226.681640625 1231
8239.6826171875 1256
8245.5791015625 1315
8264.4423828125 1458
8273.623046875 1550
8286.54296875 1671
8336.1484375 1711
8364.849609375 1815
8369.7841796875 1893
8419.6240234375 2312
8427.005859375 2324
8441.025390625 2385
8452.7197265625 2447
8464.2158203125 2562
8499.81640625 2610
8512.525390625 2622
8535.6298828125 2853
8578.4619140625 2924
8592.9072265625 2927
8595.05078125 2239
8616.587890625 1362
8625.72265625 1926
8630.1083984375 2997
8632.4677734375 254
8640.2060546875 388
8648.08203125 465
8667.2490234375 498
8692.134765625 520
8704.3125 962
8704.53125 981
8727.02734375 1156
8749.296875 1652
8751.35546875 2205
8761.71484375 2339
8789.8251953125 2417
8836.8525390625 2494
8874.853515625 2687
8885.9375 1122
8895.7802734375 1670
8903.9970703125 264
8903.9970703125 2173
8920.1279296875 1646
8948.265625 2396
8957.263671875 49
8961.955078125 189
8967.4736328125 261
8992.5712890625 263
9005.1015625 430
9030.0830078125 831
9032.1240234375 899
9041.162109375 1123
9067.9755859375 1169
9080.4921875 1350
9103.236328125 1405
9104.3916015625 1512
9120.6220703125 1750
9123.8359375 1769
9125.6328125 1908
9129.6376953125 1966
9130.3857421875 1982
9133.208984375 1993
9156.041015625 2094
9167.794921875 2126
9221.412109375 2141
9235.62109375 2171
9302.986328125 2174
9316.0810546875 2177
9350.63671875 2237
9367.4150390625 2367
9377.896484375 2536
9408.126953125 2542
9410.0419921875 2582
9413.9619140625 2675
9420.005859375 2703
9428.93359375 1873
9446.412109375 2107
9465.1845703125 1281
9479.76171875 455
9534.0751953125 470
9548.419921875 902
9558.693359375 926
9582.18359375 967
9618.19140625 1104
9623.6083984375 1225
9642.9921875 1286
9682.513671875 1506
9693.62109375 1516
9698.3427734375 1599
9726.99609375 1779
9736.654296875 1848
9765.732421875 1867
9779.7587890625 1883
9812.9423828125 2063
9864.7353515625 2210
9868.0712890625 2246
9883.58203125 2285
10057.974609375 2361
10072.80078125 2686
10078.64453125 2700
10087.46484375 88
10090.0302734375 586
10091.650390625 136
10099.5205078125 1471
10113.4921875 226
10139.1044921875 296
10182.751953125 1197
10238.91796875 1666
10248.958984375 2511
10286.3349609375 101
10350.3984375 215
10366.9091796875 549
10372.7568359375 550
10384.697265625 573
10411.3896484375 1136
10427.361328125 1199
10444.44140625 1530
10471.81640625 1581
10487.6650390625 1640
10499.2724609375 1688
10508.869140625 1968
10540.84765625 2526
10557.5458984375 2571
10567.048828125 2983
10571.2548828125 1787
10589.3076171875 602
10654.740234375 1146
10699.955078125 253
10736.365234375 342
10741.060546875 843
10747.759765625 1233
10776.3740234375 1335
10787.2431640625 1394
10806.798828125 1737
10807.7685546875 1784
10850.50390625 1950
10852.1298828125 2025
10862.025390625 2473
10878.9248046875 2518
10881.541015625 999
10894.6669921875 1056
10928.4443359375 1900
10932.8115234375 1304
10940.80078125 1326
10977.76953125 2967
10977.796875 1329
11029.943359375 50
11032.8017578125 318
11036.3310546875 389
11072.7392578125 478
11074.1318359375 491
11091.3486328125 580
11096.8994140625 599
11108.357421875 890
11124.5703125 896
11124.962890625 909
11131.796875 919
11164.453125 995
11210.55078125 1273
11248.828125 1342
11257.826171875 1430
11271.970703125 1495
11272.01953125 1568
11283.9140625 1583
11288.421875 1764
11305.1953125 1774
11312.181640625 2065
11333.357421875 2117
11337.646484375 2181
11352.298828125 2268
11354.1865234375 2465
11360.845703125 2664
11406.873046875 2760
11411.5380859375 2764
11484.1728515625 2938
11519.0078125 2943
11550.4716796875 1860
11592.0693359375 2880
11616.8916015625 1333
11627.6865234375 2631
11638.4453125 146
11664.5849609375 1538
11670.8916015625 21
11779.3427734375 34
11792.7119140625 200
11796.322265625 288
11799.783203125 336
11830.7001953125 385
11865.96484375 517
11885.7099609375 546
11916.4111328125 609
11948.1640625 614
11952.818359375 683
11979.08984375 686
11980.4951171875 769
12019.009765625 1097
12047.1279296875 1221
12053.6962890625 1322
12063.9453125 1359
12069.888671875 1376
12118.1396484375 1686
12140.697265625 1854
12160.7001953125 2513
12173.470703125 2553
12189.4638671875 2650
12199.5146484375 2672
12204.791015625 2911
12222.001953125 78
12274.0703125 2713
12286.396484375 2800
12303.7353515625 2651
12304.044921875 2970
12337.396484375 1045
12342.4775390625 1068
12350.212890625 2078
12356.384765625 884
12377.080078125 886
12386.97265625 1028
12395.822265625 1845
12404.916015625 1932
12454.478515625 2489
12458.9541015625 90
12466.962890625 153
12512.18359375 240
12520.1474609375 256
12542.0595703125 531
12561.1064453125 644
12571.4384765625 706
12574.28515625 775
12606.255859375 1163
12625.41796875 1483
12640.2265625 2114
12665.1904296875 2379
12676.375 2424
12698.783203125 2433
12700.462890625 2435
12701.51953125 2442
12702.9169921875 2683
12724.15234375 2811
12744.0390625 2176
12747.162109375 169
12774.0947265625 2207
12791.3681640625 1144
12796.3134765625 2180
12797.45703125 73
12815.69921875 663
12830.23046875 677
12832.798828125 756
12843.388671875 925
12869.4658203125 927
12957.0478515625 946
12958.1748046875 996
13018.779296875 1141
13021.037109375 1202
13076.1201171875 1251
13080.2041015625 1457
13108.33203125 1502
13118.6279296875 1591
13118.82421875 1733
13129.046875 1735
13152.4501953125 1919
13187.8583984375 1933
13201.017578125 1955
13208.0400390625 2002
13236.673828125 2335
13256.50390625 2341
13275.2568359375 2565
13279.4697265625 2695
13303.708984375 2763
13313.1259765625 2840
13328.740234375 2422
13379.46875 1020
13389.71484375 640
13403.142578125 59
13417.5771484375 177
13419.0146484375 191
13419.0146484375 575
13481.123046875 687
13482.9697265625 934
13483.8291015625 1119
13510.90625 1529
13546.5537109375 1697
13559.7744140625 1810
13574.1484375 1831
13574.8603515625 2354
13596.76953125 2528
13597.77734375 2679
13601.072265625 2712
13618.3779296875 2747
13696.3828125 2809
13746.861328125 2821
13790.6875 2842
13802.236328125 2860
13822.376953125 2906
13823.1484375 2994
13844.5927734375 186
13849.701171875 223
13859.1875 1594
13862.4560546875 410
13932.060546875 631
13950.8076171875 132
13955.6640625 2576
13958.80078125 1282
13982.2041015625 488
14082.2626953125 869
14189.3779296875 2059
14223.486328125 787
14223.486328125 904
14249.6865234375 137
14255.240234375 275
14275.65625 328
14316.892578125 333
14331.15625 392
14345.7626953125 407
14390.3955078125 489
14393.09375 680
14394.41015625 1022
14441.392578125 1290
14518.7880859375 1358
14539.9033203125 1607
14555.748046875 1653
14556.34375 2024
14629.5625 2184
14676.763671875 2221
14686.9033203125 2394
14706.388671875 2427
14711.533203125 2517
14766.1640625 2655
14814.208984375 2704
14834.76953125 2900
14853.626953125 2946
14893.03515625 459
14921.431640625 1408
14943.9765625 1339
14947.0458984375 22
15006.03515625 45
15026.8359375 300
15044.5693359375 812
15053.3388671875 922
15097.4599609375 947
15122.03515625 975
15182.5263671875 1001
15214.224609375 1095
15240.486328125 1275
15241.2451171875 1664
15301.5673828125 1708
15318.677734375 1763
15328.1484375 1766
15391.36328125 1889
15419.9453125 2077
15430.0078125 2082
15432.5068359375 2131
15439.58984375 2315
15490.8408203125 2317
15557.453125 2409
15573.2470703125 2608
15580.822265625 2616
15583.96875 2649
15587.6015625 2819
15589.7216796875 2862
15590.337890625 1164
15609.56640625 2213
15632.2998046875 1050
15643.162109375 979
15653.3427734375 1562
15664.7177734375 1597
15737.6943359375 2334
15746.1123046875 587
15754.046875 630
15755.2734375 777
15788.515625 1012
15792.7353515625 1064
15794.9970703125 1082
15824.05078125 1462
15833.310546875 1501
15838.4072265625 1654
15843.744140625 1800
15846.490234375 2656
15896.9873046875 2884
15915.4052734375 1416
15931.861328125 1147
15950.55078125 865
15952.2626953125 939
15971.77734375 1497
16017.08984375 2630
16041.9091796875 2752
16108.3251953125 457
16114.958984375 309
16154.611328125 316
16166.5048828125 483
16180.6884765625 484
16205.5859375 633
16236.5595703125 1026
16246.2080078125 1036
16247.2392578125 1176
16248.435546875 1423
16303.1787109375 1485
16304.8916015625 1590
16310.2685546875 1702
16323.216796875 1759
16335.0283203125 1818
16372.44140625 1958
16387.849609375 1963
16423.955078125 1977
16427.7265625 2053
16482.7734375 2056
16510.38671875 2125
16528.58203125 2304
16573.142578125 2356
16651.763671875 2477
16686.32421875 2533
16700.517578125 2732
16700.80859375 2948
16717.498046875 1601
16736.873046875 2256
16742.140625 2104
16815.30078125 284
16881.404296875 182
16887.064453125 916
16911.16015625 1667
16913.244140625 1852
16928.79296875 727
16931.04296875 2036
16946.072265625 2772
16946.9140625 130
16967.88671875 219
16978.404296875 394
17042.609375 405
17052.466796875 634
17059.51953125 856
17077.17578125 983
17118.658203125 1117
17206.533203125 1386
17297.41015625 1791
17321.4140625 1991
17334.564453125 2060
17342.9765625 2215
17351.548828125 2314
17358.564453125 2440
17372.64453125 2467
17377.376953125 2618
17384.90234375 2648
17391.1328125 2694
17431.580078125 1772
17440.947265625 818
17443.23046875 2907
17515.51171875 660
17515.6796875 1168
17586.767578125 1145
17591.404296875 1476
17609.31640625 1618
17670.13671875 655
17697.19921875 1592
17714.125 2120
17719.66015625 2557
17721.708984375 112
17721.984375 350
17736.62109375 356
17736.62109375 448
17752.734375 1500
17775.02734375 1526
17782.71875 1587
17784.841796875 1881
17797.302734375 1943
17828.486328125 1962
17839.462890625 1995
17864.453125 2075
17869.19140625 2118
17876.29296875 2309
17884.3984375 2418
17921.09765625 2516
17989.625 2588
18015.232421875 2605
18075.60546875 2623
18083.65625 2937
18089.716796875 1005
18116.759765625 110
18172.732421875 2360
18207.2109375 121
18224.388671875 1046
18230.732421875 298
18278.896484375 372
18380.388671875 492
18392.921875 752
18404.203125 838
18427.96875 903
18475.884765625 1034
18500.4453125 1128
18505.861328125 1187
18511.216796875 1437
18513.12890625 1488
18589.205078125 1534
18597.953125 1657
18634.05078125 1678
18642.15234375 1824
18650.759765625 1826
18654.30078125 1941
18673.75 1997
18696.21875 2318
18702.140625 2327
18710.61328125 2362
18711.0 2404
18802.89453125 2453
18804.96484375 2458
18810.701171875 2496
18869.23828125 2696
18872.2578125 2722
18918.837890625 2796
18922.451171875 2584
18956.361328125 2872
18959.6796875 2589
19000.22265625 2135
19009.1796875 1802
19024.048828125 1853
19039.630859375 1892
19043.68359375 1580
19076.158203125 25
19111.3203125 72
19118.431640625 343
19143.5703125 710
19155.740234375 755
19161.83203125 885
19194.45703125 1683
19221.927734375 1776
19263.810546875 1972
19273.900390625 2047
19294.4375 2138
19298.330078125 2185
19321.0 2344
19376.69140625 2545
19376.69140625 2573
19384.18359375 2855
19405.009765625 2159
19408.1796875 1067
19421.12109375 371
19462.361328125 243
19516.412109375 1301
19517.626953125 311
19554.751953125 426
19645.904296875 648
19686.71484375 720
19692.52734375 792
19707.87109375 940
19749.048828125 1006
19784.041015625 1032
19785.03125 1160
19801.25 1189
19820.541015625 2183
19847.634765625 2190
19858.5234375 2301
19862.271484375 1459
19865.24609375 1649
19916.037109375 353
19938.755859375 2706
19962.625 1511
19963.6640625 1778
19982.314453125 329
20020.68359375 731
20035.453125 1400
20070.474609375 2070
20126.091796875 1480
20136.68359375 1714
20152.298828125 249
20153.11328125 94
20166.3671875 2823
20175.98046875 471
20209.662109375 473
20217.115234375 747
20269.20703125 915
20338.63671875 921
20352.119140625 993
20354.8046875 1072
20364.240234375 1415
20433.267578125 1541
20435.40234375 1746
20445.01171875 1949
20455.39453125 2079
20495.38671875 2219
20515.58203125 2258
20519.28515625 2413
20564.986328125 2628
20572.41796875 2828
20608.72265625 2903
20610.50390625 2996
20623.501953125 204
20626.4921875 1247
20631.74609375 1410
20640.361328125 1888
20650.0234375 1214
20671.935546875 1658
20740.05078125 2587
20750.982421875 380
20778.9140625 688
20791.06640625 1761
20795.166015625 66
20851.50390625 127
20918.771484375 179
21008.5078125 855
21058.197265625 1198
21060.146484375 1250
21070.033203125 1507
21092.08984375 1558
21105.8828125 2007
21112.427734375 2092
21154.677734375 2231
21168.171875 2384
21180.00390625 2457
21198.037109375 2544
21229.837890625 2717
21270.375 2774
21281.5625 2794
21307.041015625 2909
21327.41796875 972
21375.677734375 1138
21409.146484375 1442
21410.576171875 1137
21419.615234375 102
21419.890625 667
21460.443359375 1935
21474.908203125 2352
21571.06640625 2887
21657.869140625 427
21680.66796875 1533
21712.7578125 170
21715.8046875 262
21734.681640625 306
21804.287109375 596
21805.98046875 805
21814.189453125 849
21819.6953125 850
21824.75390625 965
21845.634765625 976
21860.833984375 1058
21868.609375 1403
21953.609375 1645
21966.546875 1999
21970.75390625 2292
21980.060546875 2392
21980.978515625 2403
21981.392578125 2497
22015.1953125 2524
22036.2265625 2601
22037.27734375 2652
22083.6171875 2657
22155.97265625 2761
22172.46484375 2839
22255.984375 2939
22260.9921875 2984
22274.578125 1027
22312.51171875 622
22325.61328125 417
22383.2421875 450
22383.3671875 690
22423.7265625 969
22519.888671875 982
22540.169921875 1040
22575.134765625 1078
22586.357421875 1083
22618.517578125 1382
22670.072265625 1391
22683.91015625 1486
22684.005859375 1503
22684.109375 1547
22746.1875 1561
22749.501953125 1965
22749.501953125 2026
22844.53515625 2066
22853.103515625 2182
22858.580078125 2245
22919.3515625 2460
22940.353515625 2466
22941.63671875 2540
23008.853515625 2593
23041.63671875 2632
23041.63671875 2753
23045.146484375 2759
23090.6953125 2793
23112.91015625 2925
23187.4140625 2152
23214.82421875 762
23238.291015625 2757
23302.302734375 37
23384.890625 1624
23459.953125 1271
23487.31640625 2370
23589.06640625 2895
23613.251953125 2411
23667.41015625 67
23718.3046875 150
23825.388671875 171
23849.7890625 195
23860.998046875 363
23900.138671875 522
23920.763671875 657
23991.04296875 701
23994.951171875 760
23997.44140625 811
24101.900390625 874
24122.71875 875
24136.44921875 1002
24142.74609375 1007
24222.6953125 1023
24232.037109375 1356
24235.814453125 1378
24260.70703125 1489
24309.724609375 1629
24352.1484375 2721
24381.34765625 2032
24439.37109375 2259
24486.822265625 771
24573.90625 1543
24662.126953125 2241
24679.41796875 1964
24698.986328125 1625
24718.16015625 2693
24818.462890625 222
24886.3984375 258
24983.376953125 281
25001.423828125 506
25020.587890625 582
25049.626953125 724
25053.359375 879
25135.603515625 1003
25189.046875 1171
25190.197265625 1182
25286.48046875 1588
25324.263671875 1685
25530.67578125 1758
25566.56640625 2300
25601.232421875 2310
25651.1875 2705
25660.818359375 2845
25661.958984375 2916
25712.5625 1811
25756.193359375 2701
25776.1171875 421
25789.517578125 1440
25990.720703125 2337
26008.115234375 2531
26135.9453125 18
26216.46484375 29
26292.830078125 31
26294.287109375 104
26302.69921875 274
26305.296875 321
26346.736328125 370
26485.353515625 375
26597.509765625 562
26626.59375 914
26651.14453125 944
26663.71875 1672
26667.88671875 1684
26720.267578125 1825
26776.3359375 1846
26779.0859375 1960
26950.2421875 1976
26957.5234375 2006
27081.55859375 2319
27262.87890625 2405
27480.1171875 2550
27558.669921875 2606
27559.64453125 2768
27627.072265625 1081
27630.853515625 1780
27694.373046875 16
27714.884765625 28
27878.03515625 125
27906.501953125 212
27943.876953125 265
27992.455078125 295
28297.79296875 360
28382.90625 364
28474.0 937
28571.8125 1077
28627.060546875 1101
28656.244140625 1241
28848.26171875 1243
29012.6953125 1307
29374.04296875 1343
29419.666015625 1404
29494.87109375 1418
29554.41796875 1585
29897.82421875 1719
30416.84765625 1822
30507.828125 2009
30521.84765625 2164
31224.771484375 2214
31649.2734375 2250
32153.6328125 2263
32544.01171875 2342
35253.23828125 2359
37570.69921875 2547
