2267.60205078125 1081
2510.4052734375 1780
2924.25244140625 16
3042.875732421875 28
3568.5244140625 125
3590.265625 212
3937.8056640625 265
3996.8037109375 295
4117.7822265625 360
4162.35205078125 364
4379.12548828125 937
4385.6181640625 1077
4405.10888671875 1101
4425.623046875 1241
4661.8984375 1243
4713.01416015625 1307
4746.8994140625 1343
4752.81591796875 1404
4798.73876953125 1418
4890.74072265625 1585
5043.0888671875 1719
5204.251953125 1822
5409.0498046875 2009
5521.19873046875 2164
5592.236328125 2214
5605.3154296875 2250
5667.47998046875 2263
5705.3408203125 2342
5905.04833984375 2359
5974.931640625 2547
6047.22119140625 1446
6111.8134765625 87
6281.3369140625 251
6282.369140625 527
6339.43408203125 529
6573.05419921875 625
6599.67822265625 641
6641.109375 693
6666.83349609375 873
6827.8916015625 881
6861.36669921875 928
6928.55322265625 1133
6980.203125 1283
7149.90234375 1318
7198.2724609375 1346
7331.115234375 1417
7336.248046875 1720
7364.1728515625 1987
7369.92822265625 2226
7378.376953125 2296
7542.0517578125 2515
7556.2412109375 2572
7648.974609375 2669
7731.4033203125 2728
7876.18212890625 2734
7879.484375 2746
7894.7509765625 2852
7925.55859375 2866
8044.373046875 2915
8103.74609375 2949
8112.66845703125 377
8193.9072265625 2281
8285.064453125 160
8481.9501953125 1
8555.6123046875 425
8611.791015625 446
8687.638671875 800
8706.951171875 918
8711.3408203125 953
8736.6875 985
8835.1298828125 986
8866.630859375 1008
8968.154296875 1043
9013.494140625 1270
9063.515625 1317
9159.375 1435
9162.69921875 1548
9182.4794921875 1606
9271.1513671875 1661
9321.6396484375 1712
9361.5859375 2010
9450.2451171875 2088
9474.8828125 2365
9596.90625 2410
9659.3759765625 2414
9727.17578125 2482
9793.7119140625 2560
9829.8642578125 2781
9834.455078125 2820
9849.302734375 997
9889.2900390625 1781
9952.0859375 81
10006.3857421875 229
10044.818359375 440
10070.060546875 548
10075.78125 611
10094.1982421875 826
10236.865234375 834
10295.888671875 848
10338.6826171875 871
10341.2412109375 893
10450.58984375 1231
10508.017578125 1256
10514.5107421875 1315
10521.140625 1458
10527.953125 1550
10535.5810546875 1671
10645.2685546875 1711
10646.2509765625 1815
10652.1982421875 1893
10675.4599609375 2312
10677.9560546875 2324
10710.8359375 2385
10720.0849609375 2447
10755.6005859375 2562
10810.11328125 2610
10929.533203125 2622
10942.8984375 2853
10968.220703125 2924
11064.6484375 2927
11080.80859375 2239
11204.2841796875 1362
11237.77734375 1926
11333.1259765625 2997
11350.412109375 254
11372.962890625 388
11384.1455078125 465
11400.3623046875 498
11428.66796875 520
11461.8173828125 962
11512.369140625 981
11570.9951171875 1156
11618.6533203125 1652
11631.6357421875 2205
11712.9462890625 2339
11729.662109375 2417
11733.0244140625 2494
11839.3828125 2687
11879.716796875 1122
11922.501953125 1670
11926.7705078125 264
12028.15625 2173
12053.048828125 1646
12085.0107421875 2396
12114.99609375 49
12179.02734375 189
12193.470703125 261
12210.3232421875 263
12271.3359375 430
12302.96484375 831
12319.140625 899
12345.6748046875 1123
12397.6689453125 1169
12399.283203125 1350
12409.95703125 1405
12414.009765625 1512
12417.775390625 1750
12476.013671875 1769
12483.896484375 1908
12486.3076171875 1966
12637.6640625 1982
12664.2109375 1993
12672.306640625 2094
12696.3017578125 2126
12696.6318359375 2141
12727.39453125 2171
12737.16015625 2174
12743.5751953125 2177
12777.591796875 2237
12782.583984375 2367
12783.90234375 2536
12792.03515625 2542
12839.662109375 2582
12852.2890625 2675
12879.31640625 2703
12888.5537109375 1873
12890.0048828125 2107
12914.751953125 1281
12973.685546875 455
12978.3564453125 470
13039.568359375 902
13066.5107421875 926
13088.46875 967
13090.197265625 1104
13110.69140625 1225
13116.5693359375 1286
13137.87890625 1506
13145.455078125 1516
13180.4501953125 1599
13222.4248046875 1779
13232.4814453125 1848
13238.134765625 1867
13334.24609375 1883
13363.478515625 2063
13368.548828125 2210
13380.8798828125 2246
13399.7158203125 2285
13419.376953125 2361
13447.189453125 2686
13512.4140625 2700
13515.8798828125 88
13538.5390625 586
13545.380859375 136
13553.6298828125 1471
13579.31640625 226
13605.830078125 296
13623.55859375 1197
13648.44140625 1666
13650.4755859375 2511
13656.4462890625 101
13676.7705078125 215
13684.3447265625 549
13694.72265625 550
13730.5107421875 573
13731.0009765625 1136
13732.9755859375 1199
13753.16796875 1530
13791.611328125 1581
13808.314453125 1640
13812.45703125 1688
13827.111328125 1968
13847.2783203125 2526
13869.705078125 2571
13872.8076171875 2983
13892.1708984375 1787
13894.2666015625 602
13908.5849609375 1146
13943.533203125 253
13947.91015625 342
13949.0537109375 843
13950.1982421875 1233
13959.052734375 1335
13961.271484375 1394
13961.87890625 1737
13988.3095703125 1784
13991.8037109375 1950
13995.4287109375 2025
14031.921875 2473
14069.9677734375 2518
14086.0859375 999
14090.529296875 1056
14094.7646484375 1900
14104.3076171875 1304
14131.53515625 1326
14133.283203125 2967
14154.1630859375 1329
14164.400390625 50
14167.8515625 318
14199.6689453125 389
14203.4384765625 478
14204.537109375 491
14239.978515625 580
14245.080078125 599
14259.158203125 890
14280.390625 896
14294.470703125 909
14318.541015625 919
14325.52734375 995
14329.3359375 1273
14351.19921875 1342
14366.89453125 1430
14378.001953125 1495
14387.369140625 1568
14428.9365234375 1583
14440.857421875 1764
14444.65625 1774
14447.615234375 2065
14506.048828125 2117
14506.0888671875 2181
14540.4189453125 2268
14549.048828125 2465
14552.8515625 2664
14556.7744140625 2760
14605.07421875 2764
14609.962890625 2938
14617.0654296875 2943
14656.33203125 1860
14660.87890625 2880
14663.0615234375 1333
14672.9111328125 2631
14675.5478515625 146
14697.2646484375 1538
14706.0263671875 21
14708.1279296875 34
14716.962890625 200
14745.7109375 288
14747.197265625 336
14768.44140625 385
14799.5966796875 517
14857.669921875 546
14886.427734375 609
14908.6259765625 614
14923.05078125 683
14941.07421875 686
14964.08984375 769
14966.193359375 1097
15004.40625 1221
15043.296875 1322
15064.076171875 1359
15085.3359375 1376
15111.5390625 1686
15113.8251953125 1854
15119.91796875 2513
15120.439453125 2553
15131.2626953125 2650
15137.8583984375 2672
15145.59375 2911
15158.7197265625 78
15159.953125 2713
15164.5498046875 2800
15184.427734375 2651
15197.5576171875 2970
15203.0078125 1045
15212.669921875 1068
15217.7705078125 2078
15228.6806640625 884
15235.0859375 886
15263.740234375 1028
15267.10546875 1845
15284.6044921875 1932
15298.87890625 2489
15307.7626953125 90
15312.861328125 153
15315.1796875 240
15344.333984375 256
15372.7890625 531
15390.1484375 644
15393.76171875 706
15399.8984375 775
15404.2919921875 1163
15427.9228515625 1483
15464.6103515625 2114
15470.2880859375 2379
15474.095703125 2424
15506.8662109375 2433
15510.53125 2435
15529.7724609375 2442
15550.265625 2683
15561.8017578125 2811
15566.6083984375 2176
15574.080078125 169
15578.7392578125 2207
15600.8115234375 1144
15601.90625 2180
15610.42578125 73
15620.3310546875 663
15630.8662109375 677
15644.8544921875 756
15670.259765625 925
15687.9580078125 927
15688.4150390625 946
15688.421875 996
15711.6943359375 1141
15711.6943359375 1202
15741.369140625 1251
15763.849609375 1457
15798.322265625 1502
15815.482421875 1591
15818.99609375 1733
15824.4111328125 1735
15832.17578125 1919
15838.4267578125 1933
15858.146484375 1955
15867.1767578125 2002
15868.251953125 2335
15876.560546875 2341
15905.33984375 2565
15911.8349609375 2695
15922.369140625 2763
15924.2646484375 2840
15929.693359375 2422
15940.1171875 1020
15969.6904296875 640
15986.1591796875 59
16009.896484375 177
16031.0517578125 191
16085.412109375 575
16099.9140625 687
16137.474609375 934
16165.744140625 1119
16175.4814453125 1529
16177.830078125 1697
16214.3603515625 1810
16222.9150390625 1831
16223.2265625 2354
16227.07421875 2528
16235.5703125 2679
16239.16796875 2712
16246.6337890625 2747
16250.470703125 2809
16252.2001953125 2821
16254.228515625 2842
16254.8125 2860
16259.494140625 2906
16269.4677734375 2994
16276.365234375 186
16280.5703125 223
16293.2734375 1594
16307.83984375 410
16309.08984375 631
16320.5546875 132
16336.54296875 2576
16346.2919921875 1282
16368.03125 488
16376.775390625 869
16420.40234375 2059
16427.796875 787
16428.1875 904
16454.4375 137
16475.537109375 275
16484.591796875 328
16487.59765625 333
16491.78125 392
16496.900390625 407
16505.498046875 489
16507.849609375 680
16508.802734375 1022
16514.39453125 1290
16518.341796875 1358
16546.630859375 1607
16579.15625 1653
16585.52734375 2024
16587.9296875 2184
16588.7421875 2221
16607.708984375 2394
16610.595703125 2427
16632.458984375 2517
16639.611328125 2655
16647.232421875 2704
16659.01171875 2900
16671.693359375 2946
16674.517578125 459
16691.595703125 1408
16703.111328125 1339
16732.294921875 22
16762.673828125 45
16763.337890625 300
16784.37890625 812
16789.841796875 922
16793.201171875 947
16798.1953125 975
16824.703125 1001
16828.63671875 1095
16839.806640625 1275
16874.458984375 1664
16907.716796875 1708
16951.087890625 1763
16954.08203125 1766
16965.025390625 1889
16965.810546875 2077
16985.470703125 2082
16988.447265625 2131
17029.4296875 2315
17048.431640625 2317
17063.28125 2409
17069.708984375 2608
17097.25 2616
17132.994140625 2649
17133.978515625 2819
17157.61328125 2862
17173.65625 1164
17175.158203125 2213
17189.54296875 1050
17190.056640625 979
17203.48046875 1562
17203.693359375 1597
17227.52734375 2334
17240.162109375 587
17243.572265625 630
17249.736328125 777
17249.791015625 1012
17250.126953125 1064
17251.9921875 1082
17272.38671875 1462
17291.888671875 1501
17297.04296875 1654
17305.19921875 1800
17321.830078125 2656
17322.703125 2884
17327.509765625 1416
17350.298828125 1575
17363.19140625 2889
17411.734375 445
17422.16015625 30
17443.8046875 2484
17491.146484375 38
17492.953125 40
17492.958984375 76
17497.10546875 77
17526.80859375 108
17546.677734375 164
17549.43359375 211
17555.337890625 225
17555.646484375 376
17557.462890625 437
17566.587890625 510
17607.478515625 646
17608.546875 671
17610.580078125 738
17615.0625 770
17629.072265625 1434
17629.83203125 1610
17634.228515625 1662
17636.146484375 1709
17653.8671875 1998
17657.291015625 2166
17669.603515625 2220
17688.90234375 2238
17727.6640625 2255
17735.275390625 2345
17747.158203125 2510
17762.912109375 2581
17763.20703125 2607
17769.41015625 2807
17773.341796875 1015
17804.7890625 1984
17805.97265625 1258
17811.443359375 2555
17832.953125 1147
17839.0546875 865
17844.509765625 939
17849.70703125 1497
17922.146484375 2630
17962.97265625 2752
17971.9375 457
17992.849609375 309
17993.4921875 316
17995.248046875 483
17999.978515625 484
18034.517578125 633
18041.29296875 1026
18054.341796875 1036
18065.59375 1176
18069.62109375 1423
18069.666015625 1485
18072.06640625 1590
18074.26953125 1702
18075.72265625 1759
18076.541015625 1818
18078.1171875 1958
18098.978515625 1963
18100.17578125 1977
18124.515625 2053
18175.220703125 2056
18214.84765625 2125
18227.361328125 2304
18230.7265625 2356
18257.75390625 2477
18261.78125 2533
18261.90234375 2732
18301.228515625 2948
18345.802734375 1601
18346.2265625 2256
18347.15625 2104
18355.056640625 284
18359.0625 182
18364.63671875 916
18393.142578125 1667
18411.453125 1852
18420.23046875 727
18421.50390625 2036
18431.22265625 2772
18446.361328125 130
18453.935546875 219
18463.578125 394
18481.107421875 405
18509.306640625 634
18537.076171875 856
18549.943359375 983
18584.53125 1117
18622.919921875 1386
18622.919921875 1791
18645.63671875 1991
18650.640625 2060
18687.181640625 2215
18692.482421875 2314
18709.06640625 2440
18714.2109375 2467
18724.0390625 2618
18733.986328125 2648
18746.439453125 2694
18765.00390625 1772
18798.544921875 818
18828.51171875 2907
18889.1484375 660
18897.91796875 1168
18916.306640625 1145
18920.029296875 1476
18945.6875 1618
18952.12890625 655
18978.826171875 1592
18991.765625 2120
19011.716796875 2557
19052.1171875 112
19062.654296875 350
19081.337890625 356
19084.732421875 448
19111.962890625 1500
19119.494140625 1526
19139.671875 1587
19145.046875 1881
19148.294921875 1943
19155.1171875 1962
19164.734375 1995
19177.66796875 2075
19178.6875 2118
19180.9375 2309
19187.412109375 2418
19223.95703125 2516
19224.728515625 2588
19229.185546875 2605
19238.31640625 2623
19238.640625 2937
19268.041015625 1005
19268.314453125 110
19296.583984375 2360
19309.33984375 121
19331.416015625 1046
19357.4765625 298
19364.611328125 372
19368.337890625 492
19386.62890625 752
19398.859375 838
19402.73046875 903
19406.4140625 1034
19406.4140625 1128
19416.564453125 1187
19416.564453125 1437
19425.4765625 1488
19461.17578125 1534
19470.11328125 1657
19477.40625 1678
19483.79296875 1824
19494.50390625 1826
19509.474609375 1941
19511.896484375 1997
19519.0546875 2318
19520.095703125 2327
19521.560546875 2362
19524.939453125 2404
19568.078125 2453
19569.73046875 2458
19616.8125 2496
19617.970703125 2696
19632.263671875 2722
19715.595703125 2796
19819.287109375 2584
19838.337890625 2872
19840.646484375 2589
19840.8203125 2135
19887.556640625 1802
19905.169921875 1853
19947.34765625 1892
19952.375 1580
19955.5859375 25
19982.1796875 72
19995.681640625 343
20000.16796875 710
20044.541015625 755
20052.544921875 885
20071.84375 1683
20089.330078125 1776
20104.740234375 1972
20115.01171875 2047
20139.802734375 2138
20172.3125 2185
20186.984375 2344
20205.21875 2545
20211.1328125 2573
20242.369140625 2855
20266.064453125 2159
20273.73046875 1067
20283.291015625 371
20288.41015625 243
20307.25 1301
20315.20703125 311
20337.20703125 426
20355.09765625 648
20364.033203125 720
20376.021484375 792
20383.2578125 940
20406.63671875 1006
20454.03125 1032
20474.3359375 1160
20478.13671875 1189
20494.708984375 2183
20572.37109375 2190
20579.7578125 2301
20596.2890625 1459
20596.767578125 1649
20598.740234375 353
20671.55859375 2706
20672.1484375 1511
20678.6875 1778
20708.935546875 329
20726.86328125 731
20730.80859375 1400
20731.27734375 2070
20798.111328125 1480
20808.126953125 1714
20810.693359375 249
20900.498046875 94
20902.3125 2823
20903.76171875 471
20914.2890625 473
20949.009765625 747
20962.5 915
20973.1484375 921
20976.67578125 993
21005.771484375 1072
21045.466796875 1415
21077.181640625 1541
21086.31640625 1746
21094.5234375 1949
21111.521484375 2079
21139.626953125 2219
21162.86328125 2258
21226.37890625 2413
21235.13671875 2628
21269.19140625 2828
21271.00390625 2903
21290.94921875 2996
21308.705078125 204
21311.650390625 1247
21332.4609375 1410
21353.66796875 1888
21359.41796875 1214
21366.1328125 1658
21366.1328125 2587
21381.740234375 380
21409.25 688
21445.490234375 1761
21451.484375 66
21472.892578125 127
21493.828125 179
21510.12890625 855
21534.623046875 1198
21561.103515625 1250
21569.048828125 1507
21597.720703125 1558
21621.53515625 2007
21683.287109375 2092
21685.751953125 2231
21712.8359375 2384
21715.8359375 2457
21730.359375 2544
21737.001953125 2717
21777.021484375 2774
21814.763671875 2794
21864.80078125 2909
21867.93359375 972
21869.09765625 1138
21871.50390625 1442
21877.9453125 1137
21886.701171875 102
21921.2734375 667
21948.130859375 1935
21978.517578125 2352
21991.390625 2887
22047.89453125 427
22051.298828125 1533
22069.681640625 170
22100.619140625 262
22171.068359375 306
22182.537109375 596
22185.033203125 805
22186.921875 849
22210.708984375 850
22245.2265625 965
22255.646484375 976
22280.24609375 1058
22286.71875 1403
22318.865234375 1645
22338.0 1999
22410.5234375 2292
22433.044921875 2392
22500.6015625 2403
22506.818359375 2497
22507.62890625 2524
22556.1015625 2601
22586.47265625 2652
22591.728515625 2657
22598.900390625 2761
22601.37890625 2839
22629.857421875 2939
22642.54296875 2984
22681.8046875 1027
22691.19921875 622
22705.349609375 417
22809.1171875 450
22872.658203125 690
22909.810546875 969
22971.443359375 982
22990.14453125 1040
23045.23046875 1078
23057.052734375 1083
23070.056640625 1382
23079.48046875 1391
23195.875 1486
23209.583984375 1503
23309.060546875 1547
23316.5625 1561
23385.826171875 1965
23388.43359375 2026
23389.818359375 2066
23472.671875 2182
23475.328125 2245
23511.564453125 2460
23564.1015625 2466
23623.97265625 2540
23665.65625 2593
23713.603515625 2632
23818.0859375 2753
23833.58203125 2759
23917.650390625 2793
23938.9296875 2925
23946.224609375 2152
23976.220703125 762
24021.015625 2757
24022.24609375 37
24037.505859375 1624
24072.10546875 1271
24098.70703125 2370
24103.72265625 2895
24150.376953125 2411
24166.7578125 67
24262.6875 150
24300.3671875 171
24454.123046875 195
24689.166015625 363
24801.955078125 522
24826.2109375 657
24845.681640625 701
24889.755859375 760
24919.470703125 811
24963.8125 874
25011.4609375 875
25097.39453125 1002
25143.607421875 1007
25144.646484375 1023
25203.630859375 1356
25232.712890625 1378
25232.712890625 1489
25315.65234375 1629
25323.28125 2721
25441.15234375 2032
25794.27734375 2259
25838.765625 771
26054.548828125 1543
26056.220703125 2241
26082.427734375 1964
26101.609375 1625
26230.5390625 2693
26239.625 222
26515.818359375 258
26543.140625 281
26625.962890625 506
26673.583984375 582
26775.7578125 724
26794.970703125 879
27013.419921875 1003
27108.96875 1171
27138.453125 1182
27232.259765625 1588
27363.20703125 1685
27742.59765625 1758
27767.013671875 2300
28268.845703125 2310
28290.2265625 2705
28353.84375 2845
28464.2890625 2916
28466.986328125 1811
28515.013671875 2701
28588.701171875 421
28590.27734375 1440
28685.404296875 2337
28700.90234375 2531
29126.048828125 18
29692.494140625 29
29731.7421875 31
29980.291015625 104
30105.21875 274
30243.892578125 321
30365.58984375 370
30379.4609375 375
30407.2109375 562
30586.876953125 914
30768.16015625 944
30845.525390625 1672
30850.810546875 1684
30902.962890625 1825
30951.79296875 1846
31060.9765625 1960
31371.625 1976
31480.275390625 2006
31749.638671875 2319
32047.095703125 2405
32273.501953125 2550
32496.041015625 2606
35929.3359375 2768
