4833.21240234375 2511
4872.67724609375 101
5159.63671875 215
5339.5087890625 549
5631.52685546875 550
5683.18994140625 573
5813.57763671875 1136
5817.8623046875 1199
5862.89453125 1530
6086.95556640625 1581
6146.4951171875 1640
6164.19482421875 1688
6292.59228515625 1968
6306.8056640625 2526
6376.1923828125 2571
6415.1103515625 2983
6467.529296875 1787
6521.3515625 602
6540.21875 1146
6642.7392578125 253
6705.4091796875 342
6731.08740234375 843
6803.091796875 1233
6831.6083984375 1335
6838.60302734375 1394
6898.05224609375 1737
6921.6123046875 1784
6971.5478515625 1950
7000.162109375 2025
7009.896484375 2473
7121.3603515625 2518
7211.08203125 999
7258.8056640625 1056
7320.16796875 1900
7323.3505859375 1304
7326.93310546875 1326
7339.40087890625 2967
7365.68603515625 1446
7392.7685546875 87
7489.7470703125 251
7514.03466796875 527
7583.9951171875 529
7612.44775390625 625
7631.826171875 641
7662.703125 693
7670.3876953125 873
7672.3330078125 881
7692.57568359375 928
7714.724609375 1133
7716.03369140625 1283
7802.255859375 1318
7813.7685546875 1346
7829.0458984375 1417
7908.6396484375 1720
7908.6396484375 1987
7912.4736328125 2226
7932.8701171875 2296
7946.36328125 2515
7948.3232421875 2572
7953.517578125 2669
8000.19091796875 2728
8016.26416015625 2734
8019.0771484375 2746
8034.22998046875 2852
8035.7431640625 2866
8047.8271484375 2915
8050.19091796875 2949
8055.7578125 377
8122.3935546875 2281
8167.1884765625 160
8229.6884765625 1
8229.7900390625 425
8236.76171875 446
8307.6708984375 800
8309.396484375 918
8323.18359375 953
8327.416015625 985
8361.7265625 986
8382.0771484375 1008
8390.4931640625 1043
8428.67578125 1270
8477.1708984375 1317
8478.6767578125 1435
8482.1875 1548
8496.9150390625 1606
8514.3349609375 1661
8520.876953125 1712
8588.1923828125 2010
8595.5458984375 2088
8598.5849609375 2365
8603.4228515625 2410
8612.8251953125 2414
8651.4423828125 2482
8651.4423828125 2560
8653.34375 2781
8684.96484375 2820
8727.3759765625 997
8749.595703125 1781
8757.666015625 81
8759.251953125 229
8770.7080078125 440
8803.08203125 548
8814.6376953125 611
8823.70703125 826
8830.931640625 834
8835.87109375 848
8862.791015625 871
8886.732421875 893
8932.3583984375 1231
8943.0869140625 1256
8991.9208984375 1315
9127.72265625 1458
9138.923828125 1550
9177.0693359375 1671
9204.3720703125 1711
9238.96484375 1815
9249.130859375 1893
9249.6103515625 2312
9276.646484375 2324
9280.900390625 2385
9284.4228515625 2447
9286.5859375 2562
9305.75 2610
9329.0283203125 2622
9330.7177734375 2853
9355.2607421875 2924
9355.9658203125 2927
9385.41015625 2239
9392.552734375 1362
9396.171875 1926
9403.2392578125 2997
9408.4375 254
9427.9892578125 388
9438.703125 465
9460.4833984375 498
9475.1455078125 520
9484.30078125 962
9486.3486328125 981
9523.8125 1156
9527.080078125 1652
9530.076171875 2205
9535.583984375 2339
9585.8720703125 2417
9589.015625 2494
9600.720703125 2687
9611.7431640625 1122
9623.5458984375 1670
9653.5712890625 264
9718.7763671875 2173
9731.177734375 1646
9733.58203125 2396
9749.1875 49
9777.1708984375 189
9778.306640625 261
9803.87890625 263
9805.244140625 430
9805.728515625 831
9866.349609375 899
9872.845703125 1123
9873.2109375 1169
9905.486328125 1350
9942.5546875 1405
9950.83203125 1512
9961.5 1750
9975.615234375 1769
9987.7001953125 1908
10000.501953125 1966
10005.06640625 1982
10070.6650390625 1993
10079.5146484375 2094
10084.4716796875 2126
10107.9912109375 2141
10113.0380859375 2171
10126.03515625 2174
10127.4677734375 2177
10160.17578125 2237
10170.1279296875 2367
10196.1884765625 2536
10202.7880859375 2542
10205.919921875 2582
10206.873046875 2675
10232.56640625 2703
10236.556640625 1873
10257.0263671875 2107
10288.25390625 1281
10365.0283203125 455
10377.326171875 470
10408.126953125 902
10410.4140625 926
10444.697265625 967
10467.177734375 1104
10470.7431640625 1225
10495.3046875 1286
10519.4697265625 1506
10531.107421875 1516
10558.65625 1599
10576.701171875 1779
10594.693359375 1848
10613.3203125 1867
10619.7939453125 1883
10634.681640625 2063
10643.2822265625 2210
10653.0185546875 2246
10664.2001953125 2285
10709.044921875 2361
10793.21875 2686
10806.095703125 2700
10810.71875 88
10811.697265625 586
10812.2109375 136
10812.5390625 1471
10826.8193359375 226
10826.931640625 296
10834.6650390625 1197
10848.826171875 1666
10868.23046875 1329
10885.580078125 50
10896.73046875 318
10899.30859375 389
10912.783203125 478
10914.58984375 491
10917.0908203125 580
10929.2177734375 599
10945.2978515625 890
10999.5849609375 896
11002.31640625 909
11006.2578125 919
11013.8515625 995
11014.7578125 1273
11037.2705078125 1342
11101.9453125 1430
11113.3408203125 1495
11135.638671875 1568
11189.779296875 1583
11198.328125 1764
11205.16015625 1774
11247.392578125 2065
11253.8154296875 2117
11265.1708984375 2181
11284.5859375 2268
11293.48046875 2465
11320.1611328125 2664
11344.0439453125 2760
11353.7255859375 2764
11375.19921875 2938
11422.3837890625 2943
11422.79296875 1860
11425.4638671875 2880
11446.544921875 1333
11453.154296875 2631
11518.31640625 146
11523.1025390625 1538
11529.802734375 21
11552.5546875 34
11559.080078125 200
11565.1708984375 288
11567.87890625 336
11581.90625 385
11597.4853515625 517
11605.806640625 546
11619.810546875 609
11622.390625 614
11649.91796875 683
11657.900390625 686
11710.919921875 769
11722.794921875 1097
11727.859375 1221
11757.197265625 1322
11758.6357421875 1359
11762.4833984375 1376
11786.197265625 1686
11789.28125 1854
11794.6923828125 2513
11822.611328125 2553
11886.26171875 2650
11889.240234375 2672
11917.5146484375 2911
11934.4091796875 78
12056.9453125 2713
12065.666015625 2800
12067.9150390625 2651
12077.708984375 2970
12122.046875 1045
12136.1748046875 1068
12157.9775390625 2078
12174.5927734375 884
12199.8798828125 886
12214.0341796875 1028
12215.5546875 1845
12236.5205078125 1932
12245.24609375 2489
12248.15234375 90
12284.2587890625 153
12300.8408203125 240
12317.564453125 256
12322.2890625 531
12391.0986328125 644
12431.541015625 706
12439.6962890625 775
12443.69921875 1163
12509.833984375 1483
12516.650390625 2114
12519.0439453125 2379
12567.4033203125 2424
12601.7919921875 2433
12603.259765625 2435
12604.46484375 2442
12614.345703125 2683
12637.4033203125 2811
12648.5537109375 2176
12674.810546875 169
12681.8076171875 2207
12682.408203125 1144
12704.435546875 2180
12745.2138671875 73
12746.095703125 663
12803.046875 677
12831.203125 756
12862.2138671875 925
12887.7744140625 927
12900.1689453125 946
12910.93359375 996
12911.505859375 1141
12914.1552734375 1202
12918.1552734375 1251
12953.3125 1457
12957.6904296875 1502
12971.2939453125 1591
12977.5146484375 1733
13011.513671875 1735
13017.529296875 1919
13078.525390625 1933
13094.240234375 1955
13095.72265625 2002
13112.05078125 2335
13145.875 2341
13151.0009765625 2565
13158.9404296875 2695
13161.8779296875 2763
13181.51171875 2840
13185.751953125 2422
13206.9736328125 1020
13208.205078125 640
13234.2451171875 59
13309.2041015625 177
13334.22265625 191
13346.71484375 575
13346.927734375 687
13362.0390625 934
13374.4130859375 1119
13382.16796875 1529
13463.69921875 1697
13475.751953125 1810
13494.0234375 1831
13503.111328125 2354
13577.8046875 2528
13616.48046875 2679
13631.1123046875 2712
13633.80859375 2747
13638.99609375 2809
13655.4697265625 2821
13689.2919921875 2842
13699.0224609375 2860
13699.673828125 2906
13719.8212890625 2994
13798.314453125 186
13803.5625 223
13811.783203125 1594
13880.8544921875 410
13967.5087890625 631
14057.4892578125 132
14115.7841796875 2576
14121.1640625 1282
14134.748046875 488
14156.912109375 869
14184.833984375 2059
14185.568359375 787
14192.68359375 904
14193.59765625 137
14195.12109375 275
14235.8837890625 328
14246.1484375 333
14246.1484375 392
14248.61328125 407
14260.982421875 489
14305.1591796875 680
14306.7470703125 1022
14365.5849609375 1290
14389.2421875 1358
14399.341796875 1607
14410.681640625 1653
14413.44140625 2024
14443.396484375 2184
14447.353515625 2221
14464.859375 2394
14482.85546875 2427
14486.9892578125 2517
14503.3984375 2655
14527.177734375 2704
14558.693359375 2900
14565.51953125 2946
14570.083984375 459
14573.34375 1408
14585.2939453125 1339
14586.8759765625 22
14594.2421875 45
14622.1591796875 300
14636.1279296875 812
14661.060546875 922
14687.4091796875 947
14694.6318359375 975
14713.2548828125 1001
14739.384765625 1095
14741.0224609375 1275
14743.890625 1664
14754.2412109375 1708
14805.1103515625 1763
14813.1669921875 1766
14885.125 1889
14893.095703125 2077
14965.05859375 2082
15032.251953125 2131
15041.8984375 2315
15072.1650390625 2317
15072.265625 2409
15131.0869140625 2608
15132.46484375 2616
15148.2431640625 2649
15183.51953125 2819
15198.796875 2862
15198.796875 1164
15228.7861328125 2213
15249.8818359375 1050
15276.45703125 979
15280.7314453125 1562
15284.947265625 1597
15294.71484375 2334
15300.412109375 587
15318.70703125 630
15349.533203125 777
15410.1318359375 1012
15461.27734375 1064
15491.3544921875 1082
15508.1689453125 1462
15559.677734375 1501
15570.447265625 1654
15643.97265625 1800
15663.162109375 2656
15673.1787109375 2884
15675.5078125 1416
15700.7021484375 1575
15749.2646484375 2889
15765.9521484375 445
15771.8212890625 30
15775.31640625 2484
15800.7529296875 38
15832.265625 40
15842.6416015625 76
15891.48828125 77
15896.40234375 108
15903.1767578125 164
15904.4248046875 211
15920.751953125 225
15951.404296875 376
15963.083984375 437
15969.8681640625 510
16014.0654296875 646
16022.580078125 671
16049.4111328125 738
16067.0732421875 770
16070.572265625 1434
16085.875 1610
16103.92578125 1662
16110.40625 1709
16111.1416015625 1998
16128.1396484375 2166
16130.59765625 2220
16197.1669921875 2238
16203.873046875 2255
16217.060546875 2345
16230.568359375 2510
16237.2255859375 2581
16239.9755859375 2607
16301.7421875 2807
16328.525390625 1015
16341.5966796875 1984
16380.1494140625 1258
16385.15234375 2555
16435.400390625 1147
16440.646484375 865
16474.203125 939
16494.62109375 1497
16509.248046875 2630
16562.9453125 2752
16564.578125 457
16579.658203125 309
16597.77734375 316
16632.205078125 483
16671.533203125 484
16688.150390625 633
16729.21875 1026
16744.01953125 1036
16754.91796875 1176
16797.31640625 1423
16826.92578125 1485
16835.048828125 1590
16838.353515625 1702
16904.39453125 1759
16907.46875 1818
16915.353515625 1958
16922.072265625 1963
16974.57421875 1977
17003.5 2053
17024.93359375 2056
17043.923828125 2125
17098.603515625 2304
17115.361328125 2356
17118.90625 2477
17132.7421875 2533
17150.33203125 2732
17152.228515625 2948
17155.6015625 1601
17187.84765625 2256
17215.580078125 2104
17243.337890625 284
17270.15625 182
17281.986328125 916
17282.98046875 1667
17306.55078125 1852
17371.326171875 727
17392.7890625 2036
17409.857421875 2772
17426.375 130
17431.880859375 219
17442.345703125 394
17447.490234375 405
17460.23828125 634
17476.50390625 856
17521.27734375 983
17557.98828125 1117
17586.25390625 1386
17695.876953125 1791
17697.169921875 1991
17703.72265625 2060
17715.4375 2215
17747.337890625 2314
17816.205078125 2440
17844.333984375 2467
17880.14453125 2618
17918.287109375 2648
17947.728515625 2694
17951.615234375 1772
18003.37890625 818
18003.884765625 2907
18013.625 660
18047.453125 1168
18050.4375 1145
18067.46484375 1476
18108.6796875 1618
18154.251953125 655
18154.251953125 1592
18184.7265625 2120
18193.009765625 2557
18268.42578125 112
18286.73046875 350
18316.6171875 356
18347.421875 448
18356.17578125 1500
18388.80078125 1526
18434.69140625 1587
18486.73828125 1881
18492.822265625 1943
18512.44921875 1962
18512.724609375 1995
18517.7734375 2075
18561.248046875 2118
18567.60546875 2309
18587.150390625 2418
18596.15625 2516
18611.34765625 2588
18614.765625 2605
18623.470703125 2623
18638.0625 2937
18656.5234375 1005
18656.5234375 110
18672.455078125 2360
18674.5625 121
18711.693359375 1046
18721.669921875 298
18757.37890625 372
18759.662109375 492
18780.484375 752
18789.083984375 838
18819.6796875 903
18846.056640625 1034
18937.18359375 1128
18949.671875 1187
18963.359375 1437
19001.0078125 1488
19025.310546875 1534
19084.123046875 1657
19085.7734375 1678
19096.5078125 1824
19102.1953125 1826
19120.279296875 1941
19122.5234375 1997
19136.888671875 2318
19140.521484375 2327
19143.578125 2362
19164.23046875 2404
19200.908203125 2453
19238.19140625 2458
19290.53515625 2496
19315.861328125 2696
19335.49609375 2722
19344.404296875 2796
19354.734375 2584
19362.408203125 2872
19370.25390625 2589
19389.955078125 2135
19409.72265625 1802
19410.671875 1853
19441.80859375 1892
19455.578125 1580
19475.18359375 25
19502.328125 72
19505.1171875 343
19587.4296875 710
19592.109375 755
19612.720703125 885
19645.94140625 1683
19653.052734375 1776
19656.998046875 1972
19682.9140625 2047
19739.126953125 2138
19743.30078125 2185
19755.37890625 2344
19781.185546875 2545
19800.138671875 2573
19831.041015625 2855
19902.73046875 2159
19922.986328125 1067
19963.3359375 371
20033.271484375 243
20059.728515625 1301
20093.25390625 311
20107.62109375 426
20118.0390625 648
20170.126953125 720
20215.677734375 792
20222.001953125 940
20229.3203125 1006
20277.90625 1032
20279.40234375 1160
20331.0625 1189
20373.515625 2183
20373.529296875 2190
20383.37109375 2301
20386.96875 1459
20387.736328125 1649
20401.947265625 353
20414.9609375 2706
20423.96875 1511
20460.51953125 1778
20466.83203125 329
20473.41015625 731
20500.357421875 1400
20537.0703125 2070
20599.248046875 1480
20644.982421875 1714
20664.26171875 249
20707.978515625 94
20747.35546875 2823
20790.451171875 471
20862.5546875 473
20919.912109375 747
20927.416015625 915
20971.337890625 921
21001.365234375 993
21012.50390625 1072
21029.75390625 1415
21077.998046875 1541
21082.8046875 1746
21113.23046875 1949
21136.900390625 2079
21155.33984375 2219
21159.3515625 2258
21169.54296875 2413
21173.6328125 2628
21210.810546875 2828
21359.01171875 2903
21373.7109375 2996
21406.669921875 204
21430.66796875 1247
21440.470703125 1410
21446.890625 1888
21487.521484375 1214
21493.251953125 1658
21507.3203125 2587
21512.04296875 380
21519.99609375 688
21529.689453125 1761
21531.888671875 66
21562.876953125 127
21592.962890625 179
21618.9609375 855
21693.751953125 1198
21782.1171875 1250
21803.625 1507
21827.91015625 1558
21827.91015625 2007
21833.84765625 2092
21909.498046875 2231
21926.876953125 2384
21931.09765625 2457
21945.859375 2544
21956.10546875 2717
21960.3046875 2774
21984.150390625 2794
21997.826171875 2909
22031.736328125 972
22038.404296875 1138
22096.85546875 1442
22162.005859375 1137
22166.10546875 102
22198.94921875 667
22245.9609375 1935
22273.08203125 2352
22279.97265625 2887
22308.01171875 427
22350.884765625 1533
22356.50390625 170
22368.701171875 262
22412.568359375 306
22459.064453125 596
22461.677734375 805
22510.603515625 849
22575.6328125 850
22625.54296875 965
22682.9765625 976
22829.5546875 1058
22877.59375 1403
22883.0 1645
22913.201171875 1999
22926.767578125 2292
22982.90625 2392
22991.6328125 2403
23154.119140625 2497
23157.41015625 2524
23173.376953125 2601
23176.896484375 2652
23183.419921875 2657
23183.419921875 2761
23199.63671875 2839
23210.2421875 2939
23332.884765625 2984
23366.05859375 1027
23367.30078125 622
23404.28515625 417
23430.48046875 450
23450.140625 690
23565.34765625 969
23570.59765625 982
23583.322265625 1040
23586.59765625 1078
23607.5859375 1083
23681.267578125 1382
23690.0546875 1391
23709.7421875 1486
23718.849609375 1503
23847.04296875 1547
23848.1171875 1561
23905.751953125 1965
23956.46875 2026
23977.9453125 2066
23979.001953125 2182
23989.802734375 2245
23990.87890625 2460
24049.92578125 2466
24055.697265625 2540
24085.869140625 2593
24097.408203125 2632
24175.50390625 2753
24207.830078125 2759
24218.98828125 2793
24220.736328125 2925
24229.732421875 2152
24248.45703125 762
24288.38671875 2757
24323.783203125 37
24359.705078125 1624
24360.109375 1271
24427.86328125 2370
24519.765625 2895
24522.2421875 2411
24657.55859375 67
24691.232421875 150
24711.73046875 171
24730.9296875 195
24750.447265625 363
24763.630859375 522
24775.619140625 657
24784.4609375 701
24834.650390625 760
24835.013671875 811
24868.1015625 874
24868.15625 875
24871.32421875 1002
24948.25 1007
24984.6953125 1023
25011.11328125 1356
25074.2265625 1378
25077.3828125 1489
25150.353515625 1629
25162.310546875 2721
25205.818359375 2032
25226.849609375 2259
25326.4765625 771
25412.1875 1543
25419.65234375 2241
25445.265625 1964
25465.220703125 1625
25528.763671875 2693
25653.6015625 222
25660.51171875 258
25664.05078125 281
25688.814453125 506
25731.17578125 582
25788.1328125 724
25799.41796875 879
25830.02734375 1003
25906.029296875 1171
25947.322265625 1182
26025.185546875 1588
26048.0703125 1685
26190.5390625 1758
26240.12109375 2300
26263.3671875 2310
26335.44921875 2705
26350.62109375 2845
26570.12890625 2916
26597.224609375 1811
26603.66015625 2701
26618.66015625 421
26682.3671875 1440
26723.73046875 2337
26777.63671875 2531
26874.07421875 18
26902.658203125 29
26942.400390625 31
26947.16796875 104
26948.775390625 274
26948.794921875 321
27026.609375 370
27060.501953125 375
27121.119140625 562
27166.1171875 914
27167.779296875 944
27169.09765625 1672
27301.896484375 1684
27447.376953125 1825
27455.388671875 1846
27655.248046875 1960
27663.859375 1976
27672.119140625 2006
27686.787109375 2319
27725.91015625 2405
27914.1796875 2550
27935.908203125 2606
27945.32421875 2768
27950.49609375 1081
28086.4765625 1780
28122.087890625 16
28232.361328125 28
28283.521484375 125
28352.595703125 212
28358.359375 265
28385.263671875 295
28402.7890625 360
28573.076171875 364
28650.693359375 937
28760.0625 1077
29135.02734375 1101
29139.251953125 1241
29268.8203125 1243
29466.21484375 1307
29502.431640625 1343
29738.41015625 1404
30108.8671875 1418
30174.43359375 1585
30684.564453125 1719
30720.93359375 1822
30965.642578125 2009
31164.068359375 2164
31336.4375 2214
31455.47265625 2250
32124.28515625 2263
33882.71484375 2342
34307.578125 2359
37800.26171875 2547
