8586.763671875 2032
8684.6552734375 2259
8684.888671875 771
8873.8125 1543
8890.45703125 2241
8985.8388671875 1964
9126.43359375 1625
9159.55859375 2693
9265.0810546875 222
9384.37890625 258
9419.052734375 281
9564.1279296875 506
9570.107421875 582
9619.9404296875 724
9661.072265625 879
9680.5986328125 1003
9690.134765625 1171
9711.0751953125 1182
9724.0654296875 1588
9729.0234375 1685
9741.6259765625 1758
9755.4326171875 2300
9773.412109375 2310
9791.4580078125 2705
9804.412109375 2845
9807.150390625 2916
9807.900390625 1446
9827.49609375 87
9828.298828125 251
9858.017578125 527
9880.919921875 529
9920.34765625 625
9937.6435546875 641
9960.876953125 693
9985.2939453125 873
9994.345703125 881
10017.5927734375 928
10031.6083984375 1133
10049.134765625 1283
10055.7080078125 1318
10060.041015625 1346
10065.7470703125 1417
10106.91015625 1720
10111.6640625 1987
10113.9326171875 2226
10117.9453125 2296
10131.595703125 2515
10148.5302734375 2572
10154.6875 2669
10167.1572265625 2728
10172.1728515625 2734
10175.9345703125 2746
10181.578125 2852
10182.787109375 2866
10199.3466796875 2915
10201.6494140625 2949
10202.486328125 377
10218.2001953125 2281
10245.5546875 160
10247.98046875 1
10256.443359375 425
10263.4873046875 446
10278.248046875 800
10279.662109375 918
10281.37890625 953
10288.3798828125 985
10316.712890625 986
10335.4228515625 1008
10360.669921875 1043
10372.65625 1270
10375.2783203125 1317
10387.5556640625 1435
10394.9013671875 1548
10410.3828125 1606
10420.2041015625 1661
10423.7861328125 1712
10428.7099609375 2010
10432.3759765625 2088
10441.2998046875 2365
10442.037109375 2410
10454.111328125 2414
10454.111328125 2482
10472.287109375 2560
10477.740234375 2781
10499.3544921875 2820
10501.2841796875 997
10538.505859375 1781
10543.7724609375 81
10544.5869140625 229
10547.4140625 440
10549.7958984375 548
10554.814453125 611
10558.0244140625 826
10563.630859375 834
10564.376953125 848
10575.7529296875 871
10580.9326171875 893
10586.3251953125 1231
10611.5986328125 1256
10625.361328125 1315
10626.328125 1458
10636.431640625 1550
10641.4443359375 1671
10656.021484375 1711
10667.5361328125 1815
10685.1875 1893
10689.9609375 2312
10711.4052734375 2324
10730.51953125 2385
10744.5166015625 2447
10774.232421875 2562
10779.7890625 2610
10784.11328125 2622
10786.1767578125 2853
10790.3349609375 2924
10790.49609375 2927
10790.8818359375 2239
10866.9140625 1362
10878.748046875 1926
10899.1455078125 2997
10905.673828125 254
10908.189453125 388
10919.32421875 465
10921.00390625 498
10924.341796875 520
10925.091796875 962
10929.908203125 981
10950.408203125 1156
10952.34375 1652
10961.3154296875 2205
10968.677734375 2339
10973.16796875 2417
10975.5908203125 2494
10977.966796875 2687
10980.439453125 1122
10981.947265625 1670
10991.013671875 264
11001.134765625 2173
11003.5947265625 1646
11015.9638671875 2396
11016.5849609375 49
11026.2021484375 189
11028.9658203125 261
11041.701171875 263
11045.064453125 430
11054.3798828125 831
11055.3388671875 899
11062.4111328125 1123
11065.126953125 1169
11074.8583984375 1350
11081.50390625 1405
11082.498046875 1512
11088.3759765625 1750
11089.21875 1769
11090.1357421875 1908
11095.2294921875 1966
11099.2451171875 1982
11099.77734375 1993
11100.306640625 2094
11105.3935546875 2126
11125.6533203125 2141
11140.287109375 2171
11143.8837890625 2174
11156.90234375 2177
11160.9970703125 2237
11162.6640625 2367
11181.326171875 2536
11188.5986328125 2542
11193.90234375 2582
11195.224609375 2675
11206.6025390625 2703
11228.740234375 1873
11234.736328125 2107
11235.076171875 1281
11235.451171875 455
11243.765625 470
11246.2099609375 902
11256.3115234375 926
11260.376953125 967
11266.5146484375 1104
11276.0791015625 1225
11278.2333984375 1286
11286.775390625 1506
11291.037109375 1516
11296.4482421875 1599
11303.025390625 1779
11309.4375 1848
11311.73828125 1867
11318.8896484375 1883
11320.4658203125 2063
11320.576171875 2210
11335.357421875 2246
11343.1357421875 2285
11343.91796875 2361
11349.125 2686
11352.916015625 2700
11357.708984375 88
11377.458984375 586
11388.6875 136
11398.2724609375 1471
11399.234375 226
11409.7763671875 296
11414.4384765625 1197
11415.8701171875 1666
11420.9853515625 2511
11431.765625 101
11437.3603515625 215
11443.0322265625 549
11445.1201171875 550
11448.236328125 573
11451.5546875 1136
11454.2890625 1199
11459.55859375 1530
11461.994140625 1581
11462.4375 1640
11467.9638671875 1688
11476.6748046875 1968
11493.2607421875 2526
11500.818359375 2571
11502.5732421875 2983
11504.16015625 1787
11505.298828125 602
11508.06640625 1146
11510.662109375 253
11515.740234375 342
11518.705078125 843
11522.443359375 1233
11533.23046875 1335
11536.3330078125 1394
11537.91015625 1737
11539.439453125 1784
11541.484375 1950
11550.796875 2025
11551.140625 2473
11554.81640625 2518
11555.5361328125 999
11558.7431640625 1056
11565.505859375 1900
11568.291015625 1304
11572.935546875 1326
11575.265625 2967
11586.0146484375 1329
11587.033203125 50
11592.486328125 318
11594.21875 389
11594.3525390625 478
11595.0947265625 491
11595.64453125 580
11601.8583984375 599
11602.623046875 890
11608.083984375 896
11613.486328125 909
11620.6884765625 919
11623.5078125 995
11635.748046875 1273
11639.7861328125 1342
11649.9287109375 1430
11652.158203125 1495
11656.4111328125 1568
11658.939453125 1583
11666.4443359375 1764
11670.3759765625 1774
11676.640625 2065
11679.3330078125 2117
11681.4560546875 2181
11685.291015625 2268
11693.431640625 2465
11704.0615234375 2664
11709.3203125 2760
11711.6015625 2764
11714.6064453125 2938
11730.1181640625 2943
11730.673828125 1860
11744.373046875 2880
11745.041015625 1333
11755.4775390625 2631
11765.6884765625 146
11767.4228515625 1538
11770.41015625 21
11776.0048828125 34
11776.18359375 200
11779.3486328125 288
11789.0576171875 336
11789.2470703125 385
11795.5087890625 517
11798.107421875 546
11798.61328125 609
11799.6669921875 614
11805.443359375 683
11806.146484375 686
11810.7998046875 769
11813.763671875 1097
11825.041015625 1221
11827.7275390625 1322
11827.7275390625 1359
11827.810546875 1376
11831.923828125 1686
11832.5009765625 1854
11835.1123046875 2513
11841.73046875 2553
11853.12890625 2650
11857.353515625 2672
11861.83984375 2911
11872.927734375 78
11888.5078125 2713
11890.3994140625 2800
11892.205078125 2651
11892.314453125 2970
11896.447265625 1045
11900.607421875 1068
11912.5673828125 2078
11912.77734375 884
11918.1962890625 886
11918.2841796875 1028
11923.6796875 1845
11924.5166015625 1932
11934.3984375 2489
11935.6005859375 90
11938.951171875 153
11940.0126953125 240
11940.0126953125 256
11943.0869140625 531
11945.91015625 644
11950.6640625 706
11956.0517578125 775
11965.244140625 1163
11965.7080078125 1483
11970.052734375 2114
11975.046875 2379
11976.080078125 2424
11978.158203125 2433
11981.78125 2435
11987.4609375 2442
11988.30078125 2683
11997.0185546875 2811
12002.1328125 2176
12004.732421875 169
12006.4140625 2207
12015.9306640625 1144
12028.7861328125 2180
12030.064453125 73
12033.9501953125 663
12034.91796875 677
12035.08203125 756
12035.8681640625 925
12038.720703125 927
12045.916015625 946
12046.099609375 996
12054.1923828125 1141
12055.83203125 1202
12069.154296875 1251
12076.7880859375 1457
12079.990234375 1502
12084.0009765625 1591
12087.2802734375 1733
12087.443359375 1735
12090.8779296875 1919
12103.740234375 1933
12104.9560546875 1955
12105.177734375 2002
12111.689453125 2335
12118.5556640625 2341
12120.396484375 2565
12121.2626953125 2695
12127.1103515625 2763
12127.2080078125 2840
12129.845703125 2422
12150.7138671875 1020
12163.482421875 640
12163.869140625 59
12167.607421875 177
12167.796875 191
12168.029296875 575
12177.2578125 687
12178.751953125 934
12182.3681640625 1119
12183.380859375 1529
12188.3623046875 1697
12189.95703125 1810
12191.03515625 1831
12193.96484375 2354
12203.92578125 2528
12205.38671875 2679
12221.71484375 2712
12223.091796875 2747
12232.435546875 2809
12234.8447265625 2821
12243.58984375 2842
12273.3583984375 2860
12277.1787109375 2906
12281.486328125 2994
12284.505859375 186
12285.845703125 223
12286.2578125 1594
12290.4951171875 410
12294.23046875 631
12298.2080078125 132
12300.1123046875 2576
12310.7568359375 1282
12310.7568359375 488
12313.2109375 869
12315.3095703125 2059
12319.1494140625 787
12320.0830078125 904
12329.9755859375 137
12333.8310546875 275
12336.728515625 328
12338.8701171875 333
12339.76171875 392
12340.150390625 407
12341.3203125 489
12341.98046875 680
12346.8759765625 1022
12361.0458984375 1290
12362.59765625 1358
12365.537109375 1607
12367.6181640625 1653
12371.9404296875 2024
12382.3232421875 2184
12386.58203125 2221
12392.3369140625 2394
12393.380859375 2427
12394.005859375 2517
12394.095703125 2655
12404.76171875 2704
12416.990234375 2900
12419.6533203125 2946
12426.576171875 459
12427.396484375 1408
12429.6328125 1339
12431.1083984375 22
12434.0654296875 45
12442.41015625 300
12446.3828125 812
12447.57421875 922
12450.7783203125 947
12452.064453125 975
12454.5263671875 1001
12461.7177734375 1095
12464.0625 1275
12474.0078125 1664
12490.2470703125 1708
12490.564453125 1763
12491.5078125 1766
12494.421875 1889
12496.2744140625 2077
12501.201171875 2082
12515.9658203125 2131
12515.9658203125 2315
12518.8388671875 2317
12530.609375 2409
12533.494140625 2608
12534.216796875 2616
12540.8642578125 2649
12546.1923828125 2819
12547.76171875 2862
12553.8427734375 1164
12553.9423828125 2213
12555.4677734375 1050
12555.91796875 979
12571.935546875 1562
12572.359375 1597
12574.568359375 2334
12581.58203125 587
12583.05078125 630
12586.4599609375 777
12595.525390625 1012
12608.7998046875 1064
12618.283203125 1082
12621.3134765625 1462
12621.794921875 1501
12624.396484375 1654
12635.9697265625 1800
12638.7392578125 2656
12641.5751953125 2884
12643.943359375 1416
12654.6474609375 1575
12661.87109375 2889
12663.712890625 445
12668.7099609375 30
12675.521484375 2484
12682.044921875 38
12684.9619140625 40
12688.525390625 76
12689.8828125 77
12697.8037109375 108
12704.7802734375 164
12709.150390625 211
12713.947265625 225
12722.1904296875 376
12732.3759765625 437
12738.990234375 510
12755.5205078125 646
12757.9267578125 671
12760.59375 738
12766.24609375 770
12771.603515625 1434
12782.26953125 1610
12789.8193359375 1662
12803.0498046875 1709
12814.63671875 1998
12818.03515625 2166
12831.916015625 2220
12837.2099609375 2238
12852.814453125 2255
12862.1953125 2345
12862.8935546875 2510
12871.0 2581
12880.5205078125 2607
12882.2333984375 2807
12894.009765625 1015
12894.806640625 1984
12895.80078125 1258
12914.796875 2555
12918.708984375 1147
12930.294921875 865
12939.1611328125 939
12940.8779296875 1497
12952.1513671875 2630
12959.763671875 2752
12963.9755859375 457
12976.3271484375 309
12979.5146484375 316
12982.3857421875 483
12988.5380859375 484
12993.9599609375 633
12999.689453125 1026
13013.921875 1036
13018.2333984375 1176
13041.130859375 1423
13044.1904296875 1485
13058.673828125 1590
13086.748046875 1702
13099.873046875 1759
13103.1474609375 1818
13106.0615234375 1958
13118.849609375 1963
13122.7783203125 1977
13126.7451171875 2053
13127.99609375 2056
13128.1796875 2125
13128.6220703125 2304
13133.646484375 2356
13156.6015625 2477
13161.41015625 2533
13163.103515625 2732
13164.1796875 2948
13169.1875 1601
13192.2958984375 2256
13204.330078125 2104
13209.2236328125 284
13223.9775390625 182
13228.1796875 916
13231.1416015625 1667
13245.537109375 1852
13247.474609375 727
13249.7470703125 2036
13252.7861328125 2772
13253.171875 130
13255.1572265625 219
13257.474609375 394
13262.0380859375 405
13262.6455078125 634
13266.478515625 856
13268.6962890625 983
13286.5126953125 1117
13290.078125 1386
13295.427734375 1791
13302.125 1991
13304.64453125 2060
13310.669921875 2215
13320.669921875 2314
13326.8193359375 2440
13331.8251953125 2467
13350.583984375 2618
13351.2021484375 2648
13364.0625 2694
13377.703125 1772
13381.8623046875 818
13397.4375 2907
13400.181640625 660
13400.9873046875 1168
13404.93359375 1145
13405.1923828125 1476
13406.7705078125 1618
13416.673828125 655
13422.681640625 1592
13429.8291015625 2120
13436.2421875 2557
13458.728515625 112
13468.263671875 350
13470.0263671875 356
13482.5458984375 448
13508.66015625 1500
13511.296875 1526
13526.1162109375 1587
13536.2060546875 1881
13549.791015625 1943
13550.306640625 1962
13557.83984375 1995
13569.5771484375 2075
13570.68359375 2118
13582.9853515625 2309
13586.861328125 2418
13609.43359375 2516
13614.7783203125 2588
13624.849609375 2605
13626.294921875 2623
13628.63671875 2937
13636.853515625 1005
13642.048828125 110
13662.025390625 2360
13670.21875 121
13679.646484375 1046
13680.037109375 298
13685.423828125 372
13687.7802734375 492
13699.0859375 752
13732.80078125 838
13736.4716796875 903
13763.3662109375 1034
13766.0048828125 1128
13768.923828125 1187
13773.400390625 1437
13790.537109375 1488
13798.078125 1534
13811.2177734375 1657
13821.3427734375 1678
13821.3427734375 1824
13829.5654296875 1826
13834.24609375 1941
13836.1162109375 1997
13837.9482421875 2318
13843.3701171875 2327
13873.8076171875 2362
13877.70703125 2404
13886.2080078125 2453
13949.056640625 2458
13959.068359375 2496
13962.1259765625 2696
13970.6015625 2722
13979.1689453125 2796
13982.7919921875 2584
13988.390625 2872
13998.318359375 2589
14019.46484375 2135
14024.0712890625 1802
14079.576171875 1853
14107.478515625 1892
14144.6337890625 1580
14158.1064453125 25
14160.876953125 72
14168.59765625 343
14181.08203125 710
14186.7119140625 755
14247.3916015625 885
14249.1171875 1683
14250.326171875 1776
14259.71484375 1972
14289.486328125 2047
14302.1630859375 2138
14319.767578125 2185
14319.8056640625 2344
14325.412109375 2545
14341.748046875 2573
14350.96875 2855
14363.64453125 2159
14401.6650390625 1067
14425.3828125 371
14427.603515625 243
14439.6435546875 1301
14442.6826171875 311
14465.3134765625 426
14470.4287109375 648
14471.650390625 720
14485.783203125 792
14489.248046875 940
14512.7080078125 1006
14528.2119140625 1032
14531.9091796875 1160
14541.29296875 1189
14545.275390625 2183
14546.0830078125 2190
14553.767578125 2301
14590.3974609375 1459
14596.88671875 1649
14599.5478515625 353
14612.318359375 2706
14644.8173828125 1511
14647.095703125 1778
14651.341796875 329
14698.9375 731
14706.3984375 1400
14716.611328125 2070
14764.544921875 1480
14793.1103515625 1714
14794.71484375 249
14803.15625 94
14827.390625 2823
14843.115234375 471
14887.87890625 473
14901.4755859375 747
14908.8583984375 915
14922.1552734375 921
14942.248046875 993
14945.044921875 1072
14948.0478515625 1415
14954.2587890625 1541
14981.0986328125 1746
14993.45703125 1949
15001.5283203125 2079
15030.3916015625 2219
15035.56640625 2258
15045.611328125 2413
15073.9150390625 2628
15075.638671875 2828
15098.9033203125 2903
15107.3994140625 2996
15113.13671875 204
15138.7490234375 1247
15151.525390625 1410
15151.7392578125 1888
15152.296875 1214
15184.2392578125 1658
15206.2392578125 2587
15208.0537109375 380
15209.1728515625 688
15230.8095703125 1761
15234.9765625 66
15251.3779296875 127
15272.6787109375 179
15287.77734375 855
15308.853515625 1198
15311.400390625 1250
15375.896484375 1507
15398.369140625 1558
15404.53515625 2007
15422.48046875 2092
15458.3759765625 2231
15472.25390625 2384
15479.712890625 2457
15496.7119140625 2544
15502.189453125 2717
15508.1708984375 2774
15508.4140625 2794
15532.0166015625 2909
15548.4609375 972
15557.85546875 1138
15573.4912109375 1442
15582.4111328125 1137
15611.3955078125 102
15639.009765625 667
15648.4658203125 1935
15656.50390625 2352
15687.109375 2887
15694.3759765625 427
15731.3427734375 1533
15736.052734375 170
15743.1787109375 262
15759.7255859375 306
15762.5458984375 596
15784.77734375 805
15800.16015625 849
15800.7216796875 850
15818.6689453125 965
15847.498046875 976
15909.9912109375 1058
15911.412109375 1403
15945.62109375 1645
15961.548828125 1999
15966.87109375 2292
15991.619140625 2392
15993.6806640625 2403
16000.0068359375 2497
16009.6669921875 2524
16024.2978515625 2601
16027.529296875 2652
16031.7783203125 2657
16045.458984375 2761
16053.33984375 2839
16059.3095703125 2939
16080.4912109375 2984
16101.2080078125 1027
16133.173828125 622
16133.173828125 417
16134.279296875 450
16145.6201171875 690
16149.89453125 969
16156.5654296875 982
16168.3955078125 1040
16216.537109375 1078
16278.509765625 1083
16290.3525390625 1382
16320.642578125 1391
16362.2158203125 1486
16368.486328125 1503
16401.80078125 1547
16410.015625 1561
16428.75 1965
16431.912109375 2026
16438.44140625 2066
16447.15234375 2182
16483.64453125 2245
16503.4140625 2460
16553.396484375 2466
16557.0234375 2540
16571.916015625 2593
16574.1484375 2632
16586.392578125 2753
16623.181640625 2759
16647.80078125 2793
16674.23046875 2925
16717.322265625 2152
16733.689453125 762
16733.689453125 2757
16826.3359375 37
16846.490234375 1624
16901.376953125 1271
16907.34765625 2370
16959.16015625 2895
17059.44921875 2411
17077.150390625 67
17093.419921875 150
17111.640625 171
17138.896484375 195
17213.751953125 363
17305.728515625 522
17362.4921875 657
17367.125 701
17400.95703125 760
17460.060546875 811
17477.533203125 874
17486.513671875 875
17544.853515625 1002
17551.48828125 1007
17570.599609375 1023
17607.056640625 1356
17670.466796875 1378
17716.98828125 1489
17795.2421875 1629
17842.310546875 2721
17901.71484375 1811
17951.541015625 2701
18018.78515625 421
18029.4765625 1440
18037.791015625 2337
18047.11328125 2531
18075.0078125 18
18089.880859375 29
18106.458984375 31
18113.72265625 104
18128.78125 274
18144.302734375 321
18160.9765625 370
18175.44921875 375
18211.0390625 562
18337.2421875 914
18419.0859375 944
18550.052734375 1672
18578.361328125 1684
18601.146484375 1825
18605.271484375 1846
18689.83203125 1960
18734.23828125 1976
18784.41796875 2006
18847.021484375 2319
19008.27734375 2405
19013.236328125 2550
19053.130859375 2606
19056.939453125 2768
19121.82421875 1081
19271.888671875 1780
19298.158203125 16
19452.09765625 28
19486.44921875 125
19563.345703125 212
19680.5546875 265
19693.611328125 295
19882.15234375 360
19895.228515625 364
19923.05078125 937
20014.56640625 1077
20042.4296875 1101
20071.30859375 1241
21083.095703125 1243
21170.14453125 1307
21302.404296875 1343
21816.353515625 1404
22221.0234375 1418
22353.4375 1585
23584.482421875 1719
23766.990234375 1822
23827.787109375 2009
23975.001953125 2164
24449.865234375 2214
24606.84765625 2250
25193.888671875 2263
25489.29296875 2342
25508.216796875 2359
29747.390625 2547
