1668.2037353515625 1281
2219.31005859375 455
2415.94140625 470
2501.186767578125 902
2712.8994140625 926
3023.8212890625 967
3030.927490234375 1104
3070.585693359375 1225
3073.9091796875 1286
3179.5810546875 1506
3186.888671875 1516
3189.853271484375 1599
3222.5712890625 1779
3342.23388671875 1848
3354.142822265625 1867
3386.211181640625 1883
3455.2099609375 2063
3461.5615234375 2210
3534.96337890625 2246
3544.270263671875 2285
3673.30517578125 2361
3782.19580078125 2686
3785.68310546875 2700
3808.68212890625 88
3845.51220703125 586
3984.606201171875 136
3986.52783203125 1471
4072.0146484375 226
4131.64306640625 296
4198.90234375 1197
4261.93408203125 1666
4533.287109375 1446
4837.52294921875 87
5022.5087890625 251
5030.1875 527
5139.884765625 529
5213.09033203125 625
5214.0087890625 641
5494.9736328125 693
5538.4599609375 873
5618.4462890625 881
5776.591796875 928
5855.93408203125 1133
5977.8525390625 1283
6043.09716796875 1318
6111.9599609375 1346
6161.36376953125 1417
6221.29345703125 1720
6344.93701171875 1987
6378.181640625 2226
6538.5546875 2296
6606.65283203125 2515
6641.2587890625 2572
6656.37890625 2669
6692.1650390625 2728
6792.3642578125 2734
6842.388671875 2746
7004.7080078125 2852
7238.82421875 2866
7285.5302734375 2915
7365.572265625 2949
7400.1357421875 377
7586.978515625 2281
7628.3125 160
7643.9619140625 1
8093.076171875 425
8132.328125 446
8197.8212890625 800
8268.669921875 918
8287.4541015625 953
8296.1796875 985
8621.8251953125 986
8633.1337890625 1008
8771.8857421875 1043
8772.552734375 1270
8912.345703125 1317
8922.3291015625 1435
8967.23828125 1548
8998.8115234375 1606
9031.017578125 1661
9321.06640625 1712
9499.0087890625 2010
9519.353515625 2088
9536.98046875 2365
9545.73046875 2410
9611.6767578125 2414
9663.4296875 2482
9759.4814453125 2560
9763.7216796875 2781
9791.345703125 2820
9887.7109375 997
9912.671875 1781
10019.6259765625 81
10069.396484375 229
10224.6572265625 440
10229.404296875 548
10308.85546875 611
10312.158203125 826
10391.63671875 834
10482.232421875 848
10501.111328125 871
10561.1962890625 893
10588.3203125 1231
10596.0419921875 1256
10661.01171875 1315
10691.2021484375 1458
10692.5830078125 1550
10806.1689453125 1671
10842.453125 1711
10847.787109375 1815
10868.4013671875 1893
11092.421875 2312
11151.15625 2324
11199.4052734375 2385
11288.76953125 2447
11468.3369140625 2562
11495.4052734375 2610
11495.4453125 2622
11504.232421875 2853
11526.7041015625 2924
11593.8046875 2927
11602.6376953125 2239
11618.83203125 1362
11639.5234375 1926
11656.44140625 2997
11668.5009765625 254
11669.703125 388
11669.703125 465
11680.1103515625 498
11714.9052734375 520
11791.7109375 962
11797.5634765625 981
11873.7138671875 1156
11921.55078125 1652
12018.6201171875 2205
12041.3994140625 2339
12078.5146484375 2417
12117.865234375 2494
12118.9443359375 2687
12125.4462890625 1122
12143.0458984375 1670
12212.544921875 264
12216.275390625 2173
12267.162109375 1646
12291.0625 2396
12293.875 49
12316.833984375 189
12362.462890625 261
12370.853515625 263
12372.880859375 430
12379.20703125 831
12393.9580078125 899
12407.3310546875 1123
12420.580078125 1169
12469.515625 1350
12499.1552734375 1405
12510.720703125 1512
12523.78515625 1750
12542.904296875 1769
12710.126953125 1908
12725.53515625 1966
12729.2958984375 1982
12796.76171875 1993
12823.98828125 2094
12866.654296875 2126
12909.658203125 2141
12928.748046875 2171
12951.60546875 2174
13111.634765625 2177
13131.4638671875 2237
13214.3642578125 2367
13228.2900390625 2536
13349.18359375 2542
13360.4638671875 2582
13362.3505859375 2675
13386.0009765625 2703
13421.3203125 1873
13440.2060546875 2107
13442.9208984375 2511
13488.7333984375 101
13488.7333984375 215
13540.97265625 549
13552.3984375 550
13566.5244140625 573
13599.28125 1136
13599.294921875 1199
13617.9912109375 1530
13642.40625 1581
13676.5810546875 1640
13689.6669921875 1688
13772.1142578125 1968
13797.94140625 2526
13869.7646484375 2571
13912.462890625 2983
13915.400390625 1787
13923.994140625 602
13960.1337890625 1146
13961.7431640625 253
13961.8671875 342
13963.8818359375 843
13971.0947265625 1233
14053.701171875 1335
14056.576171875 1394
14093.794921875 1737
14119.2265625 1784
14130.9248046875 1950
14144.78515625 2025
14180.2734375 2473
14206.9375 2518
14222.8984375 999
14225.51171875 1056
14240.1005859375 1900
14264.224609375 1304
14283.3408203125 1326
14295.1591796875 2967
14344.671875 1329
14347.126953125 50
14372.8984375 318
14441.95703125 389
14446.12109375 478
14447.27734375 491
14451.55078125 580
14453.220703125 599
14454.583984375 890
14458.3525390625 896
14466.419921875 909
14518.453125 919
14532.345703125 995
14553.4541015625 1273
14604.8076171875 1342
14615.6181640625 1430
14619.849609375 1495
14653.970703125 1568
14670.1962890625 1583
14680.990234375 1764
14697.181640625 1774
14718.8662109375 2065
14745.9990234375 2117
14764.9638671875 2181
14778.22265625 2268
14883.3876953125 2465
14946.8740234375 2664
14981.826171875 2760
14992.21875 2764
15003.626953125 2938
15079.982421875 2943
15103.3359375 1860
15109.794921875 2880
15111.6748046875 1333
15129.3984375 2631
15206.810546875 146
15240.8447265625 1538
15260.7314453125 21
15265.947265625 34
15290.3857421875 200
15292.947265625 288
15299.931640625 336
15304.6103515625 385
15307.7880859375 517
15311.8701171875 546
15319.4892578125 609
15349.18359375 614
15401.0595703125 683
15405.841796875 686
15407.9873046875 769
15454.4833984375 1097
15473.431640625 1221
15507.7451171875 1322
15541.99609375 1359
15553.525390625 1376
15573.8349609375 1686
15575.8759765625 1854
15591.197265625 2513
15592.32421875 2553
15619.42578125 2650
15722.1181640625 2672
15737.162109375 2911
15752.64453125 78
15761.1416015625 2713
15805.4970703125 2800
15825.5234375 2651
15842.9560546875 2970
15849.0986328125 1045
15868.818359375 1068
15880.244140625 2078
15889.5078125 884
15914.4638671875 886
15916.6630859375 1028
15917.9736328125 1845
15921.533203125 1932
15989.896484375 2489
15996.7353515625 90
16020.345703125 153
16021.0888671875 240
16026.23828125 256
16056.65625 531
16071.8740234375 644
16072.5859375 706
16091.2001953125 775
16091.892578125 1163
16096.650390625 1483
16101.759765625 2114
16123.361328125 2379
16131.23828125 2424
16149.830078125 2433
16152.76171875 2435
16155.630859375 2442
16180.37890625 2683
16182.9560546875 2811
16183.720703125 2176
16190.560546875 169
16199.107421875 2207
16201.142578125 1144
16227.3828125 2180
16238.94140625 73
16250.896484375 663
16269.103515625 677
16273.5361328125 756
16280.07421875 925
16289.54296875 927
16290.4580078125 946
16301.71875 996
16302.3359375 1141
16303.88671875 1202
16322.361328125 1251
16342.16015625 1457
16356.3037109375 1502
16367.1904296875 1591
16389.265625 1733
16407.943359375 1735
16425.18359375 1919
16428.37890625 1933
16455.166015625 1955
16458.115234375 2002
16481.20703125 2335
16500.76953125 2341
16511.34375 2565
16534.435546875 2695
16537.50390625 2763
16560.056640625 2840
16589.66796875 2422
16622.439453125 1020
16641.830078125 640
16648.873046875 59
16653.81640625 177
16662.439453125 191
16664.005859375 575
16665.609375 687
16677.37109375 934
16678.67578125 1119
16691.556640625 1529
16764.275390625 1697
16772.8984375 1810
16781.572265625 1831
16783.9609375 2354
16793.701171875 2528
16793.7734375 2679
16800.01953125 2712
16878.34765625 2747
16888.60546875 2809
16893.65234375 2821
16913.50390625 2842
16948.39453125 2860
16950.98046875 2906
16967.57421875 2994
16967.728515625 186
16980.013671875 223
16984.69921875 1594
16993.845703125 410
17006.533203125 631
17037.13671875 132
17055.0625 2576
17062.986328125 1282
17067.94140625 488
17097.623046875 869
17108.029296875 2059
17117.060546875 787
17117.48828125 904
17118.091796875 137
17148.921875 275
17154.8359375 328
17169.673828125 333
17174.33984375 392
17177.603515625 407
17178.083984375 489
17179.595703125 680
17181.6640625 1022
17195.994140625 1290
17222.896484375 1358
17223.037109375 1607
17236.19921875 1653
17240.06640625 2024
17278.623046875 2184
17289.021484375 2221
17293.3203125 2394
17311.84375 2427
17317.111328125 2517
17317.451171875 2655
17317.55859375 2704
17333.56640625 2900
17370.384765625 2946
17378.36328125 459
17380.5078125 1408
17382.353515625 1339
17390.83984375 22
17393.677734375 45
17441.5390625 300
17441.875 812
17447.455078125 922
17448.69140625 947
17452.673828125 975
17496.78125 1001
17504.67578125 1095
17525.080078125 1275
17525.580078125 1664
17528.90234375 1708
17531.302734375 1763
17549.14453125 1766
17560.171875 1889
17568.068359375 2077
17606.94921875 2082
17635.478515625 2131
17644.7109375 2315
17666.021484375 2317
17688.775390625 2409
17735.291015625 2608
17754.1484375 2616
17776.6875 2649
17780.40234375 2819
17796.939453125 2862
17799.201171875 1164
17802.166015625 2213
17857.169921875 1050
17880.1484375 979
17882.89453125 1562
17892.337890625 1597
17892.337890625 2334
17899.490234375 587
17915.291015625 630
17949.970703125 777
17962.982421875 1012
17963.205078125 1064
17985.357421875 1082
18020.0234375 1462
18028.744140625 1501
18040.03125 1654
18048.6875 1800
18055.9375 2656
18070.900390625 2884
18082.716796875 1416
18091.134765625 1575
18109.046875 2889
18149.7265625 445
18152.205078125 30
18169.888671875 2484
18182.66015625 38
18206.119140625 40
18223.6484375 76
18255.18359375 77
18280.228515625 108
18291.68359375 164
18291.73828125 211
18306.90234375 225
18337.9921875 376
18341.125 437
18360.482421875 510
18440.111328125 646
18452.865234375 671
18463.462890625 738
18473.544921875 770
18501.298828125 1434
18510.927734375 1610
18513.71484375 1662
18518.2734375 1709
18521.53515625 1998
18542.193359375 2166
18544.361328125 2220
18586.6484375 2238
18590.830078125 2255
18591.576171875 2345
18611.9453125 2510
18643.740234375 2581
18668.42578125 2607
18672.95703125 2807
18678.4609375 1015
18681.966796875 1984
18687.583984375 1258
18688.78125 2555
18689.69921875 1147
18707.900390625 865
18708.583984375 939
18712.724609375 1497
18721.00390625 2630
18722.05078125 2752
18730.83203125 457
18740.681640625 309
18751.86328125 316
18753.330078125 483
18786.921875 484
18791.421875 633
18797.2734375 1026
18806.615234375 1036
18808.54296875 1176
18824.734375 1423
18854.25390625 1485
18878.88671875 1590
18889.548828125 1702
18892.2734375 1759
18896.0234375 1818
18926.166015625 1958
18937.04296875 1963
18953.609375 1977
18958.6640625 2053
18975.1953125 2056
18976.158203125 2125
18993.052734375 2304
18995.220703125 2356
19019.53125 2477
19032.783203125 2533
19056.046875 2732
19065.16796875 2948
19065.787109375 1601
19083.12890625 2256
19086.5078125 2104
19097.3359375 284
19101.94921875 182
19102.00390625 916
19102.771484375 1667
19106.890625 1852
19139.283203125 727
19145.76171875 2036
19146.056640625 2772
19150.5 130
19155.943359375 219
19174.052734375 394
19177.9375 405
19178.19921875 634
19197.4453125 856
19221.384765625 983
19256.79296875 1117
19269.39453125 1386
19291.50390625 1791
19291.71484375 1991
19312.333984375 2060
19320.0078125 2215
19324.548828125 2314
19337.203125 2440
19362.525390625 2467
19364.748046875 2618
19377.279296875 2648
19385.640625 2694
19397.900390625 1772
19412.720703125 818
19421.142578125 2907
19429.916015625 660
19432.552734375 1168
19435.451171875 1145
19436.5234375 1476
19440.87890625 1618
19450.85546875 655
19508.060546875 1592
19511.498046875 2120
19514.203125 2557
19528.98046875 112
19529.458984375 350
19540.62109375 356
19563.294921875 448
19578.32421875 1500
19601.47265625 1526
19607.275390625 1587
19613.34765625 1881
19614.46484375 1943
19633.771484375 1962
19651.533203125 1995
19657.3828125 2075
19670.2890625 2118
19670.654296875 2309
19688.533203125 2418
19693.94921875 2516
19746.265625 2588
19750.21484375 2605
19750.453125 2623
19759.23046875 2937
19769.802734375 1005
19779.44921875 110
19789.248046875 2360
19803.443359375 121
19832.310546875 1046
19835.484375 298
19836.259765625 372
19838.52734375 492
19845.142578125 752
19846.896484375 838
19847.189453125 903
19851.736328125 1034
19853.607421875 1128
19864.2421875 1187
19874.111328125 1437
19877.306640625 1488
19882.921875 1534
19901.96875 1657
19912.6328125 1678
19936.1640625 1824
19954.62109375 1826
19972.4765625 1941
19980.615234375 1997
19999.015625 2318
19999.884765625 2327
20002.302734375 2362
20002.953125 2404
20008.62109375 2453
20010.95703125 2458
20011.90234375 2496
20038.53125 2696
20044.763671875 2722
20049.759765625 2796
20073.525390625 2584
20099.7109375 2872
20101.1953125 2589
20122.9140625 2135
20158.900390625 1802
20161.740234375 1853
20164.677734375 1892
20171.11328125 1580
20189.359375 25
20196.3671875 72
20204.455078125 343
20206.0078125 710
20247.384765625 755
20260.56640625 885
20265.583984375 1683
20280.599609375 1776
20335.81640625 1972
20350.98046875 2047
20373.10546875 2138
20387.232421875 2185
20399.888671875 2344
20408.046875 2545
20413.73046875 2573
20434.208984375 2855
20436.19921875 2159
20436.19921875 1067
20520.490234375 371
20522.09765625 243
20527.328125 1301
20532.736328125 311
20537.1875 426
20551.431640625 648
20553.556640625 720
20553.88671875 792
20566.263671875 940
20586.94140625 1006
20591.8125 1032
20605.41796875 1160
20652.849609375 1189
20695.650390625 2183
20703.927734375 2190
20707.890625 2301
20746.2734375 1459
20830.2734375 1649
20837.03515625 353
20838.970703125 2706
20876.04296875 1511
20878.4609375 1778
20880.1328125 329
20887.74609375 731
20888.53515625 1400
20921.755859375 2070
20924.4453125 1480
20952.6953125 1714
20960.59765625 249
20978.169921875 94
20996.4375 2823
20999.962890625 471
21018.69921875 473
21021.236328125 747
21035.193359375 915
21035.52734375 921
21041.904296875 993
21065.80078125 1072
21089.220703125 1415
21130.9296875 1541
21171.23046875 1746
21224.296875 1949
21232.365234375 2079
21234.546875 2219
21254.69921875 2258
21262.9296875 2413
21271.509765625 2628
21277.20703125 2828
21374.107421875 2903
21374.80859375 2996
21383.08984375 204
21409.939453125 1247
21423.240234375 1410
21431.59765625 1888
21435.068359375 1214
21445.01171875 1658
21481.78125 2587
21482.0390625 380
21487.939453125 688
21500.80859375 1761
21516.59375 66
21536.935546875 127
21541.61328125 179
21553.720703125 855
21576.611328125 1198
21586.53515625 1250
21600.533203125 1507
21610.369140625 1558
21618.083984375 2007
21629.916015625 2092
21639.888671875 2231
21649.306640625 2384
21659.71875 2457
21682.41015625 2544
21729.125 2717
21746.34375 2774
21757.90234375 2794
21782.49609375 2909
21788.91015625 972
21831.44140625 1138
21892.556640625 1442
21902.974609375 1137
21908.45703125 102
21990.15625 667
21990.8671875 1935
21999.32421875 2352
22006.916015625 2887
22027.99609375 427
22035.134765625 1533
22048.578125 170
22068.873046875 262
22078.841796875 306
22092.95703125 596
22113.3046875 805
22117.451171875 849
22126.349609375 850
22152.71875 965
22170.091796875 976
22179.615234375 1058
22224.251953125 1403
22239.2578125 1645
22245.8125 1999
22247.189453125 2292
22258.359375 2392
22264.158203125 2403
22311.55078125 2497
22319.40625 2524
22319.40625 2601
22336.28125 2652
22393.82421875 2657
22402.322265625 2761
22410.197265625 2839
22432.48046875 2939
22458.4375 2984
22465.109375 1027
22482.44921875 622
22517.08984375 417
22552.587890625 450
22587.337890625 690
22603.0625 969
22651.56640625 982
22665.677734375 1040
22678.982421875 1078
22719.828125 1083
22734.80078125 1382
22748.181640625 1391
22793.853515625 1486
22797.99609375 1503
22814.583984375 1547
22841.068359375 1561
22844.35546875 1965
22912.400390625 2026
22953.189453125 2066
22991.892578125 2182
23014.0625 2245
23051.7265625 2460
23051.84765625 2466
23139.72265625 2540
23194.150390625 2593
23196.783203125 2632
23196.783203125 2753
23214.38671875 2759
23384.8359375 2793
23390.908203125 2925
23391.83984375 2152
23408.078125 762
23441.90234375 2757
23449.84765625 37
23473.58203125 1624
23527.009765625 1271
23543.3671875 2370
23558.4140625 2895
23589.5859375 2411
23594.3359375 67
23637.41796875 150
23701.71484375 171
23747.9296875 195
23751.0625 363
23759.19921875 522
23805.244140625 657
23805.87109375 701
23839.51171875 760
23893.75390625 811
23926.162109375 874
23951.533203125 875
24014.791015625 1002
24023.828125 1007
24028.689453125 1023
24083.9765625 1356
24126.9375 1378
24128.333984375 1489
24184.71875 1629
24209.216796875 2721
24214.64453125 2032
24226.349609375 2259
24227.001953125 771
24256.900390625 1543
24270.275390625 2241
24327.248046875 1964
24337.314453125 1625
24340.515625 2693
24352.99609375 222
24359.2734375 258
24361.865234375 281
24422.21484375 506
24438.25390625 582
24441.9765625 724
24446.65625 879
24468.849609375 1003
24528.771484375 1171
24563.05859375 1182
24582.98828125 1588
24585.31640625 1685
24608.939453125 1758
24710.876953125 2300
24770.23828125 2310
24797.783203125 2705
24854.251953125 2845
24860.8359375 2916
24933.79296875 1811
25020.908203125 2701
25074.353515625 421
25207.681640625 1440
25251.193359375 2337
25268.552734375 2531
25324.11328125 18
25359.2734375 29
25413.365234375 31
25491.279296875 104
25511.49609375 274
25732.0 321
25748.962890625 370
25788.23046875 375
25839.61328125 562
26026.15234375 914
26215.4296875 944
26487.1328125 1672
26550.576171875 1684
26774.912109375 1825
26817.052734375 1846
27008.888671875 1960
27020.369140625 1976
27072.779296875 2006
27118.29296875 2319
27269.54296875 2405
27597.63671875 2550
27741.77734375 2606
27753.84765625 2768
27896.703125 1081
27903.71484375 1780
27931.396484375 16
27962.052734375 28
27975.734375 125
28090.09375 212
28223.265625 265
28418.943359375 295
28664.86328125 360
28831.53515625 364
28897.87109375 937
29002.044921875 1077
29134.77734375 1101
29203.349609375 1241
29261.509765625 1243
30130.78515625 1307
30460.77734375 1343
30546.951171875 1404
30875.83203125 1418
31122.275390625 1585
31351.7890625 1719
31595.03125 1822
32070.861328125 2009
33030.05078125 2164
34454.10546875 2214
35043.9609375 2250
35176.60546875 2263
35340.8515625 2342
35394.57421875 2359
35515.28125 2547
