3922.66259765625 1362
4195.43408203125 1926
4298.1904296875 2997
4456.17529296875 254
4720.1435546875 388
4810.6162109375 465
4881.3115234375 498
5313.2626953125 520
5343.6357421875 962
5425.130859375 981
5595.45458984375 1156
5731.994140625 1652
5963.11376953125 2205
6026.0517578125 2339
6087.41796875 2417
6227.57861328125 2494
6284.27294921875 2687
6393.490234375 1122
6410.6396484375 1670
6428.603515625 264
6443.38720703125 2173
6505.02001953125 1446
6532.97802734375 87
6607.04248046875 251
6704.115234375 527
6788.25439453125 529
6832.7763671875 625
6892.416015625 641
6967.50244140625 693
7188.484375 873
7273.021484375 881
7334.259765625 928
7370.57373046875 1133
7390.234375 1283
7449.693359375 1318
7457.9892578125 1346
7478.0166015625 1417
7595.748046875 1720
7664.2568359375 1987
7693.7470703125 2226
7767.6865234375 2296
7790.66796875 2515
7799.23828125 2572
7842.29052734375 2669
7887.34228515625 2728
7899.22216796875 2734
7926.23193359375 2746
7932.7275390625 2852
7966.92822265625 2866
7987.8056640625 2915
8011.26513671875 2949
8028.71630859375 377
8028.71630859375 2281
8107.57421875 160
8134.1923828125 1
8240.6103515625 425
8260.6796875 446
8262.76953125 800
8304.80078125 918
8314.2568359375 953
8326.8837890625 985
8339.42578125 986
8355.3798828125 1008
8557.8818359375 1043
8567.400390625 1270
8631.447265625 1317
8689.72265625 1435
8701.4833984375 1548
8723.7353515625 1606
8724.376953125 1661
8811.349609375 1712
8843.876953125 2010
8846.7734375 2088
8863.314453125 2365
8888.533203125 2410
8922.2265625 2414
8964.166015625 2482
8965.037109375 2560
8990.27734375 2781
8994.232421875 2820
9129.912109375 997
9145.4501953125 1781
9161.7451171875 81
9176.50390625 229
9181.43359375 440
9202.6083984375 548
9203.2451171875 611
9217.888671875 826
9295.4306640625 834
9316.462890625 848
9320.0966796875 871
9339.5078125 893
9348.3056640625 1231
9354.177734375 1256
9378.4228515625 1315
9391.263671875 1458
9419.03515625 1550
9423.951171875 1671
9429.5732421875 1711
9480.072265625 1815
9487.1455078125 1893
9495.47265625 2312
9535.701171875 2324
9536.23046875 2385
9560.55859375 2447
9591.248046875 2562
9634.8427734375 2610
9693.046875 2622
9695.134765625 2853
9711.361328125 2924
9724.2275390625 2927
9792.1416015625 2239
9800.978515625 1646
9806.2607421875 2396
9829.0546875 49
9833.40625 189
9839.6494140625 261
9840.9755859375 263
9882.9375 430
9885.1611328125 831
9911.908203125 899
9918.181640625 1123
9952.578125 1169
10085.291015625 1350
10122.2998046875 1405
10133.80078125 1512
10144.2216796875 1750
10146.53125 1769
10167.666015625 1908
10196.0625 1966
10209.0029296875 1982
10235.4091796875 1993
10237.3984375 2094
10247.361328125 2126
10251.9443359375 2141
10267.91796875 2171
10299.5341796875 2174
10343.1318359375 2177
10355.71484375 2237
10364.568359375 2367
10381.134765625 2536
10389.1484375 2542
10389.1484375 2582
10421.2626953125 2675
10452.3193359375 2703
10453.259765625 1873
10458.07421875 2107
10473.4443359375 1281
10478.6884765625 455
10496.51953125 470
10518.318359375 902
10531.6513671875 926
10569.091796875 967
10682.794921875 1104
10683.0302734375 1225
10685.337890625 1286
10691.8486328125 1506
10704.4892578125 1516
10707.4716796875 1599
10708.2138671875 1779
10778.8505859375 1848
10787.32421875 1867
10806.0517578125 1883
10810.4140625 2063
10880.3125 2210
10909.685546875 2246
10918.5078125 2285
10921.4296875 2361
10948.609375 2686
10950.1240234375 2700
10962.3427734375 88
10969.541015625 586
10999.1748046875 136
11000.052734375 1471
11013.8896484375 226
11013.9111328125 296
11097.453125 1197
11110.4619140625 1666
11119.98828125 2511
11129.2666015625 101
11129.3486328125 215
11189.7041015625 549
11193.1044921875 550
11229.15234375 573
11237.357421875 1136
11240.326171875 1199
11240.326171875 1530
11245.9013671875 1581
11273.8515625 1640
11285.4736328125 1688
11377.4658203125 1968
11380.9013671875 2526
11410.611328125 2571
11416.375 2983
11416.609375 1787
11428.44921875 602
11432.130859375 1146
11436.8349609375 253
11467.06640625 342
11510.3525390625 843
11521.0654296875 1233
11528.919921875 1335
11534.517578125 1394
11536.1435546875 1737
11544.46484375 1784
11546.451171875 1950
11574.6953125 2025
11581.060546875 2473
11597.7529296875 2518
11648.42578125 999
11655.3134765625 1056
11677.2724609375 1900
11707.390625 1304
11717.8857421875 1326
11732.9189453125 2967
11736.6875 1329
11745.0537109375 50
11747.7841796875 318
11771.7587890625 389
11781.1953125 478
11812.328125 491
11821.158203125 580
11821.6875 599
11822.951171875 890
11827.603515625 896
11891.021484375 909
11894.2890625 919
11899.45703125 995
11902.8134765625 1273
11910.134765625 1342
11916.08984375 1430
11944.58984375 1495
11950.658203125 1568
11960.6318359375 1583
11960.6318359375 1764
11961.4619140625 1774
11969.54296875 2065
11981.5810546875 2117
11985.3232421875 2181
12001.2158203125 2268
12002.1162109375 2465
12009.693359375 2664
12017.337890625 2760
12030.0625 2764
12039.5 2938
12044.8681640625 2943
12063.2900390625 1860
12065.2744140625 2880
12074.2373046875 1333
12090.703125 2631
12117.8486328125 146
12137.2744140625 1538
12140.70703125 21
12145.05078125 34
12173.15234375 200
12201.8310546875 288
12225.048828125 336
12228.3154296875 385
12264.115234375 517
12304.3818359375 546
12320.896484375 609
12321.91796875 614
12323.0546875 683
12327.7177734375 686
12328.0400390625 769
12335.318359375 1097
12352.3427734375 1221
12354.060546875 1322
12354.634765625 1359
12419.326171875 1376
12444.1640625 1686
12451.2333984375 1854
12479.13671875 2513
12489.63671875 2553
12492.5732421875 2650
12497.7724609375 2672
12558.373046875 2911
12590.626953125 78
12608.974609375 2713
12623.837890625 2800
12632.95703125 2651
12632.95703125 2970
12644.40234375 1045
12668.8310546875 1068
12669.8046875 2078
12683.7255859375 884
12696.75 886
12720.357421875 1028
12721.0947265625 1845
12739.6806640625 1932
12759.9609375 2489
12771.015625 90
12777.17578125 153
12782.3193359375 240
12800.142578125 256
12802.5400390625 531
12815.552734375 644
12855.703125 706
12879.392578125 775
12881.0390625 1163
12909.8623046875 1483
12911.37890625 2114
12919.1845703125 2379
12943.69140625 2424
12956.22265625 2433
12956.7109375 2435
12965.28515625 2442
12981.6279296875 2683
13019.23828125 2811
13020.2021484375 2176
13024.25390625 169
13045.9267578125 2207
13102.9560546875 1144
13108.5068359375 2180
13135.41015625 73
13140.5576171875 663
13140.6171875 677
13170.919921875 756
13175.0126953125 925
13179.2470703125 927
13189.720703125 946
13231.3896484375 996
13234.439453125 1141
13235.2353515625 1202
13256.060546875 1251
13263.2041015625 1457
13273.2353515625 1502
13281.51953125 1591
13302.3935546875 1733
13308.748046875 1735
13340.658203125 1919
13340.73828125 1933
13355.4736328125 1955
13372.375 2002
13373.6533203125 2335
13378.5693359375 2341
13379.0810546875 2565
13388.95703125 2695
13389.8017578125 2763
13393.8662109375 2840
13400.5673828125 2422
13430.9052734375 1020
13431.560546875 640
13454.9912109375 59
13458.4423828125 177
13465.431640625 191
13470.15234375 575
13472.052734375 687
13472.279296875 934
13473.98046875 1119
13475.994140625 1529
13475.994140625 1697
13504.1806640625 1810
13531.0029296875 1831
13534.6806640625 2354
13535.3359375 2528
13537.4453125 2679
13545.810546875 2712
13567.5419921875 2747
13568.0859375 2809
13577.7197265625 2821
13582.0986328125 2842
13606.1982421875 2860
13609.1884765625 2906
13611.4931640625 2994
13615.6025390625 186
13649.626953125 223
13666.0927734375 1594
13696.7314453125 410
13738.48828125 631
13745.697265625 132
13763.5322265625 2576
13790.3583984375 1282
13795.353515625 488
13802.388671875 869
13850.7392578125 2059
13865.80859375 787
13877.388671875 904
13878.04296875 137
13883.72265625 275
13886.2001953125 328
13892.6396484375 333
13906.732421875 392
13907.4794921875 407
13908.58203125 489
13919.3115234375 680
13935.7744140625 1022
14006.0 1290
14007.0986328125 1358
14019.76953125 1607
14044.8994140625 1653
14055.5400390625 2024
14065.3193359375 2184
14068.6279296875 2221
14071.384765625 2394
14085.5126953125 2427
14110.6650390625 2517
14111.953125 2655
14148.296875 2704
14152.3212890625 2900
14212.984375 2946
14237.2587890625 459
14240.7177734375 1408
14269.2177734375 1339
14278.89453125 22
14288.3935546875 45
14333.8232421875 300
14343.1806640625 812
14351.240234375 922
14363.70703125 947
14374.3154296875 975
14402.73828125 1001
14410.1845703125 1095
14461.8056640625 1275
14462.578125 1664
14474.671875 1708
14477.451171875 1763
14480.0400390625 1766
14496.8232421875 1889
14498.822265625 2077
14515.3310546875 2082
14516.138671875 2131
14517.33984375 2315
14526.115234375 2317
14541.390625 2409
14551.203125 2608
14551.623046875 2616
14585.8193359375 2649
14625.2685546875 2819
14630.3095703125 2862
14669.25 1164
14670.537109375 2213
14677.544921875 1050
14687.318359375 979
14689.6181640625 1562
14708.666015625 1597
14740.609375 2334
14752.349609375 587
14756.7587890625 630
14758.5556640625 777
14769.408203125 1012
14777.193359375 1064
14780.5830078125 1082
14781.5791015625 1462
14797.685546875 1501
14804.27734375 1654
14813.89453125 1800
14817.2412109375 2656
14820.916015625 2884
14829.22265625 1416
14841.8974609375 1575
14843.515625 2889
14845.322265625 445
14854.345703125 30
14863.7216796875 2484
14903.146484375 38
14904.1953125 40
14904.775390625 76
14909.5185546875 77
14918.326171875 108
14929.91796875 164
14934.19921875 211
14948.8125 225
14961.611328125 376
14973.8798828125 437
15022.7802734375 510
15032.427734375 646
15073.8095703125 671
15074.064453125 738
15084.6181640625 770
15100.283203125 1434
15124.9580078125 1610
15135.7197265625 1662
15160.296875 1709
15196.19921875 1998
15199.3916015625 2166
15206.0859375 2220
15258.5654296875 2238
15281.4833984375 2255
15288.2509765625 2345
15296.8544921875 2510
15300.2529296875 2581
15314.2890625 2607
15324.830078125 2807
15363.5322265625 1015
15384.78125 1984
15406.986328125 1258
15430.37109375 2555
15433.4228515625 1147
15444.287109375 865
15446.1171875 939
15457.5380859375 1497
15469.6064453125 2630
15473.1875 2752
15478.5302734375 457
15491.720703125 309
15503.7734375 316
15509.544921875 483
15517.791015625 484
15524.4736328125 633
15535.4541015625 1026
15558.3779296875 1036
15560.00390625 1176
15562.908203125 1423
15570.28125 1485
15579.2880859375 1590
15595.6640625 1702
15597.6552734375 1759
15601.708984375 1818
15608.5908203125 1958
15610.84375 1963
15647.0029296875 1977
15668.537109375 2053
15677.787109375 2056
15680.9794921875 2125
15681.2529296875 2304
15681.6904296875 2356
15702.6806640625 2477
15743.5205078125 2533
15745.3291015625 2732
15749.498046875 2948
15754.2861328125 1601
15761.34765625 2256
15770.412109375 2104
15798.8798828125 284
15801.7822265625 182
15811.1708984375 916
15823.5693359375 1667
15825.880859375 1852
15834.8095703125 727
15878.2001953125 2036
15886.919921875 2772
15891.7744140625 130
15912.3017578125 219
15916.5263671875 394
15929.1826171875 405
15948.48828125 634
15955.6142578125 856
15970.92578125 983
15972.125 1117
15972.568359375 1386
15974.791015625 1791
15978.212890625 1991
15984.8828125 2060
15988.57421875 2215
16011.025390625 2314
16049.1884765625 2440
16050.7138671875 2467
16060.771484375 2618
16071.4111328125 2648
16084.0 2694
16099.1416015625 1772
16130.0908203125 818
16133.494140625 2907
16145.873046875 660
16151.1748046875 1168
16151.412109375 1145
16170.7861328125 1476
16196.853515625 1618
16230.9189453125 655
16240.6181640625 1592
16242.619140625 2120
16285.1826171875 2557
16298.46875 112
16298.6484375 350
16314.6611328125 356
16351.0556640625 448
16367.9296875 1500
16401.515625 1526
16402.60546875 1587
16404.779296875 1881
16428.048828125 1943
16454.720703125 1962
16487.912109375 1995
16511.44921875 2075
16513.458984375 2118
16536.189453125 2309
16537.515625 2418
16593.830078125 2516
16605.001953125 2588
16616.35546875 2605
16623.9921875 2623
16644.3125 2937
16655.513671875 1005
16707.8046875 110
16710.0703125 2360
16735.419921875 121
16772.72265625 1046
16788.80859375 298
16794.296875 372
16796.759765625 492
16814.201171875 752
16816.2890625 838
16826.52734375 903
16864.095703125 1034
16883.857421875 1128
16900.4609375 1187
16930.625 1437
16943.005859375 1488
16949.416015625 1534
16966.9609375 1657
16973.994140625 1678
17011.826171875 1824
17019.28125 1826
17058.412109375 1941
17079.830078125 1997
17086.8515625 2318
17100.35546875 2327
17106.28125 2362
17109.017578125 2404
17123.400390625 2453
17145.318359375 2458
17157.390625 2496
17180.384765625 2696
17185.03125 2722
17229.548828125 2796
17241.751953125 2584
17322.09375 2872
17323.181640625 2589
17329.185546875 2135
17335.44921875 1802
17340.37890625 1853
17345.04296875 1892
17352.439453125 1580
17377.26171875 25
17396.83203125 72
17421.337890625 343
17433.431640625 710
17444.603515625 755
17446.46484375 885
17475.21875 1683
17490.177734375 1776
17492.662109375 1972
17504.845703125 2047
17575.390625 2138
17593.67578125 2185
17601.21484375 2344
17649.8671875 2545
17669.765625 2573
17697.595703125 2855
17717.638671875 2159
17720.392578125 1067
17723.94921875 371
17754.67578125 243
17825.44140625 1301
17852.130859375 311
17857.984375 426
17866.1640625 648
17866.666015625 720
17868.203125 792
17903.578125 940
17979.646484375 1006
17982.091796875 1032
18003.3046875 1160
18022.5 1189
18075.162109375 2183
18146.60546875 2190
18219.970703125 2301
18249.83984375 1459
18277.185546875 1649
18280.09765625 353
18293.341796875 2706
18299.59375 1511
18331.904296875 1778
18341.6953125 329
18341.783203125 731
18409.75 1400
18443.736328125 2070
18455.556640625 1480
18488.166015625 1714
18495.888671875 249
18587.9765625 94
18638.185546875 2823
18659.890625 471
18703.0859375 473
18763.134765625 747
18766.4609375 915
18797.80859375 921
18860.720703125 993
18920.8671875 1072
18935.94921875 1415
18952.673828125 1541
18962.740234375 1746
18970.2109375 1949
19019.06640625 2079
19106.6640625 2219
19119.48828125 2258
19144.9765625 2413
19147.26953125 2628
19188.15625 2828
19205.369140625 2903
19239.48828125 2996
19240.884765625 204
19258.767578125 1247
19260.896484375 1410
19261.876953125 1888
19263.2734375 1214
19328.09375 1658
19333.353515625 2587
19338.916015625 380
19347.267578125 688
19363.3046875 1761
19373.71484375 66
19381.662109375 127
19389.1171875 179
19396.3125 855
19416.921875 1198
19419.869140625 1250
19529.841796875 1507
19574.4296875 1558
19616.31640625 2007
19621.927734375 2092
19664.44921875 2231
19709.705078125 2384
19709.845703125 2457
19808.525390625 2544
19813.68359375 2717
19842.345703125 2774
19852.056640625 2794
19854.56640625 2909
19928.16796875 972
19994.58203125 1138
20009.140625 1442
20048.0625 1137
20142.283203125 102
20167.625 667
20213.248046875 1935
20219.412109375 2352
20294.361328125 2887
20363.46875 427
20401.41015625 1533
20444.375 170
20450.623046875 262
20450.623046875 306
20464.171875 596
20566.943359375 805
20611.791015625 849
20683.287109375 850
20708.544921875 965
20708.9609375 976
20733.24609375 1058
20751.73046875 1403
20764.77734375 1645
20770.01171875 1999
20839.01953125 2292
20894.72265625 2392
20925.349609375 2403
20943.53125 2497
20974.515625 2524
21001.162109375 2601
21026.4375 2652
21053.01953125 2657
21059.76171875 2761
21062.91796875 2839
21068.7890625 2939
21070.580078125 2984
21073.93359375 1027
21119.962890625 622
21131.115234375 417
21148.369140625 450
21243.08203125 690
21297.68359375 969
21373.76953125 982
21418.3984375 1040
21424.693359375 1078
21438.62109375 1083
21447.46875 1382
21570.14453125 1391
21656.572265625 1486
21692.498046875 1503
21709.82421875 1547
21710.490234375 1561
21729.111328125 1965
21962.677734375 2026
22044.716796875 2066
22064.345703125 2182
22126.771484375 2245
22207.423828125 2460
22217.80078125 2466
22228.390625 2540
22238.3359375 2593
22259.568359375 2632
22345.2421875 2753
22404.291015625 2759
22424.8359375 2793
22475.474609375 2925
22497.373046875 2152
22505.302734375 762
22588.115234375 2757
22624.689453125 37
22627.841796875 1624
22721.103515625 1271
22730.0625 2370
22771.01953125 2895
22781.900390625 2411
22945.4765625 67
22973.529296875 150
23006.359375 171
23063.361328125 195
23209.49609375 363
23233.423828125 522
23249.859375 657
23256.05859375 701
23343.447265625 760
23422.90234375 811
23434.83203125 874
23436.71484375 875
23490.732421875 1002
23519.70703125 1007
23623.08203125 1023
23647.498046875 1356
23660.046875 1378
23806.150390625 1489
23963.42578125 1629
23997.72265625 2721
24021.9765625 2032
24027.361328125 2259
24090.64453125 771
24097.765625 1543
24124.818359375 2241
24178.974609375 1964
24237.34765625 1625
24273.33984375 2693
24324.154296875 222
24408.091796875 258
24499.91796875 281
24507.41015625 506
24547.85546875 582
24706.703125 724
24827.283203125 879
24872.677734375 1003
24913.96875 1171
24914.052734375 1182
24941.72265625 1588
25011.443359375 1685
25060.1484375 1758
25182.091796875 2300
25228.029296875 2310
25358.962890625 2705
25425.212890625 2845
25441.896484375 2916
25536.01171875 1811
25704.28515625 2701
25804.9140625 421
25920.59765625 1440
26187.474609375 2337
26300.3125 2531
26357.89453125 18
26373.55078125 29
26408.134765625 31
26431.2265625 104
26446.103515625 274
26487.83203125 321
26529.921875 370
26618.6796875 375
26631.66796875 562
26694.736328125 914
26714.720703125 944
26754.830078125 1672
26905.21875 1684
26950.763671875 1825
26953.8125 1846
27088.0625 1960
27143.22265625 1976
27360.828125 2006
27411.625 2319
27561.7734375 2405
27639.962890625 2550
27842.154296875 2606
27876.42578125 2768
27887.169921875 1081
27944.943359375 1780
27963.943359375 16
27963.943359375 28
28015.47265625 125
28016.349609375 212
28165.72265625 265
28185.353515625 295
28298.01171875 360
28346.46484375 364
28377.310546875 937
28610.923828125 1077
28689.443359375 1101
28715.64453125 1241
28718.93359375 1243
29027.533203125 1307
29070.494140625 1343
29123.46484375 1404
29256.65625 1418
29803.474609375 1585
30003.521484375 1719
31465.31640625 1822
31733.337890625 2009
31957.140625 2164
32138.869140625 2214
32144.83203125 2250
32161.46875 2263
32767.42578125 2342
33758.640625 2359
35315.05859375 2547
