4403.822265625 2032
4953.33544921875 2259
5097.49169921875 771
5569.509765625 1543
5673.59375 2241
5733.267578125 1964
5795.59716796875 1625
5810.0068359375 2693
5812.1142578125 222
5884.94189453125 258
6198.8349609375 281
6338.96484375 506
6541.85693359375 582
6754.67919921875 724
6761.2138671875 879
6872.38720703125 1003
6991.8291015625 1171
7033.404296875 1182
7069.34033203125 1588
7175.87646484375 1685
7227.0537109375 1758
7337.64453125 2300
7482.77783203125 2310
7534.30615234375 2705
7550.580078125 2845
7590.2919921875 2916
7612.6435546875 1446
7626.56689453125 87
7655.74462890625 251
7681.98193359375 527
7771.5146484375 529
7777.837890625 625
7827.87353515625 641
7835.67724609375 693
7879.70703125 873
7903.19140625 881
7913.85791015625 928
7964.0693359375 1133
8015.0107421875 1283
8064.81640625 1318
8098.8271484375 1346
8117.12744140625 1417
8130.89111328125 1720
8139.439453125 1987
8149.1337890625 2226
8174.0615234375 2296
8241.978515625 2515
8299.6337890625 2572
8306.9794921875 2669
8338.611328125 2728
8381.6611328125 2734
8416.5556640625 2746
8442.279296875 2852
8466.97265625 2866
8470.2724609375 2915
8494.7216796875 2949
8500.3818359375 377
8530.5859375 2281
8566.8955078125 160
8593.798828125 1
8650.306640625 425
8660.583984375 446
8678.5224609375 800
8757.40625 918
8775.578125 953
8775.869140625 985
8813.8955078125 986
8818.5869140625 1008
8859.5361328125 1043
8864.8056640625 1270
8893.66796875 1317
8893.66796875 1435
8903.3984375 1548
8906.2880859375 1606
8936.7197265625 1661
8970.1337890625 1712
9002.4970703125 2010
9069.2880859375 2088
9078.7958984375 2365
9081.9111328125 2410
9154.8818359375 2414
9159.8203125 2482
9182.4560546875 2560
9187.091796875 2781
9220.802734375 2820
9234.462890625 997
9269.3857421875 1781
9286.533203125 81
9293.736328125 229
9295.95703125 440
9301.2412109375 548
9302.701171875 611
9342.509765625 826
9350.0244140625 834
9370.193359375 848
9400.9892578125 871
9404.072265625 893
9423.998046875 1231
9431.6904296875 1256
9513.861328125 1315
9537.0859375 1458
9562.1845703125 1550
9594.7861328125 1671
9722.404296875 1711
9725.521484375 1815
9784.01171875 1893
9807.265625 2312
9821.6943359375 2324
9855.2802734375 2385
9873.0390625 2447
9878.62109375 2562
9904.7685546875 2610
9915.767578125 2622
9930.3310546875 2853
9935.3515625 2924
9975.302734375 2927
9984.978515625 2239
10028.412109375 1362
10048.4541015625 1926
10070.6689453125 2997
10113.21875 254
10123.513671875 388
10158.625 465
10174.048828125 498
10188.490234375 520
10199.806640625 962
10216.44140625 981
10221.8369140625 1156
10264.7255859375 1652
10286.349609375 2205
10299.6298828125 2339
10351.1015625 2417
10375.05078125 2494
10382.4775390625 2687
10394.408203125 1122
10411.205078125 1670
10441.5859375 264
10462.5048828125 2173
10474.9140625 1646
10477.638671875 2396
10493.4296875 49
10503.67578125 189
10511.244140625 261
10534.591796875 263
10561.2607421875 430
10573.869140625 831
10589.3203125 899
10595.7412109375 1123
10599.375 1169
10601.9609375 1350
10606.302734375 1405
10612.3974609375 1512
10626.7783203125 1750
10697.3876953125 1769
10715.72265625 1908
10715.921875 1966
10751.8623046875 1982
10770.2685546875 1993
10819.234375 2094
10822.73046875 2126
10824.84765625 2141
10826.115234375 2171
10827.373046875 2174
10838.658203125 2177
10845.51953125 2237
10862.736328125 2367
10870.7724609375 2536
10881.0703125 2542
10882.05859375 2582
10908.2998046875 2675
10916.5947265625 2703
10946.67578125 1873
10956.7236328125 2107
10976.072265625 1281
11006.544921875 455
11010.25 470
11025.5908203125 902
11028.5830078125 926
11028.6328125 967
11049.8837890625 1104
11057.6689453125 1225
11058.8720703125 1286
11066.4482421875 1506
11078.31640625 1516
11120.9326171875 1599
11149.1494140625 1779
11166.60546875 1848
11171.095703125 1867
11252.091796875 1883
11281.6875 2063
11310.6640625 2210
11313.00390625 2246
11335.5732421875 2285
11335.9853515625 2361
11336.4228515625 2686
11342.8212890625 2700
11360.705078125 88
11382.8896484375 586
11393.9755859375 136
11429.9345703125 1471
11436.3349609375 226
11443.46484375 296
11464.634765625 1197
11464.634765625 1666
11472.5341796875 2511
11473.95703125 101
11529.859375 215
11547.228515625 549
11548.03515625 550
11548.03515625 573
11558.798828125 1136
11577.2373046875 1199
11578.8251953125 1530
11595.203125 1581
11608.501953125 1640
11633.47265625 1688
11633.6826171875 1968
11653.203125 2526
11662.9443359375 2571
11688.150390625 2983
11692.6220703125 1787
11704.4755859375 602
11728.189453125 1146
11730.3134765625 253
11752.6240234375 342
11754.7021484375 843
11769.4912109375 1233
11779.8623046875 1335
11787.12890625 1394
11812.724609375 1737
11819.474609375 1784
11846.7138671875 1950
11853.2548828125 2025
11861.8349609375 2473
11862.90234375 2518
11862.90234375 999
11868.3203125 1056
11869.37109375 1900
11876.9375 1304
11887.65625 1326
11910.130859375 2967
11912.90234375 1329
11917.865234375 50
11926.1513671875 318
11939.48046875 389
11976.8359375 478
12002.1357421875 491
12019.060546875 580
12033.5458984375 599
12069.7265625 890
12070.23828125 896
12076.857421875 909
12080.9033203125 919
12085.11328125 995
12107.517578125 1273
12107.96484375 1342
12113.640625 1430
12167.49609375 1495
12173.669921875 1568
12187.041015625 1583
12196.07421875 1764
12201.4091796875 1774
12207.724609375 2065
12215.7392578125 2117
12244.65625 2181
12244.7900390625 2268
12261.6328125 2465
12263.208984375 2664
12271.1396484375 2760
12273.779296875 2764
12304.837890625 2938
12313.248046875 2943
12314.361328125 1860
12339.998046875 2880
12340.57421875 1333
12357.306640625 2631
12366.3388671875 146
12367.7724609375 1538
12376.638671875 21
12392.3740234375 34
12400.689453125 200
12404.93359375 288
12407.39453125 336
12409.08203125 385
12414.94140625 517
12434.076171875 546
12450.1708984375 609
12457.0830078125 614
12462.185546875 683
12463.7119140625 686
12476.974609375 769
12498.78125 1097
12516.1484375 1221
12525.70703125 1322
12527.24609375 1359
12535.798828125 1376
12553.8291015625 1686
12569.486328125 1854
12607.99609375 2513
12631.5263671875 2553
12634.634765625 2650
12643.0458984375 2672
12655.6162109375 2911
12675.6533203125 78
12685.009765625 2713
12686.2001953125 2800
12733.7578125 2651
12757.525390625 2970
12758.0908203125 1045
12770.8427734375 1068
12786.9375 2078
12795.19140625 884
12810.2529296875 886
12814.193359375 1028
12824.8291015625 1845
12825.9267578125 1932
12843.9287109375 2489
12844.578125 90
12862.40625 153
12885.080078125 240
12936.697265625 256
12944.2353515625 531
12948.4638671875 644
13039.5498046875 706
13067.896484375 775
13084.4814453125 1163
13090.9736328125 1483
13099.2353515625 2114
13104.58984375 2379
13109.546875 2424
13121.62109375 2433
13180.6669921875 2435
13225.5048828125 2442
13262.88671875 2683
13267.3359375 2811
13287.37109375 2176
13305.634765625 169
13310.19921875 2207
13326.8955078125 1144
13333.908203125 2180
13340.521484375 73
13344.6767578125 663
13348.6552734375 677
13353.779296875 756
13353.8359375 925
13360.90625 927
13371.2109375 946
13381.625 996
13435.416015625 1141
13449.1533203125 1202
13490.7919921875 1251
13499.435546875 1457
13507.8271484375 1502
13519.251953125 1591
13536.9970703125 1733
13537.8857421875 1735
13550.9248046875 1919
13551.427734375 1933
13573.0361328125 1955
13583.04296875 2002
13598.7421875 2335
13612.8837890625 2341
13621.505859375 2565
13635.40625 2695
13635.708984375 2763
13647.158203125 2840
13682.2900390625 2422
13684.1181640625 1020
13705.9697265625 640
13721.341796875 59
13728.484375 177
13752.6953125 191
13772.3740234375 575
13776.7578125 687
13779.283203125 934
13787.6904296875 1119
13787.8125 1529
13799.244140625 1697
13822.3046875 1810
13835.912109375 1831
13853.7958984375 2354
13860.669921875 2528
13861.759765625 2679
13863.3046875 2712
13866.3564453125 2747
13873.85546875 2809
13873.98046875 2821
13876.6728515625 2842
13881.2421875 2860
13884.560546875 2906
13891.1279296875 2994
13938.560546875 186
13939.46484375 223
13944.244140625 1594
13951.181640625 410
13964.853515625 631
13967.1884765625 132
13994.7275390625 2576
14006.0087890625 1282
14028.73828125 488
14038.4716796875 869
14074.2490234375 2059
14084.54296875 787
14089.060546875 904
14143.7412109375 137
14148.916015625 275
14168.16015625 328
14172.146484375 333
14180.1923828125 392
14185.447265625 407
14199.02734375 489
14209.314453125 680
14287.8662109375 1022
14322.33203125 1290
14323.3017578125 1358
14329.693359375 1607
14333.666015625 1653
14352.4296875 2024
14360.08984375 2184
14384.607421875 2221
14389.9287109375 2394
14402.4384765625 2427
14431.9267578125 2517
14434.556640625 2655
14438.3544921875 2704
14444.3359375 2900
14446.341796875 2946
14451.337890625 459
14472.96875 1408
14482.50390625 1339
14484.294921875 22
14495.1240234375 45
14510.74609375 300
14521.765625 812
14532.830078125 922
14573.265625 947
14577.9814453125 975
14607.912109375 1001
14622.9228515625 1095
14631.2880859375 1275
14637.46484375 1664
14666.658203125 1708
14683.7109375 1763
14698.400390625 1766
14741.8173828125 1889
14755.3701171875 2077
14766.4287109375 2082
14812.994140625 2131
14819.671875 2315
14819.787109375 2317
14821.9853515625 2409
14829.0859375 2608
14830.845703125 2616
14847.3486328125 2649
14848.24609375 2819
14848.384765625 2862
14869.560546875 1164
14878.0654296875 2213
14880.5966796875 1050
14885.142578125 979
14891.337890625 1562
14896.71484375 1597
14902.8046875 2334
14908.0361328125 587
14911.748046875 630
14934.6962890625 777
14971.9443359375 1012
14992.158203125 1064
14995.421875 1082
14999.6767578125 1462
15017.3974609375 1501
15018.509765625 1654
15022.9423828125 1800
15028.947265625 2656
15060.1787109375 2884
15074.2265625 1416
15083.2880859375 1575
15089.416015625 2889
15097.2060546875 445
15107.404296875 30
15115.2783203125 2484
15128.3642578125 38
15143.6357421875 40
15182.1064453125 76
15221.99609375 77
15228.759765625 108
15261.5556640625 164
15266.681640625 211
15284.6279296875 225
15307.892578125 376
15339.306640625 437
15382.2294921875 510
15388.119140625 646
15393.298828125 671
15410.189453125 738
15451.5234375 770
15476.4384765625 1434
15478.7607421875 1610
15512.0029296875 1662
15519.080078125 1709
15563.6298828125 1998
15620.4189453125 2166
15633.427734375 2220
15647.73046875 2238
15659.48828125 2255
15664.5244140625 2345
15669.43359375 2510
15691.6181640625 2581
15715.2822265625 2607
15735.05078125 2807
15753.0546875 1015
15760.1318359375 1984
15761.9365234375 1258
15768.74609375 2555
15838.21875 1147
15860.4912109375 865
15862.986328125 939
15873.3505859375 1497
15901.2705078125 2630
15928.0185546875 2752
15946.2724609375 457
15961.158203125 309
15967.025390625 316
15970.755859375 483
15975.974609375 484
15985.01171875 633
15998.2900390625 1026
16017.6025390625 1036
16034.7314453125 1176
16040.205078125 1423
16042.1328125 1485
16043.3544921875 1590
16054.7548828125 1702
16062.255859375 1759
16070.7373046875 1818
16109.63671875 1958
16161.0810546875 1963
16210.337890625 1977
16220.9873046875 2053
16242.15625 2056
16267.46484375 2125
16270.7265625 2304
16277.654296875 2356
16280.2041015625 2477
16287.7548828125 2533
16289.888671875 2732
16305.12109375 2948
16318.8525390625 1601
16323.3447265625 2256
16336.431640625 2104
16359.6494140625 284
16370.8466796875 182
16370.9189453125 916
16379.8388671875 1667
16405.998046875 1852
16418.38671875 727
16433.216796875 2036
16435.716796875 2772
16443.97265625 130
16444.169921875 219
16448.599609375 394
16501.146484375 405
16531.32421875 634
16531.974609375 856
16536.392578125 983
16563.28125 1117
16566.5703125 1386
16570.880859375 1791
16675.14453125 1991
16683.291015625 2060
16687.341796875 2215
16697.443359375 2314
16719.36328125 2440
16722.2109375 2467
16777.8203125 2618
16799.95703125 2648
16811.412109375 2694
16834.234375 1772
16839.724609375 818
16845.509765625 2907
16846.208984375 660
16852.865234375 1168
16870.162109375 1145
16905.935546875 1476
16916.583984375 1618
16930.86328125 655
16931.13671875 1592
16942.8828125 2120
16965.861328125 2557
17022.5 112
17041.765625 350
17054.791015625 356
17062.158203125 448
17063.181640625 1500
17064.611328125 1526
17069.0234375 1587
17077.2734375 1881
17078.05078125 1943
17094.134765625 1962
17099.5078125 1995
17108.5234375 2075
17122.94921875 2118
17133.24609375 2309
17152.587890625 2418
17155.58984375 2516
17165.68359375 2588
17196.404296875 2605
17197.6171875 2623
17239.744140625 2937
17266.650390625 1005
17292.71484375 110
17304.77734375 2360
17316.07421875 121
17335.658203125 1046
17344.693359375 298
17354.095703125 372
17354.4375 492
17368.841796875 752
17384.841796875 838
17401.525390625 903
17406.669921875 1034
17438.369140625 1128
17448.77734375 1187
17475.33203125 1437
17488.333984375 1488
17508.884765625 1534
17517.5703125 1657
17532.173828125 1678
17535.01171875 1824
17552.0 1826
17561.46484375 1941
17561.853515625 1997
17574.546875 2318
17576.18359375 2327
17589.3828125 2362
17593.458984375 2404
17606.04296875 2453
17616.107421875 2458
17618.654296875 2496
17625.525390625 2696
17626.05078125 2722
17646.37890625 2796
17651.49609375 2584
17655.478515625 2872
17703.833984375 2589
17715.625 2135
17756.978515625 1802
17787.708984375 1853
17791.763671875 1892
17792.935546875 1580
17835.705078125 25
17841.62890625 72
17851.3046875 343
17868.01171875 710
17869.265625 755
17893.19140625 885
17935.833984375 1683
17954.115234375 1776
17956.806640625 1972
17969.87890625 2047
17970.791015625 2138
17982.62109375 2185
17997.384765625 2344
18042.939453125 2545
18043.603515625 2573
18058.3203125 2855
18067.337890625 2159
18110.97265625 1067
18113.68359375 371
18155.517578125 243
18166.60546875 1301
18170.580078125 311
18242.73828125 426
18247.20703125 648
18253.720703125 720
18258.0546875 792
18297.734375 940
18300.55078125 1006
18306.0078125 1032
18324.783203125 1160
18354.658203125 1189
18354.927734375 2183
18365.0078125 2190
18368.185546875 2301
18376.900390625 1459
18381.9453125 1649
18382.3984375 353
18426.939453125 2706
18427.318359375 1511
18432.24609375 1778
18438.169921875 329
18446.029296875 731
18487.55859375 1400
18491.017578125 2070
18496.451171875 1480
18533.705078125 1714
18546.962890625 249
18558.197265625 94
18568.177734375 2823
18573.765625 471
18588.83203125 473
18624.783203125 747
18637.3828125 915
18663.267578125 921
18663.8515625 993
18669.63671875 1072
18672.794921875 1415
18688.642578125 1541
18712.92578125 1746
18731.50390625 1949
18767.986328125 2079
18781.076171875 2219
18818.259765625 2258
18828.552734375 2413
18837.12109375 2628
18837.12109375 2828
18853.759765625 2903
18857.498046875 2996
18857.498046875 204
18867.3515625 1247
18919.169921875 1410
18923.849609375 1888
18929.259765625 1214
18964.41796875 1658
18964.46484375 2587
18990.369140625 380
19013.98046875 688
19051.859375 1761
19070.78515625 66
19116.63671875 127
19136.009765625 179
19222.80859375 855
19353.380859375 1198
19393.68359375 1250
19426.09375 1507
19459.8125 1558
19468.267578125 2007
19488.77734375 2092
19516.0234375 2231
19519.0390625 2384
19545.296875 2457
19548.064453125 2544
19558.6953125 2717
19577.591796875 2774
19656.73828125 2794
19668.921875 2909
19703.02734375 972
19706.4375 1138
19716.251953125 1442
19740.78125 1137
19749.541015625 102
19753.615234375 667
19805.955078125 1935
19823.396484375 2352
19831.70703125 2887
19896.90625 427
19909.869140625 1533
19939.015625 170
19940.427734375 262
19961.8984375 306
20004.306640625 596
20007.04296875 805
20074.400390625 849
20088.2734375 850
20105.677734375 965
20128.40625 976
20182.494140625 1058
20195.34765625 1403
20232.236328125 1645
20235.513671875 1999
20274.419921875 2292
20318.904296875 2392
20335.7109375 2403
20368.900390625 2497
20417.91015625 2524
20443.9140625 2601
20475.98046875 2652
20500.63671875 2657
20633.462890625 2761
20644.6875 2839
20683.060546875 2939
20725.80078125 2984
20732.37890625 1027
20760.919921875 622
20774.16015625 417
20797.212890625 450
20949.65625 690
21048.484375 969
21055.771484375 982
21068.8671875 1040
21074.162109375 1078
21082.076171875 1083
21128.68359375 1382
21129.779296875 1391
21137.697265625 1486
21161.564453125 1503
21163.849609375 1547
21175.41015625 1561
21183.2265625 1965
21250.2109375 2026
21273.041015625 2066
21288.904296875 2182
21292.92578125 2245
21310.2890625 2460
21317.818359375 2466
21355.560546875 2540
21461.68359375 2593
21494.017578125 2632
21562.06640625 2753
21610.3203125 2759
21682.501953125 2793
21724.955078125 2925
21744.9375 2152
21863.37890625 762
21899.921875 2757
21925.91796875 37
22091.73046875 1624
22092.482421875 1271
22134.244140625 2370
22160.791015625 2895
22172.609375 2411
22197.98828125 67
22221.6875 150
22246.666015625 171
22276.677734375 195
22304.337890625 363
22365.728515625 522
22451.490234375 657
22469.02734375 701
22472.345703125 760
22511.025390625 811
22526.291015625 874
22528.35546875 875
22528.814453125 1002
22608.3203125 1007
22618.18359375 1023
22656.390625 1356
22680.49609375 1378
22739.5859375 1489
22756.5703125 1629
22761.45703125 2721
22774.037109375 1811
22809.5 2701
22840.9375 421
22964.025390625 1440
22981.30078125 2337
23025.509765625 2531
23111.537109375 18
23197.5234375 29
23225.095703125 31
23287.7109375 104
23308.013671875 274
23308.51171875 321
23513.892578125 370
23606.650390625 375
23850.44140625 562
23910.3359375 914
23938.185546875 944
23956.689453125 1672
24017.3125 1684
24111.822265625 1825
24265.0859375 1846
24275.28125 1960
24309.947265625 1976
24314.0390625 2006
24490.556640625 2319
24680.69140625 2405
24756.208984375 2550
24759.20703125 2606
24899.95703125 2768
24906.67578125 1081
24909.791015625 1780
24938.65625 16
24964.9296875 28
24971.064453125 125
25011.158203125 212
25022.52734375 265
25068.763671875 295
25329.099609375 360
25347.416015625 364
25429.7890625 937
25692.939453125 1077
25972.935546875 1101
26010.1953125 1241
26725.34765625 1243
26809.12890625 1307
26906.009765625 1343
26976.23046875 1404
27229.59375 1418
27254.06640625 1585
27590.865234375 1719
27885.482421875 1822
28359.357421875 2009
28667.86328125 2164
29488.205078125 2214
30544.509765625 2250
31600.59765625 2263
32622.384765625 2342
34265.109375 2359
36441.2890625 2547
