1308.1776123046875 1511
1664.7667236328125 1778
1667.76513671875 329
1716.247802734375 731
1762.314453125 1400
1883.626708984375 2070
1900.64697265625 1480
1919.817138671875 1714
1958.87744140625 249
2034.01513671875 94
2126.796875 2823
2169.957275390625 471
2170.89697265625 473
2171.14794921875 747
2195.548828125 915
2320.06396484375 921
2367.399658203125 993
2424.97802734375 1072
2613.353271484375 1415
2619.771240234375 1541
2647.575439453125 1746
2663.28857421875 1949
2693.2138671875 2079
2846.474365234375 2219
2852.666259765625 2258
2910.375 2413
2981.638671875 2628
3095.1474609375 2828
3238.5751953125 2903
3299.849609375 2996
3305.5048828125 1446
3348.114013671875 87
3399.90771484375 251
3429.88916015625 527
3446.51220703125 529
3504.205810546875 625
3628.522705078125 641
3809.9501953125 693
4052.71142578125 873
4156.31591796875 881
4206.77978515625 928
4253.205078125 1133
4297.8388671875 1283
4313.5517578125 1318
4345.24072265625 1346
4382.28515625 1417
4434.328125 1720
4454.6083984375 1987
4516.50439453125 2226
4690.306640625 2296
4766.0107421875 2515
4785.09326171875 2572
4785.2236328125 2669
4848.20947265625 2728
4857.99951171875 2734
4908.3984375 2746
5019.8212890625 2852
5263.3193359375 2866
5331.21630859375 2915
5358.43505859375 2949
5608.86669921875 377
5691.80419921875 2281
5854.44580078125 160
5890.0810546875 1
6085.259765625 425
6095.04248046875 446
6229.83056640625 800
6250.61083984375 918
6375.34912109375 953
6394.87109375 985
6445.900390625 986
6456.8564453125 1008
6478.78564453125 1043
6500.85791015625 1270
6524.3154296875 1317
6550.13232421875 1435
6570.82275390625 1548
6575.36181640625 1606
6604.18359375 1661
6724.7568359375 1712
6751.75390625 2010
6801.40234375 2088
6832.70556640625 2365
6838.8193359375 2410
6939.3671875 2414
6976.7021484375 2482
7143.44482421875 2560
7343.83935546875 2781
7400.6630859375 2820
7400.98193359375 997
7436.2099609375 1781
7436.71240234375 81
7456.5673828125 229
7553.53125 440
7656.1435546875 548
7682.671875 611
7703.13671875 826
7755.2587890625 834
7851.654296875 848
7884.880859375 871
7961.5869140625 893
7971.88134765625 1231
7985.7783203125 1256
7996.6279296875 1315
8012.4677734375 1458
8111.98779296875 1550
8222.376953125 1671
8226.6591796875 1711
8282.763671875 1815
8714.373046875 1893
8863.77734375 2312
9058.9609375 2324
9183.474609375 2385
9186.73046875 2447
9201.7666015625 2562
9293.1962890625 2610
9358.4765625 2622
9453.990234375 2853
9571.970703125 2924
9627.5458984375 2927
9666.244140625 2239
9712.2998046875 1362
9746.9384765625 1926
9825.9921875 2997
9838.595703125 254
9859.390625 388
9886.716796875 465
9900.5537109375 498
9975.349609375 520
10065.0009765625 962
10094.220703125 981
10115.4296875 1156
10128.888671875 1652
10146.087890625 2205
10229.1181640625 2339
10264.15625 2417
10324.0166015625 2494
10482.5283203125 2687
10486.7294921875 1122
10632.197265625 1670
10680.1494140625 264
10706.341796875 2173
10818.34375 1646
10827.03125 2396
10841.6123046875 49
10872.0341796875 189
11018.4970703125 261
11136.6279296875 263
11219.978515625 430
11300.3916015625 831
11334.453125 899
11384.7646484375 1123
11391.9326171875 1169
11410.4775390625 1350
11418.53125 1405
11465.8115234375 1512
11493.0849609375 1750
11535.40625 1769
11570.6611328125 1908
11642.3291015625 1966
11647.4580078125 1982
11755.03515625 1993
11823.8544921875 2094
11825.5703125 2126
11828.955078125 2141
11843.5517578125 2171
11915.857421875 2174
11971.4833984375 2177
11971.4833984375 2237
11973.7060546875 2367
11973.7060546875 2536
11986.6171875 2542
12036.720703125 2582
12063.982421875 2675
12073.6953125 2703
12089.642578125 1873
12117.021484375 2107
12149.837890625 1281
12155.126953125 455
12172.34765625 470
12184.7998046875 902
12188.072265625 926
12244.6396484375 967
12248.794921875 1104
12257.9208984375 1225
12310.3291015625 1286
12323.8427734375 1506
12325.4453125 1516
12392.5595703125 1599
12405.2529296875 1779
12454.462890625 1848
12551.11328125 1867
12552.494140625 1883
12557.21875 2063
12605.2451171875 2210
12677.9951171875 2246
12699.3310546875 2285
12768.2724609375 2361
12768.5126953125 2686
12813.267578125 2700
12826.5166015625 88
12827.2109375 586
12832.650390625 136
12851.6904296875 1471
12901.435546875 226
12904.798828125 296
12909.49609375 1197
12951.90625 1666
12960.5068359375 2511
13042.005859375 101
13070.7373046875 215
13111.591796875 549
13122.583984375 550
13140.5654296875 573
13229.248046875 1136
13282.208984375 1199
13295.0712890625 1530
13299.017578125 1581
13329.4169921875 1640
13367.4453125 1688
13398.7265625 1968
13460.7587890625 2526
13470.1513671875 2571
13486.2822265625 2983
13537.9501953125 1787
13548.947265625 602
13561.1494140625 1146
13567.521484375 253
13591.5634765625 342
13606.0615234375 843
13633.3330078125 1233
13643.1484375 1335
13649.2099609375 1394
13649.376953125 1737
13654.3994140625 1784
13715.21484375 1950
13737.2919921875 2025
13790.8232421875 2473
13803.2109375 2518
13836.9248046875 999
13844.669921875 1056
13845.123046875 1900
13857.40625 1304
13888.7646484375 1326
13888.9345703125 2967
13925.34765625 1329
13930.689453125 50
13991.8125 318
13992.537109375 389
14129.6728515625 478
14135.4599609375 491
14167.6357421875 580
14183.0078125 599
14187.7646484375 890
14190.162109375 896
14190.826171875 909
14230.25 919
14240.4833984375 995
14260.9326171875 1273
14301.28515625 1342
14339.2705078125 1430
14344.875 1495
14351.2607421875 1568
14365.595703125 1583
14377.4736328125 1764
14402.6796875 1774
14467.03125 2065
14476.525390625 2117
14478.97265625 2181
14514.064453125 2268
14557.689453125 2465
14566.583984375 2664
14603.03515625 2760
14604.7236328125 2764
14661.9375 2938
14705.146484375 2943
14710.5244140625 1860
14730.6767578125 2880
14732.9775390625 1333
14763.431640625 2631
14769.646484375 146
14780.4287109375 1538
14809.2001953125 21
14818.9619140625 34
14834.572265625 200
14841.0625 288
14853.60546875 336
14853.9033203125 385
14854.78125 517
14870.0615234375 546
14947.99609375 609
14962.6025390625 614
15033.3037109375 683
15050.958984375 686
15081.9326171875 769
15114.3193359375 1097
15129.5634765625 1221
15141.01953125 1322
15159.8671875 1359
15159.8671875 1376
15170.5966796875 1686
15176.1123046875 1854
15176.373046875 2513
15203.98046875 2553
15220.9384765625 2650
15230.23046875 2672
15261.001953125 2911
15318.3310546875 78
15322.5859375 2713
15322.77734375 2800
15324.8408203125 2651
15325.01171875 2970
15349.50390625 1045
15400.3564453125 1068
15420.7119140625 2078
15490.8779296875 884
15544.869140625 886
15545.568359375 1028
15564.1904296875 1845
15580.619140625 1932
15638.5146484375 2489
15649.7236328125 90
15688.587890625 153
15700.734375 240
15706.1748046875 256
15719.37109375 531
15734.1611328125 644
15750.16015625 706
15787.9462890625 775
15814.189453125 1163
15824.798828125 1483
15825.609375 2114
15874.0087890625 2379
15877.8798828125 2424
15916.681640625 2433
15917.662109375 2435
15961.716796875 2442
15967.6474609375 2683
16071.3115234375 2811
16082.783203125 2176
16088.716796875 169
16110.1015625 2207
16126.171875 1144
16152.4423828125 2180
16155.640625 73
16184.4111328125 663
16188.0390625 677
16189.455078125 756
16190.6728515625 925
16193.9833984375 927
16205.6259765625 946
16235.640625 996
16236.576171875 1141
16260.599609375 1202
16267.2568359375 1251
16275.544921875 1457
16290.6240234375 1502
16328.03515625 1591
16348.046875 1733
16354.501953125 1735
16382.5546875 1919
16394.404296875 1933
16397.173828125 1955
16401.833984375 2002
16422.41796875 2335
16426.607421875 2341
16426.7578125 2565
16443.572265625 2695
16499.732421875 2763
16500.5234375 2840
16513.994140625 2422
16566.34765625 1020
16580.80859375 640
16666.619140625 59
16670.35546875 177
16690.38671875 191
16707.36328125 575
16761.203125 687
16808.513671875 934
16809.03515625 1119
16842.13671875 1529
16857.732421875 1697
16859.298828125 1810
16863.84375 1831
16891.517578125 2354
16919.6015625 2528
16919.6015625 2679
16922.509765625 2712
16929.84375 2747
16933.626953125 2809
16946.619140625 2821
16972.14453125 2842
16973.37109375 2860
16987.07421875 2906
17007.083984375 2994
17016.87109375 186
17033.6875 223
17090.68359375 1594
17093.158203125 410
17100.56640625 631
17108.453125 132
17121.421875 2576
17122.8984375 1282
17131.083984375 488
17134.18359375 869
17145.8515625 2059
17151.19140625 787
17221.212890625 904
17242.12890625 137
17246.451171875 275
17256.021484375 328
17257.6953125 333
17265.91015625 392
17267.0234375 407
17278.396484375 489
17286.015625 680
17305.41015625 1022
17317.53515625 1290
17325.650390625 1358
17342.880859375 1607
17350.48046875 1653
17361.6875 2024
17388.931640625 2184
17408.43359375 2221
17417.92578125 2394
17419.94921875 2427
17457.369140625 2517
17458.2109375 2655
17489.9375 2704
17519.287109375 2900
17529.009765625 2946
17537.1796875 459
17540.076171875 1408
17540.318359375 1339
17542.705078125 22
17558.09765625 45
17564.4453125 300
17594.513671875 812
17681.626953125 922
17708.5859375 947
17710.3984375 975
17713.33984375 1001
17738.47265625 1095
17766.416015625 1275
17768.56640625 1664
17780.287109375 1708
17793.990234375 1763
17823.521484375 1766
17854.287109375 1889
17869.787109375 2077
17871.37109375 2082
17876.0234375 2131
17878.201171875 2315
17883.845703125 2317
17890.6328125 2409
17895.87890625 2608
17919.947265625 2616
17923.25 2649
17924.591796875 2819
17936.169921875 2862
17947.728515625 1164
17951.5 2213
18026.322265625 1050
18027.705078125 979
18032.876953125 1562
18035.861328125 1597
18037.55859375 2334
18062.93359375 587
18068.078125 630
18085.9296875 777
18107.16796875 1012
18138.6640625 1064
18144.23046875 1082
18146.23828125 1462
18165.365234375 1501
18173.974609375 1654
18177.673828125 1800
18177.673828125 2656
18220.482421875 2884
18233.861328125 1416
18270.220703125 1575
18287.853515625 2889
18299.982421875 445
18305.796875 30
18305.865234375 2484
18315.5703125 38
18345.43359375 40
18345.673828125 76
18345.751953125 77
18347.259765625 108
18366.181640625 164
18380.017578125 211
18395.365234375 225
18397.794921875 376
18423.6484375 437
18454.5390625 510
18499.1484375 646
18507.763671875 671
18511.552734375 738
18520.46484375 770
18524.146484375 1434
18540.2265625 1610
18540.99609375 1662
18541.71484375 1709
18545.0390625 1998
18570.92578125 2166
18571.0078125 2220
18576.12890625 2238
18579.1015625 2255
18588.3671875 2345
18601.2578125 2510
18601.927734375 2581
18603.880859375 2607
18619.10546875 2807
18622.30078125 1015
18682.82421875 1984
18684.26171875 1258
18700.615234375 2555
18711.1484375 1147
18723.794921875 865
18780.189453125 939
18804.375 1497
18815.0625 2630
18841.037109375 2752
18852.85546875 457
18865.0546875 309
18897.341796875 316
18925.822265625 483
18955.87109375 484
18957.08984375 633
18957.857421875 1026
18981.986328125 1036
18988.89453125 1176
18994.3671875 1423
18995.8671875 1485
19082.541015625 1590
19105.130859375 1702
19116.783203125 1759
19120.498046875 1818
19129.294921875 1958
19158.29296875 1963
19217.1015625 1977
19218.37890625 2053
19224.396484375 2056
19281.216796875 2125
19294.40625 2304
19313.201171875 2356
19339.2265625 2477
19349.685546875 2533
19351.95703125 2732
19356.22265625 2948
19374.849609375 1601
19388.12109375 2256
19435.791015625 2104
19463.1484375 284
19479.36328125 182
19481.97265625 916
19482.548828125 1667
19518.345703125 1852
19519.296875 727
19541.75390625 2036
19577.296875 2772
19596.52734375 130
19613.2734375 219
19621.0546875 394
19641.45703125 405
19641.541015625 634
19646.091796875 856
19660.58203125 983
19668.9453125 1117
19672.568359375 1386
19701.03515625 1791
19702.810546875 1991
19714.568359375 2060
19716.98046875 2215
19729.490234375 2314
19732.830078125 2440
19740.779296875 2467
19796.115234375 2618
19825.06640625 2648
19833.5859375 2694
19869.86328125 1772
19904.890625 818
19909.32421875 2907
19911.728515625 660
19913.638671875 1168
19927.5078125 1145
19957.20703125 1476
19964.982421875 1618
19967.1953125 655
19967.498046875 1592
19981.134765625 2120
19981.509765625 2557
19982.74609375 112
19988.16796875 350
20001.75390625 356
20002.984375 448
20026.7421875 1500
20040.51171875 1526
20053.447265625 1587
20079.607421875 1881
20089.251953125 1943
20091.328125 1962
20098.6171875 1995
20127.08984375 2075
20145.224609375 2118
20179.3828125 2309
20179.70703125 2418
20193.796875 2516
20198.611328125 2588
20213.98046875 2605
20213.9921875 2623
20227.498046875 2937
20229.677734375 1005
20255.310546875 110
20263.453125 2360
20289.435546875 121
20296.375 1046
20301.109375 298
20314.466796875 372
20321.7421875 492
20350.08984375 752
20377.64453125 838
20392.912109375 903
20404.2734375 1034
20410.431640625 1128
20411.72265625 1187
20415.251953125 1437
20426.5234375 1488
20429.421875 1534
20463.66796875 1657
20504.85546875 1678
20506.525390625 1824
20513.64453125 1826
20534.04296875 1941
20544.921875 1997
20616.748046875 2318
20647.984375 2327
20653.673828125 2362
20678.05078125 2404
20689.58984375 2453
20714.80859375 2458
20787.615234375 2496
20832.306640625 2696
20888.271484375 2722
20893.439453125 2796
20896.03515625 2584
20923.869140625 2872
20946.89453125 2589
20958.2578125 2135
20968.302734375 1802
20980.640625 1853
21003.32421875 1892
21040.916015625 1580
21067.556640625 25
21119.947265625 72
21150.35546875 343
21160.0703125 710
21228.236328125 755
21267.646484375 885
21287.724609375 1683
21289.66796875 1776
21325.955078125 1972
21338.5234375 2047
21370.341796875 2138
21371.18359375 2185
21394.716796875 2344
21394.828125 2545
21402.673828125 2573
21422.517578125 2855
21435.201171875 2159
21505.3359375 1067
21526.77734375 371
21535.48046875 243
21563.92578125 1301
21575.48828125 311
21671.544921875 426
21704.986328125 648
21708.603515625 720
21777.201171875 792
21791.4921875 940
21847.73046875 1006
21848.25 1032
21850.96484375 1160
21881.6640625 1189
21886.86328125 2183
21952.564453125 2190
21962.52734375 2301
21968.94921875 1459
21991.453125 1649
21999.294921875 353
22042.5546875 2706
22068.865234375 204
22084.884765625 1247
22114.662109375 1410
22115.552734375 1888
22164.171875 1214
22199.40625 1658
22227.541015625 2587
22271.88671875 380
22282.4375 688
22283.0859375 1761
22285.21484375 66
22285.53515625 127
22330.974609375 179
22335.986328125 855
22353.638671875 1198
22358.01171875 1250
22368.75 1507
22374.8125 1558
22392.451171875 2007
22402.064453125 2092
22456.93359375 2231
22497.70703125 2384
22514.380859375 2457
22535.306640625 2544
22539.615234375 2717
22559.771484375 2774
22563.48828125 2794
22691.01953125 2909
22695.751953125 972
22702.3046875 1138
22783.033203125 1442
22811.310546875 1137
22820.171875 102
22848.763671875 667
22887.421875 1935
22892.1171875 2352
22906.564453125 2887
22943.9921875 427
22982.203125 1533
23022.974609375 170
23069.033203125 262
23097.775390625 306
23118.408203125 596
23129.189453125 805
23141.40625 849
23152.912109375 850
23165.341796875 965
23172.408203125 976
23205.890625 1058
23223.322265625 1403
23228.724609375 1645
23295.19140625 1999
23334.40625 2292
23335.486328125 2392
23344.623046875 2403
23386.314453125 2497
23402.3828125 2524
23419.65234375 2601
23430.349609375 2652
23440.171875 2657
23441.392578125 2761
23484.615234375 2839
23539.62109375 2939
23547.763671875 2984
23557.296875 1027
23575.439453125 622
23594.7109375 417
23612.259765625 450
23618.173828125 690
23624.9140625 969
23627.92578125 982
23636.177734375 1040
23680.07421875 1078
23698.896484375 1083
23790.33203125 1382
23861.673828125 1391
23886.669921875 1486
23902.681640625 1503
23925.79296875 1547
23958.96875 1561
23975.275390625 1965
24032.564453125 2026
24054.98828125 2066
24055.8828125 2182
24059.228515625 2245
24112.24609375 2460
24121.208984375 2466
24121.408203125 2540
24125.564453125 2593
24169.08203125 2632
24188.404296875 2753
24196.96875 2759
24205.9609375 2793
24277.619140625 2925
24278.291015625 2152
24295.0078125 762
24313.80859375 2757
24334.9609375 37
24352.74609375 1624
24355.603515625 1271
24439.201171875 2370
24451.18359375 2895
24485.59765625 2411
24491.4296875 67
24493.59375 150
24511.23046875 171
24571.572265625 195
24579.10546875 363
24682.205078125 522
24724.021484375 657
24786.31640625 701
24859.263671875 760
24861.1640625 811
24903.9453125 874
24909.5703125 875
24963.62109375 1002
24985.30859375 1007
25030.1171875 1023
25108.966796875 1356
25128.62109375 1378
25217.693359375 1489
25223.779296875 1629
25225.44140625 2721
25232.345703125 2032
25327.9375 2259
25486.4453125 771
25490.642578125 1543
25527.892578125 2241
25782.23828125 1964
25808.9609375 1625
25905.6796875 2693
25998.828125 222
26182.953125 258
26194.275390625 281
26221.123046875 506
26285.158203125 582
26285.158203125 724
26304.16796875 879
26338.935546875 1003
26339.513671875 1171
26362.69921875 1182
26432.6171875 1588
26436.328125 1685
26444.890625 1758
26581.33984375 2300
26581.8984375 2310
26587.166015625 2705
26611.83984375 2845
26670.609375 2916
26767.7265625 1811
26810.25390625 2701
26813.087890625 421
26814.470703125 1440
26851.529296875 2337
26874.90625 2531
27136.693359375 18
27173.962890625 29
27272.044921875 31
27414.29296875 104
27414.474609375 274
27421.115234375 321
27429.705078125 370
27446.830078125 375
27488.42578125 562
27515.693359375 914
27542.712890625 944
27565.5078125 1672
27667.990234375 1684
27798.31640625 1825
27816.93359375 1846
27827.19921875 1960
28053.056640625 1976
28163.56640625 2006
28253.736328125 2319
28370.736328125 2405
28466.9375 2550
28558.4609375 2606
28625.5625 2768
28631.21484375 1081
28999.998046875 1780
29102.90234375 16
29396.0078125 28
29484.96484375 125
29569.919921875 212
29677.30078125 265
29841.2109375 295
29858.240234375 360
29908.8203125 364
30029.990234375 937
30043.705078125 1077
30071.287109375 1101
30078.82421875 1241
30170.02734375 1243
30361.5078125 1307
30425.720703125 1343
30451.203125 1404
30575.8359375 1418
30596.8828125 1585
30607.58203125 1719
30632.505859375 1822
30772.103515625 2009
30836.185546875 2164
30921.302734375 2214
30962.46875 2250
31573.943359375 2263
32391.826171875 2342
32807.30859375 2359
34580.3125 2547
