343.4468688964844 1282
365.2861633300781 488
393.6854248046875 869
397.3158874511719 2059
586.1094970703125 787
604.1271362304688 904
840.8543701171875 137
863.8330078125 275
943.1690673828125 328
1093.0654296875 333
1176.87939453125 392
1202.232421875 407
1243.26806640625 489
1424.8466796875 680
1425.0760498046875 1022
1474.181640625 1290
1505.15869140625 1358
1583.10986328125 1607
1599.3963623046875 1653
1720.6893310546875 2024
1749.9278564453125 2184
1822.3934326171875 2221
1883.933837890625 2394
1888.679931640625 2427
1993.83837890625 2517
2028.6396484375 2655
2273.54296875 2704
2611.0283203125 2900
2653.23291015625 2946
2775.09228515625 459
2809.98974609375 1446
2816.76708984375 87
2979.77880859375 251
2992.55859375 527
2993.223388671875 529
3003.895751953125 625
3432.22265625 641
3642.36474609375 693
3828.00830078125 873
3883.548828125 881
4308.01416015625 928
4382.15478515625 1133
4489.55517578125 1283
4597.22998046875 1318
4597.90771484375 1346
4838.333984375 1417
4918.07080078125 1720
4989.75830078125 1987
5116.06689453125 2226
5146.04150390625 2296
5262.96142578125 2515
5293.1630859375 2572
5421.7265625 2669
5459.08544921875 2728
5556.1455078125 2734
5712.77734375 2746
5712.77734375 2852
5745.2685546875 2866
5948.802734375 2915
5993.421875 2949
6076.36328125 377
6221.0732421875 2281
6409.3251953125 160
6422.4072265625 1
6467.5859375 425
6523.37548828125 446
6585.0634765625 800
6597.7890625 918
6694.38623046875 953
6833.4951171875 985
6874.50732421875 986
6896.6484375 1008
6959.73974609375 1043
7104.78271484375 1270
7145.8056640625 1317
7264.72900390625 1435
7486.6279296875 1548
8043.78125 1606
8159.62451171875 1661
8263.96875 1712
8352.669921875 2010
8427.177734375 2088
8639.1064453125 2365
8650.9599609375 2410
8692.1318359375 2414
8797.033203125 2482
8825.642578125 2560
8986.0283203125 2781
9023.9580078125 2820
9025.287109375 997
9110.2099609375 1781
9183.0126953125 81
9246.0029296875 229
9346.2177734375 440
9545.927734375 548
9579.009765625 611
9617.13671875 826
9628.6083984375 834
9738.5751953125 848
9750.501953125 871
9797.673828125 893
9876.701171875 1231
9956.787109375 1256
10021.705078125 1315
10037.396484375 1458
10082.73046875 1550
10089.67578125 1671
10227.43359375 1711
10283.205078125 1815
10402.953125 1893
10606.37890625 2312
10700.9453125 2324
10809.234375 2385
10833.197265625 2447
11031.3076171875 2562
11074.37890625 2610
11262.033203125 2622
11285.052734375 2853
11466.6708984375 2924
11539.724609375 2927
11574.314453125 2239
11734.0712890625 1362
11849.556640625 1926
11853.501953125 2997
12024.28515625 254
12031.111328125 388
12114.486328125 465
12212.765625 498
12215.521484375 520
12238.060546875 962
12244.375 981
12280.640625 1156
12312.2587890625 1652
12317.1669921875 2205
12409.8828125 2339
12461.841796875 2417
12515.953125 2494
12571.435546875 2687
12620.8056640625 1122
12621.2880859375 1670
12688.609375 264
12690.1630859375 2173
12695.55859375 1646
12704.322265625 2396
12708.712890625 49
12750.5361328125 189
12767.64453125 261
12807.912109375 263
12818.94921875 430
12862.791015625 831
12874.041015625 899
12906.517578125 1123
13139.0400390625 1169
13139.837890625 1350
13163.568359375 1405
13218.8203125 1512
13326.7138671875 1750
13333.3193359375 1769
13375.7470703125 1908
13420.6396484375 1966
13488.0302734375 1982
13488.9169921875 1993
13504.1953125 2094
13528.384765625 2126
13737.0244140625 2141
13738.0 2171
13748.9345703125 2174
13751.1435546875 2177
13825.1298828125 2237
13830.8740234375 2367
13872.408203125 2536
13885.181640625 2542
13898.845703125 2582
13905.1513671875 2675
13925.6279296875 2703
13988.4091796875 1873
14063.595703125 2107
14092.5087890625 1281
14135.9169921875 455
14152.5859375 470
14154.4384765625 902
14197.388671875 926
14227.599609375 967
14236.587890625 1104
14250.396484375 1225
14251.623046875 1286
14252.2705078125 1506
14266.9873046875 1516
14268.236328125 1599
14281.3681640625 1779
14395.2802734375 1848
14469.6455078125 1867
14518.916015625 1883
14548.458984375 2063
14639.9921875 2210
14675.7822265625 2246
14722.44921875 2285
14757.880859375 2361
14813.111328125 2686
14853.2626953125 2700
14873.6162109375 88
14875.4716796875 586
14900.796875 136
14933.5625 1471
14943.1455078125 226
14988.939453125 296
15011.908203125 1197
15045.9755859375 1666
15104.8525390625 2511
15111.2861328125 101
15115.4580078125 215
15116.4658203125 549
15143.447265625 550
15146.078125 573
15153.634765625 1136
15183.1689453125 1199
15187.3720703125 1530
15195.5205078125 1581
15211.7060546875 1640
15235.9609375 1688
15253.3994140625 1968
15282.404296875 2526
15285.9521484375 2571
15296.6982421875 2983
15308.037109375 1787
15339.025390625 602
15356.4541015625 1146
15376.134765625 253
15380.830078125 342
15414.54296875 843
15418.5556640625 1233
15443.5439453125 1335
15499.982421875 1394
15507.517578125 1737
15548.44140625 1784
15553.81640625 1950
15607.1904296875 2025
15617.0654296875 2473
15622.240234375 2518
15630.5166015625 999
15642.05859375 1056
15651.5751953125 1900
15693.1396484375 1304
15704.244140625 1326
15741.7646484375 2967
15754.9892578125 1329
15790.90625 50
15799.9638671875 318
15810.8623046875 389
15813.3076171875 478
15846.6064453125 491
15847.0107421875 580
15926.6298828125 599
15969.4462890625 890
15983.0849609375 896
15996.7626953125 909
16020.546875 919
16033.818359375 995
16093.75390625 1273
16109.0634765625 1342
16127.1015625 1430
16132.599609375 1495
16158.1796875 1568
16163.1650390625 1583
16163.775390625 1764
16169.1787109375 1774
16182.822265625 2065
16228.1083984375 2117
16240.890625 2181
16262.7666015625 2268
16267.037109375 2465
16318.2255859375 2664
16331.7607421875 2760
16342.4013671875 2764
16370.4716796875 2938
16435.23828125 2943
16452.447265625 1860
16456.521484375 2880
16472.6796875 1333
16481.0390625 2631
16532.3671875 146
16548.609375 1538
16628.337890625 21
16631.916015625 34
16645.732421875 200
16651.26953125 288
16656.603515625 336
16658.494140625 385
16662.07421875 517
16662.7578125 546
16669.412109375 609
16682.681640625 614
16689.625 683
16735.935546875 686
16751.7265625 769
16754.73046875 1097
16819.939453125 1221
16849.8515625 1322
16915.1171875 1359
16922.546875 1376
16946.9609375 1686
16984.734375 1854
17050.228515625 2513
17136.37890625 2553
17174.228515625 2650
17183.150390625 2672
17193.908203125 2911
17197.01171875 78
17249.640625 2713
17253.9296875 2800
17258.703125 2651
17284.9765625 2970
17293.455078125 1045
17317.474609375 1068
17338.28515625 2078
17347.03515625 884
17376.060546875 886
17377.673828125 1028
17393.791015625 1845
17400.912109375 1932
17402.44921875 2489
17405.43359375 90
17443.431640625 153
17461.029296875 240
17482.033203125 256
17540.65234375 531
17549.353515625 644
17549.455078125 706
17566.0859375 775
17581.060546875 1163
17603.130859375 1483
17655.7734375 2114
17679.859375 2379
17687.759765625 2424
17687.759765625 2433
17698.71484375 2435
17719.5 2442
17736.654296875 2683
17738.12109375 2811
17768.53515625 2176
17772.1796875 169
17783.341796875 2207
17807.060546875 1144
17813.30859375 2180
17833.158203125 73
17853.00390625 663
17885.25 677
17900.453125 756
17909.421875 925
17955.294921875 927
17956.73828125 946
17972.451171875 996
17977.6171875 1141
17984.765625 1202
18018.3203125 1251
18048.94140625 1457
18056.734375 1502
18058.326171875 1591
18066.994140625 1733
18078.048828125 1735
18102.623046875 1919
18155.701171875 1933
18183.748046875 1955
18198.98046875 2002
18217.806640625 2335
18231.83984375 2341
18236.529296875 2565
18245.62109375 2695
18284.833984375 2763
18290.728515625 2840
18328.8046875 2422
18340.0390625 1020
18366.251953125 640
18377.5234375 59
18388.478515625 177
18435.7109375 191
18450.509765625 575
18466.806640625 687
18475.900390625 934
18485.310546875 1119
18509.015625 1529
18520.4453125 1697
18529.458984375 1810
18534.654296875 1831
18535.03515625 2354
18552.4921875 2528
18574.830078125 2679
18611.69921875 2712
18612.96875 2747
18615.125 2809
18624.0078125 2821
18626.134765625 2842
18639.0078125 2860
18674.708984375 2906
18679.662109375 2994
18692.826171875 186
18708.755859375 223
18731.779296875 1594
18732.078125 410
18745.451171875 631
18772.478515625 132
18779.568359375 2576
18793.908203125 1408
18805.49609375 1339
18819.263671875 22
18842.205078125 45
18858.623046875 300
18897.5 812
18919.095703125 922
18927.185546875 947
18927.94140625 975
18936.974609375 1001
19003.85546875 1095
19024.830078125 1275
19044.70703125 1664
19051.3671875 1708
19131.26171875 1763
19141.712890625 1766
19157.1796875 1889
19181.7734375 2077
19184.095703125 2082
19200.31640625 2131
19204.21875 2315
19217.890625 2317
19236.171875 2409
19240.7734375 2608
19257.240234375 2616
19258.34375 2649
19263.576171875 2819
19269.939453125 2862
19271.337890625 1164
19277.91015625 2213
19280.01171875 1050
19283.73828125 979
19305.560546875 1562
19318.49609375 1597
19322.591796875 2334
19344.849609375 587
19353.044921875 630
19353.044921875 777
19388.55859375 1012
19413.1640625 1064
19417.935546875 1082
19479.1171875 1462
19489.99609375 1501
19501.5546875 1654
19523.052734375 1800
19534.01953125 2656
19535.474609375 2884
19555.984375 1416
19577.66796875 1575
19593.41015625 2889
19594.501953125 445
19604.240234375 30
19616.111328125 2484
19627.869140625 38
19726.689453125 40
19730.462890625 76
19740.419921875 77
19742.16015625 108
19778.6015625 164
19803.388671875 211
19832.3203125 225
19858.662109375 376
19892.8359375 437
19906.478515625 510
19918.650390625 646
19948.8671875 671
19955.46484375 738
20001.943359375 770
20010.150390625 1434
20042.390625 1610
20050.580078125 1662
20052.2734375 1709
20141.158203125 1998
20141.482421875 2166
20227.080078125 2220
20238.8515625 2238
20277.36328125 2255
20313.431640625 2345
20333.361328125 2510
20346.26171875 2581
20350.990234375 2607
20382.05859375 2807
20390.861328125 1015
20391.494140625 1984
20391.6171875 1258
20425.998046875 2555
20447.255859375 1147
20466.662109375 865
20468.876953125 939
20491.294921875 1497
20493.1015625 2630
20507.4296875 2752
20527.0625 457
20560.39453125 309
20571.111328125 316
20582.30078125 483
20591.0078125 484
20599.701171875 633
20640.15625 1026
20661.005859375 1036
20670.1015625 1176
20697.611328125 1423
20702.33984375 1485
20707.240234375 1590
20718.40234375 1702
20752.712890625 1759
20754.78515625 1818
20760.96484375 1958
20764.904296875 1963
20775.47265625 1977
20797.857421875 2053
20798.54296875 2056
20807.3125 2125
20826.84375 2304
20834.095703125 2356
20847.271484375 2477
20850.8515625 2533
20896.181640625 2732
20900.689453125 2948
20922.171875 1601
20923.107421875 2256
20982.3671875 2104
21026.947265625 284
21034.056640625 182
21044.369140625 916
21054.044921875 1667
21095.564453125 1852
21096.064453125 727
21125.7421875 2036
21156.259765625 2772
21172.0 130
21177.228515625 219
21189.685546875 394
21220.740234375 405
21235.8671875 634
21238.681640625 856
21246.712890625 983
21273.205078125 1117
21321.779296875 1386
21345.015625 1791
21346.580078125 1991
21352.7578125 2060
21354.9921875 2215
21377.21484375 2314
21426.7109375 2440
21440.58203125 2467
21444.953125 2618
21489.546875 2648
21502.271484375 2694
21511.947265625 1772
21523.80859375 818
21556.939453125 2907
21561.783203125 660
21562.4765625 1168
21579.07421875 1145
21600.05859375 1476
21634.171875 1618
21648.853515625 655
21672.400390625 1592
21680.626953125 2120
21680.626953125 2557
21704.55859375 112
21716.6171875 350
21716.79296875 356
21718.318359375 448
21749.427734375 1500
21751.1328125 1526
21820.017578125 1587
21840.484375 1881
21851.521484375 1943
21857.015625 1962
21880.046875 1995
21881.845703125 2075
21909.234375 2118
21909.783203125 2309
21914.14453125 2418
21922.919921875 2516
21937.35546875 2588
21947.853515625 2605
22005.306640625 2623
22006.353515625 2937
22013.978515625 1005
22063.642578125 110
22072.2109375 2360
22085.7265625 121
22087.708984375 1046
22092.861328125 298
22128.51953125 372
22160.19140625 492
22220.251953125 752
22240.359375 838
22241.107421875 903
22244.888671875 1034
22271.380859375 1128
22274.3046875 1187
22282.427734375 1437
22291.017578125 1488
22305.4140625 1534
22369.556640625 1657
22384.74609375 1678
22423.99609375 1824
22428.099609375 1826
22445.0234375 1941
22470.041015625 1997
22471.1796875 2318
22472.986328125 2327
22500.583984375 2362
22511.171875 2404
22522.232421875 2453
22573.99609375 2458
22579.353515625 2496
22581.30859375 2696
22592.525390625 2722
22594.765625 2796
22609.40234375 2584
22615.1953125 2872
22617.162109375 2589
22623.671875 2135
22653.494140625 1802
22654.369140625 1853
22667.265625 1892
22667.265625 1580
22668.705078125 25
22692.01171875 72
22704.419921875 343
22721.85546875 710
22768.298828125 755
22770.09765625 885
22850.66796875 1683
22984.47265625 1776
22989.8359375 1972
23022.857421875 2047
23080.611328125 2138
23096.26953125 2185
23115.767578125 2344
23119.451171875 2545
23142.75 2573
23173.59375 2855
23199.66796875 2159
23200.85546875 1067
23212.76953125 371
23245.712890625 243
23257.052734375 1301
23288.30078125 311
23358.013671875 426
23361.609375 648
23383.34375 720
23401.453125 792
23434.638671875 940
23440.337890625 1006
23512.951171875 1032
23616.1015625 1160
23626.4453125 1189
23661.478515625 2183
23661.859375 2190
23682.6875 2301
23683.921875 1459
23696.23046875 1649
23715.173828125 353
23733.421875 2706
23756.0625 1511
23775.630859375 1778
23778.689453125 329
23798.953125 731
23802.240234375 1400
23939.140625 2070
23957.115234375 1480
23957.322265625 1714
24037.93359375 249
24059.091796875 94
24088.30078125 2823
24119.55078125 471
24148.044921875 473
24151.419921875 747
24208.458984375 915
24245.87109375 921
24261.5625 993
24342.544921875 1072
24366.876953125 1415
24402.544921875 1541
24427.06640625 1746
24453.169921875 1949
24461.525390625 2079
24463.46484375 2219
24476.564453125 2258
24504.890625 2413
24505.5234375 2628
24510.603515625 2828
24511.65234375 2903
24520.44921875 2996
24532.46484375 204
24567.44921875 1247
24598.408203125 1410
24631.130859375 1888
24651.43359375 1214
24653.83203125 1658
24658.810546875 2587
24678.953125 380
24735.56640625 688
24777.05859375 1761
24787.984375 66
24795.400390625 127
24872.296875 179
24880.14453125 855
24893.265625 1198
24954.21875 1250
24961.185546875 1507
24965.05078125 1558
24978.67578125 2007
25020.498046875 2092
25026.876953125 2231
25031.662109375 2384
25046.1953125 2457
25049.15625 2544
25068.3203125 2717
25072.740234375 2774
25104.474609375 2794
25104.474609375 2909
25158.12109375 972
25171.759765625 1138
25246.73828125 1442
25261.103515625 1137
25261.982421875 102
25287.708984375 667
25325.107421875 1935
25344.87890625 2352
25379.0390625 2887
25386.400390625 427
25403.046875 1533
25441.892578125 170
25451.30078125 262
25482.48828125 306
25509.50390625 596
25571.802734375 805
25616.263671875 849
25651.798828125 850
25676.708984375 965
25680.109375 976
25713.564453125 1058
25731.033203125 1403
25775.640625 1645
25846.95703125 1999
25866.0390625 2292
25884.03125 2392
25896.375 2403
25899.41796875 2497
25948.75390625 2524
25967.421875 2601
25975.45703125 2652
26032.75 2657
26060.57421875 2761
26073.876953125 2839
26104.474609375 2939
26114.412109375 2984
26119.048828125 1027
26119.44921875 622
26122.65234375 417
26133.98828125 450
26153.953125 690
26194.5390625 969
26278.427734375 982
26317.08984375 1040
26384.041015625 1078
26476.72265625 1083
26576.859375 1382
26607.669921875 1391
26624.3515625 1486
26657.3203125 1503
26684.93359375 1547
26713.654296875 1561
26720.00390625 1965
26763.3125 2026
26793.041015625 2066
26848.8125 2182
26868.689453125 2245
26892.4609375 2460
26894.1640625 2466
26987.556640625 2540
27010.1796875 2593
27076.201171875 2632
27134.28515625 2753
27135.904296875 2759
27208.94921875 2793
27263.275390625 2925
27267.484375 2152
27396.19921875 762
27431.623046875 2757
27454.056640625 37
27468.392578125 1624
27510.5703125 1271
27654.0 2370
27659.38671875 2895
27666.234375 2411
27668.19140625 67
27699.900390625 150
27771.755859375 171
27876.361328125 195
27892.490234375 363
28030.05859375 522
28107.037109375 657
28148.6171875 701
28163.40625 760
28245.8046875 811
28258.982421875 874
28270.2734375 875
28378.642578125 1002
28397.9609375 1007
28444.9765625 1023
28583.427734375 1356
28589.638671875 1378
28599.865234375 1489
28681.82421875 1629
28943.0625 2721
29004.53125 2032
29071.318359375 2259
29202.451171875 771
29208.1015625 1543
29263.4140625 2241
29264.38671875 1964
29274.1953125 1625
29317.96875 2693
29334.8984375 222
29465.8046875 258
29480.412109375 281
29498.505859375 506
29534.953125 582
29541.91796875 724
29549.708984375 879
29755.369140625 1003
29769.912109375 1171
29800.173828125 1182
29897.408203125 1588
29937.771484375 1685
29983.44140625 1758
29996.466796875 2300
30008.51953125 2310
30008.51953125 2705
30012.6171875 2845
30051.439453125 2916
30191.419921875 1811
30378.9765625 2701
30423.87890625 421
30696.748046875 1440
30701.564453125 2337
30736.326171875 2531
30745.072265625 18
30806.115234375 29
30806.966796875 31
30831.669921875 104
30851.240234375 274
30919.423828125 321
31170.3203125 370
31272.11328125 375
31299.71875 562
31325.658203125 914
31402.927734375 944
31421.5625 1672
31506.8984375 1684
31628.689453125 1825
31679.783203125 1846
31722.998046875 1960
31769.111328125 1976
31788.349609375 2006
31814.3359375 2319
31875.54296875 2405
31954.50390625 2550
31995.119140625 2606
32143.03515625 2768
32215.265625 1081
32267.7578125 1780
32303.13671875 16
32348.3984375 28
32387.755859375 125
32442.65234375 212
32587.876953125 265
32823.14453125 295
32904.8828125 360
32940.4765625 364
32960.1640625 937
33304.859375 1077
33482.43359375 1101
33740.8515625 1241
33824.16015625 1243
33903.9140625 1307
33954.66796875 1343
33985.265625 1404
33996.30078125 1418
34175.7421875 1585
34264.31640625 1719
34501.73828125 1822
34910.44140625 2009
35871.296875 2164
36155.5390625 2214
36194.09375 2250
36326.9140625 2263
36353.6640625 2342
39259.53125 2359
41293.8671875 2547
