3981.7158203125 1811
4341.79345703125 2701
4437.521484375 421
4699.73828125 1440
5375.07373046875 2337
5590.931640625 2531
5746.576171875 18
5821.373046875 29
5852.36865234375 31
5940.2666015625 104
5957.43896484375 274
6025.85009765625 321
6031.7314453125 370
6104.556640625 375
6151.240234375 562
6199.05810546875 914
6217.54345703125 944
6306.2509765625 1672
6344.31982421875 1684
6373.599609375 1825
6388.412109375 1846
6481.013671875 1960
6539.40625 1976
6567.9453125 2006
6668.84130859375 2319
6738.14306640625 2405
6761.77734375 2550
7105.97607421875 2606
7216.2451171875 2768
7311.90283203125 1446
7379.33984375 87
7409.3603515625 251
7444.953125 527
7485.212890625 529
7629.3212890625 625
7695.5947265625 641
7728.322265625 693
7737.80419921875 873
7769.255859375 881
7786.966796875 928
7893.123046875 1133
7903.9462890625 1283
7923.9892578125 1318
8000.314453125 1346
8033.65234375 1417
8051.873046875 1720
8054.6181640625 1987
8058.51708984375 2226
8073.8134765625 2296
8134.939453125 2515
8135.30078125 2572
8158.15283203125 2669
8272.1005859375 2728
8287.078125 2734
8327.345703125 2746
8342.8203125 2852
8436.33984375 2866
8461.123046875 2915
8535.82421875 2949
8562.732421875 377
8704.017578125 2281
8798.55859375 160
8811.1123046875 1
8914.482421875 425
8929.80078125 446
8930.71875 800
8933.08984375 918
8950.2099609375 953
9015.525390625 985
9025.23046875 986
9045.18359375 1008
9080.8974609375 1043
9128.94921875 1270
9131.6298828125 1317
9199.818359375 1435
9246.158203125 1548
9277.796875 1606
9327.751953125 1661
9366.6376953125 1712
9373.109375 2010
9409.38671875 2088
9435.419921875 2365
9437.822265625 2410
9511.958984375 2414
9562.908203125 2482
9672.9287109375 2560
9721.6572265625 2781
9728.626953125 2820
9791.154296875 997
9804.181640625 1781
9807.796875 81
9935.91796875 229
9942.0693359375 440
9951.9990234375 548
9976.306640625 611
10166.10546875 826
10241.259765625 834
10272.55859375 848
10296.2568359375 871
10323.2265625 893
10366.9697265625 1231
10369.2470703125 1256
10398.775390625 1315
10410.3212890625 1458
10430.9736328125 1550
10454.798828125 1671
10473.59765625 1711
10498.5537109375 1815
10567.7197265625 1893
10598.314453125 2312
10654.041015625 2324
10671.9130859375 2385
10693.111328125 2447
10696.2216796875 2562
10716.6337890625 2610
10718.73828125 2622
10748.953125 2853
10803.669921875 2924
10817.275390625 2927
10842.779296875 2239
10861.5693359375 1362
10925.38671875 1926
10970.9755859375 2997
11006.3818359375 254
11051.916015625 388
11105.15234375 465
11115.98046875 498
11131.208984375 520
11212.642578125 962
11242.177734375 981
11246.30859375 1156
11297.486328125 1652
11307.5546875 2205
11324.1328125 2339
11332.302734375 2417
11354.0869140625 2494
11356.9189453125 2687
11421.130859375 1122
11468.306640625 1670
11483.365234375 264
11490.66015625 2173
11492.0234375 1646
11511.9267578125 2396
11518.44140625 49
11522.00390625 189
11557.2060546875 261
11565.4599609375 263
11617.4765625 430
11619.9541015625 831
11632.728515625 899
11680.275390625 1123
11753.2197265625 1169
11753.4013671875 1350
11780.822265625 1405
11868.1015625 1512
11874.16015625 1750
11921.615234375 1769
11939.2412109375 1908
11947.763671875 1966
11951.109375 1982
11966.705078125 1993
11969.84765625 2094
11971.845703125 2126
11997.1982421875 2141
12062.529296875 2171
12074.1259765625 2174
12083.013671875 2177
12176.6474609375 2237
12232.0068359375 2367
12239.943359375 2536
12249.03125 2542
12292.0888671875 2582
12320.84375 2675
12338.71875 2703
12342.232421875 1873
12369.236328125 2107
12430.5234375 1281
12432.1689453125 455
12433.6015625 470
12435.5732421875 902
12471.787109375 926
12487.939453125 967
12492.6103515625 1104
12512.3505859375 1225
12528.6806640625 1286
12540.3310546875 1506
12543.7392578125 1516
12564.4814453125 1599
12569.9111328125 1779
12593.849609375 1848
12615.6728515625 1867
12669.099609375 1883
12673.330078125 2063
12680.5126953125 2210
12690.3125 2246
12707.0078125 2285
12714.0576171875 2361
12768.134765625 2686
12784.6494140625 2700
12795.9912109375 88
12824.283203125 586
12825.1875 136
12847.71484375 1471
12850.71875 226
12874.580078125 296
12884.38671875 1197
12884.3974609375 1666
12929.794921875 2511
12939.4345703125 101
12944.5859375 215
12960.677734375 549
12967.111328125 550
12970.8125 573
12999.658203125 1136
13017.69140625 1199
13024.41796875 1530
13027.068359375 1581
13031.84375 1640
13054.9453125 1688
13058.1083984375 1968
13108.935546875 2526
13120.048828125 2571
13120.62109375 2983
13139.916015625 1787
13160.451171875 602
13165.994140625 1146
13181.0703125 253
13209.732421875 342
13259.353515625 843
13277.24609375 1233
13281.041015625 1335
13281.6328125 1394
13285.6015625 1737
13320.55078125 1784
13334.5048828125 1950
13334.8203125 2025
13335.416015625 2473
13387.1171875 2518
13396.037109375 999
13439.5166015625 1056
13502.955078125 1900
13533.634765625 1304
13584.73828125 1326
13590.904296875 2967
13610.0576171875 1329
13618.037109375 50
13622.03125 318
13632.138671875 389
13642.91796875 478
13669.140625 491
13677.833984375 580
13716.994140625 599
13723.0244140625 890
13725.47265625 896
13733.46484375 909
13749.998046875 919
13795.896484375 995
13802.76953125 1273
13805.7578125 1342
13831.18359375 1430
13840.1650390625 1495
13873.158203125 1568
13915.3310546875 1583
13918.0947265625 1764
13923.564453125 1774
13931.13671875 2065
13938.017578125 2117
13977.046875 2181
14018.341796875 2268
14020.158203125 2465
14032.697265625 2664
14035.1494140625 2760
14044.5595703125 2764
14050.146484375 2938
14064.9091796875 2943
14078.134765625 1860
14108.6396484375 2880
14135.0009765625 1333
14141.0390625 2631
14163.5361328125 146
14188.4814453125 1538
14215.7177734375 21
14251.9248046875 34
14255.51171875 200
14271.671875 288
14282.875 336
14283.6259765625 385
14285.0859375 517
14308.19140625 546
14334.11328125 609
14337.20703125 614
14340.373046875 683
14350.8984375 686
14366.712890625 769
14375.6220703125 1097
14429.0361328125 1221
14434.857421875 1322
14498.33984375 1359
14527.6875 1376
14534.19140625 1686
14534.76171875 1854
14559.90625 2513
14565.173828125 2553
14565.34765625 2650
14587.3115234375 2672
14602.92578125 2911
14631.9091796875 78
14667.7421875 2713
14668.71484375 2800
14674.880859375 2651
14692.6259765625 2970
14698.1572265625 1045
14700.998046875 1068
14734.6435546875 2078
14759.0146484375 884
14763.408203125 886
14813.61328125 1028
14818.392578125 1845
14835.66796875 1932
14852.78125 2489
14856.2470703125 90
14864.60546875 153
14885.9423828125 240
14893.927734375 256
14902.486328125 531
14909.337890625 644
14927.09765625 706
14935.7255859375 775
14944.0517578125 1163
14948.400390625 1483
14948.9208984375 2114
14975.3818359375 2379
14976.505859375 2424
14985.9384765625 2433
14989.5859375 2435
15001.244140625 2442
15019.3330078125 2683
15026.6328125 2811
15029.373046875 2176
15039.5732421875 169
15046.474609375 2207
15081.330078125 1144
15087.32421875 2180
15124.052734375 73
15163.4921875 663
15190.455078125 677
15270.8779296875 756
15307.623046875 925
15318.140625 927
15329.986328125 946
15336.7998046875 996
15361.037109375 1141
15367.6328125 1202
15378.431640625 1251
15382.7353515625 1457
15388.4765625 1502
15390.7294921875 1591
15391.564453125 1733
15409.0703125 1735
15416.8720703125 1919
15426.1220703125 1933
15426.5517578125 1955
15427.1337890625 2002
15453.197265625 2335
15453.2880859375 2341
15461.818359375 2565
15478.63671875 2695
15487.982421875 2763
15488.248046875 2840
15521.880859375 2422
15547.2998046875 1020
15553.90234375 640
15558.9775390625 59
15598.556640625 177
15604.703125 191
15629.546875 575
15660.41796875 687
15732.6640625 934
15756.37890625 1119
15762.310546875 1529
15793.1376953125 1697
15825.6875 1810
15833.8720703125 1831
15857.88671875 2354
15858.8125 2528
15931.068359375 2679
15940.076171875 2712
15944.6982421875 2747
15954.27734375 2809
15965.42578125 2821
15968.9873046875 2842
15973.2998046875 2860
15987.865234375 2906
16003.4189453125 2994
16009.2578125 186
16037.48828125 223
16038.9873046875 1594
16044.857421875 410
16057.8642578125 631
16062.6005859375 132
16125.353515625 2576
16128.4609375 1282
16159.7705078125 488
16181.556640625 869
16203.1552734375 2059
16240.361328125 787
16287.115234375 904
16349.7265625 137
16362.2294921875 275
16400.951171875 328
16401.5546875 333
16419.05078125 392
16421.85546875 407
16425.28125 489
16428.130859375 680
16462.548828125 1022
16488.501953125 1290
16494.7578125 1358
16496.416015625 1607
16503.599609375 1653
16518.6640625 2024
16533.771484375 2184
16541.89453125 2221
16555.962890625 2394
16558.08984375 2427
16567.720703125 2517
16576.5 2655
16584.556640625 2704
16613.021484375 2900
16627.271484375 2946
16630.453125 459
16662.15625 1408
16716.36328125 1339
16727.169921875 22
16741.65625 45
16752.51953125 300
16775.89453125 812
16842.150390625 922
16852.69921875 947
16860.044921875 975
16861.115234375 1001
16898.369140625 1095
16901.509765625 1275
16901.509765625 1664
16919.0859375 1708
16922.443359375 1763
16930.7734375 1766
16936.43359375 1889
16940.107421875 2077
16943.0078125 2082
16974.31640625 2131
16983.154296875 2315
16985.443359375 2317
16992.806640625 2409
16999.0 2608
17005.826171875 2616
17039.212890625 2649
17041.953125 2819
17082.12890625 2862
17084.935546875 1164
17093.30859375 2213
17136.568359375 1050
17140.59375 979
17154.658203125 1562
17157.1484375 1597
17163.171875 2334
17168.23828125 587
17174.75390625 630
17222.333984375 777
17226.3671875 1012
17229.689453125 1064
17237.78515625 1082
17237.78515625 1462
17258.5546875 1501
17259.765625 1654
17267.60546875 1800
17286.85546875 2656
17293.541015625 2884
17299.966796875 1416
17306.12109375 1575
17313.51171875 2889
17320.19921875 445
17322.07421875 30
17341.4296875 2484
17344.220703125 38
17358.357421875 40
17368.15625 76
17396.470703125 77
17424.564453125 108
17434.775390625 164
17445.5859375 211
17450.515625 225
17518.13671875 376
17528.66015625 437
17535.3671875 510
17538.40625 646
17566.2265625 671
17566.689453125 738
17567.849609375 770
17571.91015625 1434
17579.841796875 1610
17607.771484375 1662
17650.60546875 1709
17684.333984375 1998
17714.94921875 2166
17716.708984375 2220
17717.546875 2238
17722.25390625 2255
17734.71484375 2345
17751.79296875 2510
17757.232421875 2581
17800.9296875 2607
17805.615234375 2807
17811.916015625 1015
17819.419921875 1984
17876.27734375 1258
17884.0546875 2555
17907.966796875 1147
17913.232421875 865
17914.462890625 939
17920.87109375 1497
17930.541015625 2630
17936.13671875 2752
17947.07421875 457
17971.970703125 309
17980.3984375 316
17985.62890625 483
18018.935546875 484
18035.408203125 633
18052.525390625 1026
18067.685546875 1036
18100.86328125 1176
18107.625 1423
18117.94921875 1485
18119.59375 1590
18120.517578125 1702
18123.44140625 1759
18128.1484375 1818
18142.658203125 1958
18153.31640625 1963
18171.90234375 1977
18221.01953125 2053
18225.408203125 2056
18235.58203125 2125
18258.34375 2304
18267.5 2356
18276.6484375 2477
18307.16796875 2533
18314.19140625 2732
18324.19140625 2948
18329.806640625 1601
18342.62109375 2256
18354.86328125 2104
18378.115234375 284
18381.1875 182
18386.095703125 916
18388.689453125 1667
18399.2890625 1852
18421.5390625 727
18421.587890625 2036
18423.94921875 2772
18432.09375 130
18455.3359375 219
18462.951171875 394
18462.986328125 405
18463.6796875 634
18481.212890625 856
18495.75 983
18498.869140625 1117
18505.703125 1386
18507.05078125 1791
18512.99609375 1991
18536.125 2060
18539.869140625 2215
18555.705078125 2314
18559.201171875 2440
18580.25390625 2467
18598.44921875 2618
18604.6640625 2648
18613.892578125 2694
18639.10546875 1772
18656.45703125 818
18673.95703125 2907
18708.21875 660
18711.6484375 1168
18718.802734375 1145
18734.375 1476
18735.880859375 1618
18747.55859375 655
18754.537109375 1592
18755.029296875 2120
18758.62890625 2557
18758.62890625 112
18762.47265625 350
18765.73046875 356
18768.734375 448
18778.38671875 1500
18794.15234375 1526
18797.90234375 1587
18806.98828125 1881
18815.77734375 1943
18835.27734375 1962
18853.83984375 1995
18877.97265625 2075
18882.4296875 2118
18887.65234375 2309
18895.7265625 2418
18922.76953125 2516
18929.59765625 2588
18933.193359375 2605
18940.5703125 2623
18961.341796875 2937
19009.5078125 1005
19018.310546875 110
19046.30859375 2360
19057.1171875 121
19091.34375 1046
19122.861328125 298
19124.6953125 372
19150.580078125 492
19159.06640625 752
19181.71875 838
19199.427734375 903
19215.3125 1034
19224.994140625 1128
19226.6640625 1187
19268.255859375 1437
19282.607421875 1488
19295.798828125 1534
19313.7109375 1657
19327.130859375 1678
19327.9453125 1824
19338.474609375 1826
19356.984375 1941
19366.240234375 1997
19368.56640625 2318
19384.78125 2327
19431.736328125 2362
19459.685546875 2404
19498.03125 2453
19502.138671875 2458
19523.7421875 2496
19586.6875 2696
19588.85546875 2722
19597.8046875 2796
19609.6875 2584
19614.98046875 2872
19652.478515625 2589
19658.171875 2135
19677.54296875 1802
19708.802734375 1853
19725.14453125 1892
19735.44921875 1580
19752.81640625 25
19757.947265625 72
19773.763671875 343
19788.5546875 710
19816.0859375 755
19842.279296875 885
19850.84375 1683
19881.376953125 1776
19885.521484375 1972
19908.712890625 2047
19908.712890625 2138
19924.6484375 2185
19945.810546875 2344
19948.51953125 2545
19959.859375 2573
19981.3671875 2855
19987.5703125 2159
19999.9609375 1067
20003.59765625 371
20013.5859375 243
20020.390625 1301
20048.0859375 311
20057.546875 426
20083.541015625 648
20112.9296875 720
20137.30859375 792
20137.783203125 940
20145.67578125 1006
20168.322265625 1032
20170.59375 1160
20174.224609375 1189
20180.31640625 2183
20184.29296875 2190
20193.28125 2301
20210.197265625 1459
20256.146484375 1649
20257.3828125 353
20262.40234375 2706
20268.720703125 1511
20269.0703125 1778
20288.541015625 329
20302.03125 731
20313.853515625 1400
20313.966796875 2070
20340.6015625 1480
20356.6015625 1714
20370.15234375 249
20385.86328125 94
20408.646484375 2823
20420.12109375 471
20428.8984375 473
20451.271484375 747
20464.7578125 915
20514.01953125 921
20546.615234375 993
20577.107421875 1072
20607.84375 1415
20645.623046875 1541
20691.984375 1746
20777.171875 1949
20787.01171875 2079
20809.455078125 2219
20865.4609375 2258
20865.8046875 2413
20879.810546875 2628
20898.3046875 2828
20944.4453125 2903
20962.037109375 2996
20978.59765625 204
20984.74609375 1247
21051.349609375 1410
21082.87890625 1888
21089.8359375 1214
21105.837890625 1658
21116.583984375 2587
21117.482421875 380
21122.7578125 688
21130.654296875 1761
21145.287109375 66
21168.068359375 127
21238.72265625 179
21242.4765625 855
21268.5546875 1198
21272.740234375 1250
21312.037109375 1507
21330.2578125 1558
21340.005859375 2007
21373.1640625 2092
21425.12109375 2231
21429.150390625 2384
21429.150390625 2457
21429.8125 2544
21450.583984375 2717
21485.28515625 2774
21512.44140625 2794
21515.80078125 2909
21536.77734375 972
21658.83984375 1138
21672.896484375 1442
21743.71875 1137
21792.53515625 102
21825.984375 667
21828.77734375 1935
21831.966796875 2352
21842.212890625 2887
21851.4140625 427
21857.1640625 1533
21859.662109375 170
21859.662109375 262
21896.02734375 306
21928.78515625 596
21939.27734375 805
21952.990234375 849
21995.5234375 850
22012.625 965
22053.966796875 976
22057.7578125 1058
22067.45703125 1403
22085.888671875 1645
22126.060546875 1999
22127.59375 2292
22152.97265625 2392
22157.029296875 2403
22163.986328125 2497
22196.779296875 2524
22346.439453125 2601
22351.171875 2652
22397.98046875 2657
22484.275390625 2761
22506.80078125 2839
22610.861328125 2939
22682.923828125 2984
22768.08984375 1027
22836.97265625 622
22857.265625 417
22879.021484375 450
22911.1015625 690
22954.333984375 969
22957.21484375 982
23054.015625 1040
23082.140625 1078
23087.03515625 1083
23096.21484375 1382
23283.494140625 1391
23293.66796875 1486
23304.76171875 1503
23313.390625 1547
23318.86328125 1561
23337.279296875 1965
23523.97265625 2026
23573.77734375 2066
23589.26953125 2182
23590.384765625 2245
23673.3984375 2460
23766.095703125 2466
23901.033203125 2540
23905.40625 2593
23989.458984375 2632
24035.142578125 2753
24070.9296875 2759
24083.90625 2793
24122.71484375 2925
24157.67578125 2152
24158.177734375 762
24164.265625 2757
24186.982421875 37
24230.7578125 1624
24304.9140625 1271
24381.3828125 2370
24421.201171875 2895
24436.291015625 2411
24476.05859375 67
24513.9765625 150
24555.376953125 171
24579.0234375 195
24806.21484375 363
24812.1484375 522
24932.712890625 657
24947.4140625 701
24947.4140625 760
25109.51171875 811
25202.01953125 874
25343.1796875 875
25400.98828125 1002
25412.71875 1007
25517.8203125 1023
25685.416015625 1356
25749.40625 1378
25753.009765625 1489
25996.875 1629
26046.73046875 2721
26146.0 2032
26176.705078125 2259
26287.1015625 771
26316.376953125 1543
26324.48828125 2241
26329.64453125 1964
26330.07421875 1625
26417.03125 2693
26450.44921875 222
26476.1484375 258
26816.955078125 281
26826.318359375 506
26868.712890625 582
26952.123046875 724
27182.537109375 879
27282.146484375 1003
27328.98046875 1171
27537.064453125 1182
27732.322265625 1588
27805.572265625 1685
27812.57421875 1758
27850.912109375 2300
27912.703125 2310
28169.578125 2705
28248.978515625 2845
28491.90625 2916
28562.046875 1081
28862.544921875 1780
29030.421875 16
29234.90234375 28
29348.5390625 125
29530.248046875 212
29537.08203125 265
29557.181640625 295
29646.041015625 360
29679.10546875 364
29684.546875 937
29755.34375 1077
29831.037109375 1101
30201.734375 1241
30688.162109375 1243
31562.5234375 1307
31592.73046875 1343
32166.220703125 1404
32799.484375 1418
32947.44140625 1585
33080.3515625 1719
33190.34375 1822
33218.66796875 2009
33328.50390625 2164
33352.96875 2214
33488.88671875 2250
33856.828125 2263
35032.453125 2342
35044.90234375 2359
36607.78515625 2547
