6065.48486328125 1144
6413.3583984375 2180
6975.6123046875 73
7288.7841796875 663
7432.63916015625 677
7785.859375 756
7909.0078125 925
7935.9482421875 927
7948.265625 946
8008.259765625 996
8024.24462890625 1141
8027.18310546875 1202
8109.07861328125 1251
8132.04052734375 1457
8246.763671875 1502
8272.15234375 1591
8276.4296875 1733
8304.4912109375 1735
8350.265625 1919
8374.72265625 1933
8398.474609375 1955
8428.34375 2002
8527.42578125 2335
8528.6328125 2341
8709.88671875 2565
8739.5029296875 2695
8745.60546875 2763
8843.45703125 2840
8914.466796875 2422
8915.94140625 1446
8921.4306640625 87
8958.673828125 251
8961.6455078125 527
9005.6220703125 529
9015.474609375 625
9031.880859375 641
9075.6630859375 693
9080.58984375 873
9096.318359375 881
9101.6259765625 928
9121.365234375 1133
9141.8515625 1283
9201.623046875 1318
9204.8798828125 1346
9296.5263671875 1417
9355.935546875 1720
9375.04296875 1987
9389.7138671875 2226
9393.8974609375 2296
9435.994140625 2515
9454.7548828125 2572
9455.3115234375 2669
9460.548828125 2728
9478.9970703125 2734
9500.3203125 2746
9511.802734375 2852
9537.7392578125 2866
9546.0478515625 2915
9593.76171875 2949
9622.8916015625 377
9649.4677734375 2281
9649.4677734375 160
9654.0126953125 1
9663.0537109375 425
9664.6201171875 446
9699.0556640625 800
9702.958984375 918
9725.3193359375 953
9788.8984375 985
9825.8583984375 986
9829.458984375 1008
9833.0234375 1043
9836.640625 1270
9866.3955078125 1317
9872.44140625 1435
9890.302734375 1548
9900.2421875 1606
9903.5078125 1661
9908.53125 1712
9923.8603515625 2010
9974.677734375 2088
9984.9599609375 2365
10015.15625 2410
10023.9169921875 2414
10034.0576171875 2482
10065.216796875 2560
10107.537109375 2781
10130.8291015625 2820
10135.3427734375 997
10167.4609375 1781
10168.1484375 81
10196.10546875 229
10208.4619140625 440
10211.1005859375 548
10246.283203125 611
10255.912109375 826
10260.052734375 834
10264.71875 848
10299.7724609375 871
10313.34765625 893
10322.537109375 1231
10338.2275390625 1256
10341.5556640625 1315
10411.5400390625 1458
10417.8740234375 1550
10444.443359375 1671
10471.16015625 1711
10477.6240234375 1815
10481.390625 1893
10484.3662109375 2312
10486.015625 2324
10486.91796875 2385
10490.28515625 2447
10493.98046875 2562
10520.3828125 2610
10567.205078125 2622
10568.03125 2853
10618.0859375 2924
10643.90625 2927
10647.5400390625 2239
10656.5712890625 1362
10656.84765625 1926
10667.1259765625 2997
10692.669921875 254
10714.220703125 388
10744.466796875 465
10765.98828125 498
10773.7763671875 520
10795.900390625 962
10800.0224609375 981
10801.0009765625 1156
10806.5390625 1652
10813.83203125 2205
10838.9619140625 2339
10841.38671875 2417
10849.439453125 2494
10852.95703125 2687
10861.54296875 1122
10894.564453125 1670
10897.1455078125 264
10926.138671875 2173
10928.390625 1646
10932.4931640625 2396
10956.96875 49
10968.6630859375 189
10968.6630859375 261
10973.857421875 263
10974.8564453125 430
10978.72265625 831
10980.3955078125 899
10994.5302734375 1123
11019.8974609375 1169
11021.328125 1350
11048.61328125 1405
11056.0361328125 1512
11059.7265625 1750
11073.083984375 1769
11074.6494140625 1908
11076.2177734375 1966
11084.67578125 1982
11097.560546875 1993
11119.3125 2094
11141.2998046875 2126
11143.041015625 2141
11143.041015625 2171
11154.95703125 2174
11161.548828125 2177
11173.5380859375 2237
11181.5390625 2367
11182.5234375 2536
11233.9560546875 2542
11255.7421875 2582
11261.27734375 2675
11287.591796875 2703
11290.6103515625 1873
11305.2353515625 2107
11307.0673828125 1281
11309.9443359375 455
11321.2568359375 470
11325.8125 902
11336.8134765625 926
11342.931640625 967
11343.1640625 1104
11353.384765625 1225
11372.8994140625 1286
11394.1796875 1506
11419.24609375 1516
11421.0673828125 1599
11433.779296875 1779
11443.9111328125 1848
11447.5390625 1867
11510.484375 1883
11513.4462890625 2063
11530.9609375 2210
11549.8505859375 2246
11561.267578125 2285
11578.3486328125 2361
11581.744140625 2686
11587.736328125 2700
11588.474609375 88
11589.6455078125 586
11608.5068359375 136
11610.8994140625 1471
11655.01171875 226
11663.5517578125 296
11670.2421875 1197
11679.7421875 1666
11709.3310546875 2511
11711.8642578125 101
11721.7568359375 215
11734.9677734375 549
11735.107421875 550
11746.994140625 573
11758.06640625 1136
11774.3125 1199
11804.6455078125 1530
11814.8818359375 1581
11816.1083984375 1640
11839.591796875 1688
11847.0263671875 1968
11852.0927734375 2526
11870.0341796875 2571
11875.908203125 2983
11889.412109375 1787
11892.3251953125 602
11898.0146484375 1146
11898.9775390625 253
11907.701171875 342
11910.3505859375 843
11923.9443359375 1233
11931.0361328125 1335
11943.470703125 1394
11950.0166015625 1737
11960.1416015625 1784
11962.779296875 1950
11974.6435546875 2025
11982.7783203125 2473
11999.1953125 2518
12008.0615234375 999
12009.513671875 1056
12042.310546875 1900
12046.35546875 1304
12053.2822265625 1326
12067.9521484375 2967
12072.044921875 1329
12074.7412109375 50
12107.146484375 318
12138.45703125 389
12154.908203125 478
12159.5185546875 491
12164.083984375 580
12166.4853515625 599
12176.6298828125 890
12179.9892578125 896
12205.2021484375 909
12207.19140625 919
12211.8798828125 995
12247.552734375 1273
12250.353515625 1342
12252.1279296875 1430
12252.9765625 1495
12255.2802734375 1568
12268.771484375 1583
12274.509765625 1764
12278.263671875 1774
12279.7890625 2065
12287.0947265625 2117
12288.35546875 2181
12291.25390625 2268
12293.0068359375 2465
12303.5869140625 2664
12304.0654296875 2760
12309.2021484375 2764
12311.33984375 2938
12316.6455078125 2943
12349.826171875 1860
12363.3486328125 2880
12364.1689453125 1333
12371.9794921875 2631
12379.1875 146
12389.3916015625 1538
12395.845703125 21
12396.87890625 34
12399.9208984375 200
12417.13671875 288
12424.125 336
12442.6953125 385
12444.8544921875 517
12450.4169921875 546
12454.7138671875 609
12475.080078125 614
12479.462890625 683
12480.404296875 686
12502.6787109375 769
12507.73046875 1097
12509.787109375 1221
12513.486328125 1322
12514.0283203125 1359
12546.2626953125 1376
12558.005859375 1686
12562.244140625 1854
12571.361328125 2513
12585.26171875 2553
12585.546875 2650
12598.587890625 2672
12603.8369140625 2911
12620.775390625 78
12635.6982421875 2713
12645.447265625 2800
12645.53125 2651
12664.73828125 2970
12667.572265625 1045
12680.46875 1068
12683.77734375 2078
12690.8359375 884
12693.6904296875 886
12695.1650390625 1028
12703.5078125 1845
12704.373046875 1932
12723.9033203125 2489
12731.6376953125 90
12734.6962890625 153
12735.3544921875 240
12739.3740234375 256
12753.8251953125 531
12761.3984375 644
12766.130859375 706
12766.3251953125 775
12783.0263671875 1163
12788.03515625 1483
12795.361328125 2114
12802.9765625 2379
12807.126953125 2424
12809.841796875 2433
12816.2880859375 2435
12827.1142578125 2442
12838.7421875 2683
12838.7421875 2811
12900.75 2176
12910.4130859375 169
12910.912109375 2207
12917.2890625 1020
12927.86328125 640
12932.615234375 59
12996.787109375 177
13000.33984375 191
13009.826171875 575
13012.615234375 687
13018.146484375 934
13020.904296875 1119
13050.021484375 1529
13059.3681640625 1697
13068.263671875 1810
13070.9853515625 1831
13072.2216796875 2354
13075.7626953125 2528
13081.95703125 2679
13090.412109375 2712
13093.6328125 2747
13107.83984375 2809
13109.021484375 2821
13129.7646484375 2842
13131.7255859375 2860
13132.482421875 2906
13134.59765625 2994
13145.6943359375 186
13160.744140625 223
13162.9208984375 1594
13210.2421875 410
13227.166015625 631
13230.1416015625 132
13231.1259765625 2576
13234.3515625 1282
13238.7861328125 488
13243.2880859375 869
13287.5830078125 2059
13298.33203125 787
13307.6611328125 904
13308.1171875 137
13332.79296875 275
13333.560546875 328
13334.91015625 333
13340.4921875 392
13347.640625 407
13355.4765625 489
13356.29296875 680
13387.541015625 1022
13387.7080078125 1290
13430.578125 1358
13448.1513671875 1607
13463.048828125 1653
13469.7333984375 2024
13486.5224609375 2184
13497.3330078125 2221
13513.8115234375 2394
13523.498046875 2427
13525.7392578125 2517
13549.9345703125 2655
13562.6376953125 2704
13571.896484375 2900
13583.125 2946
13590.091796875 459
13594.2236328125 1408
13598.1259765625 1339
13599.85546875 22
13605.091796875 45
13605.958984375 300
13612.8232421875 812
13632.48828125 922
13642.49609375 947
13655.1826171875 975
13655.2822265625 1001
13682.033203125 1095
13704.54296875 1275
13713.6982421875 1664
13739.3857421875 1708
13752.09765625 1763
13764.677734375 1766
13771.5654296875 1889
13777.099609375 2077
13779.0107421875 2082
13831.576171875 2131
13839.5205078125 2315
13842.7294921875 2317
13851.8818359375 2409
13853.42578125 2608
13880.935546875 2616
13886.349609375 2649
13889.134765625 2819
13891.427734375 2862
13898.6904296875 1164
13903.775390625 2213
13933.9150390625 1050
13938.349609375 979
13961.943359375 1562
13970.232421875 1597
13981.2529296875 2334
13989.0693359375 587
14009.2294921875 630
14013.8212890625 777
14030.3447265625 1012
14046.9169921875 1064
14055.36328125 1082
14055.7109375 1462
14066.7802734375 1501
14067.10546875 1654
14079.408203125 1800
14079.9326171875 2656
14082.8193359375 2884
14085.4130859375 1416
14112.3955078125 1575
14114.30078125 2889
14116.310546875 445
14135.9248046875 30
14140.376953125 2484
14146.1484375 38
14176.138671875 40
14176.8037109375 76
14178.337890625 77
14185.9951171875 108
14192.91796875 164
14238.2939453125 211
14259.36328125 225
14262.1083984375 376
14269.7578125 437
14271.880859375 510
14289.876953125 646
14297.439453125 671
14309.732421875 738
14322.119140625 770
14339.0146484375 1434
14363.787109375 1610
14367.564453125 1662
14367.6103515625 1709
14393.986328125 1998
14419.25390625 2166
14422.65234375 2220
14424.423828125 2238
14438.3564453125 2255
14438.5791015625 2345
14444.9521484375 2510
14458.1708984375 2581
14474.7294921875 2607
14477.1103515625 2807
14503.8076171875 1015
14509.412109375 1984
14511.4208984375 1258
14514.275390625 2555
14525.662109375 1147
14537.6494140625 865
14549.509765625 939
14572.4970703125 1497
14574.9267578125 2630
14579.125 2752
14588.9599609375 457
14593.3037109375 309
14597.8046875 316
14600.267578125 483
14608.1640625 484
14609.78515625 633
14613.6494140625 1026
14619.0078125 1036
14636.8115234375 1176
14636.9365234375 1423
14646.6943359375 1485
14650.7841796875 1590
14653.7783203125 1702
14661.556640625 1759
14677.3125 1818
14688.4345703125 1958
14688.8642578125 1963
14696.06640625 1977
14733.921875 2053
14736.2021484375 2056
14740.37890625 2125
14751.576171875 2304
14756.00390625 2356
14788.216796875 2477
14788.439453125 2533
14794.3193359375 2732
14795.3291015625 2948
14812.265625 1601
14819.9736328125 2256
14834.029296875 2104
14853.248046875 284
14856.6943359375 182
14859.3291015625 916
14868.2001953125 1667
14877.8974609375 1852
14882.94140625 727
14897.130859375 2036
14900.125 2772
14920.84765625 130
14927.380859375 219
14929.458984375 394
14932.474609375 405
14936.6279296875 634
14951.427734375 856
14970.875 983
14971.853515625 1117
14983.89453125 1386
14984.828125 1791
14995.84765625 1991
15002.8115234375 2060
15005.18359375 2215
15039.3818359375 2314
15044.3505859375 2440
15054.845703125 2467
15091.890625 2618
15107.35546875 2648
15108.119140625 2694
15116.671875 1772
15123.5439453125 818
15146.4873046875 2907
15162.078125 660
15163.1181640625 1168
15168.919921875 1145
15177.748046875 1476
15179.94140625 1618
15181.8359375 655
15182.9521484375 1592
15191.0478515625 2120
15195.50390625 2557
15218.66796875 112
15240.3515625 350
15241.97265625 356
15252.2568359375 448
15255.53125 1500
15264.203125 1526
15276.568359375 1587
15277.49609375 1881
15286.029296875 1943
15288.61328125 1962
15292.7314453125 1995
15306.5185546875 2075
15308.9990234375 2118
15309.8857421875 2309
15332.1923828125 2418
15352.251953125 2516
15365.7333984375 2588
15379.3955078125 2605
15407.76171875 2623
15433.751953125 2937
15443.6162109375 1005
15447.5703125 110
15464.1455078125 2360
15465.2578125 121
15496.89453125 1046
15516.3505859375 298
15517.89453125 372
15517.978515625 492
15522.7060546875 752
15530.02734375 838
15535.9580078125 903
15537.5732421875 1034
15566.2451171875 1128
15569.1552734375 1187
15574.5009765625 1437
15584.8359375 1488
15601.7958984375 1534
15616.25390625 1657
15617.3359375 1678
15627.451171875 1824
15636.0380859375 1826
15669.8974609375 1941
15675.74609375 1997
15685.9296875 2318
15692.826171875 2327
15695.9013671875 2362
15701.505859375 2404
15704.8837890625 2453
15723.607421875 2458
15723.9423828125 2496
15760.6572265625 2696
15765.2705078125 2722
15767.322265625 2796
15774.2158203125 2584
15776.8212890625 2872
15803.658203125 2589
15814.849609375 2135
15822.21484375 1802
15853.4365234375 1853
15870.6162109375 1892
15889.345703125 1580
15894.1181640625 25
15901.7958984375 72
15909.1591796875 343
15911.099609375 710
15920.1953125 755
15929.0546875 885
15952.7646484375 1683
15965.279296875 1776
15971.87109375 1972
15981.0087890625 2047
15994.1611328125 2138
15996.771484375 2185
15997.3759765625 2344
16014.439453125 2545
16017.0 2573
16020.76953125 2855
16028.091796875 2159
16041.9072265625 1067
16075.50390625 371
16088.1376953125 243
16101.34375 1301
16106.779296875 311
16121.486328125 426
16154.46484375 648
16155.783203125 720
16164.48828125 792
16164.51171875 940
16170.0634765625 1006
16182.96484375 1032
16189.96875 1160
16193.435546875 1189
16200.44140625 2183
16215.287109375 2190
16233.5947265625 2301
16260.765625 1459
16296.0537109375 1649
16298.23828125 353
16308.9150390625 2706
16311.203125 1511
16315.84765625 1778
16319.7392578125 329
16324.630859375 731
16335.4765625 1400
16337.2421875 2070
16352.7421875 1480
16354.767578125 1714
16382.373046875 249
16392.427734375 94
16402.111328125 2823
16402.1875 471
16404.75390625 473
16432.97265625 747
16461.646484375 915
16467.796875 921
16485.55859375 993
16501.755859375 1072
16504.15234375 1415
16518.908203125 1541
16520.119140625 1746
16520.119140625 1949
16521.294921875 2079
16529.91796875 2219
16531.98046875 2258
16538.23046875 2413
16539.435546875 2628
16558.525390625 2828
16589.81640625 2903
16596.150390625 2996
16608.455078125 204
16620.037109375 1247
16622.634765625 1410
16632.330078125 1888
16639.919921875 1214
16656.609375 1658
16660.865234375 2587
16675.05078125 380
16679.21484375 688
16697.51171875 1761
16698.5546875 66
16717.95703125 127
16721.76171875 179
16726.447265625 855
16727.064453125 1198
16727.4609375 1250
16749.181640625 1507
16756.0859375 1558
16759.54296875 2007
16762.5625 2092
16779.888671875 2231
16806.376953125 2384
16839.03125 2457
16839.60546875 2544
16841.28125 2717
16854.4921875 2774
16860.205078125 2794
16891.43359375 2909
16900.1484375 972
16900.98828125 1138
16901.8828125 1442
16914.392578125 1137
16928.5 102
16931.939453125 667
16932.3359375 1935
16932.96875 2352
16947.119140625 2887
16958.71875 427
16977.97265625 1533
17004.326171875 170
17007.693359375 262
17039.203125 306
17040.5859375 596
17041.54296875 805
17069.630859375 849
17071.16796875 850
17072.166015625 965
17075.052734375 976
17111.373046875 1058
17115.30859375 1403
17126.857421875 1645
17136.78125 1999
17161.041015625 2292
17172.73046875 2392
17175.19140625 2403
17196.40625 2497
17203.39453125 2524
17209.005859375 2601
17219.189453125 2652
17225.796875 2657
17247.142578125 2761
17263.09765625 2839
17267.134765625 2939
17300.578125 2984
17318.513671875 1027
17376.97265625 622
17409.97265625 417
17433.841796875 450
17484.64453125 690
17527.8125 969
17641.720703125 982
17711.8984375 1040
17730.388671875 1078
17738.302734375 1083
17739.375 1382
17776.12109375 1391
17792.546875 1486
17803.37890625 1503
17804.669921875 1547
17816.158203125 1561
17841.41015625 1965
17877.19140625 2026
17883.462890625 2066
17889.50390625 2182
17899.357421875 2245
17938.11328125 2460
17957.9140625 2466
17960.609375 2540
17982.8125 2593
17994.998046875 2632
18022.6875 2753
18022.6875 2759
18026.173828125 2793
18038.396484375 2925
18074.64453125 2152
18121.55859375 762
18156.3046875 2757
18206.5859375 37
18254.5625 1624
18331.1796875 1271
18379.533203125 2370
18383.79296875 2895
18397.73828125 2411
18441.65234375 67
18482.21484375 150
18499.810546875 171
18538.6953125 195
18572.5390625 363
18592.537109375 522
18619.43359375 657
18671.0234375 701
18704.2265625 760
18723.955078125 811
18732.275390625 874
18748.3828125 875
18770.337890625 1002
18771.20703125 1007
18774.564453125 1023
18987.212890625 1356
19029.3984375 1378
19051.287109375 1489
19071.40625 1629
19075.525390625 2721
19080.3359375 2032
19204.18359375 2259
19208.63671875 771
19219.984375 1543
19256.70703125 2241
19269.158203125 1964
19357.134765625 1625
19383.47265625 2693
19387.37109375 222
19400.703125 258
19403.4375 281
19407.517578125 506
19411.265625 582
19425.177734375 724
19433.638671875 879
19446.806640625 1003
19550.40234375 1171
19571.794921875 1182
19589.251953125 1588
19611.59765625 1685
19719.837890625 1758
19728.375 2300
19734.212890625 2310
19781.734375 2705
19867.6796875 2845
19885.7890625 2916
19918.4296875 1811
19929.404296875 2701
20026.5078125 421
20057.701171875 1440
20078.138671875 2337
20114.029296875 2531
20136.21484375 18
20146.103515625 29
20162.029296875 31
20177.732421875 104
20220.732421875 274
20347.564453125 321
20419.23828125 370
20421.1015625 375
20734.7890625 562
20764.728515625 914
20774.759765625 944
20797.619140625 1672
20835.251953125 1684
20952.8125 1825
20986.416015625 1846
21038.390625 1960
21080.765625 1976
21143.55078125 2006
21239.46484375 2319
21240.765625 2405
21397.833984375 2550
21523.380859375 2606
21532.109375 2768
21681.484375 1081
21691.841796875 1780
21824.23046875 16
21859.255859375 28
22222.70703125 125
22344.578125 212
22346.35546875 265
22399.64453125 295
22412.9375 360
22459.310546875 364
22506.810546875 937
22545.32421875 1077
22590.896484375 1101
22976.67578125 1241
23362.904296875 1243
23662.919921875 1307
23815.2890625 1343
23848.197265625 1404
24269.03515625 1418
24313.90234375 1585
24321.73046875 1719
24407.439453125 1822
25465.943359375 2009
25488.94921875 2164
26259.22265625 2214
26546.58203125 2250
26787.63671875 2263
27300.265625 2342
27732.818359375 2359
30332.4921875 2547
