459.51922607421875 1282
816.5054931640625 488
826.716796875 869
1120.875 2059
1366.3536376953125 787
1385.6036376953125 904
1448.83544921875 137
1649.4046630859375 275
1705.75830078125 328
1727.74560546875 333
1756.8057861328125 392
1761.5341796875 407
1761.8641357421875 489
1812.3875732421875 680
1821.93701171875 1022
1906.849853515625 1290
1928.093017578125 1358
1967.2213134765625 1607
1971.0679931640625 1653
1994.004638671875 2024
2064.45703125 2184
2369.780517578125 2221
2531.54443359375 2394
2604.853759765625 2427
3135.457763671875 2517
3143.749267578125 2655
3170.9267578125 2704
3366.43359375 2900
3510.7841796875 2946
3564.70458984375 459
3840.950439453125 1446
3848.5810546875 87
4050.635009765625 251
4583.30859375 527
4742.30322265625 529
4742.96728515625 625
4862.97900390625 641
4936.76953125 693
5182.49462890625 873
5202.08447265625 881
5294.9580078125 928
5325.875 1133
5396.95166015625 1283
5613.90234375 1318
5627.3505859375 1346
5832.08203125 1417
5892.322265625 1720
5897.5166015625 1987
6137.1357421875 2226
6189.82080078125 2296
6587.76513671875 2515
6623.708984375 2572
6861.7236328125 2669
6999.72119140625 2728
7005.6064453125 2734
7075.19873046875 2746
7241.0703125 2852
7401.9130859375 2866
7544.9462890625 2915
7797.4921875 2949
8011.0908203125 377
8037.384765625 2281
8137.5009765625 160
8320.26953125 1
8411.392578125 425
8447.6572265625 446
8454.7470703125 800
8792.45703125 918
9013.52734375 953
9013.52734375 985
9057.09765625 986
9084.75390625 1008
9092.98828125 1043
9220.146484375 1270
9318.111328125 1317
9443.921875 1435
9459.4697265625 1548
9681.39453125 1606
9892.2900390625 1661
10039.357421875 1712
10096.98046875 2010
10151.9228515625 2088
10215.4560546875 2365
10219.474609375 2410
10255.8876953125 2414
10287.056640625 2482
10331.513671875 2560
10404.94921875 2781
10436.306640625 2820
10495.857421875 997
10561.2626953125 1781
10794.671875 81
10920.7119140625 229
10936.74609375 440
11023.6005859375 548
11041.033203125 611
11192.3779296875 826
11296.1328125 834
11350.189453125 848
11365.4765625 871
11436.83984375 893
11573.0390625 1231
11630.6396484375 1256
11683.021484375 1315
11743.994140625 1458
11816.66796875 1550
11915.353515625 1671
12012.66015625 1711
12298.5634765625 1815
12327.921875 1893
12436.765625 2312
12495.49609375 2324
12532.376953125 2385
12536.4599609375 2447
12582.396484375 2562
12669.6796875 2610
12682.5234375 2622
12867.21484375 2853
12972.421875 2924
12990.2138671875 2927
13089.8466796875 2239
13186.703125 1362
13430.876953125 1926
13465.1552734375 2997
13533.673828125 254
13566.4912109375 388
13583.9501953125 465
13650.1220703125 498
13653.27734375 520
13697.3056640625 962
13756.63671875 981
13794.388671875 1156
13833.763671875 1652
13839.2861328125 2205
13916.2626953125 2339
13956.392578125 2417
13996.787109375 2494
14020.466796875 2687
14043.3779296875 1122
14263.1044921875 1670
14380.1953125 264
14382.3017578125 2173
14421.4482421875 1646
14477.2705078125 2396
14509.7353515625 49
14534.4482421875 189
14573.642578125 261
14724.47265625 263
14730.044921875 430
14737.03125 831
14803.76953125 899
14809.1669921875 1123
14837.916015625 1169
15377.177734375 1350
15389.1123046875 1405
15393.0849609375 1512
15439.33203125 1750
15445.09765625 1769
15464.072265625 1908
15484.517578125 1966
15493.7890625 1982
15526.875 1993
15574.107421875 2094
15603.814453125 2126
15615.0361328125 2141
15634.783203125 2171
15637.2236328125 2174
15661.7255859375 2177
15736.662109375 2237
15759.7099609375 2367
15798.234375 2536
15816.3583984375 2542
15834.6298828125 2582
15855.2216796875 2675
15905.146484375 2703
15908.662109375 1873
16025.4072265625 2107
16049.78125 1281
16066.376953125 455
16100.6826171875 470
16106.083984375 902
16117.439453125 926
16152.0859375 967
16195.33203125 1104
16219.154296875 1225
16229.1376953125 1286
16229.9169921875 1506
16358.7646484375 1516
16366.2958984375 1599
16418.982421875 1779
16488.716796875 1848
16499.46484375 1867
16574.935546875 1883
16580.904296875 2063
16602.4453125 2210
16613.8828125 2246
16706.255859375 2285
16714.427734375 2361
16721.99609375 2686
16772.453125 2700
16788.2734375 88
16793.28515625 586
16805.546875 136
16808.28125 1471
16811.416015625 226
16824.185546875 296
16874.130859375 1197
16933.19140625 1666
16954.921875 2511
17008.05859375 101
17015.068359375 215
17029.8203125 549
17040.1953125 550
17053.33203125 573
17098.291015625 1136
17101.166015625 1199
17107.705078125 1530
17137.8125 1581
17141.16796875 1640
17233.9140625 1688
17261.2890625 1968
17330.775390625 2526
17340.43359375 2571
17345.869140625 2983
17355.53125 1787
17379.49609375 602
17389.4140625 1146
17390.181640625 253
17396.7890625 342
17465.541015625 843
17490.576171875 1233
17556.4765625 1335
17563.365234375 1394
17570.31640625 1737
17616.15234375 1784
17639.068359375 1950
17646.7109375 2025
17671.65234375 2473
17674.48828125 2518
17679.435546875 999
17688.537109375 1056
17751.22265625 1900
17781.232421875 1304
17803.65234375 1326
17840.8125 2967
17845.513671875 1329
17872.98046875 50
17896.927734375 318
17914.556640625 389
17958.935546875 478
17967.43359375 491
18000.23046875 580
18036.125 599
18037.671875 890
18050.951171875 896
18051.90625 909
18060.265625 919
18087.302734375 995
18147.341796875 1273
18156.96875 1342
18168.12890625 1430
18216.548828125 1495
18229.4140625 1568
18265.587890625 1583
18285.10546875 1764
18293.970703125 1774
18342.451171875 2065
18351.72265625 2117
18372.974609375 2181
18385.3125 2268
18390.640625 2465
18401.62890625 2664
18413.294921875 2760
18434.55859375 2764
18471.234375 2938
18483.87890625 2943
18501.7421875 1860
18518.0625 2880
18541.041015625 1333
18561.482421875 2631
18567.271484375 146
18587.931640625 1538
18594.9296875 21
18596.263671875 34
18600.685546875 200
18635.21875 288
18650.9140625 336
18662.279296875 385
18740.30859375 517
18742.125 546
18761.0078125 609
18780.818359375 614
18786.85546875 683
18794.201171875 686
18807.0390625 769
18875.650390625 1097
18890.16015625 1221
18890.875 1322
18905.412109375 1359
18953.81640625 1376
18960.587890625 1686
18961.76953125 1854
18981.44140625 2513
19042.376953125 2553
19094.193359375 2650
19138.802734375 2672
19178.25 2911
19185.748046875 78
19198.98828125 2713
19229.2734375 2800
19238.328125 2651
19243.75 2970
19259.11328125 1045
19301.87890625 1068
19304.73828125 2078
19320.07421875 884
19382.078125 886
19438.6015625 1028
19444.857421875 1845
19474.20703125 1932
19479.439453125 2489
19482.884765625 90
19506.609375 153
19562.5390625 240
19595.044921875 256
19614.19921875 531
19622.98828125 644
19642.837890625 706
19675.177734375 775
19688.1015625 1163
19694.248046875 1483
19722.287109375 2114
19728.2578125 2379
19763.9296875 2424
19770.619140625 2433
19774.20703125 2435
19777.546875 2442
19781.74609375 2683
19827.314453125 2811
19835.09375 2176
19886.28125 169
19899.279296875 2207
19909.560546875 1144
19926.5390625 2180
19947.193359375 73
19948.984375 663
19965.5234375 677
19978.71875 756
19996.548828125 925
20025.076171875 927
20039.078125 946
20047.98046875 996
20048.9296875 1141
20065.626953125 1202
20101.1328125 1251
20133.021484375 1457
20148.005859375 1502
20184.4453125 1591
20186.3515625 1733
20188.5546875 1735
20201.03125 1919
20213.982421875 1933
20232.130859375 1955
20241.529296875 2002
20283.216796875 2335
20298.34765625 2341
20326.80078125 2565
20336.9296875 2695
20340.447265625 2763
20354.123046875 2840
20438.38671875 2422
20441.837890625 1020
20458.923828125 640
20467.1484375 59
20562.61328125 177
20591.546875 191
20593.666015625 575
20621.94921875 687
20632.58984375 934
20653.9296875 1119
20664.25 1529
20696.681640625 1697
20704.478515625 1810
20704.478515625 1831
20827.7109375 2354
20858.462890625 2528
20865.5234375 2679
20936.96875 2712
20965.154296875 2747
20972.369140625 2809
21007.326171875 2821
21021.53125 2842
21089.900390625 2860
21097.6328125 2906
21112.505859375 2994
21130.595703125 186
21133.0703125 223
21168.162109375 1594
21193.2109375 410
21201.373046875 631
21248.513671875 132
21273.4375 2576
21274.228515625 1408
21304.634765625 1339
21314.123046875 22
21320.248046875 45
21343.5625 300
21348.646484375 812
21360.0234375 922
21360.611328125 947
21370.43359375 975
21382.357421875 1001
21398.814453125 1095
21403.990234375 1275
21411.361328125 1664
21413.005859375 1708
21430.72265625 1763
21475.900390625 1766
21484.12890625 1889
21484.4921875 2077
21535.458984375 2082
21575.087890625 2131
21590.21484375 2315
21624.37890625 2317
21628.08984375 2409
21640.80078125 2608
21678.798828125 2616
21717.861328125 2649
21725.109375 2819
21730.07421875 2862
21742.791015625 1164
21783.701171875 2213
21789.548828125 1050
21793.380859375 979
21796.892578125 1562
21826.6015625 1597
21836.458984375 2334
21836.90234375 587
21845.5546875 630
21845.85546875 777
21880.416015625 1012
21885.98046875 1064
21900.375 1082
21916.701171875 1462
21950.90625 1501
21971.875 1654
21973.78125 1800
21974.1171875 2656
21990.947265625 2884
21993.900390625 1416
22001.41015625 1575
22005.51171875 2889
22029.2734375 445
22084.275390625 30
22154.1953125 2484
22169.458984375 38
22213.939453125 40
22219.87890625 76
22219.87890625 77
22294.421875 108
22308.822265625 164
22314.1796875 211
22324.990234375 225
22326.345703125 376
22330.26171875 437
22330.96875 510
22354.171875 646
22359.923828125 671
22364.392578125 738
22409.322265625 770
22430.47265625 1434
22438.796875 1610
22487.423828125 1662
22502.998046875 1709
22526.5859375 1998
22547.2109375 2166
22554.712890625 2220
22555.0234375 2238
22567.615234375 2255
22573.443359375 2345
22598.68359375 2510
22612.58203125 2581
22635.03125 2607
22650.595703125 2807
22668.4453125 1015
22670.353515625 1984
22736.07421875 1258
22740.287109375 2555
22756.5078125 1147
22766.451171875 865
22771.2890625 939
22807.3671875 1497
22828.111328125 2630
22828.697265625 2752
22869.388671875 457
22888.2109375 309
22892.529296875 316
22925.162109375 483
22972.5234375 484
22987.04296875 633
23031.7421875 1026
23053.1171875 1036
23089.318359375 1176
23125.3828125 1423
23132.24609375 1485
23152.83984375 1590
23156.716796875 1702
23183.322265625 1759
23202.400390625 1818
23226.93359375 1958
23243.37890625 1963
23260.966796875 1977
23284.095703125 2053
23291.947265625 2056
23313.30078125 2125
23345.900390625 2304
23374.669921875 2356
23386.876953125 2477
23388.427734375 2533
23457.583984375 2732
23507.892578125 2948
23528.541015625 1601
23532.755859375 2256
23544.421875 2104
23574.09375 284
23575.896484375 182
23578.650390625 916
23614.421875 1667
23615.955078125 1852
23619.447265625 727
23631.8203125 2036
23638.578125 2772
23641.806640625 130
23647.283203125 219
23656.6875 394
23658.41796875 405
23659.095703125 634
23662.806640625 856
23687.015625 983
23707.12109375 1117
23707.2421875 1386
23709.650390625 1791
23731.44921875 1991
23740.9296875 2060
23743.7890625 2215
23746.123046875 2314
23761.1484375 2440
23785.55078125 2467
23788.98828125 2618
23817.75390625 2648
23832.486328125 2694
23834.0703125 1772
23842.46875 818
23878.9921875 2907
23895.162109375 660
23901.38671875 1168
23902.89453125 1145
23926.953125 1476
23931.650390625 1618
23937.056640625 655
23953.3828125 1592
23953.4765625 2120
23954.771484375 2557
23965.982421875 112
23985.294921875 350
23987.2109375 356
23993.578125 448
24038.21875 1500
24039.205078125 1526
24051.923828125 1587
24059.87890625 1881
24065.298828125 1943
24072.017578125 1962
24075.68359375 1995
24121.091796875 2075
24142.724609375 2118
24166.330078125 2309
24183.181640625 2418
24213.47265625 2516
24290.51953125 2588
24312.56640625 2605
24333.755859375 2623
24340.7109375 2937
24379.9375 1005
24412.462890625 110
24414.697265625 2360
24419.70703125 121
24421.966796875 1046
24431.232421875 298
24434.8515625 372
24472.337890625 492
24535.0859375 752
24544.966796875 838
24552.185546875 903
24553.7890625 1034
24553.7890625 1128
24588.71484375 1187
24622.41796875 1437
24653.791015625 1488
24673.724609375 1534
24674.728515625 1657
24730.10546875 1678
24765.447265625 1824
24769.666015625 1826
24778.78515625 1941
24815.802734375 1997
24820.115234375 2318
24833.677734375 2327
24840.3359375 2362
24848.947265625 2404
24854.275390625 2453
24867.0546875 2458
24904.396484375 2496
24929.91796875 2696
24940.330078125 2722
24950.34375 2796
24967.541015625 2584
24980.080078125 2872
24985.08984375 2589
24996.716796875 2135
25011.515625 1802
25014.46875 1853
25057.298828125 1892
25096.1328125 1580
25170.80859375 25
25228.505859375 72
25230.2109375 343
25246.087890625 710
25386.23828125 755
25409.705078125 885
25413.9453125 1683
25421.375 1776
25423.474609375 1972
25473.13671875 2047
25473.890625 2138
25476.25390625 2185
25486.498046875 2344
25497.333984375 2545
25546.546875 2573
25549.03515625 2855
25549.681640625 2159
25573.29296875 1067
25620.353515625 371
25777.310546875 243
25784.765625 1301
25825.22265625 311
25836.310546875 426
25847.923828125 648
25848.484375 720
25883.296875 792
25907.146484375 940
25918.701171875 1006
25928.208984375 1032
25940.314453125 1160
25956.099609375 1189
25979.69140625 2183
25995.130859375 2190
25997.78515625 2301
26003.810546875 1459
26020.447265625 1649
26038.751953125 353
26051.234375 2706
26053.228515625 1511
26055.560546875 1778
26059.75 329
26066.6015625 731
26131.46875 1400
26150.01171875 2070
26185.830078125 1480
26225.9609375 1714
26238.95703125 249
26244.41015625 94
26260.203125 2823
26319.76953125 471
26376.529296875 473
26385.76953125 747
26389.369140625 915
26476.1640625 921
26517.0703125 993
26553.541015625 1072
26571.5234375 1415
26616.935546875 1541
26671.748046875 1746
26684.203125 1949
26744.447265625 2079
26755.26171875 2219
26765.255859375 2258
26806.21875 2413
26823.470703125 2628
26843.185546875 2828
26844.96875 2903
26872.48828125 2996
26891.3671875 204
26903.984375 1247
26906.83203125 1410
26911.16015625 1888
26950.296875 1214
26955.259765625 1658
27008.5703125 2587
27054.04296875 380
27056.91796875 688
27075.7421875 1761
27088.27734375 66
27099.42578125 127
27121.322265625 179
27197.203125 855
27220.953125 1198
27234.060546875 1250
27240.8828125 1507
27262.04296875 1558
27275.302734375 2007
27281.91015625 2092
27323.52734375 2231
27412.701171875 2384
27436.201171875 2457
27453.658203125 2544
27478.154296875 2717
27578.36328125 2774
27587.9453125 2794
27652.794921875 2909
27659.84765625 972
27676.279296875 1138
27677.689453125 1442
27692.18359375 1137
27709.5234375 102
27726.994140625 667
27772.736328125 1935
27814.3984375 2352
27872.443359375 2887
27888.30859375 427
27906.720703125 1533
27959.283203125 170
27996.619140625 262
28000.18359375 306
28060.927734375 596
28067.44140625 805
28078.470703125 849
28079.296875 850
28085.24609375 965
28149.150390625 976
28159.076171875 1058
28217.396484375 1403
28218.064453125 1645
28235.53125 1999
28251.951171875 2292
28260.5 2392
28285.32421875 2403
28293.1171875 2497
28299.818359375 2524
28306.53125 2601
28342.048828125 2652
28362.150390625 2657
28412.81640625 2761
28417.8125 2839
28455.091796875 2939
28485.4140625 2984
28509.5078125 1027
28517.447265625 622
28577.83984375 417
28621.34375 450
28631.8125 690
28649.875 969
28656.1953125 982
28663.79296875 1040
28689.48828125 1078
28701.658203125 1083
28742.833984375 1382
28780.66796875 1391
28813.611328125 1486
28861.880859375 1503
28905.0546875 1547
28964.197265625 1561
28991.375 1965
29020.69140625 2026
29028.966796875 2066
29077.462890625 2182
29090.5703125 2245
29096.353515625 2460
29100.431640625 2466
29101.572265625 2540
29144.859375 2593
29166.1640625 2632
29191.46875 2753
29200.0078125 2759
29213.69140625 2793
29238.998046875 2925
29265.775390625 2152
29269.76953125 762
29269.76953125 2757
29431.59375 37
29434.998046875 1624
29436.59765625 1271
29456.478515625 2370
29476.267578125 2895
29481.11328125 2411
29538.37890625 67
29541.751953125 150
29543.099609375 171
29554.83203125 195
29597.09765625 363
29613.54296875 522
29622.142578125 657
29627.35546875 701
29640.330078125 760
29681.091796875 811
29730.59375 874
29840.140625 875
29886.96484375 1002
29889.21484375 1007
29908.5859375 1023
30040.431640625 1356
30056.138671875 1378
30254.796875 1489
30287.4140625 1629
30330.921875 2721
30350.431640625 2032
30362.271484375 2259
30405.23046875 771
30420.140625 1543
30435.640625 2241
30460.40234375 1964
30509.4140625 1625
30671.390625 2693
30675.67578125 222
30675.67578125 258
30821.203125 281
30846.205078125 506
30894.767578125 582
30918.517578125 724
30948.6640625 879
30987.61328125 1003
31041.22265625 1171
31048.5703125 1182
31146.66796875 1588
31242.71484375 1685
31323.919921875 1758
31345.056640625 2300
31407.970703125 2310
31512.158203125 2705
31526.482421875 2845
31600.759765625 2916
31649.396484375 1811
31689.0078125 2701
31990.615234375 421
32059.486328125 1440
32243.640625 2337
32249.3671875 2531
32277.427734375 18
32282.578125 29
32315.2109375 31
32469.30078125 104
32477.123046875 274
32504.357421875 321
32612.36328125 370
32657.23828125 375
32766.1171875 562
32787.04296875 914
32807.27734375 944
32861.1484375 1672
32990.359375 1684
33287.16015625 1825
33380.8359375 1846
33572.1796875 1960
33791.140625 1976
33793.0078125 2006
33799.33203125 2319
33807.80078125 2405
33910.48828125 2550
33932.40625 2606
34091.51171875 2768
34111.22265625 1081
34203.90625 1780
34257.1796875 16
34361.359375 28
34616.171875 125
34754.55859375 212
34818.5234375 265
35029.390625 295
35236.953125 360
35393.4609375 364
35396.859375 937
35441.4296875 1077
35742.36328125 1101
35799.8984375 1241
35826.81640625 1243
36150.7109375 1307
36259.453125 1343
36584.8359375 1404
36656.33203125 1418
36787.1484375 1585
38184.19140625 1719
38454.11328125 1822
38833.3828125 2009
39767.52734375 2164
39869.28515625 2214
40013.6796875 2250
40081.5703125 2263
40246.96484375 2342
42011.125 2359
42261.390625 2547
